3653 5.6 0.2 0:25.90
3653 0.0 0.2 0:25.91
3653 0.0 0.2 0:25.92
3653 5.3 0.2 0:25.93
3653 0.0 0.2 0:25.93
3653 0.0 0.2 0:25.93
3653 0.0 0.2 0:25.93
3653 0.0 0.2 0:25.96
3653 0.0 0.2 0:25.98
3653 0.0 0.2 0:26.00
3653 0.0 0.2 0:26.01
3653 0.0 0.2 0:26.02
3653 0.0 0.2 0:26.02
3653 5.6 0.2 0:26.04
3653 0.0 0.2 0:26.05
3653 5.3 0.2 0:26.07
3653 0.0 0.2 0:26.07
3653 0.0 0.2 0:26.08
3653 10.5 0.2 0:26.10
3653 5.3 0.2 0:26.11
3653 0.0 0.2 0:26.11
3653 0.0 0.2 0:26.11
3653 0.0 0.2 0:26.12
3653 0.0 0.2 0:26.12
3653 0.0 0.2 0:26.14
3653 0.0 0.2 0:26.14
3653 0.0 0.2 0:26.15
3653 0.0 0.2 0:26.17
3653 0.0 0.2 0:26.18
3653 0.0 0.2 0:26.18
3653 5.6 0.2 0:26.20
3653 0.0 0.2 0:26.20
3653 5.3 0.2 0:26.21
3653 5.3 0.2 0:26.22
3653 0.0 0.2 0:26.22
3653 0.0 0.2 0:26.22
3653 0.0 0.2 0:26.22
3653 0.0 0.2 0:26.23
3653 0.0 0.2 0:26.24
3653 0.0 0.2 0:26.24
3653 0.0 0.2 0:26.24
3653 0.0 0.2 0:26.25
3653 0.0 0.2 0:26.26
3653 0.0 0.2 0:26.27
3653 0.0 0.2 0:26.27
3653 5.0 0.2 0:26.28
3653 0.0 0.2 0:26.28
3653 5.3 0.2 0:26.29
3653 0.0 0.2 0:26.31
3653 0.0 0.2 0:26.31
3653 0.0 0.2 0:26.31
3653 0.0 0.2 0:26.31
3653 0.0 0.2 0:26.33
3653 0.0 0.2 0:26.34
3653 0.0 0.2 0:26.35
3653 0.0 0.2 0:26.36
3653 5.3 0.2 0:26.37
3653 0.0 0.2 0:26.39
3653 0.0 0.2 0:26.40
3653 0.0 0.2 0:26.40
3653 0.0 0.2 0:26.40
3653 0.0 0.2 0:26.41
3653 0.0 0.2 0:26.41
3653 0.0 0.2 0:26.41
3653 0.0 0.2 0:26.42
3653 0.0 0.2 0:26.43
3653 0.0 0.2 0:26.43
3653 0.0 0.2 0:26.44
3653 0.0 0.2 0:26.44
3653 0.0 0.2 0:26.45
3653 0.0 0.2 0:26.45
3653 0.0 0.2 0:26.45
3653 0.0 0.2 0:26.46
3653 0.0 0.2 0:26.46
3653 0.0 0.2 0:26.47
