3653 10.0 0.2 0:09.40
3653 0.0 0.2 0:09.42
3653 5.3 0.2 0:09.45
3653 0.0 0.2 0:09.47
3653 0.0 0.2 0:09.48
3653 0.0 0.2 0:09.50
3653 10.5 0.2 0:09.53
3653 0.0 0.2 0:09.55
3653 5.3 0.2 0:09.57
3653 0.0 0.2 0:09.58
3653 0.0 0.2 0:09.59
3653 0.0 0.2 0:09.60
3653 0.0 0.2 0:09.60
3653 0.0 0.2 0:09.61
3653 0.0 0.2 0:09.62
3653 0.0 0.2 0:09.62
3653 0.0 0.2 0:09.63
3653 0.0 0.2 0:09.64
3653 0.0 0.2 0:09.64
3653 0.0 0.2 0:09.64
3653 0.0 0.2 0:09.65
3653 0.0 0.2 0:09.66
3653 5.3 0.2 0:09.67
3653 0.0 0.2 0:09.67
3653 0.0 0.2 0:09.67
3653 0.0 0.2 0:09.68
3653 0.0 0.2 0:09.69
3653 0.0 0.2 0:09.70
3653 0.0 0.2 0:09.70
3653 0.0 0.2 0:09.70
3653 5.3 0.2 0:09.71
3653 0.0 0.2 0:09.71
3653 0.0 0.2 0:09.73
3653 0.0 0.2 0:09.73
3653 0.0 0.2 0:09.74
3653 0.0 0.2 0:09.76
3653 0.0 0.2 0:09.77
3653 5.3 0.2 0:09.79
3653 0.0 0.2 0:09.79
3653 0.0 0.2 0:09.80
3653 0.0 0.2 0:09.82
3653 0.0 0.2 0:09.82
3653 0.0 0.2 0:09.83
3653 0.0 0.2 0:09.83
3653 0.0 0.2 0:09.83
3653 0.0 0.2 0:09.84
3653 0.0 0.2 0:09.85
3653 0.0 0.2 0:09.86
3653 0.0 0.2 0:09.87
3653 0.0 0.2 0:09.87
3653 5.0 0.2 0:09.88
3653 0.0 0.2 0:09.89
3653 0.0 0.2 0:09.89
3653 0.0 0.2 0:09.90
3653 0.0 0.2 0:09.90
3653 0.0 0.2 0:09.91
3653 0.0 0.2 0:09.92
3653 0.0 0.2 0:09.93
3653 0.0 0.2 0:09.93
3653 0.0 0.2 0:09.94
3653 0.0 0.2 0:09.95
3653 5.0 0.2 0:09.97
3653 5.6 0.2 0:09.98
3653 0.0 0.2 0:09.98
3653 0.0 0.2 0:10.00
3653 0.0 0.2 0:10.01
3653 0.0 0.2 0:10.01
3653 0.0 0.2 0:10.02
3653 0.0 0.2 0:10.03
3653 0.0 0.2 0:10.03
3653 0.0 0.2 0:10.03
3653 0.0 0.2 0:10.04
3653 0.0 0.2 0:10.05
3653 0.0 0.2 0:10.06
3653 0.0 0.2 0:10.07
3653 0.0 0.2 0:10.07
3653 0.0 0.2 0:10.09
3653 0.0 0.2 0:10.10
3653 0.0 0.2 0:10.10
3653 0.0 0.2 0:10.11
3653 0.0 0.2 0:10.11
3653 0.0 0.2 0:10.12
3653 0.0 0.2 0:10.12
3653 0.0 0.2 0:10.13
3653 5.3 0.2 0:10.14
3653 0.0 0.2 0:10.14
3653 0.0 0.2 0:10.15
3653 0.0 0.2 0:10.16
3653 0.0 0.2 0:10.18
3653 0.0 0.2 0:10.18
3653 0.0 0.2 0:10.18
