3653 5.3 0.2 0:24.61
3653 5.3 0.2 0:24.62
3653 0.0 0.2 0:24.62
3653 0.0 0.2 0:24.62
3653 0.0 0.2 0:24.63
3653 0.0 0.2 0:24.64
3653 5.0 0.2 0:24.66
3653 0.0 0.2 0:24.68
3653 0.0 0.2 0:24.69
3653 0.0 0.2 0:24.72
3653 0.0 0.2 0:24.73
3653 0.0 0.2 0:24.74
3653 0.0 0.2 0:24.74
3653 0.0 0.2 0:24.74
3653 0.0 0.2 0:24.74
3653 0.0 0.2 0:24.76
3653 0.0 0.2 0:24.76
3653 0.0 0.2 0:24.76
3653 0.0 0.2 0:24.76
3653 0.0 0.2 0:24.77
3653 0.0 0.2 0:24.78
3653 0.0 0.2 0:24.79
3653 0.0 0.2 0:24.79
3653 0.0 0.2 0:24.81
3653 5.6 0.2 0:24.82
3653 0.0 0.2 0:24.82
3653 5.3 0.2 0:24.84
13653 0.0 0.0 0:00.00
3653 0.0 0.2 0:24.85
3653 0.0 0.2 0:24.85
3653 15.0 0.2 0:24.88
3653 0.0 0.2 0:24.88
3653 0.0 0.2 0:24.88
3653 0.0 0.2 0:24.88
3653 9.5 0.2 0:24.90
3653 0.0 0.2 0:24.90
3653 0.0 0.2 0:24.91
3653 0.0 0.2 0:24.92
3653 0.0 0.2 0:24.92
3653 0.0 0.2 0:24.92
3653 0.0 0.2 0:24.95
3653 0.0 0.2 0:24.95
3653 0.0 0.2 0:24.96
3653 5.0 0.2 0:24.97
3653 0.0 0.2 0:24.97
3653 0.0 0.2 0:24.98
3653 0.0 0.2 0:24.98
3653 0.0 0.2 0:24.99
3653 0.0 0.2 0:24.99
3653 0.0 0.2 0:25.01
3653 5.3 0.2 0:25.02
3653 0.0 0.2 0:25.02
3653 0.0 0.2 0:25.04
3653 0.0 0.2 0:25.04
3653 0.0 0.2 0:25.04
3653 0.0 0.2 0:25.05
3653 0.0 0.2 0:25.06
3653 0.0 0.2 0:25.07
3653 3.3 0.2 0:25.08
3653 0.0 0.2 0:25.09
3653 0.0 0.2 0:25.10
3653 0.0 0.2 0:25.11
3653 0.0 0.2 0:25.12
3653 5.3 0.2 0:25.13
3653 0.0 0.2 0:25.14
3653 0.0 0.2 0:25.15
3653 0.0 0.2 0:25.15
3653 0.0 0.2 0:25.15
3653 5.6 0.2 0:25.16
3653 0.0 0.2 0:25.16
3653 0.0 0.2 0:25.16
3653 0.0 0.2 0:25.17
3653 0.0 0.2 0:25.18
3653 0.0 0.2 0:25.18
3653 0.0 0.2 0:25.19
