3654 0.0 0.2 1:34.45
3654 0.0 0.2 1:34.53
3654 5.3 0.2 1:34.63
3654 5.3 0.2 1:34.74
3654 0.0 0.2 1:34.84
3654 15.8 0.2 1:34.98
3654 30.0 0.2 1:35.16
3654 16.7 0.2 1:35.30
3654 5.0 0.2 1:35.44
3654 5.6 0.2 1:35.57
3654 5.6 0.2 1:35.71
3654 0.0 0.2 1:35.83
3654 0.0 0.2 1:35.96
3654 16.7 0.2 1:36.12
3654 28.6 0.2 1:36.30
3654 15.8 0.2 1:36.45
3654 5.3 0.2 1:36.59
3654 5.3 0.2 1:36.74
3654 4.8 0.2 1:36.89
3654 5.3 0.2 1:37.04
3654 10.5 0.2 1:37.19
3654 16.7 0.2 1:37.36
3654 23.8 0.2 1:37.54
3654 17.4 0.2 1:37.76
3654 11.5 0.2 1:37.97
3654 10.5 0.2 1:38.16
3654 10.5 0.2 1:38.32
3654 10.5 0.2 1:38.49
3654 15.8 0.2 1:38.66
3654 15.8 0.2 1:38.82
3654 15.8 0.2 1:38.99
3654 14.3 0.2 1:39.16
3654 10.5 0.2 1:39.32
3654 15.0 0.2 1:39.50
3654 10.5 0.2 1:39.66
3654 15.8 0.2 1:39.83
3654 15.0 0.2 1:40.00
3654 14.3 0.2 1:40.19
3654 20.0 0.2 1:40.37
3654 15.8 0.2 1:40.53
3654 15.8 0.2 1:40.70
3654 10.5 0.2 1:40.87
3654 15.8 0.2 1:41.04
3654 15.8 0.2 1:41.20
3654 16.7 0.2 1:41.37
3654 15.8 0.2 1:41.54
3654 15.0 0.2 1:41.71
3654 10.5 0.2 1:41.87
3654 16.7 0.2 1:42.04
3654 11.1 0.2 1:42.19
3654 10.5 0.2 1:42.36
3654 15.8 0.2 1:42.53
3654 15.8 0.2 1:42.70
3654 16.7 0.2 1:42.87
3654 11.1 0.2 1:43.03
3654 10.5 0.2 1:43.20
3654 11.1 0.2 1:43.36
3654 11.1 0.2 1:43.52
3654 15.8 0.2 1:43.70
3654 10.5 0.2 1:43.86
3654 10.5 0.2 1:44.02
3654 15.8 0.2 1:44.19
3654 15.8 0.2 1:44.35
3654 15.8 0.2 1:44.53
3654 15.8 0.2 1:44.69
3654 16.7 0.2 1:44.85
3654 15.8 0.2 1:45.03
3654 15.0 0.2 1:45.20
3654 15.8 0.2 1:45.37
3654 15.8 0.2 1:45.54
3654 15.8 0.2 1:45.71
3654 15.8 0.2 1:45.87
3654 21.1 0.2 1:46.04
3654 16.7 0.2 1:46.21
23654 72.7 0.4 0:00.18
23654 79.2 1.0 0:01.36
23654 0.0 1.0 0:01.45
23654 5.0 1.1 0:01.78
23654 18.2 0.0 0:02.16
23654 0.0 0.0 0:02.16
23654 0.0 0.0 0:02.16
23654 0.0 0.0 0:02.16
23654 0.0 0.0 0:02.16
3654 15.8 0.2 1:47.98
3654 15.0 0.2 1:48.14
3654 10.5 0.2 1:48.31
3654 16.7 0.2 1:48.48
3654 10.0 0.2 1:48.64
3654 20.0 0.2 1:48.82
3654 0.0 0.2 1:48.89
