3655 0.0 0.2 0:00.40
3655 0.0 0.2 0:00.42
3655 0.0 0.2 0:00.44
3655 0.0 0.2 0:00.44
3655 0.0 0.2 0:00.44
3655 0.0 0.2 0:00.44
3655 0.0 0.2 0:00.44
3655 0.0 0.2 0:00.44
3655 0.0 0.2 0:00.44
3655 0.0 0.2 0:00.44
3655 0.0 0.2 0:00.44
3655 0.0 0.2 0:00.44
3655 0.0 0.2 0:00.44
3655 0.0 0.2 0:00.44
3655 0.0 0.2 0:00.44
3655 0.0 0.2 0:00.44
3655 0.0 0.2 0:00.44
3655 0.0 0.2 0:00.44
3655 0.0 0.2 0:00.44
3655 0.0 0.2 0:00.44
3655 0.0 0.2 0:00.44
3655 0.0 0.2 0:00.44
3655 0.0 0.2 0:00.44
3655 3.4 0.2 0:00.45
3655 0.0 0.2 0:00.45
3655 0.0 0.2 0:00.45
3655 0.0 0.2 0:00.45
3655 0.0 0.2 0:00.45
3655 0.0 0.2 0:00.45
3655 0.0 0.2 0:00.45
3655 0.0 0.2 0:00.45
3655 0.0 0.2 0:00.45
3655 0.0 0.2 0:00.45
3655 0.0 0.2 0:00.45
3655 0.0 0.2 0:00.45
3655 0.0 0.2 0:00.45
3655 0.0 0.2 0:00.45
3655 0.0 0.2 0:00.45
3655 0.0 0.2 0:00.45
3655 0.0 0.2 0:00.45
3655 0.0 0.2 0:00.45
3655 0.0 0.2 0:00.45
3655 0.0 0.2 0:00.45
3655 0.0 0.2 0:00.45
3655 0.0 0.2 0:00.45
3655 0.0 0.2 0:00.45
3655 0.0 0.2 0:00.45
3655 0.0 0.2 0:00.45
3655 0.0 0.2 0:00.45
3655 0.0 0.2 0:00.45
3655 0.0 0.2 0:00.45
3655 0.0 0.2 0:00.45
3655 0.0 0.2 0:00.45
3655 0.0 0.2 0:00.45
3655 0.0 0.2 0:00.45
3655 0.0 0.2 0:00.45
3655 0.0 0.2 0:00.45
3655 0.0 0.2 0:00.45
3655 0.0 0.2 0:00.45
3655 0.0 0.2 0:00.45
3655 0.0 0.2 0:00.45
3655 0.0 0.2 0:00.45
3655 0.0 0.2 0:00.45
3655 0.0 0.2 0:00.45
3655 0.0 0.2 0:00.45
3655 0.0 0.2 0:00.45
3655 0.0 0.2 0:00.45
3655 0.0 0.2 0:00.45
3655 0.0 0.2 0:00.45
3655 0.0 0.2 0:00.45
3655 0.0 0.2 0:00.45
3655 0.0 0.2 0:00.45
3655 0.0 0.2 0:00.45
3655 0.0 0.2 0:00.45
23655 0.0 0.0 0:00.00
23655 0.0 0.0 0:00.00
23655 0.0 0.0 0:00.00
23655 0.0 0.0 0:00.00
23655 0.0 0.0 0:00.00
23655 0.0 0.0 0:00.00
23655 0.0 0.0 0:00.00
23655 0.0 0.0 0:00.00
23655 0.0 0.0 0:00.00
23655 0.0 0.0 0:00.00
23655 0.0 0.0 0:00.00
23655 0.0 0.0 0:00.00
23655 0.0 0.0 0:00.00
23655 0.0 0.0 0:00.00
23655 0.0 0.0 0:00.00
23655 0.0 0.0 0:00.00
