3655 0.0 0.2 0:00.49
3655 0.0 0.2 0:00.52
3655 0.0 0.2 0:00.54
3655 0.0 0.2 0:00.56
3655 0.0 0.2 0:00.56
3655 0.0 0.2 0:00.56
3655 0.0 0.2 0:00.56
3655 0.0 0.2 0:00.56
3655 0.0 0.2 0:00.56
3655 0.0 0.2 0:00.56
3655 0.0 0.2 0:00.56
3655 0.0 0.2 0:00.56
3655 0.0 0.2 0:00.56
3655 0.0 0.2 0:00.56
3655 0.0 0.2 0:00.56
3655 0.0 0.2 0:00.56
3655 0.0 0.2 0:00.56
3655 0.0 0.2 0:00.56
3655 0.0 0.2 0:00.56
3655 0.0 0.2 0:00.56
3655 0.0 0.2 0:00.56
3655 0.0 0.2 0:00.56
3655 0.0 0.2 0:00.56
3655 0.0 0.2 0:00.56
3655 0.0 0.2 0:00.56
3655 0.0 0.2 0:00.56
3655 0.0 0.2 0:00.56
3655 0.0 0.2 0:00.56
3655 0.0 0.2 0:00.56
3655 0.0 0.2 0:00.56
3655 0.0 0.2 0:00.56
3655 0.0 0.2 0:00.56
3655 0.0 0.2 0:00.56
3655 0.0 0.2 0:00.56
3655 0.0 0.2 0:00.56
3655 0.0 0.2 0:00.56
3655 0.0 0.2 0:00.56
3655 0.0 0.2 0:00.56
3655 0.0 0.2 0:00.56
3655 0.0 0.2 0:00.56
3655 0.0 0.2 0:00.56
3655 0.0 0.2 0:00.56
3655 0.0 0.2 0:00.56
3655 0.0 0.2 0:00.56
3655 0.0 0.2 0:00.56
3655 0.0 0.2 0:00.56
3655 0.0 0.2 0:00.56
3655 0.0 0.2 0:00.56
3655 0.0 0.2 0:00.56
3655 0.0 0.2 0:00.56
3655 0.0 0.2 0:00.56
3655 0.0 0.2 0:00.56
3655 0.0 0.2 0:00.56
3655 0.0 0.2 0:00.56
3655 0.0 0.2 0:00.56
3655 0.0 0.2 0:00.56
3655 0.0 0.2 0:00.56
3655 0.0 0.2 0:00.56
3655 0.0 0.2 0:00.56
3655 0.0 0.2 0:00.56
3655 0.0 0.2 0:00.56
3655 0.0 0.2 0:00.56
3655 0.0 0.2 0:00.56
3655 0.0 0.2 0:00.56
3655 0.0 0.2 0:00.56
3655 0.0 0.2 0:00.56
3655 0.0 0.2 0:00.56
3655 0.0 0.2 0:00.56
3655 0.0 0.2 0:00.56
3655 0.0 0.2 0:00.56
3655 0.0 0.2 0:00.57
3655 0.0 0.2 0:00.57
3655 0.0 0.2 0:00.57
3655 0.0 0.2 0:00.57
3655 0.0 0.2 0:00.57
3655 0.0 0.2 0:00.57
3655 0.0 0.2 0:00.57
3655 0.0 0.2 0:00.57
3655 0.0 0.2 0:00.57
3655 0.0 0.2 0:00.57
3655 0.0 0.2 0:00.57
3655 0.0 0.2 0:00.57
3655 0.0 0.2 0:00.57
3655 0.0 0.2 0:00.57
3655 0.0 0.2 0:00.57
3655 0.0 0.2 0:00.57
3655 0.0 0.2 0:00.57
3655 0.0 0.2 0:00.57
3655 0.0 0.2 0:00.57
3655 0.0 0.2 0:00.57
