3656 5.3 0.2 0:00.08
3656 0.0 0.2 0:00.08
3656 5.0 0.2 0:00.09
3656 0.0 0.2 0:00.09
3656 0.0 0.2 0:00.09
3656 0.0 0.2 0:00.09
3656 0.0 0.2 0:00.09
3656 0.0 0.2 0:00.09
3656 0.0 0.2 0:00.09
3656 0.0 0.2 0:00.09
3656 0.0 0.2 0:00.09
3656 0.0 0.2 0:00.09
3656 0.0 0.2 0:00.09
3656 0.0 0.2 0:00.09
3656 0.0 0.2 0:00.09
3656 0.0 0.2 0:00.09
3656 0.0 0.2 0:00.09
3656 0.0 0.2 0:00.09
3656 0.0 0.2 0:00.09
3656 0.0 0.2 0:00.09
3656 0.0 0.2 0:00.09
3656 0.0 0.2 0:00.09
3656 0.0 0.2 0:00.09
3656 0.0 0.2 0:00.09
3656 0.0 0.2 0:00.09
3656 0.0 0.2 0:00.09
3656 0.0 0.2 0:00.09
3656 0.0 0.2 0:00.09
3656 0.0 0.2 0:00.09
3656 0.0 0.2 0:00.09
3656 0.0 0.2 0:00.09
3656 0.0 0.2 0:00.09
3656 0.0 0.2 0:00.09
3656 0.0 0.2 0:00.09
3656 0.0 0.2 0:00.09
3656 0.0 0.2 0:00.09
3656 0.0 0.2 0:00.09
3656 0.0 0.2 0:00.09
3656 0.0 0.2 0:00.09
3656 0.0 0.2 0:00.09
3656 0.0 0.2 0:00.09
3656 0.0 0.2 0:00.09
3656 0.0 0.2 0:00.09
3656 0.0 0.2 0:00.09
3656 0.0 0.2 0:00.09
3656 0.0 0.2 0:00.09
3656 0.0 0.2 0:00.09
3656 0.0 0.2 0:00.09
3656 0.0 0.2 0:00.09
3656 0.0 0.2 0:00.09
3656 0.0 0.2 0:00.09
3656 0.0 0.2 0:00.09
3656 0.0 0.2 0:00.09
3656 0.0 0.2 0:00.09
3656 0.0 0.2 0:00.09
3656 0.0 0.2 0:00.09
3656 0.0 0.2 0:00.09
3656 0.0 0.2 0:00.09
3656 0.0 0.2 0:00.09
3656 0.0 0.2 0:00.09
3656 0.0 0.2 0:00.09
3656 0.0 0.2 0:00.09
3656 0.0 0.2 0:00.09
3656 0.0 0.2 0:00.09
3656 0.0 0.2 0:00.09
3656 0.0 0.2 0:00.09
3656 0.0 0.2 0:00.09
3656 0.0 0.2 0:00.09
3656 0.0 0.2 0:00.09
3656 0.0 0.2 0:00.09
3656 0.0 0.2 0:00.09
3656 0.0 0.2 0:00.09
3656 0.0 0.2 0:00.09
3656 0.0 0.2 0:00.09
3656 0.0 0.2 0:00.09
3656 0.0 0.2 0:00.09
3656 0.0 0.2 0:00.09
3656 0.0 0.2 0:00.09
3656 0.0 0.2 0:00.09
3656 0.0 0.2 0:00.09
3656 0.0 0.2 0:00.09
3656 0.0 0.2 0:00.09
3656 0.0 0.2 0:00.09
3656 0.0 0.2 0:00.09
3656 0.0 0.2 0:00.09
3656 0.0 0.2 0:00.09
3656 0.0 0.2 0:00.09
3656 0.0 0.2 0:00.09
3656 0.0 0.2 0:00.09
3656 0.0 0.2 0:00.09
3656 0.0 0.2 0:00.09
3656 0.0 0.2 0:00.09
3656 0.0 0.2 0:00.09
3656 0.0 0.2 0:00.09
3656 0.0 0.2 0:00.09
3656 0.0 0.2 0:00.09
13656 0.0 0.0 0:00.00
3656 0.0 0.2 0:00.09
3656 0.0 0.2 0:00.09
3656 0.0 0.2 0:00.09
3656 0.0 0.2 0:00.09
3656 0.0 0.2 0:00.09
3656 0.0 0.2 0:00.09
3656 0.0 0.2 0:00.09
3656 0.0 0.2 0:00.09
3656 0.0 0.2 0:00.09
3656 0.0 0.2 0:00.09
3656 0.0 0.2 0:00.09
3656 0.0 0.2 0:00.09
