3656 5.6 0.2 0:00.05
3656 0.0 0.2 0:00.06
3656 0.0 0.2 0:00.06
3656 0.0 0.2 0:00.06
3656 0.0 0.2 0:00.06
3656 0.0 0.2 0:00.06
3656 0.0 0.2 0:00.06
3656 0.0 0.2 0:00.06
3656 0.0 0.2 0:00.06
3656 0.0 0.2 0:00.06
3656 0.0 0.2 0:00.06
3656 0.0 0.2 0:00.06
3656 0.0 0.2 0:00.06
3656 0.0 0.2 0:00.06
3656 0.0 0.2 0:00.06
3656 0.0 0.2 0:00.06
3656 0.0 0.2 0:00.06
3656 0.0 0.2 0:00.06
3656 0.0 0.2 0:00.06
3656 0.0 0.2 0:00.06
3656 0.0 0.2 0:00.06
3656 0.0 0.2 0:00.06
3656 0.0 0.2 0:00.06
3656 0.0 0.2 0:00.06
3656 0.0 0.2 0:00.06
3656 0.0 0.2 0:00.06
3656 0.0 0.2 0:00.06
3656 0.0 0.2 0:00.06
3656 0.0 0.2 0:00.06
3656 0.0 0.2 0:00.06
3656 0.0 0.2 0:00.06
3656 0.0 0.2 0:00.06
3656 0.0 0.2 0:00.06
3656 0.0 0.2 0:00.06
3656 0.0 0.2 0:00.06
3656 0.0 0.2 0:00.06
3656 0.0 0.2 0:00.06
3656 0.0 0.2 0:00.06
3656 0.0 0.2 0:00.06
3656 0.0 0.2 0:00.06
3656 0.0 0.2 0:00.06
3656 0.0 0.2 0:00.06
3656 0.0 0.2 0:00.06
3656 0.0 0.2 0:00.06
3656 0.0 0.2 0:00.06
3656 0.0 0.2 0:00.06
3656 0.0 0.2 0:00.06
3656 0.0 0.2 0:00.06
3656 0.0 0.2 0:00.06
3656 0.0 0.2 0:00.06
3656 0.0 0.2 0:00.06
3656 0.0 0.2 0:00.06
3656 0.0 0.2 0:00.06
3656 0.0 0.2 0:00.06
3656 0.0 0.2 0:00.06
3656 0.0 0.2 0:00.06
3656 0.0 0.2 0:00.06
3656 0.0 0.2 0:00.06
3656 0.0 0.2 0:00.06
3656 0.0 0.2 0:00.06
3656 0.0 0.2 0:00.06
3656 0.0 0.2 0:00.06
3656 0.0 0.2 0:00.06
3656 0.0 0.2 0:00.06
3656 0.0 0.2 0:00.06
3656 0.0 0.2 0:00.06
3656 0.0 0.2 0:00.06
3656 0.0 0.2 0:00.06
3656 0.0 0.2 0:00.06
3656 0.0 0.2 0:00.06
3656 0.0 0.2 0:00.06
3656 0.0 0.2 0:00.06
3656 0.0 0.2 0:00.06
3656 0.0 0.2 0:00.06
3656 0.0 0.2 0:00.06
3656 0.0 0.2 0:00.06
3656 0.0 0.2 0:00.06
3656 0.0 0.2 0:00.06
3656 0.0 0.2 0:00.06
3656 0.0 0.2 0:00.06
3656 0.0 0.2 0:00.06
3656 0.0 0.2 0:00.06
3656 0.0 0.2 0:00.06
3656 0.0 0.2 0:00.06
3656 0.0 0.2 0:00.06
3656 0.0 0.2 0:00.06
3656 0.0 0.2 0:00.06
3656 0.0 0.2 0:00.06
3656 0.0 0.2 0:00.06
3656 0.0 0.2 0:00.06
3656 0.0 0.2 0:00.06
3656 0.0 0.2 0:00.06
3656 0.0 0.2 0:00.06
3656 0.0 0.2 0:00.06
3656 0.0 0.2 0:00.06
3656 0.0 0.2 0:00.06
3656 0.0 0.2 0:00.06
3656 0.0 0.2 0:00.06
3656 0.0 0.2 0:00.06
3656 0.0 0.2 0:00.06
3656 0.0 0.2 0:00.06
3656 0.0 0.2 0:00.06
3656 0.0 0.2 0:00.06
3656 0.0 0.2 0:00.06
3656 0.0 0.2 0:00.06
3656 0.0 0.2 0:00.06
3656 0.0 0.2 0:00.06
3656 0.0 0.2 0:00.06
3656 0.0 0.2 0:00.06
