707 5.3 0.4 0:52.59
707 0.0 0.4 0:52.62
707 0.0 0.4 0:52.65
707 5.6 0.4 0:52.69
707 5.6 0.4 0:52.73
707 0.0 0.4 0:52.77
707 11.1 0.4 0:52.82
707 5.6 0.4 0:52.85
707 0.0 0.4 0:52.88
707 5.3 0.4 0:52.93
707 5.3 0.4 0:52.96
707 0.0 0.4 0:52.99
707 0.0 0.4 0:53.04
707 5.3 0.4 0:53.07
707 5.3 0.4 0:53.11
707 0.0 0.4 0:53.15
707 4.8 0.4 0:53.19
707 5.6 0.4 0:53.23
707 10.5 0.4 0:53.28
707 5.6 0.4 0:53.31
707 5.3 0.4 0:53.35
707 0.0 0.4 0:53.38
707 4.8 0.4 0:53.42
707 0.0 0.4 0:53.44
707 0.0 0.4 0:53.48
707 0.0 0.4 0:53.54
707 0.0 0.4 0:53.57
707 0.0 0.4 0:53.61
707 5.3 0.4 0:53.66
707 0.0 0.4 0:53.71
707 11.1 0.4 0:53.77
707 5.6 0.4 0:53.80
707 0.0 0.4 0:53.83
707 5.3 0.4 0:53.87
707 5.3 0.4 0:53.91
707 4.8 0.4 0:53.95
707 5.6 0.4 0:53.99
707 0.0 0.4 0:54.04
707 0.0 0.4 0:54.07
707 5.0 0.4 0:54.11
707 5.6 0.4 0:54.14
707 5.3 0.4 0:54.17
707 0.0 0.4 0:54.22
707 5.3 0.4 0:54.25
707 5.3 0.4 0:54.29
707 5.0 0.4 0:54.33
707 5.3 0.4 0:54.37
707 5.6 0.4 0:54.41
707 5.6 0.4 0:54.45
707 5.0 0.4 0:54.49
707 5.3 0.4 0:54.54
707 5.3 0.4 0:54.58
707 5.6 0.4 0:54.61
707 5.3 0.4 0:54.66
707 0.0 0.4 0:54.69
707 5.6 0.4 0:54.74
707 0.0 0.4 0:54.77
707 5.3 0.4 0:54.81
707 5.3 0.4 0:54.85
707 5.3 0.4 0:54.89
707 0.0 0.4 0:54.92
707 5.6 0.4 0:54.96
707 0.0 0.4 0:55.00
707 5.6 0.4 0:55.04
707 5.6 0.4 0:55.08
707 5.6 0.4 0:55.12
707 0.0 0.4 0:55.16
707 5.3 0.4 0:55.19
707 0.0 0.4 0:55.23
707 0.0 0.4 0:55.28
707 5.6 0.4 0:55.33
707 5.6 0.4 0:55.38
707 5.3 0.4 0:55.41
707 5.3 0.4 0:55.45
707 0.0 0.4 0:55.49
707 0.0 0.4 0:55.53
707 0.0 0.4 0:55.57
707 0.0 0.4 0:55.61
707 0.0 0.4 0:55.65
17073 16.7 0.2 0:00.03
707 0.0 0.4 0:55.65
707 0.0 0.4 0:55.65
707 0.0 0.4 0:55.65
707 0.0 0.4 0:55.65
707 0.0 0.4 0:55.65
707 0.0 0.4 0:55.65
707 0.0 0.4 0:55.65
