707 0.0 0.4 1:45.55
707 0.0 0.4 1:45.58
707 0.0 0.4 1:45.61
707 0.0 0.4 1:45.61
707 5.6 0.4 1:45.63
707 5.6 0.4 1:45.65
707 0.0 0.4 1:45.67
707 0.0 0.4 1:45.69
707 5.0 0.4 1:45.71
707 5.6 0.4 1:45.73
707 0.0 0.4 1:45.74
707 5.6 0.4 1:45.76
707 0.0 0.4 1:45.77
707 0.0 0.4 1:45.79
707 0.0 0.4 1:45.80
707 0.0 0.4 1:45.83
707 0.0 0.4 1:45.85
707 0.0 0.4 1:45.87
707 5.3 0.4 1:45.89
707 0.0 0.4 1:45.90
707 0.0 0.4 1:45.92
707 0.0 0.4 1:45.94
707 5.3 0.4 1:45.96
707 5.3 0.4 1:45.98
707 0.0 0.4 1:46.00
707 0.0 0.4 1:46.01
707 5.3 0.4 1:46.03
707 5.3 0.4 1:46.06
KiB used, 393176 buff/cache
707 0.0 0.4 1:46.09
707 5.6 0.4 1:46.12
707 0.0 0.4 1:46.13
707 0.0 0.4 1:46.16
707 0.0 0.4 1:46.17
707 0.0 0.4 1:46.18
707 11.1 0.4 1:46.22
707 5.6 0.4 1:46.23
707 0.0 0.4 1:46.24
707 0.0 0.4 1:46.26
707 0.0 0.4 1:46.28
707 5.6 0.4 1:46.30
707 0.0 0.4 1:46.32
707 5.3 0.4 1:46.34
707 0.0 0.4 1:46.35
707 0.0 0.4 1:46.37
707 0.0 0.4 1:46.39
707 5.6 0.4 1:46.41
707 5.6 0.4 1:46.43
707 0.0 0.4 1:46.44
707 5.3 0.4 1:46.47
707 5.6 0.4 1:46.49
707 0.0 0.4 1:46.51
707 0.0 0.4 1:46.53
707 0.0 0.4 1:46.55
707 0.0 0.4 1:46.58
707 0.0 0.4 1:46.60
707 0.0 0.4 1:46.62
707 0.0 0.4 1:46.64
707 0.0 0.4 1:46.67
707 0.0 0.4 1:46.69
707 0.0 0.4 1:46.70
707 0.0 0.4 1:46.72
707 0.0 0.4 1:46.73
707 0.0 0.4 1:46.75
707 5.0 0.4 1:46.78
KiB used, 393668 buff/cache
707 0.0 0.4 1:46.82
707 0.0 0.4 1:46.83
707 5.3 0.4 1:46.86
707 5.3 0.4 1:46.88
707 0.0 0.4 1:46.90
707 5.6 0.4 1:46.92
707 0.0 0.4 1:46.93
707 0.0 0.4 1:46.95
707 0.0 0.4 1:46.97
707 0.0 0.4 1:46.99
707 5.3 0.4 1:47.01
707 5.3 0.4 1:47.03
707 0.0 0.4 1:47.04
707 0.0 0.4 1:47.06
707 0.0 0.4 1:47.07
707 0.0 0.4 1:47.07
707 0.0 0.4 1:47.07
707 0.0 0.4 1:47.07
707 0.0 0.4 1:47.07
707 0.0 0.4 1:47.07
707 0.0 0.4 1:47.07
707 0.0 0.4 1:47.07
707 0.0 0.4 1:47.07
707 0.0 0.4 1:47.07
707 0.0 0.4 1:47.07
707 0.0 0.4 1:47.07
707 0.0 0.4 1:47.07
707 0.0 0.4 1:47.07
707 0.0 0.4 1:47.07
707 0.0 0.4 1:47.07
707 0.0 0.4 1:47.07
707 0.0 0.4 1:47.07
707 0.0 0.4 1:47.07
707 0.0 0.4 1:47.07
