707 0.0 0.4 1:06.81
707 0.0 0.4 1:06.84
707 0.0 0.4 1:06.87
707 0.0 0.4 1:06.91
707 0.0 0.4 1:06.93
707 0.0 0.4 1:06.96
707 0.0 0.4 1:06.99
707 0.0 0.4 1:07.02
707 5.3 0.4 1:07.06
707 5.6 0.4 1:07.09
707 0.0 0.4 1:07.12
707 5.6 0.4 1:07.15
707 5.0 0.4 1:07.17
707 0.0 0.4 1:07.20
707 4.8 0.4 1:07.24
707 0.0 0.4 1:07.27
707 0.0 0.4 1:07.30
707 5.6 0.4 1:07.34
707 5.3 0.4 1:07.37
707 5.6 0.4 1:07.40
707 5.3 0.4 1:07.43
707 0.0 0.4 1:07.46
707 0.0 0.4 1:07.49
707 0.0 0.4 1:07.52
707 0.0 0.4 1:07.55
707 0.0 0.4 1:07.58
707 0.0 0.4 1:07.61
707 5.3 0.4 1:07.64
707 5.6 0.4 1:07.67
707 5.3 0.4 1:07.70
707 0.0 0.4 1:07.73
707 0.0 0.4 1:07.76
707 5.0 0.4 1:07.80
707 0.0 0.4 1:07.82
707 5.3 0.4 1:07.86
707 0.0 0.4 1:07.89
707 0.0 0.4 1:07.92
707 5.3 0.4 1:07.95
707 0.0 0.4 1:07.97
707 0.0 0.4 1:08.00
707 5.3 0.4 1:08.04
707 0.0 0.4 1:08.06
707 10.5 0.4 1:08.10
707 0.0 0.4 1:08.12
707 0.0 0.4 1:08.15
707 5.9 0.4 1:08.19
707 0.0 0.4 1:08.22
707 5.3 0.4 1:08.26
707 0.0 0.4 1:08.29
707 0.0 0.4 1:08.33
707 0.0 0.4 1:08.36
707 5.6 0.4 1:08.39
707 5.3 0.4 1:08.42
707 5.6 0.4 1:08.45
707 0.0 0.4 1:08.47
KiB used, 364576 buff/cache
707 5.0 0.4 1:08.53
707 0.0 0.4 1:08.55
707 5.3 0.4 1:08.58
707 0.0 0.4 1:08.60
707 5.6 0.4 1:08.64
707 5.3 0.4 1:08.67
707 0.0 0.4 1:08.70
707 0.0 0.4 1:08.72
707 5.3 0.4 1:08.76
707 0.0 0.4 1:08.79
707 5.6 0.4 1:08.82
707 5.3 0.4 1:08.85
707 0.0 0.4 1:08.87
707 5.3 0.4 1:08.91
707 5.3 0.4 1:08.95
707 0.0 0.4 1:08.97
707 0.0 0.4 1:09.00
707 5.3 0.4 1:09.04
707 5.3 0.4 1:09.06
707 0.0 0.4 1:09.10
707 0.0 0.4 1:09.13
707 0.0 0.4 1:09.15
707 0.0 0.4 1:09.17
707 0.0 0.4 1:09.19
707 0.0 0.4 1:09.19
707 0.0 0.4 1:09.19
707 0.0 0.4 1:09.19
707 0.0 0.4 1:09.19
707 0.0 0.4 1:09.19
707 0.0 0.4 1:09.19
707 0.0 0.4 1:09.19
707 0.0 0.4 1:09.19
707 0.0 0.4 1:09.19
707 0.0 0.4 1:09.19
707 0.0 0.4 1:09.19
