707 0.0 0.4 1:28.55
707 0.0 0.4 1:28.58
707 5.6 0.4 1:28.61
707 0.0 0.4 1:28.63
707 0.0 0.4 1:28.66
707 0.0 0.4 1:28.68
707 0.0 0.4 1:28.70
707 0.0 0.4 1:28.73
707 0.0 0.4 1:28.76
707 0.0 0.4 1:28.78
707 0.0 0.4 1:28.80
707 0.0 0.4 1:28.82
707 0.0 0.4 1:28.84
707 0.0 0.4 1:28.86
707 5.6 0.4 1:28.90
707 5.6 0.4 1:28.92
707 5.6 0.4 1:28.95
707 5.3 0.4 1:28.98
707 0.0 0.4 1:29.00
707 0.0 0.4 1:29.03
707 5.6 0.4 1:29.06
707 0.0 0.4 1:29.08
707 0.0 0.4 1:29.10
707 0.0 0.4 1:29.13
707 5.0 0.4 1:29.16
707 0.0 0.4 1:29.17
707 0.0 0.4 1:29.19
707 5.6 0.4 1:29.22
707 0.0 0.4 1:29.24
707 5.6 0.4 1:29.27
707 0.0 0.4 1:29.29
707 5.6 0.4 1:29.32
707 5.6 0.4 1:29.34
707 0.0 0.4 1:29.36
707 0.0 0.4 1:29.39
707 5.6 0.4 1:29.42
707 5.6 0.4 1:29.44
707 0.0 0.4 1:29.46
707 5.3 0.4 1:29.49
707 0.0 0.4 1:29.51
707 5.6 0.4 1:29.54
707 0.0 0.4 1:29.55
707 0.0 0.4 1:29.57
707 5.6 0.4 1:29.60
707 0.0 0.4 1:29.62
707 0.0 0.4 1:29.64
707 0.0 0.4 1:29.66
707 0.0 0.4 1:29.69
707 0.0 0.4 1:29.71
707 0.0 0.4 1:29.73
707 5.3 0.4 1:29.76
707 0.0 0.4 1:29.78
707 0.0 0.4 1:29.80
707 0.0 0.4 1:29.83
707 0.0 0.4 1:29.85
707 0.0 0.4 1:29.87
707 0.0 0.4 1:29.89
707 0.0 0.4 1:29.92
707 0.0 0.4 1:29.94
707 0.0 0.4 1:29.96
707 0.0 0.4 1:29.98
707 5.6 0.4 1:30.01
707 0.0 0.4 1:30.03
707 0.0 0.4 1:30.05
707 0.0 0.4 1:30.07
707 5.0 0.4 1:30.10
707 5.6 0.4 1:30.12
707 5.6 0.4 1:30.14
707 0.0 0.4 1:30.17
707 0.0 0.4 1:30.19
707 10.5 0.4 1:30.22
707 0.0 0.4 1:30.23
707 0.0 0.4 1:30.25
707 0.0 0.4 1:30.27
707 5.3 0.4 1:30.30
707 5.3 0.4 1:30.33
707 0.0 0.4 1:30.35
707 5.6 0.4 1:30.38
707 0.0 0.4 1:30.40
707 0.0 0.4 1:30.42
707 0.0 0.4 1:30.42
707 0.0 0.4 1:30.42
707 0.0 0.4 1:30.42
707 0.0 0.4 1:30.42
707 0.0 0.4 1:30.42
707 0.0 0.4 1:30.42
707 0.0 0.4 1:30.42
707 0.0 0.4 1:30.42
707 0.0 0.4 1:30.42
707 0.0 0.4 1:30.42
707 0.0 0.4 1:30.42
13707 16.7 0.2 0:00.03
707 0.0 0.4 1:30.42
