708 0.0 0.4 0:25.12
708 5.6 0.4 0:25.19
708 5.3 0.4 0:25.24
708 5.6 0.4 0:25.25
708 0.0 0.4 0:25.25
708 0.0 0.4 0:25.25
708 0.0 0.4 0:25.25
708 0.0 0.4 0:25.25
708 0.0 0.4 0:25.25
708 0.0 0.4 0:25.25
708 0.0 0.4 0:25.25
708 0.0 0.4 0:25.25
708 0.0 0.4 0:25.25
708 0.0 0.4 0:25.25
708 0.0 0.4 0:25.25
708 0.0 0.4 0:25.25
708 0.0 0.4 0:25.25
708 0.0 0.4 0:25.25
708 5.6 0.4 0:25.26
708 4.8 0.4 0:25.30
708 0.0 0.4 0:25.34
708 0.0 0.4 0:25.38
708 0.0 0.4 0:25.44
708 5.6 0.4 0:25.48
708 0.0 0.4 0:25.54
708 5.6 0.4 0:25.58
708 4.8 0.4 0:25.62
708 10.5 0.4 0:25.67
708 0.0 0.4 0:25.72
708 10.5 0.4 0:25.77
708 11.1 0.4 0:25.82
708 5.6 0.4 0:25.86
708 5.0 0.4 0:25.91
708 5.6 0.4 0:25.96
708 5.6 0.4 0:26.01
708 5.3 0.4 0:26.06
708 5.3 0.4 0:26.11
708 10.5 0.4 0:26.17
708 0.0 0.4 0:26.20
708 5.3 0.4 0:26.26
708 5.3 0.4 0:26.31
708 4.8 0.4 0:26.36
708 0.0 0.4 0:26.41
708 0.0 0.4 0:26.45
708 5.3 0.4 0:26.50
708 10.5 0.4 0:26.55
708 5.3 0.4 0:26.60
708 5.6 0.4 0:26.65
708 5.3 0.4 0:26.70
708 5.0 0.4 0:26.75
708 4.2 0.4 0:26.80
708 5.3 0.4 0:26.85
708 5.6 0.4 0:26.90
708 5.3 0.4 0:26.95
708 5.6 0.4 0:27.00
710 5.3 0.4 0:37.36
708 5.3 0.4 0:27.09
708 5.3 0.4 0:27.13
710 11.1 0.4 0:37.57
708 5.3 0.4 0:27.23
710 11.1 0.4 0:37.71
710 5.6 0.4 0:37.77
710 11.1 0.4 0:37.85
708 5.6 0.4 0:27.42
708 5.6 0.4 0:27.47
710 9.1 0.4 0:38.07
708 5.3 0.4 0:27.56
708 11.1 0.4 0:27.62
708 5.6 0.4 0:27.66
710 5.3 0.4 0:38.33
710 10.5 0.4 0:38.41
708 5.6 0.4 0:27.81
710 5.6 0.4 0:38.54
710 11.1 0.4 0:38.61
710 11.1 0.4 0:38.68
710 5.3 0.4 0:38.74
708 5.6 0.4 0:28.04
708 5.3 0.4 0:28.09
708 5.3 0.4 0:28.13
710 10.5 0.4 0:39.01
708 11.1 0.4 0:28.23
708 0.0 0.4 0:28.28
708 5.6 0.4 0:28.33
708 5.3 0.4 0:28.38
710 5.3 0.4 0:39.35
708 5.6 0.4 0:28.47
708 5.6 0.4 0:28.52
710 5.6 0.4 0:39.54
710 5.6 0.4 0:39.60
708 5.3 0.4 0:28.68
708 5.3 0.4 0:28.74
708 5.6 0.4 0:28.79
710 10.5 0.4 0:39.89
708 0.0 0.4 0:28.88
708 0.0 0.4 0:28.88
708 0.0 0.4 0:28.88
708 0.0 0.4 0:28.88
708 0.0 0.4 0:28.88
708 0.0 0.4 0:28.88
708 0.0 0.4 0:28.88
708 0.0 0.4 0:28.88
708 0.0 0.4 0:28.88
708 0.0 0.4 0:28.88
708 0.0 0.4 0:28.88
708 0.0 0.4 0:28.88
708 0.0 0.4 0:28.88
708 0.0 0.4 0:28.88
708 0.0 0.4 0:28.88
708 0.0 0.4 0:28.88
708 0.0 0.4 0:28.88
708 0.0 0.4 0:28.88
KiB used, 334964 buff/cache
708 0.0 0.4 0:28.88
708 0.0 0.4 0:28.88
708 0.0 0.4 0:28.88
708 0.0 0.4 0:28.88
