710 5.3 0.4 1:10.11
708 5.6 0.4 0:49.61
710 10.5 0.4 1:10.23
708 5.3 0.4 0:49.69
710 5.6 0.4 1:10.33
KiB used, 351492 buff/cache
708 5.6 0.4 0:49.80
708 10.5 0.4 0:49.86
708 5.3 0.4 0:49.89
710 11.1 0.4 1:10.62
708 4.8 0.4 0:49.96
708 10.5 0.4 0:50.01
708 5.3 0.4 0:50.04
710 5.0 0.4 1:10.85
710 5.0 0.4 1:10.91
710 11.1 0.4 1:10.97
710 5.6 0.4 1:11.02
710 11.1 0.4 1:11.08
710 5.6 0.4 1:11.13
708 5.6 0.4 0:50.28
710 5.3 0.4 1:11.24
710 5.3 0.4 1:11.30
14708 16.7 0.2 0:00.03
710 5.3 0.4 1:11.41
710 5.3 0.4 1:11.46
708 5.0 0.4 0:50.51
708 5.3 0.4 0:50.55
710 5.3 0.4 1:11.64
708 5.6 0.4 0:50.62
708 4.5 0.4 0:50.66
710 11.8 0.4 1:11.79
708 4.8 0.4 0:50.73
710 11.1 0.4 1:11.90
708 5.3 0.4 0:50.80
710 5.3 0.4 1:12.01
710 5.3 0.4 1:12.06
710 5.6 0.4 1:12.12
708 4.8 0.4 0:50.93
708 0.0 0.4 0:50.96
708 5.3 0.4 0:51.00
708 5.6 0.4 0:51.03
708 4.8 0.4 0:51.07
710 4.8 0.4 1:12.45
710 5.6 0.4 1:12.50
708 5.6 0.4 0:51.17
708 5.3 0.4 0:51.20
710 5.3 0.4 1:12.66
708 5.9 0.4 0:51.27
708 5.0 0.4 0:51.32
710 10.5 0.4 1:12.83
710 10.5 0.4 1:12.88
710 5.3 0.4 1:12.93
710 11.1 0.4 1:12.99
710 10.5 0.4 1:13.04
708 5.3 0.4 0:51.54
708 5.0 0.4 0:51.58
708 5.3 0.4 0:51.61
708 5.0 0.4 0:51.66
708 5.3 0.4 0:51.70
710 5.3 0.4 1:13.38
708 5.6 0.4 0:51.77
710 15.8 0.4 1:13.50
710 5.6 0.4 1:13.53
710 10.5 0.4 1:13.59
710 4.5 0.4 1:13.64
708 5.3 0.4 0:51.95
708 5.6 0.4 0:51.99
710 11.1 0.4 1:13.85
708 5.6 0.4 0:52.06
708 5.3 0.4 0:52.10
708 10.5 0.4 0:52.15
708 5.0 0.4 0:52.18
708 0.0 0.4 0:52.21
708 0.0 0.4 0:52.25
708 5.6 0.4 0:52.29
708 11.1 0.4 0:52.34
708 5.3 0.4 0:52.37
708 5.3 0.4 0:52.41
708 5.6 0.4 0:52.44
708 0.0 0.4 0:52.46
708 0.0 0.4 0:52.46
708 0.0 0.4 0:52.46
708 0.0 0.4 0:52.46
708 0.0 0.4 0:52.46
708 0.0 0.4 0:52.46
708 0.0 0.4 0:52.46
708 0.0 0.4 0:52.46
