708 0.0 0.4 0:36.32
708 5.6 0.4 0:36.37
708 5.3 0.4 0:36.42
708 5.6 0.4 0:36.47
708 5.9 0.4 0:36.52
708 5.6 0.4 0:36.58
708 5.6 0.4 0:36.63
708 4.8 0.4 0:36.67
708 5.3 0.4 0:36.72
708 5.6 0.4 0:36.78
KiB used, 341708 buff/cache
708 4.5 0.4 0:36.87
708 0.0 0.4 0:36.92
708 0.0 0.4 0:36.97
708 10.5 0.4 0:37.04
KiB used, 341884 buff/cache
708 5.6 0.4 0:37.13
708 5.6 0.4 0:37.18
708 5.6 0.4 0:37.23
708 0.0 0.4 0:37.27
708 8.3 0.4 0:37.33
708 5.6 0.4 0:37.37
708 5.3 0.4 0:37.41
708 5.3 0.4 0:37.45
708 5.3 0.4 0:37.50
708 4.8 0.4 0:37.55
708 4.5 0.4 0:37.60
708 0.0 0.4 0:37.63
708 0.0 0.4 0:37.68
708 5.6 0.4 0:37.72
708 5.6 0.4 0:37.77
708 0.0 0.4 0:37.81
708 9.1 0.4 0:37.88
708 5.6 0.4 0:37.93
708 4.8 0.4 0:37.98
708 11.1 0.4 0:38.03
708 5.3 0.4 0:38.08
708 0.0 0.4 0:38.12
708 5.6 0.4 0:38.17
708 5.6 0.4 0:38.22
KiB used, 342724 buff/cache
708 5.6 0.4 0:38.33
KiB 1529708 avail Mem
708 10.5 0.4 0:38.46
708 5.6 0.4 0:38.50
708 5.3 0.4 0:38.54
708 10.5 0.4 0:38.59
708 5.6 0.4 0:38.63
708 0.0 0.4 0:38.67
708 5.3 0.4 0:38.72
708 0.0 0.4 0:38.77
708 5.6 0.4 0:38.82
708 5.3 0.4 0:38.86
708 4.8 0.4 0:38.90
708 5.0 0.4 0:38.95
708 5.3 0.4 0:39.00
708 5.0 0.4 0:39.04
708 5.6 0.4 0:39.08
708 5.6 0.4 0:39.13
708 0.0 0.4 0:39.16
708 5.6 0.4 0:39.21
708 5.3 0.4 0:39.26
708 5.3 0.4 0:39.31
708 5.6 0.4 0:39.36
708 5.6 0.4 0:39.42
708 0.0 0.4 0:39.46
708 0.0 0.4 0:39.50
KiB used, 343628 buff/cache
708 5.3 0.4 0:39.60
708 5.6 0.4 0:39.64
708 5.3 0.4 0:39.68
708 5.6 0.4 0:39.73
708 0.0 0.4 0:39.77
708 0.0 0.4 0:39.83
708 5.6 0.4 0:39.87
708 0.0 0.4 0:39.91
708 11.1 0.4 0:39.97
708 5.3 0.4 0:40.01
708 0.0 0.4 0:40.03
708 0.0 0.4 0:40.03
708 0.0 0.4 0:40.03
708 0.0 0.4 0:40.03
708 0.0 0.4 0:40.03
708 0.0 0.4 0:40.03
708 0.0 0.4 0:40.03
708 0.0 0.4 0:40.03
708 0.0 0.4 0:40.03
708 0.0 0.4 0:40.03
708 0.0 0.4 0:40.03
708 0.0 0.4 0:40.03
708 0.0 0.4 0:40.03
708 0.0 0.4 0:40.03
708 0.0 0.4 0:40.03
708 0.0 0.4 0:40.03
