708 0.0 0.4 1:02.93
708 0.0 0.4 1:02.96
708 5.6 0.4 1:02.99
708 5.6 0.4 1:03.02
708 5.6 0.4 1:03.05
710 4.8 0.4 1:30.94
710 4.8 0.4 1:30.99
708 5.6 0.4 1:03.13
708 10.5 0.4 1:03.17
710 5.3 0.4 1:31.12
710 5.3 0.4 1:31.17
708 0.0 0.4 1:03.25
710 5.0 0.4 1:31.27
710 5.6 0.4 1:31.32
710 5.3 0.4 1:31.36
710 5.6 0.4 1:31.40
708 0.0 0.4 1:03.39
708 0.0 0.4 1:03.42
710 5.3 0.4 1:31.57
708 5.6 0.4 1:03.49
710 5.6 0.4 1:31.67
708 5.6 0.4 1:03.54
708 5.6 0.4 1:03.57
708 5.3 0.4 1:03.60
708 5.3 0.4 1:03.63
708 5.6 0.4 1:03.66
708 5.6 0.4 1:03.69
710 10.5 0.4 1:32.00
710 10.5 0.4 1:32.05
710 10.5 0.4 1:32.10
710 5.6 0.4 1:32.13
710 5.6 0.4 1:32.18
708 5.3 0.4 1:03.87
708 5.3 0.4 1:03.90
708 5.3 0.4 1:03.93
708 5.3 0.4 1:03.96
708 5.3 0.4 1:03.99
708 0.0 0.4 1:04.01
710 5.6 0.4 1:32.53
708 0.0 0.4 1:04.05
710 5.0 0.4 1:32.61
708 5.3 0.4 1:04.11
708 5.6 0.4 1:04.14
708 5.6 0.4 1:04.17
710 5.6 0.4 1:32.79
708 5.6 0.4 1:04.24
708 0.0 0.4 1:04.26
708 5.6 0.4 1:04.29
708 5.6 0.4 1:04.32
708 5.9 0.4 1:04.35
708 11.1 0.4 1:04.39
708 5.6 0.4 1:04.42
708 5.3 0.4 1:04.45
KiB used, 364540 buff/cache
708 5.6 0.4 1:04.51
708 5.3 0.4 1:04.54
710 5.6 0.4 1:33.33
710 5.6 0.4 1:33.37
708 5.3 0.4 1:04.64
710 5.0 0.4 1:33.47
708 5.0 0.4 1:04.70
708 5.6 0.4 1:04.73
708 0.0 0.4 1:04.76
710 5.6 0.4 1:33.64
710 11.1 0.4 1:33.69
710 5.3 0.4 1:33.74
710 5.6 0.4 1:33.78
708 5.0 0.4 1:04.93
708 5.0 0.4 1:04.96
708 5.6 0.4 1:04.99
710 5.6 0.4 1:33.97
710 5.0 0.4 1:34.03
710 5.6 0.4 1:34.08
710 5.6 0.4 1:34.13
708 0.0 0.4 1:05.13
710 4.5 0.4 1:34.22
710 5.3 0.4 1:34.26
708 5.3 0.4 1:05.22
708 4.8 0.4 1:05.25
708 0.0 0.4 1:05.26
708 0.0 0.4 1:05.26
KiB used, 365112 buff/cache
708 0.0 0.4 1:05.26
708 0.0 0.4 1:05.26
708 0.0 0.4 1:05.26
708 0.0 0.4 1:05.26
708 0.0 0.4 1:05.26
708 0.0 0.4 1:05.26
708 0.0 0.4 1:05.26
708 0.0 0.4 1:05.26
708 0.0 0.4 1:05.26
