709 5.9 0.4 1:07.45
709 5.6 0.4 1:07.48
709 5.6 0.4 1:07.51
709 5.6 0.4 1:07.55
709 10.0 0.4 1:07.60
709 0.0 0.4 1:07.61
709 5.6 0.4 1:07.65
KiB used, 359640 buff/cache
709 0.0 0.4 1:07.72
709 5.6 0.4 1:07.76
709 0.0 0.4 1:07.79
709 11.1 0.4 1:07.84
709 4.8 0.4 1:07.87
709 0.0 0.4 1:07.90
709 0.0 0.4 1:07.93
709 0.0 0.4 1:07.97
709 5.6 0.4 1:08.01
709 5.6 0.4 1:08.05
709 5.3 0.4 1:08.09
709 0.0 0.4 1:08.12
709 5.0 0.4 1:08.16
709 4.8 0.4 1:08.20
709 0.0 0.4 1:08.23
709 0.0 0.4 1:08.26
709 5.6 0.4 1:08.30
709 0.0 0.4 1:08.34
709 5.6 0.4 1:08.38
709 5.6 0.4 1:08.42
709 5.6 0.4 1:08.46
709 5.9 0.4 1:08.50
709 5.6 0.4 1:08.53
709 0.0 0.4 1:08.56
709 5.3 0.4 1:08.60
709 5.6 0.4 1:08.64
709 0.0 0.4 1:08.67
709 5.3 0.4 1:08.71
709 5.3 0.4 1:08.74
709 5.9 0.4 1:08.77
709 4.5 0.4 1:08.80
27097 15.8 0.2 0:00.03
709 5.6 0.4 1:08.86
709 5.3 0.4 1:08.90
709 5.6 0.4 1:08.93
709 10.5 0.4 1:08.98
709 0.0 0.4 1:09.00
709 5.3 0.4 1:09.04
709 0.0 0.4 1:09.07
709 5.3 0.4 1:09.11
709 5.6 0.4 1:09.14
709 0.0 0.4 1:09.17
709 0.0 0.4 1:09.21
709 5.6 0.4 1:09.25
709 0.0 0.4 1:09.29
709 5.6 0.4 1:09.33
709 5.3 0.4 1:09.36
709 5.0 0.4 1:09.40
709 0.0 0.4 1:09.43
709 0.0 0.4 1:09.47
709 0.0 0.4 1:09.51
709 0.0 0.4 1:09.54
709 0.0 0.4 1:09.57
709 5.6 0.4 1:09.61
709 5.6 0.4 1:09.64
709 0.0 0.4 1:09.67
709 5.3 0.4 1:09.71
709 5.6 0.4 1:09.76
709 0.0 0.4 1:09.79
709 0.0 0.4 1:09.83
709 0.0 0.4 1:09.87
709 5.6 0.4 1:09.91
709 0.0 0.4 1:09.94
709 5.6 0.4 1:09.98
709 0.0 0.4 1:10.01
709 0.0 0.4 1:10.04
709 10.0 0.4 1:10.09
709 5.6 0.4 1:10.11
709 0.0 0.4 1:10.16
709 5.3 0.4 1:10.20
709 9.5 0.4 1:10.24
709 0.0 0.4 1:10.24
709 0.0 0.4 1:10.25
709 0.0 0.4 1:10.25
709 0.0 0.4 1:10.25
709 0.0 0.4 1:10.25
709 0.0 0.4 1:10.25
709 0.0 0.4 1:10.25
709 0.0 0.4 1:10.25
709 0.0 0.4 1:10.25
709 0.0 0.4 1:10.25
709 0.0 0.4 1:10.25
709 0.0 0.4 1:10.25
709 0.0 0.4 1:10.25
709 0.0 0.4 1:10.25
709 0.0 0.4 1:10.25
709 0.0 0.4 1:10.25
709 0.0 0.4 1:10.25
