709 8.1 0.4 0:00.08
709 13.7 0.4 0:00.12
709 22.2 0.4 0:00.12
709 18.6 0.4 0:00.11
709 25.0 0.4 0:00.14
709 15.0 0.4 0:00.29
709 9.5 0.4 0:00.39
709 5.6 0.4 0:00.46
709 10.5 0.4 0:00.54
709 10.5 0.4 0:00.62
709 5.0 0.4 0:00.70
709 5.0 0.4 0:00.77
709 10.5 0.4 0:00.86
709 5.3 0.4 0:00.92
709 5.6 0.4 0:00.99
709 5.3 0.4 0:01.06
709 10.5 0.4 0:01.14
709 5.3 0.4 0:01.21
709 9.1 0.4 0:01.30
709 5.3 0.4 0:01.37
709 10.0 0.4 0:01.46
709 4.5 0.4 0:01.54
709 11.1 0.4 0:01.61
709 9.5 0.4 0:01.70
709 5.6 0.4 0:01.77
709 5.6 0.4 0:01.83
709 10.5 0.4 0:01.92
709 10.0 0.4 0:02.00
709 5.6 0.4 0:02.07
709 10.5 0.4 0:02.16
709 11.1 0.4 0:02.24
709 10.5 0.4 0:02.32
709 10.0 0.4 0:02.41
709 5.6 0.4 0:02.48
709 5.6 0.4 0:02.56
709 11.1 0.4 0:02.63
709 5.6 0.4 0:02.71
709 10.5 0.4 0:02.78
709 10.5 0.4 0:02.85
709 16.7 0.4 0:02.94
709 5.6 0.4 0:03.01
709 10.5 0.4 0:03.10
709 10.5 0.4 0:03.17
709 16.7 0.4 0:03.26
709 5.3 0.4 0:03.33
709 11.1 0.4 0:03.41
709 15.8 0.4 0:03.50
709 11.1 0.4 0:03.60
709 5.6 0.4 0:03.65
709 0.0 0.4 0:03.72
709 5.3 0.4 0:03.81
KiB used, 257696 buff/cache
709 5.3 0.4 0:03.95
709 5.3 0.4 0:04.02
709 10.5 0.4 0:04.10
709 10.5 0.4 0:04.17
709 5.3 0.4 0:04.24
709 5.6 0.4 0:04.31
709 10.5 0.4 0:04.40
709 5.6 0.4 0:04.48
709 5.6 0.4 0:04.55
709 5.6 0.4 0:04.63
709 5.3 0.4 0:04.70
709 10.5 0.4 0:04.78
709 11.1 0.4 0:04.86
709 5.3 0.4 0:04.94
709 5.0 0.4 0:05.01
709 5.3 0.4 0:05.10
709 11.1 0.4 0:05.19
709 5.3 0.4 0:05.26
709 0.0 0.4 0:05.32
709 11.1 0.4 0:05.39
709 11.1 0.4 0:05.47
709 5.6 0.4 0:05.54
709 5.6 0.4 0:05.60
709 5.3 0.4 0:05.68
709 11.1 0.4 0:05.78
709 5.3 0.4 0:05.86
709 0.0 0.4 0:05.91
709 0.0 0.4 0:05.91
709 0.0 0.4 0:05.91
709 0.0 0.4 0:05.91
709 0.0 0.4 0:05.91
709 0.0 0.4 0:05.91
709 0.0 0.4 0:05.91
4709 16.7 0.2 0:00.05
709 0.0 0.4 0:05.91
709 0.0 0.4 0:05.91
709 0.0 0.4 0:05.91
709 0.0 0.4 0:05.91
709 0.0 0.4 0:05.91
709 0.0 0.4 0:05.91
709 0.0 0.4 0:05.91
709 0.0 0.4 0:05.91
709 0.0 0.4 0:05.91
709 0.0 0.4 0:05.91
709 0.0 0.4 0:05.91
709 0.0 0.4 0:05.91
709 0.0 0.4 0:05.91
709 0.0 0.4 0:05.91
709 0.0 0.4 0:05.91
709 0.0 0.4 0:05.91
709 0.0 0.4 0:05.91
