709 0.0 0.4 1:59.76
709 5.6 0.4 1:59.79
709 0.0 0.4 1:59.81
709 0.0 0.4 1:59.83
709 0.0 0.4 1:59.85
709 5.6 0.4 1:59.88
709 5.6 0.4 1:59.90
709 5.6 0.4 1:59.92
709 0.0 0.4 1:59.94
709 5.3 0.4 1:59.96
709 0.0 0.4 1:59.98
709 0.0 0.4 2:00.00
KiB used, 395464 buff/cache
709 5.3 0.4 2:00.05
709 0.0 0.4 2:00.07
709 0.0 0.4 2:00.09
709 5.6 0.4 2:00.12
709 5.3 0.4 2:00.14
709 0.0 0.4 2:00.16
709 0.0 0.4 2:00.18
709 0.0 0.4 2:00.21
709 5.6 0.4 2:00.23
709 5.0 0.4 2:00.25
709 0.0 0.4 2:00.27
709 0.0 0.4 2:00.29
709 5.6 0.4 2:00.31
709 0.0 0.4 2:00.32
709 0.0 0.4 2:00.34
709 0.0 0.4 2:00.36
709 0.0 0.4 2:00.38
709 0.0 0.4 2:00.40
709 5.3 0.4 2:00.42
709 0.0 0.4 2:00.44
709 0.0 0.4 2:00.46
709 5.3 0.4 2:00.49
709 0.0 0.4 2:00.51
709 5.6 0.4 2:00.53
709 5.3 0.4 2:00.55
709 0.0 0.4 2:00.57
709 0.0 0.4 2:00.59
709 0.0 0.4 2:00.61
709 0.0 0.4 2:00.62
709 0.0 0.4 2:00.64
709 5.3 0.4 2:00.67
709 0.0 0.4 2:00.69
709 0.0 0.4 2:00.71
709 0.0 0.4 2:00.73
709 5.6 0.4 2:00.76
709 0.0 0.4 2:00.78
709 0.0 0.4 2:00.80
709 0.0 0.4 2:00.82
709 5.6 0.4 2:00.85
709 0.0 0.4 2:00.87
709 0.0 0.4 2:00.89
709 5.0 0.4 2:00.92
709 0.0 0.4 2:00.94
709 0.0 0.4 2:00.96
709 5.3 0.4 2:00.99
709 5.6 0.4 2:01.01
709 5.0 0.4 2:01.03
709 0.0 0.4 2:01.05
709 0.0 0.4 2:01.07
709 0.0 0.4 2:01.09
709 0.0 0.4 2:01.11
709 0.0 0.4 2:01.13
709 0.0 0.4 2:01.15
709 0.0 0.4 2:01.17
709 0.0 0.4 2:01.20
709 5.6 0.4 2:01.22
709 11.1 0.4 2:01.26
709 0.0 0.4 2:01.26
709 5.0 0.4 2:01.29
709 5.6 0.4 2:01.31
709 5.6 0.4 2:01.33
709 0.0 0.4 2:01.35
709 5.6 0.4 2:01.37
709 5.3 0.4 2:01.39
709 5.6 0.4 2:01.41
709 5.6 0.4 2:01.43
709 0.0 0.4 2:01.44
709 0.0 0.4 2:01.44
709 0.0 0.4 2:01.44
709 0.0 0.4 2:01.44
709 0.0 0.4 2:01.44
709 0.0 0.4 2:01.44
709 0.0 0.4 2:01.44
709 0.0 0.4 2:01.44
