709 0.0 0.4 1:00.82
709 0.0 0.4 1:00.86
709 5.6 0.4 1:00.90
709 5.6 0.4 1:00.94
709 0.0 0.4 1:00.98
709 0.0 0.4 1:01.01
709 5.3 0.4 1:01.06
709 0.0 0.4 1:01.10
709 0.0 0.4 1:01.14
709 0.0 0.4 1:01.18
709 5.0 0.4 1:01.23
709 0.0 0.4 1:01.27
709 5.3 0.4 1:01.31
709 5.3 0.4 1:01.35
709 4.5 0.4 1:01.39
709 0.0 0.4 1:01.42
709 5.6 0.4 1:01.47
709 5.0 0.4 1:01.52
709 4.8 0.4 1:01.56
709 5.6 0.4 1:01.60
709 5.9 0.4 1:01.64
709 5.6 0.4 1:01.67
709 5.6 0.4 1:01.71
709 0.0 0.4 1:01.75
709 5.6 0.4 1:01.80
709 0.0 0.4 1:01.84
709 5.6 0.4 1:01.89
709 5.0 0.4 1:01.93
709 5.3 0.4 1:01.97
709 5.6 0.4 1:02.01
709 0.0 0.4 1:02.05
709 5.3 0.4 1:02.10
709 5.6 0.4 1:02.14
709 4.8 0.4 1:02.19
709 5.9 0.4 1:02.24
709 5.0 0.4 1:02.29
709 5.6 0.4 1:02.33
709 8.3 0.4 1:02.39
709 5.0 0.4 1:02.42
709 5.6 0.4 1:02.46
709 0.0 0.4 1:02.50
709 5.0 0.4 1:02.54
709 5.3 0.4 1:02.58
709 5.3 0.4 1:02.63
709 5.3 0.4 1:02.67
709 0.0 0.4 1:02.72
709 5.3 0.4 1:02.76
709 8.7 0.4 1:02.81
709 5.6 0.4 1:02.84
709 5.6 0.4 1:02.89
709 0.0 0.4 1:02.92
709 0.0 0.4 1:02.96
709 4.8 0.4 1:03.01
709 5.6 0.4 1:03.05
709 0.0 0.4 1:03.09
709 0.0 0.4 1:03.13
709 5.0 0.4 1:03.17
709 5.6 0.4 1:03.21
709 5.3 0.4 1:03.24
709 5.3 0.4 1:03.28
709 5.6 0.4 1:03.32
709 0.0 0.4 1:03.36
709 0.0 0.4 1:03.39
709 0.0 0.4 1:03.43
709 0.0 0.4 1:03.47
709 5.6 0.4 1:03.51
709 5.6 0.4 1:03.55
709 5.6 0.4 1:03.59
709 16.7 0.4 1:03.65
709 5.6 0.4 1:03.67
709 0.0 0.4 1:03.72
709 5.6 0.4 1:03.77
709 5.3 0.4 1:03.82
709 5.0 0.4 1:03.86
709 10.5 0.4 1:03.91
709 4.8 0.4 1:03.95
709 0.0 0.4 1:03.98
709 0.0 0.4 1:04.02
709 5.6 0.4 1:04.07
709 0.0 0.4 1:04.07
709 0.0 0.4 1:04.07
709 0.0 0.4 1:04.07
709 0.0 0.4 1:04.07
709 0.0 0.4 1:04.07
709 0.0 0.4 1:04.07
709 0.0 0.4 1:04.07
709 0.0 0.4 1:04.07
709 0.0 0.4 1:04.07
709 0.0 0.4 1:04.07
709 0.0 0.4 1:04.07
709 0.0 0.4 1:04.07
709 0.0 0.4 1:04.07
709 0.0 0.4 1:04.07
709 0.0 0.4 1:04.07
709 0.0 0.4 1:04.07
709 0.0 0.4 1:04.07
709 0.0 0.4 1:04.07
