710 11.1 0.4 2:10.86
517 0.0 0.9 0:00.48
710 5.9 0.4 2:10.92
710 5.9 0.4 2:10.94
517 0.0 0.9 0:00.48
517 0.0 0.9 0:00.48
710 5.6 0.4 2:11.03
517 0.0 0.9 0:00.48
517 0.0 0.9 0:00.48
710 5.3 0.4 2:11.12
710 5.6 0.4 2:11.15
710 5.6 0.4 2:11.18
710 5.6 0.4 2:11.21
517 0.0 0.9 0:00.48
517 0.0 0.9 0:00.48
517 0.0 0.9 0:00.48
710 5.3 0.4 2:11.34
517 0.0 0.9 0:00.48
517 0.0 0.9 0:00.48
710 5.6 0.4 2:11.44
710 5.6 0.4 2:11.47
710 5.0 0.4 2:11.50
710 5.6 0.4 2:11.53
710 5.6 0.4 2:11.56
710 5.6 0.4 2:11.59
517 0.0 0.9 0:00.48
517 0.0 0.9 0:00.48
517 0.0 0.9 0:00.48
710 5.6 0.4 2:11.70
710 5.6 0.4 2:11.73
517 0.0 0.9 0:00.48
710 5.6 0.4 2:11.79
710 10.0 0.4 2:11.83
710 4.8 0.4 2:11.85
710 5.3 0.4 2:11.88
517 0.0 0.9 0:00.48
710 5.6 0.4 2:11.95
710 5.6 0.4 2:11.99
KiB used, 384680 buff/cache
710 5.6 0.4 2:12.05
517 0.0 0.9 0:00.48
710 5.6 0.4 2:12.11
710 5.6 0.4 2:12.15
710 5.3 0.4 2:12.18
517 0.0 0.9 0:00.48
710 5.9 0.4 2:12.24
710 5.6 0.4 2:12.27
710 5.3 0.4 2:12.30
517 0.0 0.9 0:00.48
517 0.0 0.9 0:00.48
23710 20.0 0.2 0:00.04
517 0.0 0.9 0:00.48
710 5.6 0.4 2:12.46
710 5.9 0.4 2:12.49
KiB used, 384916 buff/cache
710 5.6 0.4 2:12.55
KiB used, 384940 buff/cache
710 5.6 0.4 2:12.61
710 5.6 0.4 2:12.63
517 0.0 0.9 0:00.48
517 0.0 0.9 0:00.48
710 5.9 0.4 2:12.72
517 0.0 0.9 0:00.48
517 0.0 0.9 0:00.48
517 0.0 0.9 0:00.48
710 5.0 0.4 2:12.86
710 5.9 0.4 2:12.90
710 5.6 0.4 2:12.93
710 5.0 0.4 2:12.97
710 5.3 0.4 2:13.00
710 11.8 0.4 2:13.04
517 0.0 0.9 0:00.48
710 5.3 0.4 2:13.10
710 5.3 0.4 2:13.14
517 0.0 0.9 0:00.48
710 5.3 0.4 2:13.20
710 5.6 0.4 2:13.24
710 5.0 0.4 2:13.27
517 0.0 0.9 0:00.48
710 5.6 0.4 2:13.32
517 0.0 0.9 0:00.48
517 0.0 0.9 0:00.48
517 0.0 0.9 0:00.48
517 0.0 0.9 0:00.48
517 0.0 0.9 0:00.48
517 0.0 0.9 0:00.48
517 0.0 0.9 0:00.48
517 0.0 0.9 0:00.48
517 0.0 0.9 0:00.48
517 0.0 0.9 0:00.48
517 0.0 0.9 0:00.48
517 0.0 0.9 0:00.48
517 0.0 0.9 0:00.48
517 0.0 0.9 0:00.48
517 0.0 0.9 0:00.48
517 0.0 0.9 0:00.48
517 0.0 0.9 0:00.48
517 0.0 0.9 0:00.48
