710 11.1 0.4 2:15.77
517 0.0 0.9 0:00.48
710 5.3 0.4 2:15.81
710 5.0 0.4 2:15.84
517 0.0 0.9 0:00.48
710 4.8 0.4 2:15.91
517 0.0 0.9 0:00.48
710 5.3 0.4 2:15.97
517 0.0 0.9 0:00.48
517 0.0 0.9 0:00.48
710 5.0 0.4 2:16.08
710 5.6 0.4 2:16.11
517 0.0 0.9 0:00.48
710 5.0 0.4 2:16.16
517 0.0 0.9 0:00.48
517 0.0 0.9 0:00.48
710 5.6 0.4 2:16.25
517 0.0 0.9 0:00.48
710 5.6 0.4 2:16.32
710 5.6 0.4 2:16.35
710 5.9 0.4 2:16.38
710 5.6 0.4 2:16.41
710 5.0 0.4 2:16.44
517 0.0 0.9 0:00.48
517 0.0 0.9 0:00.48
710 5.6 0.4 2:16.53
710 5.6 0.4 2:16.56
710 5.6 0.4 2:16.60
517 0.0 0.9 0:00.48
710 5.6 0.4 2:16.66
517 0.0 0.9 0:00.48
710 5.0 0.4 2:16.72
KiB used, 387100 buff/cache
517 0.0 0.9 0:00.48
517 0.0 0.9 0:00.48
710 5.3 0.4 2:16.83
710 5.6 0.4 2:16.86
710 5.6 0.4 2:16.90
710 10.5 0.4 2:16.95
517 0.0 0.9 0:00.48
710 4.5 0.4 2:17.00
517 0.0 0.9 0:00.48
517 0.0 0.9 0:00.48
710 5.6 0.4 2:17.10
710 5.3 0.4 2:17.13
517 0.0 0.9 0:00.48
517 0.0 0.9 0:00.48
517 0.0 0.9 0:00.48
517 0.0 0.9 0:00.48
710 11.8 0.4 2:17.29
710 5.3 0.4 2:17.31
710 5.6 0.4 2:17.34
710 5.6 0.4 2:17.37
710 5.6 0.4 2:17.40
710 5.6 0.4 2:17.43
517 0.0 0.9 0:00.48
517 0.0 0.9 0:00.48
517 0.0 0.9 0:00.48
710 5.6 0.4 2:17.54
517 0.0 0.9 0:00.48
710 5.6 0.4 2:17.60
710 11.1 0.4 2:17.64
517 0.0 0.9 0:00.48
710 5.6 0.4 2:17.70
710 11.1 0.4 2:17.74
710 5.6 0.4 2:17.77
517 0.0 0.9 0:00.48
710 5.6 0.4 2:17.82
710 5.6 0.4 2:17.85
710 5.6 0.4 2:17.87
517 0.0 0.9 0:00.48
517 0.0 0.9 0:00.48
710 4.8 0.4 2:17.96
710 5.6 0.4 2:17.99
710 17.6 0.4 2:18.04
517 0.0 0.9 0:00.48
517 0.0 0.9 0:00.48
710 5.3 0.4 2:18.11
710 5.6 0.4 2:18.14
710 5.6 0.4 2:18.17
517 0.0 0.9 0:00.48
517 0.0 0.9 0:00.48
517 0.0 0.9 0:00.48
517 0.0 0.9 0:00.48
517 0.0 0.9 0:00.48
517 0.0 0.9 0:00.48
517 0.0 0.9 0:00.48
517 0.0 0.9 0:00.48
