710 5.3 0.4 1:53.98
517 0.0 0.9 0:00.48
710 5.6 0.4 1:54.05
710 5.6 0.4 1:54.09
30710 22.2 0.2 0:00.04
710 5.3 0.4 1:54.16
710 5.0 0.4 1:54.19
517 0.0 0.9 0:00.48
710 11.1 0.4 1:54.28
517 0.0 0.9 0:00.48
517 0.0 0.9 0:00.48
710 4.8 0.4 1:54.39
710 5.9 0.4 1:54.43
710 11.1 0.4 1:54.48
517 0.0 0.9 0:00.48
710 5.6 0.4 1:54.55
710 5.3 0.4 1:54.59
710 5.0 0.4 1:54.63
710 5.3 0.4 1:54.67
710 5.6 0.4 1:54.71
710 16.7 0.4 1:54.77
710 5.9 0.4 1:54.79
710 5.0 0.4 1:54.83
710 11.1 0.4 1:54.87
517 0.0 0.9 0:00.48
710 5.6 0.4 1:54.94
710 5.6 0.4 1:54.97
710 5.6 0.4 1:55.01
710 5.3 0.4 1:55.05
710 5.3 0.4 1:55.09
710 5.6 0.4 1:55.14
710 5.3 0.4 1:55.18
710 5.6 0.4 1:55.22
710 5.6 0.4 1:55.27
710 10.0 0.4 1:55.31
710 5.6 0.4 1:55.34
710 5.6 0.4 1:55.38
710 4.3 0.4 1:55.42
710 5.6 0.4 1:55.46
517 0.0 0.9 0:00.48
710 10.5 0.4 1:55.54
710 4.5 0.4 1:55.58
710 5.0 0.4 1:55.62
710 4.8 0.4 1:55.66
517 0.0 0.9 0:00.48
710 5.3 0.4 1:55.73
710 5.3 0.4 1:55.77
710 11.1 0.4 1:55.82
517 0.0 0.9 0:00.48
710 9.1 0.4 1:55.90
710 5.6 0.4 1:55.94
710 11.1 0.4 1:55.98
517 0.0 0.9 0:00.48
710 5.6 0.4 1:56.05
710 5.6 0.4 1:56.08
710 4.3 0.4 1:56.13
710 5.6 0.4 1:56.17
710 4.5 0.4 1:56.22
710 5.6 0.4 1:56.25
710 5.6 0.4 1:56.29
710 5.3 0.4 1:56.34
517 0.0 0.9 0:00.48
710 5.6 0.4 1:56.41
710 11.1 0.4 1:56.45
710 5.3 0.4 1:56.48
710 5.6 0.4 1:56.52
710 4.5 0.4 1:56.56
710 5.9 0.4 1:56.59
710 5.6 0.4 1:56.63
710 5.0 0.4 1:56.67
710 11.1 0.4 1:56.71
517 0.0 0.9 0:00.48
710 5.6 0.4 1:56.78
517 0.0 0.9 0:00.48
710 11.1 0.4 1:56.86
517 0.0 0.9 0:00.48
710 5.6 0.4 1:56.93
517 0.0 0.9 0:00.48
517 0.0 0.9 0:00.48
517 0.0 0.9 0:00.48
710 5.9 0.4 1:57.04
517 0.0 0.9 0:00.48
517 0.0 0.9 0:00.48
517 0.0 0.9 0:00.48
517 0.0 0.9 0:00.48
517 0.0 0.9 0:00.48
517 0.0 0.9 0:00.48
517 0.0 0.9 0:00.48
517 0.0 0.9 0:00.48
517 0.0 0.9 0:00.48
517 0.0 0.9 0:00.48
517 0.0 0.9 0:00.48
517 0.0 0.9 0:00.48
517 0.0 0.9 0:00.48
517 0.0 0.9 0:00.48
517 0.0 0.9 0:00.48
517 0.0 0.9 0:00.48
517 0.0 0.9 0:00.48
