714 15.0 0.3 0:09.67
714 0.0 0.3 0:09.69
714 0.0 0.3 0:09.69
714 0.0 0.3 0:09.69
714 0.0 0.3 0:09.69
714 0.0 0.3 0:09.69
714 0.0 0.3 0:09.69
714 0.0 0.3 0:09.69
714 0.0 0.3 0:09.69
714 0.0 0.3 0:09.69
714 0.0 0.3 0:09.69
714 0.0 0.3 0:09.69
714 0.0 0.3 0:09.69
714 0.0 0.3 0:09.69
714 0.0 0.3 0:09.69
714 0.0 0.3 0:09.69
714 0.0 0.3 0:09.69
714 0.0 0.3 0:09.69
714 0.0 0.3 0:09.69
714 0.0 0.3 0:09.73
714 0.0 0.3 0:09.73
714 0.0 0.3 0:09.73
714 0.0 0.3 0:09.73
714 0.0 0.3 0:09.73
714 0.0 0.3 0:09.73
714 0.0 0.3 0:09.73
714 0.0 0.3 0:09.73
714 0.0 0.3 0:09.73
714 0.0 0.3 0:09.73
714 0.0 0.3 0:09.73
714 0.0 0.3 0:09.73
714 0.0 0.3 0:09.73
714 0.0 0.3 0:09.73
714 0.0 0.3 0:09.73
714 0.0 0.3 0:09.73
714 5.6 0.3 0:09.74
714 0.0 0.3 0:09.74
714 0.0 0.3 0:09.77
714 0.0 0.3 0:09.77
714 0.0 0.3 0:09.77
714 0.0 0.3 0:09.77
714 0.0 0.3 0:09.77
714 0.0 0.3 0:09.77
714 0.0 0.3 0:09.77
714 0.0 0.3 0:09.77
714 0.0 0.3 0:09.77
714 0.0 0.3 0:09.77
714 0.0 0.3 0:09.77
714 0.0 0.3 0:09.77
714 0.0 0.3 0:09.77
714 0.0 0.3 0:09.77
714 0.0 0.3 0:09.77
714 0.0 0.3 0:09.77
714 0.0 0.3 0:09.78
714 0.0 0.3 0:09.78
714 0.0 0.3 0:09.81
714 0.0 0.3 0:09.81
714 0.0 0.3 0:09.81
714 0.0 0.3 0:09.81
714 0.0 0.3 0:09.81
714 0.0 0.3 0:09.81
714 0.0 0.3 0:09.81
714 0.0 0.3 0:09.81
714 0.0 0.3 0:09.81
714 0.0 0.3 0:09.81
714 0.0 0.3 0:09.81
714 5.3 0.3 0:09.82
714 0.0 0.3 0:09.82
714 0.0 0.3 0:09.82
714 0.0 0.3 0:09.83
714 0.0 0.3 0:09.83
714 0.0 0.3 0:09.83
714 0.0 0.3 0:09.84
714 14.3 0.3 0:09.88
714 0.0 0.3 0:09.88
714 0.0 0.3 0:09.88
714 0.0 0.3 0:09.88
714 0.0 0.3 0:09.88
714 0.0 0.3 0:09.88
714 0.0 0.3 0:09.88
714 0.0 0.3 0:09.88
714 0.0 0.3 0:09.88
27147 11.1 0.2 0:00.05
714 0.0 0.3 0:09.88
714 0.0 0.3 0:09.88
714 0.0 0.3 0:09.88
714 5.6 0.3 0:09.89
714 0.0 0.3 0:09.89
714 0.0 0.3 0:09.89
714 0.0 0.3 0:09.91
714 0.0 0.3 0:09.91
714 0.0 0.3 0:09.91
714 0.0 0.3 0:09.92
714 0.0 0.3 0:09.92
714 0.0 0.3 0:09.92
714 0.0 0.3 0:09.92
714 0.0 0.3 0:09.92
714 0.0 0.3 0:09.92
714 0.0 0.3 0:09.92
714 0.0 0.3 0:09.92
714 0.0 0.3 0:09.92
714 0.0 0.3 0:09.92
714 0.0 0.3 0:09.92
714 0.0 0.3 0:09.92
714 0.0 0.3 0:09.92
714 0.0 0.3 0:09.93
714 5.9 0.3 0:09.94
714 0.0 0.3 0:09.94
714 0.0 0.3 0:09.94
714 0.0 0.3 0:09.94
714 0.0 0.3 0:09.96
714 0.0 0.3 0:09.96
714 0.0 0.3 0:09.96
714 0.0 0.3 0:09.96
714 0.0 0.3 0:09.96
714 0.0 0.3 0:09.96
714 0.0 0.3 0:09.96
714 0.0 0.3 0:09.96
714 0.0 0.3 0:09.96
714 0.0 0.3 0:09.96
714 0.0 0.3 0:09.96
714 0.0 0.3 0:09.97
714 0.0 0.3 0:09.97
714 0.0 0.3 0:09.98
714 0.0 0.3 0:09.98
714 0.0 0.3 0:09.98
714 0.0 0.3 0:09.98
714 0.0 0.3 0:09.98
714 0.0 0.3 0:10.01
714 0.0 0.3 0:10.01
714 0.0 0.3 0:10.01
714 0.0 0.3 0:10.01
714 0.0 0.3 0:10.01
714 0.0 0.3 0:10.01
714 0.0 0.3 0:10.01
714 0.0 0.3 0:10.01
714 0.0 0.3 0:10.01
714 0.0 0.3 0:10.01
714 0.0 0.3 0:10.01
714 0.0 0.3 0:10.01
714 0.0 0.3 0:10.02
714 0.0 0.3 0:10.02
714 0.0 0.3 0:10.03
714 0.0 0.3 0:10.03
714 0.0 0.3 0:10.04
714 0.0 0.3 0:10.04
714 10.5 0.3 0:10.06
714 0.0 0.3 0:10.07
714 0.0 0.3 0:10.07
714 0.0 0.3 0:10.07
714 0.0 0.3 0:10.07
714 0.0 0.3 0:10.07
714 0.0 0.3 0:10.07
714 0.0 0.3 0:10.07
714 0.0 0.3 0:10.07
714 0.0 0.3 0:10.07
714 0.0 0.3 0:10.07
714 0.0 0.3 0:10.07
714 0.0 0.3 0:10.08
714 0.0 0.3 0:10.08
714 0.0 0.3 0:10.08
714 0.0 0.3 0:10.09
714 0.0 0.3 0:10.09
714 0.0 0.3 0:10.09
714 0.0 0.3 0:10.10
714 0.0 0.3 0:10.11
714 0.0 0.3 0:10.11
714 0.0 0.3 0:10.11
714 0.0 0.3 0:10.11
714 0.0 0.3 0:10.11
714 0.0 0.3 0:10.11
714 0.0 0.3 0:10.11
714 0.0 0.3 0:10.11
714 0.0 0.3 0:10.11
714 0.0 0.3 0:10.12
714 0.0 0.3 0:10.12
714 0.0 0.3 0:10.12
714 0.0 0.3 0:10.12
714 0.0 0.3 0:10.13
714 0.0 0.3 0:10.13
714 0.0 0.3 0:10.13
714 0.0 0.3 0:10.14
714 0.0 0.3 0:10.14
714 0.0 0.3 0:10.15
714 0.0 0.3 0:10.15
714 0.0 0.3 0:10.15
714 0.0 0.3 0:10.15
714 0.0 0.3 0:10.15
714 0.0 0.3 0:10.15
714 0.0 0.3 0:10.15
714 0.0 0.3 0:10.15
714 0.0 0.3 0:10.15
714 0.0 0.3 0:10.16
714 0.0 0.3 0:10.16
714 0.0 0.3 0:10.16
714 0.0 0.3 0:10.17
714 0.0 0.3 0:10.17
714 0.0 0.3 0:10.18
714 0.0 0.3 0:10.18
714 0.0 0.3 0:10.18
714 0.0 0.3 0:10.18
714 0.0 0.3 0:10.19
714 0.0 0.3 0:10.19
714 0.0 0.3 0:10.19
714 0.0 0.3 0:10.19
714 0.0 0.3 0:10.19
714 0.0 0.3 0:10.19
714 0.0 0.3 0:10.19
714 0.0 0.3 0:10.19
714 0.0 0.3 0:10.19
714 0.0 0.3 0:10.20
714 0.0 0.3 0:10.21
714 0.0 0.3 0:10.21
714 0.0 0.3 0:10.21
714 0.0 0.3 0:10.21
714 0.0 0.3 0:10.22
714 0.0 0.3 0:10.22
714 0.0 0.3 0:10.22
714 0.0 0.3 0:10.22
714 0.0 0.3 0:10.22
714 0.0 0.3 0:10.22
714 0.0 0.3 0:10.22
714 0.0 0.3 0:10.22
714 0.0 0.3 0:10.22
714 0.0 0.3 0:10.22
714 0.0 0.3 0:10.22
714 0.0 0.3 0:10.22
714 0.0 0.3 0:10.22
714 0.0 0.3 0:10.22
714 0.0 0.3 0:10.22
714 0.0 0.3 0:10.22
714 0.0 0.3 0:10.22
714 0.0 0.3 0:10.22
714 0.0 0.3 0:10.22
