715 15.8 0.3 0:16.58
715 0.0 0.3 0:16.60
715 0.0 0.3 0:16.60
715 0.0 0.3 0:16.60
715 0.0 0.3 0:16.60
715 0.0 0.3 0:16.60
715 0.0 0.3 0:16.60
715 0.0 0.3 0:16.60
715 0.0 0.3 0:16.60
715 0.0 0.3 0:16.60
715 0.0 0.3 0:16.60
715 0.0 0.3 0:16.60
715 0.0 0.3 0:16.60
715 0.0 0.3 0:16.60
715 0.0 0.3 0:16.60
715 0.0 0.3 0:16.60
715 0.0 0.3 0:16.62
715 0.0 0.3 0:16.62
715 0.0 0.3 0:16.62
715 0.0 0.3 0:16.66
715 0.0 0.3 0:16.66
715 0.0 0.3 0:16.66
715 0.0 0.3 0:16.66
715 0.0 0.3 0:16.66
715 0.0 0.3 0:16.66
715 0.0 0.3 0:16.66
715 0.0 0.3 0:16.66
715 0.0 0.3 0:16.66
715 0.0 0.3 0:16.66
715 0.0 0.3 0:16.66
715 0.0 0.3 0:16.66
715 0.0 0.3 0:16.66
715 0.0 0.3 0:16.66
715 0.0 0.3 0:16.66
715 0.0 0.3 0:16.67
715 0.0 0.3 0:16.68
715 0.0 0.3 0:16.68
715 0.0 0.3 0:16.71
715 0.0 0.3 0:16.71
715 0.0 0.3 0:16.71
715 0.0 0.3 0:16.71
715 0.0 0.3 0:16.71
715 0.0 0.3 0:16.71
715 0.0 0.3 0:16.71
715 0.0 0.3 0:16.71
715 0.0 0.3 0:16.71
715 0.0 0.3 0:16.71
715 0.0 0.3 0:16.71
715 0.0 0.3 0:16.71
715 0.0 0.3 0:16.71
715 0.0 0.3 0:16.71
715 0.0 0.3 0:16.71
715 0.0 0.3 0:16.72
715 0.0 0.3 0:16.72
715 0.0 0.3 0:16.73
715 5.3 0.3 0:16.78
715 0.0 0.3 0:16.78
715 0.0 0.3 0:16.78
715 0.0 0.3 0:16.78
715 0.0 0.3 0:16.78
715 0.0 0.3 0:16.78
715 0.0 0.3 0:16.78
715 0.0 0.3 0:16.78
715 0.0 0.3 0:16.78
715 0.0 0.3 0:16.78
715 0.0 0.3 0:16.78
715 0.0 0.3 0:16.78
715 5.6 0.3 0:16.79
715 0.0 0.3 0:16.79
715 0.0 0.3 0:16.79
715 0.0 0.3 0:16.79
715 0.0 0.3 0:16.79
715 0.0 0.3 0:16.81
715 10.0 0.3 0:16.83
715 0.0 0.3 0:16.83
715 0.0 0.3 0:16.83
715 0.0 0.3 0:16.83
715 0.0 0.3 0:16.83
715 0.0 0.3 0:16.83
715 0.0 0.3 0:16.83
715 0.0 0.3 0:16.83
715 0.0 0.3 0:16.83
715 0.0 0.3 0:16.83
715 0.0 0.3 0:16.83
715 0.0 0.3 0:16.83
715 0.0 0.3 0:16.83
715 0.0 0.3 0:16.84
715 0.0 0.3 0:16.84
715 0.0 0.3 0:16.85
715 0.0 0.3 0:16.85
715 0.0 0.3 0:16.85
715 0.0 0.3 0:16.85
715 0.0 0.3 0:16.87
715 0.0 0.3 0:16.87
715 0.0 0.3 0:16.87
715 0.0 0.3 0:16.87
715 0.0 0.3 0:16.87
3715 15.8 0.2 0:00.03
715 0.0 0.3 0:16.87
715 0.0 0.3 0:16.87
715 0.0 0.3 0:16.87
715 0.0 0.3 0:16.87
715 0.0 0.3 0:16.87
715 0.0 0.3 0:16.87
715 0.0 0.3 0:16.87
715 0.0 0.3 0:16.87
715 0.0 0.3 0:16.88
715 0.0 0.3 0:16.88
715 0.0 0.3 0:16.89
715 0.0 0.3 0:16.89
715 0.0 0.3 0:16.93
715 0.0 0.3 0:16.93
715 0.0 0.3 0:16.93
715 0.0 0.3 0:16.93
715 0.0 0.3 0:16.93
715 0.0 0.3 0:16.93
715 0.0 0.3 0:16.93
715 0.0 0.3 0:16.93
715 0.0 0.3 0:16.93
715 0.0 0.3 0:16.93
715 0.0 0.3 0:16.93
715 0.0 0.3 0:16.93
715 0.0 0.3 0:16.93
715 5.6 0.3 0:16.94
715 0.0 0.3 0:16.94
715 0.0 0.3 0:16.94
715 0.0 0.3 0:16.95
715 0.0 0.3 0:16.96
715 0.0 0.3 0:17.00
715 0.0 0.3 0:17.00
715 0.0 0.3 0:17.00
715 0.0 0.3 0:17.00
715 0.0 0.3 0:17.00
715 0.0 0.3 0:17.00
715 0.0 0.3 0:17.00
715 0.0 0.3 0:17.00
715 0.0 0.3 0:17.00
715 0.0 0.3 0:17.01
715 0.0 0.3 0:17.01
715 0.0 0.3 0:17.01
715 0.0 0.3 0:17.01
715 0.0 0.3 0:17.02
715 0.0 0.3 0:17.03
715 0.0 0.3 0:17.03
715 0.0 0.3 0:17.03
715 0.0 0.3 0:17.03
715 5.6 0.3 0:17.05
715 0.0 0.3 0:17.06
715 0.0 0.3 0:17.06
715 0.0 0.3 0:17.06
715 0.0 0.3 0:17.06
715 0.0 0.3 0:17.06
715 0.0 0.3 0:17.06
715 0.0 0.3 0:17.06
715 0.0 0.3 0:17.06
715 0.0 0.3 0:17.06
715 0.0 0.3 0:17.07
715 0.0 0.3 0:17.07
715 0.0 0.3 0:17.07
715 0.0 0.3 0:17.07
715 5.6 0.3 0:17.10
715 0.0 0.3 0:17.10
715 5.3 0.3 0:17.11
715 0.0 0.3 0:17.11
715 5.6 0.3 0:17.12
715 0.0 0.3 0:17.13
715 0.0 0.3 0:17.13
715 0.0 0.3 0:17.13
715 0.0 0.3 0:17.13
715 0.0 0.3 0:17.13
715 0.0 0.3 0:17.13
715 0.0 0.3 0:17.13
715 0.0 0.3 0:17.13
715 0.0 0.3 0:17.13
715 0.0 0.3 0:17.13
715 0.0 0.3 0:17.13
715 0.0 0.3 0:17.13
715 0.0 0.3 0:17.13
715 0.0 0.3 0:17.13
715 0.0 0.3 0:17.13
715 0.0 0.3 0:17.13
7154 11.1 0.2 0:00.04
715 0.0 0.3 0:17.13
715 0.0 0.3 0:17.13
