716 14.3 0.3 0:22.69
22716 16.7 0.2 0:00.03
716 0.0 0.3 0:22.74
716 0.0 0.3 0:22.74
716 0.0 0.3 0:22.74
716 0.0 0.3 0:22.74
716 0.0 0.3 0:22.74
716 0.0 0.3 0:22.74
716 0.0 0.3 0:22.74
716 0.0 0.3 0:22.74
716 0.0 0.3 0:22.74
716 0.0 0.3 0:22.74
716 0.0 0.3 0:22.74
716 0.0 0.3 0:22.74
716 0.0 0.3 0:22.76
716 0.0 0.3 0:22.76
716 0.0 0.3 0:22.76
716 0.0 0.3 0:22.76
716 0.0 0.3 0:22.76
716 0.0 0.3 0:22.83
716 0.0 0.3 0:22.84
716 0.0 0.3 0:22.84
716 0.0 0.3 0:22.84
716 0.0 0.3 0:22.84
716 0.0 0.3 0:22.84
716 0.0 0.3 0:22.84
716 0.0 0.3 0:22.84
716 0.0 0.3 0:22.84
716 0.0 0.3 0:22.85
716 0.0 0.3 0:22.85
716 0.0 0.3 0:22.85
716 0.0 0.3 0:22.85
716 0.0 0.3 0:22.85
716 0.0 0.3 0:22.87
716 0.0 0.3 0:22.87
716 0.0 0.3 0:22.87
716 0.0 0.3 0:22.87
716 0.0 0.3 0:22.94
716 0.0 0.3 0:22.95
716 0.0 0.3 0:22.95
716 0.0 0.3 0:22.95
716 0.0 0.3 0:22.95
716 0.0 0.3 0:22.95
716 0.0 0.3 0:22.95
716 0.0 0.3 0:22.95
716 0.0 0.3 0:22.95
716 0.0 0.3 0:22.95
716 0.0 0.3 0:22.95
716 0.0 0.3 0:22.95
716 0.0 0.3 0:22.95
716 0.0 0.3 0:22.95
716 0.0 0.3 0:22.96
716 0.0 0.3 0:22.96
716 0.0 0.3 0:22.96
716 0.0 0.3 0:22.97
716 4.3 0.3 0:23.02
716 0.0 0.3 0:23.02
716 0.0 0.3 0:23.02
716 0.0 0.3 0:23.02
716 0.0 0.3 0:23.02
716 0.0 0.3 0:23.02
716 0.0 0.3 0:23.02
716 0.0 0.3 0:23.03
716 0.0 0.3 0:23.03
716 0.0 0.3 0:23.03
716 0.0 0.3 0:23.03
716 0.0 0.3 0:23.03
716 0.0 0.3 0:23.03
716 0.0 0.3 0:23.04
716 5.6 0.3 0:23.05
716 0.0 0.3 0:23.05
716 0.0 0.3 0:23.05
716 0.0 0.3 0:23.05
716 5.6 0.3 0:23.08
716 0.0 0.3 0:23.10
716 0.0 0.3 0:23.10
716 0.0 0.3 0:23.10
KiB 1537164 avail Mem
716 0.0 0.3 0:23.10
716 0.0 0.3 0:23.10
716 0.0 0.3 0:23.10
716 0.0 0.3 0:23.10
716 0.0 0.3 0:23.10
716 5.6 0.3 0:23.11
716 0.0 0.3 0:23.11
716 0.0 0.3 0:23.11
716 0.0 0.3 0:23.11
716 5.6 0.3 0:23.12
716 0.0 0.3 0:23.12
716 0.0 0.3 0:23.12
716 0.0 0.3 0:23.12
716 0.0 0.3 0:23.12
716 0.0 0.3 0:23.17
716 0.0 0.3 0:23.17
716 0.0 0.3 0:23.17
716 0.0 0.3 0:23.17
716 0.0 0.3 0:23.17
716 0.0 0.3 0:23.17
KiB 1537716 avail Mem
716 0.0 0.3 0:23.17
716 0.0 0.3 0:23.17
716 0.0 0.3 0:23.17
716 0.0 0.3 0:23.17
716 0.0 0.3 0:23.18
716 0.0 0.3 0:23.19
716 0.0 0.3 0:23.19
716 0.0 0.3 0:23.20
716 0.0 0.3 0:23.20
716 0.0 0.3 0:23.21
716 0.0 0.3 0:23.21
27163 11.8 0.2 0:00.04
716 0.0 0.3 0:23.24
716 0.0 0.3 0:23.24
716 0.0 0.3 0:23.24
716 0.0 0.3 0:23.24
716 0.0 0.3 0:23.24
716 0.0 0.3 0:23.24
716 0.0 0.3 0:23.24
716 0.0 0.3 0:23.25
716 0.0 0.3 0:23.25
716 0.0 0.3 0:23.27
716 0.0 0.3 0:23.27
716 0.0 0.3 0:23.27
716 0.0 0.3 0:23.27
716 0.0 0.3 0:23.27
716 0.0 0.3 0:23.27
716 0.0 0.3 0:23.29
716 0.0 0.3 0:23.29
716 15.8 0.3 0:23.34
716 0.0 0.3 0:23.38
716 0.0 0.3 0:23.38
716 0.0 0.3 0:23.38
716 0.0 0.3 0:23.38
716 0.0 0.3 0:23.38
716 0.0 0.3 0:23.38
716 0.0 0.3 0:23.38
716 0.0 0.3 0:23.38
716 0.0 0.3 0:23.38
716 0.0 0.3 0:23.38
716 0.0 0.3 0:23.38
716 0.0 0.3 0:23.38
716 0.0 0.3 0:23.38
716 0.0 0.3 0:23.39
716 0.0 0.3 0:23.40
716 0.0 0.3 0:23.41
716 0.0 0.3 0:23.41
716 0.0 0.3 0:23.41
716 0.0 0.3 0:23.43
716 0.0 0.3 0:23.43
716 0.0 0.3 0:23.43
716 0.0 0.3 0:23.43
716 0.0 0.3 0:23.44
716 0.0 0.3 0:23.44
716 0.0 0.3 0:23.44
716 0.0 0.3 0:23.44
716 0.0 0.3 0:23.44
716 0.0 0.3 0:23.45
716 0.0 0.3 0:23.45
716 0.0 0.3 0:23.47
716 0.0 0.3 0:23.47
716 0.0 0.3 0:23.47
KiB used, 343900 buff/cache
716 0.0 0.3 0:23.48
716 0.0 0.3 0:23.48
716 0.0 0.3 0:23.48
716 0.0 0.3 0:23.51
716 0.0 0.3 0:23.51
716 0.0 0.3 0:23.51
716 0.0 0.3 0:23.51
716 0.0 0.3 0:23.51
716 0.0 0.3 0:23.51
716 0.0 0.3 0:23.51
716 0.0 0.3 0:23.51
716 0.0 0.3 0:23.51
716 0.0 0.3 0:23.51
716 0.0 0.3 0:23.51
716 0.0 0.3 0:23.51
716 0.0 0.3 0:23.51
716 0.0 0.3 0:23.51
716 0.0 0.3 0:23.51
716 0.0 0.3 0:23.51
716 0.0 0.3 0:23.51
716 0.0 0.3 0:23.51
716 0.0 0.3 0:23.51
