716 16.7 0.3 0:23.56
716 5.6 0.3 0:23.62
716 0.0 0.3 0:23.62
716 0.0 0.3 0:23.62
716 0.0 0.3 0:23.62
716 0.0 0.3 0:23.62
716 0.0 0.3 0:23.62
716 0.0 0.3 0:23.62
716 0.0 0.3 0:23.62
716 0.0 0.3 0:23.62
716 0.0 0.3 0:23.62
KiB 1537168 avail Mem
716 0.0 0.3 0:23.62
716 0.0 0.3 0:23.62
716 0.0 0.3 0:23.62
716 0.0 0.3 0:23.62
716 0.0 0.3 0:23.62
716 0.0 0.3 0:23.62
716 0.0 0.3 0:23.62
716 0.0 0.3 0:23.70
716 0.0 0.3 0:23.71
716 0.0 0.3 0:23.71
716 0.0 0.3 0:23.71
716 0.0 0.3 0:23.71
716 0.0 0.3 0:23.71
716 0.0 0.3 0:23.71
716 0.0 0.3 0:23.71
716 0.0 0.3 0:23.71
716 0.0 0.3 0:23.71
716 0.0 0.3 0:23.71
716 0.0 0.3 0:23.71
716 0.0 0.3 0:23.71
716 0.0 0.3 0:23.71
716 0.0 0.3 0:23.72
716 0.0 0.3 0:23.72
716 0.0 0.3 0:23.72
716 0.0 0.3 0:23.73
716 0.0 0.3 0:23.80
716 0.0 0.3 0:23.80
716 0.0 0.3 0:23.80
716 0.0 0.3 0:23.80
716 0.0 0.3 0:23.80
716 0.0 0.3 0:23.80
716 0.0 0.3 0:23.80
716 0.0 0.3 0:23.80
716 0.0 0.3 0:23.81
716 0.0 0.3 0:23.81
716 0.0 0.3 0:23.81
716 0.0 0.3 0:23.81
716 0.0 0.3 0:23.81
716 0.0 0.3 0:23.82
716 0.0 0.3 0:23.83
716 0.0 0.3 0:23.83
716 0.0 0.3 0:23.83
716 0.0 0.3 0:23.85
716 5.0 0.3 0:23.90
716 0.0 0.3 0:23.91
716 0.0 0.3 0:23.91
716 0.0 0.3 0:23.91
716 0.0 0.3 0:23.91
716 0.0 0.3 0:23.91
716 0.0 0.3 0:23.91
716 0.0 0.3 0:23.91
716 0.0 0.3 0:23.91
716 0.0 0.3 0:23.91
716 0.0 0.3 0:23.91
716 0.0 0.3 0:23.91
716 0.0 0.3 0:23.91
716 0.0 0.3 0:23.91
716 0.0 0.3 0:23.92
716 0.0 0.3 0:23.92
716 0.0 0.3 0:23.92
716 0.0 0.3 0:23.92
716 11.1 0.3 0:23.94
716 0.0 0.3 0:23.96
716 0.0 0.3 0:23.97
716 0.0 0.3 0:23.97
716 0.0 0.3 0:23.97
716 0.0 0.3 0:23.97
716 0.0 0.3 0:23.97
716 0.0 0.3 0:23.97
716 0.0 0.3 0:23.97
716 0.0 0.3 0:23.98
716 0.0 0.3 0:23.98
716 0.0 0.3 0:23.98
716 0.0 0.3 0:23.98
716 0.0 0.3 0:23.98
716 0.0 0.3 0:23.99
716 0.0 0.3 0:23.99
716 0.0 0.3 0:23.99
716 0.0 0.3 0:23.99
716 0.0 0.3 0:24.00
716 0.0 0.3 0:24.03
716 0.0 0.3 0:24.04
716 0.0 0.3 0:24.04
716 0.0 0.3 0:24.04
716 0.0 0.3 0:24.04
716 0.0 0.3 0:24.04
716 0.0 0.3 0:24.04
716 0.0 0.3 0:24.04
716 0.0 0.3 0:24.04
716 0.0 0.3 0:24.04
716 0.0 0.3 0:24.04
KiB 1537716 avail Mem
716 0.0 0.3 0:24.06
716 0.0 0.3 0:24.06
716 0.0 0.3 0:24.06
716 0.0 0.3 0:24.06
716 0.0 0.3 0:24.06
716 0.0 0.3 0:24.06
716 0.0 0.3 0:24.11
716 0.0 0.3 0:24.11
716 0.0 0.3 0:24.11
716 0.0 0.3 0:24.11
716 0.0 0.3 0:24.11
716 0.0 0.3 0:24.11
716 0.0 0.3 0:24.11
716 0.0 0.3 0:24.11
716 0.0 0.3 0:24.11
KiB used, 344716 buff/cache
716 0.0 0.3 0:24.11
716 0.0 0.3 0:24.13
716 0.0 0.3 0:24.13
716 0.0 0.3 0:24.13
716 0.0 0.3 0:24.13
716 0.0 0.3 0:24.13
716 0.0 0.3 0:24.13
716 0.0 0.3 0:24.13
716 5.3 0.3 0:24.19
716 0.0 0.3 0:24.19
716 0.0 0.3 0:24.19
716 0.0 0.3 0:24.19
716 0.0 0.3 0:24.19
716 0.0 0.3 0:24.19
716 0.0 0.3 0:24.19
716 0.0 0.3 0:24.20
KiB 1537160 avail Mem
716 0.0 0.3 0:24.20
716 0.0 0.3 0:24.20
716 0.0 0.3 0:24.21
716 0.0 0.3 0:24.21
716 0.0 0.3 0:24.21
716 0.0 0.3 0:24.22
716 0.0 0.3 0:24.22
716 0.0 0.3 0:24.22
716 0.0 0.3 0:24.22
716 5.3 0.3 0:24.25
716 0.0 0.3 0:24.27
716 0.0 0.3 0:24.27
716 0.0 0.3 0:24.27
716 0.0 0.3 0:24.27
716 0.0 0.3 0:24.27
716 0.0 0.3 0:24.29
716 0.0 0.3 0:24.29
716 0.0 0.3 0:24.29
716 0.0 0.3 0:24.29
716 0.0 0.3 0:24.29
716 0.0 0.3 0:24.29
716 0.0 0.3 0:24.30
716 0.0 0.3 0:24.30
716 0.0 0.3 0:24.31
716 0.0 0.3 0:24.31
716 0.0 0.3 0:24.31
716 0.0 0.3 0:24.31
716 5.3 0.3 0:24.32
716 0.0 0.3 0:24.35
716 0.0 0.3 0:24.35
716 0.0 0.3 0:24.35
716 0.0 0.3 0:24.35
716 0.0 0.3 0:24.35
716 0.0 0.3 0:24.35
716 0.0 0.3 0:24.35
KiB 1537716 avail Mem
716 0.0 0.3 0:24.35
716 0.0 0.3 0:24.35
716 0.0 0.3 0:24.35
716 0.0 0.3 0:24.35
716 0.0 0.3 0:24.35
716 0.0 0.3 0:24.35
716 0.0 0.3 0:24.35
716 0.0 0.3 0:24.35
716 0.0 0.3 0:24.35
716 0.0 0.3 0:24.35
716 0.0 0.3 0:24.35
