717 23.8 0.3 0:10.83
717 0.0 0.3 0:10.84
717 0.0 0.3 0:10.84
717 0.0 0.3 0:10.84
717 0.0 0.3 0:10.84
717 0.0 0.3 0:10.84
717 0.0 0.3 0:10.84
717 0.0 0.3 0:10.84
717 0.0 0.3 0:10.84
717 0.0 0.3 0:10.84
717 0.0 0.3 0:10.84
717 0.0 0.3 0:10.84
717 0.0 0.3 0:10.84
717 0.0 0.3 0:10.84
717 0.0 0.3 0:10.84
717 0.0 0.3 0:10.84
717 0.0 0.3 0:10.84
717 0.0 0.3 0:10.84
717 0.0 0.3 0:10.85
717 0.0 0.3 0:10.89
717 0.0 0.3 0:10.89
717 0.0 0.3 0:10.89
717 0.0 0.3 0:10.89
717 0.0 0.3 0:10.89
717 0.0 0.3 0:10.89
717 0.0 0.3 0:10.89
717 0.0 0.3 0:10.89
717 0.0 0.3 0:10.89
717 0.0 0.3 0:10.89
717 0.0 0.3 0:10.89
717 0.0 0.3 0:10.89
717 0.0 0.3 0:10.89
717 5.6 0.3 0:10.90
717 0.0 0.3 0:10.90
717 0.0 0.3 0:10.90
717 0.0 0.3 0:10.90
717 0.0 0.3 0:10.91
717 0.0 0.3 0:10.94
717 0.0 0.3 0:10.94
717 0.0 0.3 0:10.94
717 0.0 0.3 0:10.94
717 0.0 0.3 0:10.94
717 0.0 0.3 0:10.94
717 0.0 0.3 0:10.94
717 0.0 0.3 0:10.94
717 0.0 0.3 0:10.94
717 0.0 0.3 0:10.94
717 0.0 0.3 0:10.94
717 0.0 0.3 0:10.94
717 0.0 0.3 0:10.95
717 0.0 0.3 0:10.95
717 0.0 0.3 0:10.95
717 0.0 0.3 0:10.95
717 0.0 0.3 0:10.95
717 5.3 0.3 0:10.97
717 0.0 0.3 0:11.00
717 0.0 0.3 0:11.00
717 0.0 0.3 0:11.00
717 0.0 0.3 0:11.00
717 0.0 0.3 0:11.00
717 0.0 0.3 0:11.00
717 0.0 0.3 0:11.00
717 0.0 0.3 0:11.00
717 5.6 0.3 0:11.01
717 0.0 0.3 0:11.01
717 0.0 0.3 0:11.01
717 0.0 0.3 0:11.01
717 0.0 0.3 0:11.01
717 0.0 0.3 0:11.01
717 0.0 0.3 0:11.01
717 0.0 0.3 0:11.01
717 0.0 0.3 0:11.01
717 0.0 0.3 0:11.02
717 16.7 0.3 0:11.05
717 0.0 0.3 0:11.06
717 0.0 0.3 0:11.06
17174 11.1 0.2 0:00.04
717 0.0 0.3 0:11.06
717 0.0 0.3 0:11.06
717 0.0 0.3 0:11.06
717 0.0 0.3 0:11.07
717 0.0 0.3 0:11.07
717 0.0 0.3 0:11.07
717 0.0 0.3 0:11.07
717 0.0 0.3 0:11.07
717 0.0 0.3 0:11.07
717 0.0 0.3 0:11.07
717 0.0 0.3 0:11.08
717 0.0 0.3 0:11.08
717 0.0 0.3 0:11.08
717 0.0 0.3 0:11.09
717 0.0 0.3 0:11.09
717 0.0 0.3 0:11.14
717 0.0 0.3 0:11.14
717 0.0 0.3 0:11.14
717 0.0 0.3 0:11.14
717 0.0 0.3 0:11.14
717 0.0 0.3 0:11.14
717 0.0 0.3 0:11.14
717 0.0 0.3 0:11.14
717 0.0 0.3 0:11.14
717 0.0 0.3 0:11.14
717 0.0 0.3 0:11.14
717 0.0 0.3 0:11.15
717 0.0 0.3 0:11.15
717 0.0 0.3 0:11.15
717 0.0 0.3 0:11.16
717 0.0 0.3 0:11.16
717 0.0 0.3 0:11.16
717 0.0 0.3 0:11.16
717 0.0 0.3 0:11.18
717 0.0 0.3 0:11.18
717 0.0 0.3 0:11.18
18717 16.7 0.2 0:00.03
717 0.0 0.3 0:11.18
717 0.0 0.3 0:11.18
717 0.0 0.3 0:11.18
717 0.0 0.3 0:11.20
717 0.0 0.3 0:11.20
717 0.0 0.3 0:11.20
717 0.0 0.3 0:11.20
717 0.0 0.3 0:11.20
717 0.0 0.3 0:11.20
717 0.0 0.3 0:11.21
717 0.0 0.3 0:11.21
717 0.0 0.3 0:11.21
717 0.0 0.3 0:11.21
717 0.0 0.3 0:11.23
717 5.6 0.3 0:11.26
717 0.0 0.3 0:11.26
717 0.0 0.3 0:11.26
717 0.0 0.3 0:11.26
717 0.0 0.3 0:11.26
717 0.0 0.3 0:11.26
717 0.0 0.3 0:11.26
717 0.0 0.3 0:11.26
717 0.0 0.3 0:11.26
717 0.0 0.3 0:11.26
717 0.0 0.3 0:11.26
717 0.0 0.3 0:11.26
717 0.0 0.3 0:11.26
717 0.0 0.3 0:11.26
717 0.0 0.3 0:11.27
717 0.0 0.3 0:11.27
717 0.0 0.3 0:11.27
717 0.0 0.3 0:11.27
717 22.2 0.3 0:11.31
717 0.0 0.3 0:11.32
717 0.0 0.3 0:11.32
717 0.0 0.3 0:11.32
717 0.0 0.3 0:11.32
717 0.0 0.3 0:11.33
KiB used, 327172 buff/cache
717 0.0 0.3 0:11.34
717 0.0 0.3 0:11.34
717 0.0 0.3 0:11.34
717 0.0 0.3 0:11.34
717 0.0 0.3 0:11.34
717 0.0 0.3 0:11.35
717 0.0 0.3 0:11.35
717 0.0 0.3 0:11.36
717 0.0 0.3 0:11.36
717 0.0 0.3 0:11.37
717 0.0 0.3 0:11.37
717 0.0 0.3 0:11.38
717 0.0 0.3 0:11.39
717 0.0 0.3 0:11.39
717 0.0 0.3 0:11.39
717 0.0 0.3 0:11.39
717 0.0 0.3 0:11.39
717 0.0 0.3 0:11.40
717 0.0 0.3 0:11.40
717 0.0 0.3 0:11.40
717 0.0 0.3 0:11.40
717 0.0 0.3 0:11.40
717 0.0 0.3 0:11.40
717 0.0 0.3 0:11.41
717 0.0 0.3 0:11.41
717 5.6 0.3 0:11.42
717 0.0 0.3 0:11.42
717 0.0 0.3 0:11.42
717 5.6 0.3 0:11.43
717 0.0 0.3 0:11.43
717 0.0 0.3 0:11.46
717 0.0 0.3 0:11.46
717 0.0 0.3 0:11.46
717 0.0 0.3 0:11.46
717 0.0 0.3 0:11.47
717 0.0 0.3 0:11.47
717 0.0 0.3 0:11.47
717 0.0 0.3 0:11.47
717 0.0 0.3 0:11.47
717 0.0 0.3 0:11.47
717 0.0 0.3 0:11.47
717 0.0 0.3 0:11.49
717 0.0 0.3 0:11.49
717 0.0 0.3 0:11.49
717 0.0 0.3 0:11.50
717 0.0 0.3 0:11.50
717 0.0 0.3 0:11.50
717 0.0 0.3 0:11.51
717 0.0 0.3 0:11.54
717 0.0 0.3 0:11.54
717 0.0 0.3 0:11.54
717 0.0 0.3 0:11.54
717 0.0 0.3 0:11.54
717 0.0 0.3 0:11.54
717 0.0 0.3 0:11.54
717 0.0 0.3 0:11.54
717 0.0 0.3 0:11.54
717 0.0 0.3 0:11.55
717 0.0 0.3 0:11.55
717 0.0 0.3 0:11.55
717 0.0 0.3 0:11.55
717 0.0 0.3 0:11.55
717 0.0 0.3 0:11.55
717 0.0 0.3 0:11.56
717 0.0 0.3 0:11.56
717 0.0 0.3 0:11.56
717 0.0 0.3 0:11.56
717 0.0 0.3 0:11.56
717 0.0 0.3 0:11.56
717 0.0 0.3 0:11.56
717 0.0 0.3 0:11.56
717 0.0 0.3 0:11.56
717 0.0 0.3 0:11.56
717 0.0 0.3 0:11.56
717 0.0 0.3 0:11.56
717 0.0 0.3 0:11.56
717 0.0 0.3 0:11.56
717 0.0 0.3 0:11.56
717 0.0 0.3 0:11.56
717 0.0 0.3 0:11.56
717 0.0 0.3 0:11.56
