717 16.7 0.3 0:11.59
717 0.0 0.3 0:11.61
717 0.0 0.3 0:11.61
717 0.0 0.3 0:11.61
717 0.0 0.3 0:11.61
717 0.0 0.3 0:11.61
717 0.0 0.3 0:11.61
717 0.0 0.3 0:11.61
717 0.0 0.3 0:11.61
717 0.0 0.3 0:11.61
717 0.0 0.3 0:11.61
717 0.0 0.3 0:11.61
717 0.0 0.3 0:11.61
717 0.0 0.3 0:11.61
717 0.0 0.3 0:11.61
717 0.0 0.3 0:11.63
717 0.0 0.3 0:11.63
717 0.0 0.3 0:11.63
717 0.0 0.3 0:11.63
717 0.0 0.3 0:11.68
717 0.0 0.3 0:11.68
717 0.0 0.3 0:11.68
717 0.0 0.3 0:11.68
717 0.0 0.3 0:11.68
717 0.0 0.3 0:11.68
717 0.0 0.3 0:11.68
717 0.0 0.3 0:11.68
717 0.0 0.3 0:11.68
717 0.0 0.3 0:11.68
717 0.0 0.3 0:11.68
717 0.0 0.3 0:11.68
717 0.0 0.3 0:11.68
717 0.0 0.3 0:11.68
717 0.0 0.3 0:11.68
717 0.0 0.3 0:11.68
717 0.0 0.3 0:11.70
717 0.0 0.3 0:11.70
717 0.0 0.3 0:11.75
717 0.0 0.3 0:11.75
717 0.0 0.3 0:11.75
717 0.0 0.3 0:11.75
717 0.0 0.3 0:11.75
717 0.0 0.3 0:11.75
717 0.0 0.3 0:11.75
717 0.0 0.3 0:11.75
717 0.0 0.3 0:11.75
717 0.0 0.3 0:11.75
717 0.0 0.3 0:11.75
717 0.0 0.3 0:11.75
717 0.0 0.3 0:11.75
717 0.0 0.3 0:11.75
717 0.0 0.3 0:11.75
717 0.0 0.3 0:11.75
717 0.0 0.3 0:11.75
717 0.0 0.3 0:11.76
717 0.0 0.3 0:11.85
717 0.0 0.3 0:11.85
717 0.0 0.3 0:11.85
717 0.0 0.3 0:11.85
717 0.0 0.3 0:11.85
717 0.0 0.3 0:11.85
717 0.0 0.3 0:11.85
717 0.0 0.3 0:11.85
717 0.0 0.3 0:11.85
717 0.0 0.3 0:11.85
717 0.0 0.3 0:11.85
717 0.0 0.3 0:11.85
717 0.0 0.3 0:11.85
717 0.0 0.3 0:11.85
717 5.3 0.3 0:11.87
717 0.0 0.3 0:11.87
717 0.0 0.3 0:11.87
717 0.0 0.3 0:11.87
717 15.8 0.3 0:11.90
717 0.0 0.3 0:11.92
717 0.0 0.3 0:11.92
717 0.0 0.3 0:11.92
717 0.0 0.3 0:11.92
717 0.0 0.3 0:11.92
717 0.0 0.3 0:11.92
717 0.0 0.3 0:11.92
717 0.0 0.3 0:11.92
717 0.0 0.3 0:11.92
27172 17.6 0.2 0:00.03
717 0.0 0.3 0:11.92
717 0.0 0.3 0:11.94
717 0.0 0.3 0:11.94
717 0.0 0.3 0:11.94
717 0.0 0.3 0:11.95
717 0.0 0.3 0:11.95
717 0.0 0.3 0:11.95
717 0.0 0.3 0:11.96
717 0.0 0.3 0:11.98
717 0.0 0.3 0:11.98
717 0.0 0.3 0:11.98
717 0.0 0.3 0:11.98
717 0.0 0.3 0:11.98
717 0.0 0.3 0:11.98
717 0.0 0.3 0:11.98
717 0.0 0.3 0:11.98
717 0.0 0.3 0:11.98
717 0.0 0.3 0:11.98
717 0.0 0.3 0:11.98
717 0.0 0.3 0:11.99
717 0.0 0.3 0:11.99
717 0.0 0.3 0:11.99
717 0.0 0.3 0:12.00
717 0.0 0.3 0:12.00
717 0.0 0.3 0:12.00
717 0.0 0.3 0:12.01
717 0.0 0.3 0:12.05
717 0.0 0.3 0:12.05
717 0.0 0.3 0:12.05
717 0.0 0.3 0:12.05
717 0.0 0.3 0:12.05
717 0.0 0.3 0:12.05
717 0.0 0.3 0:12.05
717 0.0 0.3 0:12.05
717 0.0 0.3 0:12.05
717 0.0 0.3 0:12.05
717 0.0 0.3 0:12.05
717 5.6 0.3 0:12.06
717 0.0 0.3 0:12.06
717 0.0 0.3 0:12.07
717 0.0 0.3 0:12.07
717 0.0 0.3 0:12.07
717 0.0 0.3 0:12.09
717 0.0 0.3 0:12.09
717 0.0 0.3 0:12.10
717 0.0 0.3 0:12.10
717 0.0 0.3 0:12.10
717 0.0 0.3 0:12.10
717 0.0 0.3 0:12.10
717 0.0 0.3 0:12.10
717 0.0 0.3 0:12.10
717 0.0 0.3 0:12.10
717 0.0 0.3 0:12.10
717 0.0 0.3 0:12.10
717 0.0 0.3 0:12.10
717 0.0 0.3 0:12.10
717 0.0 0.3 0:12.11
717 0.0 0.3 0:12.11
717 11.8 0.3 0:12.13
717 0.0 0.3 0:12.13
717 0.0 0.3 0:12.13
717 0.0 0.3 0:12.13
717 33.3 0.3 0:12.20
717 0.0 0.3 0:12.20
717 0.0 0.3 0:12.20
717 0.0 0.3 0:12.20
717 0.0 0.3 0:12.20
717 0.0 0.3 0:12.20
717 0.0 0.3 0:12.20
717 0.0 0.3 0:12.20
717 0.0 0.3 0:12.20
717 0.0 0.3 0:12.21
717 0.0 0.3 0:12.21
717 0.0 0.3 0:12.21
717 0.0 0.3 0:12.21
717 0.0 0.3 0:12.22
717 0.0 0.3 0:12.22
717 0.0 0.3 0:12.23
717 5.6 0.3 0:12.24
717 0.0 0.3 0:12.24
717 0.0 0.3 0:12.24
717 0.0 0.3 0:12.26
717 0.0 0.3 0:12.26
717 0.0 0.3 0:12.26
717 0.0 0.3 0:12.26
717 0.0 0.3 0:12.26
717 0.0 0.3 0:12.26
717 0.0 0.3 0:12.26
717 0.0 0.3 0:12.26
717 5.6 0.3 0:12.27
717 0.0 0.3 0:12.27
717 0.0 0.3 0:12.28
717 0.0 0.3 0:12.28
717 0.0 0.3 0:12.28
717 0.0 0.3 0:12.29
717 0.0 0.3 0:12.31
717 0.0 0.3 0:12.31
717 0.0 0.3 0:12.31
717 0.0 0.3 0:12.31
717 0.0 0.3 0:12.35
717 0.0 0.3 0:12.35
717 0.0 0.3 0:12.35
717 0.0 0.3 0:12.35
717 0.0 0.3 0:12.35
717 0.0 0.3 0:12.35
717 0.0 0.3 0:12.35
717 0.0 0.3 0:12.35
717 0.0 0.3 0:12.35
717 0.0 0.3 0:12.35
717 0.0 0.3 0:12.35
717 0.0 0.3 0:12.35
717 0.0 0.3 0:12.37
717 0.0 0.3 0:12.37
717 0.0 0.3 0:12.37
717 0.0 0.3 0:12.37
717 0.0 0.3 0:12.37
717 5.3 0.3 0:12.38
717 0.0 0.3 0:12.39
717 0.0 0.3 0:12.39
717 0.0 0.3 0:12.39
717 0.0 0.3 0:12.39
717 0.0 0.3 0:12.39
717 0.0 0.3 0:12.40
717 0.0 0.3 0:12.40
717 0.0 0.3 0:12.40
717 0.0 0.3 0:12.40
717 0.0 0.3 0:12.40
717 0.0 0.3 0:12.41
717 0.0 0.3 0:12.41
717 0.0 0.3 0:12.41
717 0.0 0.3 0:12.42
717 0.0 0.3 0:12.42
717 0.0 0.3 0:12.42
717 0.0 0.3 0:12.42
717 0.0 0.3 0:12.42
717 0.0 0.3 0:12.42
717 0.0 0.3 0:12.42
717 0.0 0.3 0:12.42
717 0.0 0.3 0:12.42
717 0.0 0.3 0:12.42
717 0.0 0.3 0:12.42
717 0.0 0.3 0:12.42
717 0.0 0.3 0:12.42
717 0.0 0.3 0:12.42
717 0.0 0.3 0:12.42
717 0.0 0.3 0:12.42
717 0.0 0.3 0:12.42
717 0.0 0.3 0:12.42
717 0.0 0.3 0:12.42
717 0.0 0.3 0:12.42
