3183 3182 3181 3180 3179
3183 3182 3181 3180 3179
3183 3182 3181 3180 3179
3183 3182 3181 3180 3179
3183 3182 3181 3180 3179
3183 3182 3181 3180 3179
3183 3182 3181 3180 3179
3183 3182 3181 3180 3179
3183 3182 3181 3180 3179
3183 3182 3181 3180 3179
3183 3182 3181 3180 3179
3183 3182 3181 3180 3179
3183 3182 3181 3180 3179
3183 3182 3181 3180 3179
3183 3182 3181 3180 3179
3183 3182 3181 3180 3179
3183 3182 3181 3180 3179
3183 3182 3181 3180 3179
3183 3182 3181 3180 3179
3183 3182 3181 3180 3179
3183 3182 3181 3180 3179
3183 3182 3181 3180 3179
3183 3182 3181 3180 3179
3183 3182 3181 3180 3179
3183 3182 3181 3180 3179
