2809 27.8 0.1 0:00.09
2809 16.0 0.1 0:00.41
2809 20.0 0.1 0:00.72
2809 26.3 0.1 0:00.97
2809 21.1 0.1 0:01.22
2809 22.2 0.1 0:01.54
2809 17.4 0.1 0:01.81
2809 31.6 0.1 0:02.12
2809 22.2 0.1 0:02.37
2809 27.3 0.1 0:02.71
2809 30.0 0.1 0:03.05
2809 20.0 0.1 0:03.33
2809 18.5 0.1 0:03.59
2809 21.1 0.1 0:03.84
2809 26.3 0.1 0:04.10
2809 27.8 0.1 0:04.45
2809 5.0 0.1 0:04.51
2809 0.0 0.1 0:04.51
2809 0.0 0.1 0:04.51
2809 0.0 0.1 0:04.51
2809 0.0 0.1 0:04.51
2809 0.0 0.1 0:04.51
2809 0.0 0.1 0:04.51
2809 0.0 0.1 0:04.51
2809 0.0 0.1 0:04.51
2809 0.0 0.1 0:04.51
2809 0.0 0.1 0:04.51
2809 0.0 0.1 0:04.51
2809 0.0 0.1 0:04.51
2809 0.0 0.1 0:04.51
2809 0.0 0.1 0:04.51
2809 0.0 0.1 0:04.51
2809 0.0 0.1 0:04.51
2809 0.0 0.1 0:04.51
2809 0.0 0.1 0:04.51
2809 0.0 0.1 0:04.51
2809 0.0 0.1 0:04.51
2809 0.0 0.1 0:04.51
2809 0.0 0.1 0:04.51
2809 0.0 0.1 0:04.51
2809 0.0 0.1 0:04.51
2809 0.0 0.1 0:04.51
2809 0.0 0.1 0:04.51
2809 0.0 0.1 0:04.51
2809 0.0 0.1 0:04.51
2809 0.0 0.1 0:04.51
2809 0.0 0.1 0:04.51
