2827 0.0 0.2 3:45.90
2827 26.3 0.2 3:46.04
2827 22.2 0.2 3:46.18
2827 10.5 0.2 3:46.32
2827 15.8 0.2 3:46.48
2827 16.7 0.2 3:46.64
2827 10.5 0.2 3:46.77
2827 10.0 0.2 3:46.93
2827 10.5 0.2 3:47.08
2827 10.5 0.2 3:47.23
2827 22.2 0.2 3:47.40
2827 10.5 0.2 3:47.56
2827 10.5 0.2 3:47.71
2827 10.5 0.2 3:47.86
2827 15.8 0.2 3:48.01
2827 10.5 0.2 3:48.16
2827 10.5 0.2 3:48.32
2827 15.0 0.2 3:48.48
2827 15.8 0.2 3:48.62
2827 16.7 0.2 3:48.77
2827 22.2 0.2 3:48.94
2827 15.8 0.2 3:49.09
2827 10.5 0.2 3:49.24
2827 10.5 0.2 3:49.39
2827 15.0 0.2 3:49.55
2827 15.8 0.2 3:49.70
2827 15.0 0.2 3:49.86
2827 15.0 0.2 3:50.02
2827 15.8 0.2 3:50.16
2827 15.8 0.2 3:50.32
2827 10.5 0.2 3:50.46
2827 15.0 0.2 3:50.65
2827 16.7 0.2 3:50.80
2827 15.8 0.2 3:50.96
2827 10.0 0.2 3:51.11
2827 21.1 0.2 3:51.28
2827 19.0 0.2 3:51.48
2827 21.1 0.2 3:51.67
2827 14.3 0.2 3:51.85
2827 11.1 0.2 3:52.01
2827 15.8 0.2 3:52.17
2827 16.7 0.2 3:52.32
2827 15.8 0.2 3:52.49
2827 15.0 0.2 3:52.63
2827 16.7 0.2 3:52.79
2827 15.8 0.2 3:52.95
2827 10.0 0.2 3:53.10
2827 11.1 0.2 3:53.26
2827 15.0 0.2 3:53.43
2827 10.5 0.2 3:53.58
2827 10.5 0.2 3:53.74
2827 10.0 0.2 3:53.90
2827 16.7 0.2 3:54.05
2827 15.0 0.2 3:54.21
2827 15.8 0.2 3:54.36
2827 15.0 0.2 3:54.53
2827 15.8 0.2 3:54.68
2827 15.0 0.2 3:54.83
2827 16.7 0.2 3:55.00
2827 10.0 0.2 3:55.14
2827 10.0 0.2 3:55.30
2827 10.5 0.2 3:55.45
2827 11.1 0.2 3:55.61
2827 15.8 0.2 3:55.77
2827 15.0 0.2 3:55.93
2827 15.8 0.2 3:56.09
2827 15.8 0.2 3:56.25
2827 15.8 0.2 3:56.41
2827 21.1 0.2 3:56.57
2827 15.8 0.2 3:56.72
2827 15.8 0.2 3:56.87
2827 15.8 0.2 3:57.02
2827 5.3 0.2 3:57.16
2827 15.0 0.2 3:57.32
2827 10.5 0.2 3:57.48
2827 0.0 0.2 3:57.55
