2830 0.0 0.2 0:00.63
2830 0.0 0.2 0:00.66
2830 0.0 0.2 0:00.66
2830 0.0 0.2 0:00.66
2830 0.0 0.2 0:00.66
2830 0.0 0.2 0:00.66
2830 0.0 0.2 0:00.66
2830 0.0 0.2 0:00.66
2830 0.0 0.2 0:00.66
2830 0.0 0.2 0:00.66
2830 0.0 0.2 0:00.66
2830 0.0 0.2 0:00.66
2830 0.0 0.2 0:00.66
2830 0.0 0.2 0:00.66
2830 0.0 0.2 0:00.66
2830 0.0 0.2 0:00.66
2830 0.0 0.2 0:00.66
2830 0.0 0.2 0:00.66
2830 0.0 0.2 0:00.66
2830 0.0 0.2 0:00.66
2830 0.0 0.2 0:00.66
2830 0.0 0.2 0:00.66
2830 0.0 0.2 0:00.66
2830 0.0 0.2 0:00.66
2830 0.0 0.2 0:00.66
2830 0.0 0.2 0:00.66
2830 0.0 0.2 0:00.66
2830 0.0 0.2 0:00.66
2830 0.0 0.2 0:00.66
2830 0.0 0.2 0:00.66
2830 0.0 0.2 0:00.66
2830 0.0 0.2 0:00.66
2830 0.0 0.2 0:00.66
2830 0.0 0.2 0:00.66
2830 0.0 0.2 0:00.66
2830 0.0 0.2 0:00.66
2830 0.0 0.2 0:00.66
2830 0.0 0.2 0:00.66
2830 0.0 0.2 0:00.66
2830 0.0 0.2 0:00.66
2830 0.0 0.2 0:00.66
2830 0.0 0.2 0:00.66
2830 0.0 0.2 0:00.66
2830 0.0 0.2 0:00.66
2830 0.0 0.2 0:00.66
2830 0.0 0.2 0:00.66
2830 0.0 0.2 0:00.66
2830 0.0 0.2 0:00.66
2830 0.0 0.2 0:00.66
2830 0.0 0.2 0:00.66
2830 0.0 0.2 0:00.66
2830 0.0 0.2 0:00.66
2830 0.0 0.2 0:00.66
2830 0.0 0.2 0:00.66
2830 0.0 0.2 0:00.66
2830 0.0 0.2 0:00.66
2830 0.0 0.2 0:00.66
2830 0.0 0.2 0:00.66
2830 0.0 0.2 0:00.66
2830 0.0 0.2 0:00.66
2830 0.0 0.2 0:00.66
2830 0.0 0.2 0:00.66
2830 0.0 0.2 0:00.66
2830 0.0 0.2 0:00.66
2830 0.0 0.2 0:00.66
2830 0.0 0.2 0:00.66
2830 0.0 0.2 0:00.66
2830 0.0 0.2 0:00.66
2830 0.0 0.2 0:00.66
2830 0.0 0.2 0:00.66
2830 0.0 0.2 0:00.66
2830 0.0 0.2 0:00.66
2830 0.0 0.2 0:00.66
2830 0.0 0.2 0:00.66
2830 0.0 0.2 0:00.66
2830 0.0 0.2 0:00.66
