2925 16.7 0.2 0:11.61
2925 5.6 0.2 0:11.73
2925 15.0 0.2 0:11.89
2925 15.8 0.2 0:12.02
2925 16.7 0.2 0:12.18
2925 7.4 0.2 0:12.40
2925 12.1 0.2 0:12.60
2925 14.3 0.2 0:12.83
2925 5.6 0.2 0:12.95
2925 16.7 0.2 0:13.09
2925 10.5 0.2 0:13.23
2925 10.5 0.2 0:13.39
2925 10.5 0.2 0:13.53
2925 10.0 0.2 0:13.66
2925 10.5 0.2 0:13.81
2925 16.7 0.2 0:13.97
2925 33.3 0.2 0:14.14
2925 10.0 0.2 0:14.28
2925 16.7 0.2 0:14.42
2925 15.8 0.2 0:14.56
2925 10.5 0.2 0:14.69
2925 11.1 0.2 0:14.83
2925 15.8 0.2 0:15.00
2925 10.0 0.2 0:15.14
2925 15.0 0.2 0:15.31
2925 10.5 0.2 0:15.45
2925 10.5 0.2 0:15.59
2925 11.1 0.2 0:15.74
2925 11.1 0.2 0:15.88
2925 26.3 0.2 0:16.04
2925 10.5 0.2 0:16.19
2925 22.2 0.2 0:16.35
2925 10.5 0.2 0:16.50
2925 15.8 0.2 0:16.64
2925 11.1 0.2 0:16.78
2925 15.0 0.2 0:16.94
2925 11.1 0.2 0:17.08
2925 22.2 0.2 0:17.23
2925 10.5 0.2 0:17.37
2925 21.1 0.2 0:17.52
2925 10.5 0.2 0:17.68
2925 10.5 0.2 0:17.81
2925 10.5 0.2 0:17.95
2925 10.5 0.2 0:18.10
2925 15.8 0.2 0:18.26
2925 15.8 0.2 0:18.42
2925 5.3 0.2 0:18.55
2925 11.1 0.2 0:18.69
2925 11.1 0.2 0:18.83
2925 21.1 0.2 0:18.98
2925 10.0 0.2 0:19.12
2925 15.8 0.2 0:19.30
2925 16.7 0.2 0:19.45
2925 31.6 0.2 0:19.64
2925 15.8 0.2 0:19.78
2925 10.0 0.2 0:19.92
2925 13.0 0.2 0:20.08
2925 15.0 0.2 0:20.25
2925 10.5 0.2 0:20.42
2925 10.5 0.2 0:20.55
2925 14.3 0.2 0:20.72
2925 16.7 0.2 0:20.86
2925 10.5 0.2 0:20.99
2925 10.5 0.2 0:21.13
2925 15.8 0.2 0:21.29
2925 10.5 0.2 0:21.44
2925 10.0 0.2 0:21.59
2925 10.5 0.2 0:21.74
2925 10.0 0.2 0:21.88
2925 10.5 0.2 0:22.01
2925 11.1 0.2 0:22.15
2925 11.1 0.2 0:22.29
2925 20.0 0.2 0:22.46
2925 10.5 0.2 0:22.59
2925 11.1 0.2 0:22.72
2925 0.0 0.2 0:22.77
