2934 0.0 0.0 0:00.00
2934 0.0 0.0 0:00.00
2934 0.0 0.0 0:00.00
2934 0.0 0.0 0:00.00
2934 0.0 0.0 0:00.00
2934 0.0 0.0 0:00.00
2934 0.0 0.0 0:00.00
2934 0.0 0.0 0:00.00
2934 0.0 0.0 0:00.00
2934 0.0 0.0 0:00.00
2934 0.0 0.0 0:00.00
2934 0.0 0.0 0:00.00
2934 0.0 0.0 0:00.00
2934 0.0 0.0 0:00.00
2934 0.0 0.0 0:00.00
2934 0.0 0.0 0:00.00
2934 0.0 0.0 0:00.00
2934 0.0 0.0 0:00.00
2934 0.0 0.0 0:00.00
2934 0.0 0.0 0:00.00
2934 0.0 0.0 0:00.00
2934 0.0 0.0 0:00.00
2934 0.0 0.0 0:00.00
2934 0.0 0.0 0:00.00
2934 0.0 0.0 0:00.00
2934 0.0 0.0 0:00.00
2934 0.0 0.0 0:00.00
2934 0.0 0.0 0:00.00
2934 0.0 0.0 0:00.00
2934 0.0 0.0 0:00.00
2934 0.0 0.0 0:00.00
2934 0.0 0.0 0:00.00
2934 0.0 0.0 0:00.00
2934 0.0 0.0 0:00.00
2934 0.0 0.0 0:00.00
2934 0.0 0.0 0:00.00
2934 0.0 0.0 0:00.00
2934 0.0 0.0 0:00.00
2934 0.0 0.0 0:00.00
2934 0.0 0.0 0:00.00
2934 0.0 0.0 0:00.00
2934 0.0 0.0 0:00.00
2934 0.0 0.0 0:00.00
2934 0.0 0.0 0:00.00
2934 0.0 0.0 0:00.00
2934 0.0 0.0 0:00.00
2934 0.0 0.0 0:00.00
2934 0.0 0.0 0:00.00
2934 0.0 0.0 0:00.00
2934 0.0 0.0 0:00.00
2934 0.0 0.0 0:00.00
2934 0.0 0.0 0:00.00
2934 0.0 0.0 0:00.00
2934 0.0 0.0 0:00.00
2934 0.0 0.0 0:00.00
2934 0.0 0.0 0:00.00
2934 0.0 0.0 0:00.00
2934 0.0 0.0 0:00.00
2934 0.0 0.0 0:00.00
2934 0.0 0.0 0:00.00
2934 0.0 0.0 0:00.00
2934 0.0 0.0 0:00.00
2934 0.0 0.0 0:00.00
2934 0.0 0.0 0:00.00
12934 0.0 0.0 0:00.01
2934 0.0 0.0 0:00.00
2934 0.0 0.0 0:00.00
2934 0.0 0.0 0:00.00
2934 0.0 0.0 0:00.00
2934 0.0 0.0 0:00.00
2934 0.0 0.0 0:00.00
2934 0.0 0.0 0:00.00
2934 0.0 0.0 0:00.00
2934 0.0 0.0 0:00.00
2934 0.0 0.0 0:00.00
2934 0.0 0.0 0:00.00
2934 0.0 0.0 0:00.00
2934 0.0 0.0 0:00.00
2934 0.0 0.0 0:00.00
2934 0.0 0.0 0:00.00
2934 0.0 0.0 0:00.00
2934 0.0 0.0 0:00.00
2934 0.0 0.0 0:00.00
2934 0.0 0.0 0:00.00
2934 0.0 0.0 0:00.00
2934 0.0 0.0 0:00.00
2934 0.0 0.0 0:00.00
2934 0.0 0.0 0:00.00
2934 0.0 0.0 0:00.00
2934 0.0 0.0 0:00.00
