2935 5.3 0.3 8:32.50
2935 5.6 0.3 8:32.60
2935 10.5 0.3 8:32.74
2935 21.1 0.3 8:32.92
2935 21.1 0.3 8:33.10
2935 19.0 0.3 8:33.32
2935 16.1 0.3 8:33.56
2935 15.0 0.3 8:33.75
2935 26.3 0.3 8:33.94
2935 13.6 0.3 8:34.15
2935 13.0 0.3 8:34.36
2935 9.5 0.3 8:34.54
2935 20.0 0.3 8:34.76
2935 19.0 0.3 8:34.94
2935 14.3 0.3 8:35.14
2935 18.2 0.3 8:35.35
2935 15.0 0.3 8:35.54
2935 15.8 0.3 8:35.73
2935 15.0 0.3 8:35.92
2935 15.0 0.3 8:36.13
2935 15.8 0.3 8:36.33
2935 21.1 0.3 8:36.52
2935 14.3 0.3 8:36.71
2935 15.0 0.3 8:36.90
2935 17.4 0.3 8:37.14
2935 9.5 0.3 8:37.33
2935 14.3 0.3 8:37.53
2935 18.2 0.3 8:37.76
2935 21.1 0.3 8:37.96
2935 14.3 0.3 8:38.13
2935 19.0 0.3 8:38.35
2935 15.0 0.3 8:38.54
2935 19.0 0.3 8:38.75
2935 21.1 0.3 8:38.94
2935 13.0 0.3 8:39.13
2935 21.1 0.3 8:39.33
2935 22.2 0.3 8:39.52
2935 15.0 0.3 8:39.71
2935 16.7 0.3 8:39.91
2935 15.0 0.3 8:40.11
2935 21.1 0.2 8:40.31
2935 14.3 0.2 8:40.51
2935 15.8 0.2 8:40.71
2935 15.8 0.2 8:40.87
2935 9.1 0.2 8:41.04
2935 15.8 0.2 8:41.20
2935 21.1 0.2 8:41.38
2935 10.5 0.2 8:41.55
2935 19.0 0.2 8:41.75
2935 10.0 0.2 8:41.90
2935 5.0 0.2 8:42.06
2935 10.5 0.2 8:42.22
2935 10.5 0.2 8:42.38
2935 15.0 0.2 8:42.57
2935 12.5 0.2 8:42.78
2935 12.5 0.2 8:42.98
2935 10.5 0.2 8:43.15
2935 10.5 0.2 8:43.31
2935 15.0 0.2 8:43.49
2935 11.1 0.2 8:43.64
2935 16.7 0.2 8:43.82
2935 15.0 0.2 8:43.98
2935 15.8 0.2 8:44.14
2935 10.5 0.2 8:44.33
2935 10.0 0.2 8:44.49
2935 15.0 0.2 8:44.65
2935 10.0 0.2 8:44.82
2935 15.8 0.2 8:44.99
2935 16.7 0.2 8:45.14
2935 16.7 0.2 8:45.31
2935 15.8 0.2 8:45.47
2935 16.7 0.2 8:45.63
2935 10.5 0.2 8:45.77
