2935 0.0 0.3 3:34.77
2935 21.1 0.3 3:34.84
2935 5.3 0.3 3:34.95
2935 5.3 0.3 3:35.12
2935 10.5 0.3 3:35.29
2935 20.0 0.3 3:35.44
2935 15.8 0.4 3:35.58
2935 11.1 0.4 3:35.76
2935 11.1 0.4 3:35.95
2935 26.3 0.4 3:36.12
2935 16.7 0.4 3:36.25
2935 10.5 0.4 3:36.43
2935 10.5 0.4 3:36.62
2935 22.2 0.3 3:36.80
2935 21.1 0.3 3:36.94
2935 10.5 0.3 3:37.11
2935 5.6 0.3 3:37.29
2935 20.0 0.3 3:37.49
2935 21.1 0.3 3:37.63
2935 11.1 0.3 3:37.79
2935 15.8 0.3 3:37.98
2935 22.2 0.3 3:38.15
2935 15.8 0.3 3:38.30
2935 15.8 0.3 3:38.47
2935 15.8 0.3 3:38.66
2935 15.8 0.3 3:38.83
2935 11.1 0.3 3:38.99
2935 15.8 0.3 3:39.16
2935 10.5 0.3 3:39.34
2935 15.8 0.3 3:39.51
2935 10.5 0.3 3:39.67
2935 15.0 0.3 3:39.85
2935 9.1 0.3 3:40.03
2935 15.8 0.3 3:40.23
2935 13.0 0.3 3:40.43
2935 9.5 0.3 3:40.61
2935 16.7 0.3 3:40.78
2935 15.0 0.3 3:40.95
2935 10.5 0.3 3:41.12
2935 16.7 0.3 3:41.30
2935 15.8 0.3 3:41.47
2935 22.2 0.3 3:41.65
2935 21.1 0.3 3:41.82
2935 15.8 0.3 3:41.99
2935 15.0 0.3 3:42.16
2935 15.8 0.3 3:42.33
2935 16.7 0.3 3:42.50
2935 16.7 0.3 3:42.67
2935 15.8 0.3 3:42.84
2935 11.1 0.3 3:43.00
2935 16.7 0.3 3:43.17
2935 15.8 0.3 3:43.35
2935 15.8 0.3 3:43.52
2935 16.7 0.3 3:43.69
2935 15.8 0.3 3:43.86
2935 11.1 0.3 3:44.03
2935 15.8 0.3 3:44.19
2935 15.0 0.3 3:44.37
2935 15.8 0.3 3:44.54
2935 15.8 0.3 3:44.72
2935 15.8 0.3 3:44.88
2935 15.0 0.3 3:45.06
2935 16.7 0.3 3:45.23
2935 15.8 0.3 3:45.41
2935 10.5 0.3 3:45.58
2935 15.8 0.3 3:45.77
2935 10.5 0.3 3:45.94
2935 11.1 0.3 3:46.11
2935 15.8 0.3 3:46.30
2935 22.2 0.3 3:46.47
2935 21.1 0.3 3:46.64
2935 11.1 0.3 3:46.81
2935 16.7 0.3 3:46.99
2935 21.1 0.3 3:47.18
2935 15.8 0.3 3:47.34
2935 16.7 0.3 3:47.52
2935 15.8 0.3 3:47.69
2935 15.8 0.3 3:47.86
2935 20.0 0.3 3:48.04
2935 15.8 0.3 3:48.20
2935 10.5 0.3 3:48.37
2935 15.8 0.3 3:48.55
2935 10.5 0.3 3:48.71
2935 12.0 0.3 3:48.90
2935 15.8 0.3 3:49.10
2935 13.8 0.3 3:49.34
2935 15.8 0.3 3:49.52
2935 11.1 0.3 3:49.68
2935 15.8 0.3 3:49.86
2935 22.2 0.3 3:50.03
2935 15.8 0.3 3:50.20
2935 10.5 0.3 3:50.37
2935 15.0 0.3 3:50.54
2935 10.5 0.3 3:50.70
2935 15.8 0.3 3:50.87
2935 16.7 0.3 3:51.04
2935 15.0 0.3 3:51.22
2935 11.1 0.3 3:51.38
2935 15.8 0.3 3:51.56
2935 25.0 0.3 3:51.80
2935 21.1 0.3 3:52.01
2935 15.0 0.3 3:52.22
2935 22.2 0.3 3:52.47
2935 26.3 0.3 3:52.68
2935 10.5 0.3 3:52.87
2935 15.8 0.3 3:53.11
2935 35.0 0.3 3:53.38
2935 21.1 0.3 3:53.64
2935 21.1 0.3 3:53.88
2935 15.8 0.3 3:54.08
2935 22.2 0.3 3:54.29
2935 44.4 0.3 3:54.53
2935 21.1 0.3 3:54.71
2935 15.8 0.3 3:54.92
2935 15.8 0.3 3:55.12
2935 31.6 0.3 3:55.35
2935 20.0 0.3 3:55.55
2935 27.8 0.3 3:55.78
2935 26.3 0.3 3:56.01
2935 20.0 0.3 3:56.23
2935 15.8 0.3 3:56.43
2935 26.3 0.3 3:56.67
2935 21.1 0.3 3:56.88
2935 26.3 0.3 3:57.13
2935 36.8 0.3 3:57.40
2935 15.8 0.3 3:57.60
2935 25.0 0.3 3:57.81
2935 15.8 0.3 3:58.03
2935 15.8 0.3 3:58.26
2935 31.6 0.3 3:58.53
2935 26.3 0.3 3:58.77
2935 27.8 0.3 3:58.98
2935 31.6 0.3 3:59.24
2935 21.1 0.3 3:59.47
2935 27.8 0.3 3:59.69
2935 25.0 0.3 3:59.95
2935 21.1 0.3 4:00.19
2935 15.8 0.3 4:00.43
2935 10.5 0.3 4:00.68
2935 0.0 0.3 4:00.68
2935 0.0 0.3 4:00.68
2935 0.0 0.3 4:00.68
