2935 0.0 0.3 6:22.73
2935 5.3 0.3 6:22.82
2935 5.3 0.3 6:22.94
2935 15.8 0.3 6:23.09
2935 5.0 0.3 6:23.23
2935 10.5 0.3 6:23.38
2935 26.3 0.3 6:23.56
2935 26.3 0.3 6:23.73
2935 15.8 0.3 6:23.90
2935 10.0 0.3 6:24.06
2935 5.3 0.3 6:24.23
2935 15.8 0.3 6:24.41
2935 11.1 0.3 6:24.57
2935 16.7 0.3 6:24.74
2935 15.0 0.3 6:24.93
2935 15.8 0.3 6:25.12
2935 16.7 0.3 6:25.31
2935 16.7 0.3 6:25.48
2935 16.7 0.3 6:25.65
2935 15.8 0.3 6:25.81
2935 21.1 0.3 6:25.99
2935 10.5 0.2 6:26.15
2935 11.1 0.2 6:26.32
2935 15.8 0.2 6:26.50
2935 10.5 0.2 6:26.66
2935 21.1 0.2 6:26.84
2935 21.1 0.2 6:27.01
2935 10.5 0.2 6:27.18
2935 15.8 0.2 6:27.36
2935 20.0 0.2 6:27.54
2935 15.0 0.2 6:27.70
2935 15.8 0.2 6:27.87
2935 15.8 0.2 6:28.04
2935 15.8 0.2 6:28.21
2935 10.0 0.2 6:28.38
2935 16.7 0.2 6:28.55
2935 15.0 0.2 6:28.73
2935 16.7 0.2 6:28.90
2935 11.1 0.2 6:29.07
2935 15.8 0.2 6:29.26
2935 10.0 0.2 6:29.46
2935 20.0 0.2 6:29.64
2935 15.8 0.2 6:29.81
2935 11.1 0.2 6:29.97
2935 15.8 0.2 6:30.15
2935 16.7 0.2 6:30.31
2935 11.1 0.2 6:30.48
2935 16.7 0.2 6:30.69
2935 16.7 0.2 6:30.85
2935 15.8 0.2 6:31.02
2935 15.8 0.2 6:31.20
2935 15.8 0.2 6:31.37
2935 10.5 0.2 6:31.53
2935 20.0 0.2 6:31.71
2935 15.8 0.2 6:31.87
2935 15.8 0.2 6:32.04
2935 15.8 0.2 6:32.21
2935 10.5 0.2 6:32.41
2935 10.5 0.2 6:32.57
2935 21.1 0.2 6:32.75
2935 16.7 0.2 6:32.91
2935 10.5 0.2 6:33.08
2935 10.5 0.2 6:33.26
2935 15.8 0.2 6:33.43
2935 15.8 0.2 6:33.60
2935 9.5 0.2 6:33.77
2935 13.6 0.2 6:33.97
2935 15.8 0.2 6:34.16
2935 21.1 0.2 6:34.34
2935 15.8 0.2 6:34.51
2935 9.5 0.2 6:34.68
2935 15.0 0.2 6:34.86
2935 15.8 0.2 6:35.03
2935 15.8 0.2 6:35.21
2935 11.1 0.2 6:35.37
2935 21.1 0.2 6:35.55
2935 15.8 0.2 6:35.71
2935 10.0 0.2 6:35.88
2935 20.0 0.2 6:36.06
2935 15.8 0.2 6:36.23
2935 15.8 0.2 6:36.39
2935 10.5 0.2 6:36.55
2935 15.8 0.2 6:36.72
2935 22.2 0.2 6:36.89
2935 11.1 0.2 6:37.05
2935 15.8 0.2 6:37.22
2935 10.5 0.2 6:37.38
2935 10.5 0.2 6:37.55
2935 10.5 0.2 6:37.72
2935 0.0 0.2 6:37.78
