2935 0.0 0.2 9:33.68
2935 9.5 0.3 9:33.80
2935 20.0 0.3 9:33.95
2935 15.8 0.3 9:34.09
2935 14.3 0.3 9:34.27
2935 8.3 0.3 9:34.49
2935 10.5 0.3 9:34.66
2935 13.0 0.3 9:34.81
2935 5.3 0.3 9:35.00
2935 10.5 0.3 9:35.15
2935 11.1 0.3 9:35.29
2935 10.0 0.3 9:35.43
2935 21.1 0.3 9:35.61
2935 21.1 0.3 9:35.76
2935 16.7 0.3 9:35.91
2935 16.7 0.3 9:36.05
2935 5.0 0.3 9:36.19
2935 10.5 0.3 9:36.34
2935 11.1 0.3 9:36.47
2935 11.1 0.3 9:36.61
2935 10.5 0.3 9:36.75
2935 10.5 0.3 9:36.89
2935 10.5 0.3 9:37.03
2935 16.7 0.3 9:37.18
2935 11.1 0.3 9:37.32
2935 5.3 0.3 9:37.45
2935 11.1 0.3 9:37.60
2935 10.5 0.3 9:37.74
2935 11.1 0.3 9:37.87
2935 10.5 0.3 9:38.01
2935 15.8 0.3 9:38.15
2935 10.5 0.3 9:38.28
2935 16.7 0.3 9:38.43
2935 10.5 0.3 9:38.57
2935 10.5 0.3 9:38.72
2935 10.5 0.3 9:38.86
2935 10.5 0.3 9:39.01
2935 15.8 0.3 9:39.15
2935 16.7 0.3 9:39.30
2935 5.6 0.3 9:39.43
2935 10.5 0.3 9:39.58
2935 11.1 0.3 9:39.72
2935 16.7 0.3 9:39.87
2935 21.1 0.3 9:40.04
2935 10.5 0.3 9:40.18
2935 26.3 0.3 9:40.35
2935 15.0 0.3 9:40.50
2935 21.1 0.3 9:40.65
2935 10.5 0.3 9:40.80
2935 15.8 0.3 9:40.95
2935 16.7 0.3 9:41.10
2935 10.5 0.3 9:41.24
2935 15.8 0.3 9:41.38
2935 16.7 0.3 9:41.52
2935 11.1 0.3 9:41.66
2935 10.5 0.3 9:41.82
2935 15.0 0.3 9:41.98
2935 21.1 0.3 9:42.15
2935 9.5 0.3 9:42.30
2935 10.5 0.3 9:42.45
2935 15.8 0.3 9:42.59
2935 10.0 0.3 9:42.73
2935 10.5 0.3 9:42.88
2935 10.5 0.3 9:43.03
2935 11.1 0.3 9:43.17
2935 10.5 0.3 9:43.31
2935 10.5 0.3 9:43.45
2935 22.2 0.3 9:43.60
2935 15.8 0.3 9:43.74
2935 11.1 0.3 9:43.87
2935 10.0 0.3 9:44.02
2935 11.1 0.3 9:44.16
2935 15.8 0.3 9:44.31
2935 10.5 0.3 9:44.44
2935 5.3 0.3 9:44.59
2935 0.0 0.3 9:44.63
