2935 5.6 0.3 7:24.05
2935 5.0 0.3 7:24.13
2935 5.6 0.3 7:24.25
2935 15.8 0.3 7:24.45
2935 10.0 0.3 7:24.63
2935 20.0 0.3 7:24.84
2935 10.0 0.3 7:25.06
2935 22.2 0.3 7:25.23
2935 15.8 0.3 7:25.41
2935 15.8 0.3 7:25.60
2935 10.0 0.3 7:25.76
2935 11.1 0.3 7:25.95
2935 21.1 0.3 7:26.16
2935 16.7 0.3 7:26.34
2935 27.8 0.3 7:26.53
2935 15.8 0.3 7:26.71
2935 10.0 0.3 7:26.93
2935 16.7 0.3 7:27.11
2935 16.7 0.3 7:27.32
2935 10.5 0.3 7:27.49
2935 10.5 0.3 7:27.65
2935 11.1 0.3 7:27.82
2935 21.1 0.3 7:28.02
2935 21.1 0.3 7:28.21
2935 20.0 0.3 7:28.40
2935 10.5 0.3 7:28.58
2935 10.5 0.3 7:28.74
2935 36.8 0.3 7:28.96
2935 11.1 0.3 7:29.14
2935 15.0 0.3 7:29.37
2935 10.5 0.3 7:29.56
2935 26.3 0.3 7:29.77
2935 15.8 0.3 7:29.95
2935 15.8 0.3 7:30.12
2935 15.8 0.3 7:30.32
2935 15.8 0.3 7:30.50
2935 16.7 0.3 7:30.69
2935 21.1 0.3 7:30.89
2935 15.8 0.3 7:31.09
2935 15.0 0.3 7:31.30
2935 11.1 0.3 7:31.48
2935 16.7 0.3 7:31.66
2935 26.3 0.3 7:31.90
2935 21.1 0.3 7:32.08
2935 22.2 0.3 7:32.29
2935 15.8 0.3 7:32.47
2935 11.1 0.3 7:32.67
2935 16.7 0.3 7:32.84
2935 11.1 0.3 7:33.01
2935 21.1 0.3 7:33.21
2935 15.8 0.3 7:33.39
2935 15.8 0.3 7:33.57
2935 26.3 0.3 7:33.77
2935 11.1 0.3 7:33.94
2935 16.7 0.3 7:34.14
2935 14.3 0.3 7:34.39
2935 10.7 0.3 7:34.60
2935 17.4 0.3 7:34.82
2935 18.2 0.3 7:35.02
2935 15.8 0.3 7:35.20
2935 20.0 0.3 7:35.40
2935 20.0 0.3 7:35.61
2935 15.8 0.3 7:35.78
2935 22.2 0.3 7:35.96
2935 21.1 0.3 7:36.16
2935 25.0 0.3 7:36.39
2935 15.0 0.3 7:36.55
2935 21.1 0.3 7:36.75
2935 15.8 0.3 7:36.92
2935 16.7 0.3 7:37.11
2935 21.1 0.3 7:37.32
2935 10.5 0.3 7:37.50
2935 15.0 0.3 7:37.67
2935 15.8 0.3 7:37.86
2935 15.8 0.3 7:38.06
