2935 5.6 0.2 0:00.05
2935 0.0 0.2 0:00.07
2935 0.0 0.2 0:00.20
2935 5.3 0.2 0:00.24
2935 10.5 0.3 0:00.41
2935 26.3 0.3 0:00.56
2935 0.0 0.3 0:00.63
2935 10.5 0.3 0:00.79
2935 0.0 0.3 0:00.84
2935 10.5 0.3 0:01.03
2935 36.8 0.3 0:01.16
2935 5.0 0.3 0:01.28
2935 10.5 0.3 0:01.46
2935 5.3 0.3 0:01.55
2935 4.3 0.3 0:01.74
2935 20.0 0.3 0:01.83
2935 5.3 0.3 0:02.01
2935 31.6 0.3 0:02.18
2935 5.3 0.3 0:02.31
2935 11.1 0.3 0:02.50
2935 5.6 0.3 0:02.59
2935 10.5 0.3 0:02.80
2935 26.3 0.3 0:02.92
2935 10.0 0.3 0:03.09
2935 27.8 0.3 0:03.28
2935 5.6 0.3 0:03.39
2935 10.5 0.3 0:03.59
2935 16.7 0.3 0:03.68
2935 10.0 0.3 0:03.88
2935 28.6 0.3 0:04.03
2935 10.0 0.3 0:04.19
2935 26.3 0.3 0:04.39
2935 5.6 0.3 0:04.48
2935 9.5 0.3 0:04.72
2935 15.0 0.3 0:04.84
2935 11.1 0.3 0:05.07
2935 21.1 0.3 0:05.22
2935 10.5 0.3 0:05.38
2935 22.2 0.3 0:05.58
2935 10.5 0.3 0:05.69
2935 10.0 0.3 0:05.90
2935 15.0 0.3 0:06.03
2935 5.3 0.3 0:06.23
2935 26.3 0.3 0:06.40
2935 10.5 0.3 0:06.55
2935 16.7 0.3 0:06.75
2935 10.5 0.3 0:06.87
2935 15.8 0.3 0:07.08
2935 22.2 0.3 0:07.21
2935 10.5 0.3 0:07.39
2935 21.1 0.3 0:07.57
2935 10.5 0.3 0:07.73
2935 15.8 0.3 0:07.93
2935 11.1 0.3 0:08.06
2935 10.5 0.3 0:08.26
2935 15.8 0.3 0:08.40
2935 10.0 0.3 0:08.59
2935 15.8 0.3 0:08.74
2935 15.8 0.3 0:08.92
2935 16.7 0.3 0:09.10
2935 15.8 0.3 0:09.26
2935 15.8 0.3 0:09.47
2935 15.8 0.3 0:09.62
2935 15.8 0.3 0:09.81
2935 15.0 0.3 0:09.97
2935 10.0 0.3 0:10.13
2935 22.2 0.3 0:10.31
2935 15.8 0.3 0:10.48
2935 15.8 0.3 0:10.66
2935 15.0 0.3 0:10.83
2935 15.8 0.3 0:11.00
2935 16.7 0.3 0:11.16
2935 15.8 0.3 0:11.34
2935 20.0 0.3 0:11.52
2935 21.1 0.3 0:11.69
2935 22.2 0.3 0:11.86
2935 15.8 0.3 0:12.03
2935 21.1 0.3 0:12.20
2935 15.8 0.3 0:12.36
2935 15.8 0.3 0:12.53
2935 15.8 0.3 0:12.71
2935 10.5 0.3 0:12.88
2935 22.2 0.3 0:13.06
2935 15.8 0.3 0:13.24
2935 9.1 0.3 0:13.45
2935 13.0 0.3 0:13.65
2935 12.5 0.3 0:13.84
2935 15.8 0.3 0:14.02
2935 15.8 0.3 0:14.19
2935 10.5 0.3 0:14.36
2935 16.7 0.3 0:14.54
2935 10.5 0.3 0:14.72
2935 15.8 0.3 0:14.90
2935 10.5 0.3 0:15.07
2935 16.7 0.3 0:15.25
2935 15.8 0.3 0:15.43
2935 15.8 0.3 0:15.60
2935 16.7 0.3 0:15.76
2935 15.0 0.3 0:15.94
2935 16.7 0.3 0:16.11
2935 11.1 0.3 0:16.27
2935 15.8 0.3 0:16.45
2935 10.5 0.3 0:16.62
2935 10.5 0.3 0:16.80
2935 15.8 0.3 0:16.97
2935 15.8 0.3 0:17.14
2935 10.5 0.3 0:17.30
2935 16.7 0.3 0:17.47
2935 15.8 0.3 0:17.65
2935 9.5 0.3 0:17.82
2935 15.8 0.3 0:17.99
2935 15.8 0.3 0:18.17
2935 15.8 0.3 0:18.34
2935 15.0 0.3 0:18.51
2935 16.7 0.3 0:18.68
2935 10.5 0.3 0:18.86
2935 11.1 0.3 0:19.03
2935 16.7 0.3 0:19.20
2935 15.8 0.3 0:19.38
2935 14.3 0.3 0:19.55
2935 15.8 0.3 0:19.72
2935 16.7 0.3 0:19.89
2935 14.3 0.3 0:20.06
2935 10.5 0.3 0:20.23
2935 10.5 0.3 0:20.41
2935 16.7 0.3 0:20.58
2935 16.7 0.3 0:20.76
2935 15.8 0.3 0:20.93
2935 15.8 0.3 0:21.10
2935 16.7 0.3 0:21.27
2935 21.1 0.3 0:21.45
2935 16.7 0.3 0:21.61
2935 15.8 0.3 0:21.78
2935 15.0 0.3 0:21.96
2935 11.1 0.3 0:22.13
2935 15.8 0.3 0:22.31
2935 15.8 0.3 0:22.50
2935 15.8 0.3 0:22.69
2935 15.8 0.3 0:22.88
2935 21.1 0.3 0:23.06
2935 15.8 0.3 0:23.22
2935 10.5 0.3 0:23.39
2935 15.8 0.3 0:23.57
2935 15.8 0.3 0:23.73
2935 15.8 0.3 0:23.90
2935 16.7 0.3 0:24.08
2935 15.8 0.3 0:24.24
2935 21.1 0.3 0:24.42
2935 14.3 0.3 0:24.59
2935 15.8 0.3 0:24.76
2935 15.8 0.3 0:24.93
2935 10.0 0.3 0:25.08
2935 10.5 0.3 0:25.23
2935 10.0 0.3 0:25.38
2935 15.8 0.3 0:25.53
2935 16.7 0.3 0:25.68
2935 15.8 0.3 0:25.83
2935 15.8 0.3 0:25.98
2935 10.5 0.3 0:26.13
2935 10.5 0.3 0:26.27
2935 5.3 0.3 0:26.41
2935 15.8 0.3 0:26.57
2935 10.5 0.3 0:26.72
2935 16.7 0.3 0:26.88
2935 15.0 0.3 0:27.02
2935 5.3 0.3 0:27.14
2935 4.8 0.3 0:27.27
2935 10.5 0.3 0:27.40
2935 11.1 0.4 0:27.54
2935 10.5 0.4 0:27.67
2935 10.5 0.4 0:27.81
2935 10.5 0.4 0:27.94
2935 11.1 0.4 0:28.08
2935 10.5 0.4 0:28.21
2935 11.1 0.4 0:28.32
2935 11.1 0.4 0:28.44
2935 10.5 0.4 0:28.56
2935 10.0 0.4 0:28.68
2935 0.0 0.4 0:28.74
2935 5.3 0.4 0:28.79
