2936 0.0 0.2 0:18.89
2936 0.0 0.2 0:18.92
2936 0.0 0.2 0:18.97
2936 0.0 0.2 0:18.99
2936 0.0 0.2 0:19.00
2936 0.0 0.2 0:19.01
2936 0.0 0.2 0:19.02
2936 0.0 0.2 0:19.02
2936 0.0 0.2 0:19.03
2936 0.0 0.2 0:19.03
2936 0.0 0.2 0:19.04
2936 0.0 0.2 0:19.04
2936 0.0 0.2 0:19.04
2936 0.0 0.2 0:19.05
2936 0.0 0.2 0:19.05
2936 0.0 0.2 0:19.05
2936 0.0 0.2 0:19.05
2936 0.0 0.2 0:19.06
2936 0.0 0.2 0:19.06
2936 0.0 0.2 0:19.06
2936 0.0 0.2 0:19.07
2936 0.0 0.2 0:19.07
2936 0.0 0.2 0:19.08
2936 0.0 0.2 0:19.08
2936 0.0 0.2 0:19.08
2936 0.0 0.2 0:19.09
2936 0.0 0.2 0:19.09
2936 4.3 0.2 0:19.10
2936 0.0 0.2 0:19.10
2936 0.0 0.2 0:19.10
2936 0.0 0.2 0:19.10
2936 0.0 0.2 0:19.11
2936 0.0 0.2 0:19.11
2936 0.0 0.2 0:19.12
2936 0.0 0.2 0:19.12
2936 5.3 0.2 0:19.14
2936 0.0 0.2 0:19.14
2936 0.0 0.2 0:19.15
2936 0.0 0.2 0:19.15
2936 0.0 0.2 0:19.16
2936 0.0 0.2 0:19.16
2936 0.0 0.2 0:19.17
2936 0.0 0.2 0:19.18
2936 0.0 0.2 0:19.18
2936 0.0 0.2 0:19.19
2936 0.0 0.2 0:19.19
2936 0.0 0.2 0:19.21
2936 0.0 0.2 0:19.21
2936 0.0 0.2 0:19.22
2936 0.0 0.2 0:19.23
2936 0.0 0.2 0:19.23
2936 0.0 0.2 0:19.23
2936 0.0 0.2 0:19.25
2936 0.0 0.2 0:19.26
2936 0.0 0.2 0:19.26
2936 0.0 0.2 0:19.26
2936 0.0 0.2 0:19.27
2936 0.0 0.2 0:19.27
2936 0.0 0.2 0:19.27
2936 5.3 0.2 0:19.28
2936 5.6 0.2 0:19.29
2936 0.0 0.2 0:19.29
2936 0.0 0.2 0:19.31
2936 0.0 0.2 0:19.32
2936 0.0 0.2 0:19.32
2936 0.0 0.2 0:19.34
2936 0.0 0.2 0:19.34
2936 0.0 0.2 0:19.35
2936 0.0 0.2 0:19.36
2936 5.3 0.2 0:19.37
2936 0.0 0.2 0:19.38
2936 0.0 0.2 0:19.38
2936 0.0 0.2 0:19.39
2936 0.0 0.2 0:19.39
2936 0.0 0.2 0:19.40
2936 0.0 0.2 0:19.40
2936 0.0 0.2 0:19.41
2936 0.0 0.2 0:19.41
2936 0.0 0.2 0:19.42
2936 0.0 0.2 0:19.42
2936 0.0 0.2 0:19.42
2936 0.0 0.2 0:19.43
2936 0.0 0.2 0:19.43
2936 5.3 0.2 0:19.44
2936 0.0 0.2 0:19.44
2936 5.6 0.2 0:19.46
2936 0.0 0.2 0:19.46
2936 0.0 0.2 0:19.46
2936 0.0 0.2 0:19.46
2936 0.0 0.2 0:19.47
2936 0.0 0.2 0:19.48
2936 0.0 0.2 0:19.49
2936 0.0 0.2 0:19.50
2936 0.0 0.2 0:19.50
2936 0.0 0.2 0:19.52
2936 0.0 0.2 0:19.52
2936 0.0 0.2 0:19.53
2936 0.0 0.2 0:19.53
2936 0.0 0.2 0:19.53
2936 0.0 0.2 0:19.53
2936 0.0 0.2 0:19.54
2936 0.0 0.2 0:19.55
2936 0.0 0.2 0:19.55
2936 0.0 0.2 0:19.56
2936 0.0 0.2 0:19.57
2936 5.0 0.2 0:19.58
2936 0.0 0.2 0:19.58
2936 0.0 0.2 0:19.58
