2937 0.0 0.2 0:00.87
2937 0.0 0.2 0:00.90
2937 0.0 0.2 0:00.93
2937 0.0 0.2 0:00.93
2937 5.3 0.2 0:00.95
2937 0.0 0.2 0:00.95
2937 0.0 0.2 0:00.95
2937 4.8 0.2 0:00.96
2937 0.0 0.2 0:00.96
2937 5.3 0.2 0:00.98
2937 4.3 0.2 0:00.99
2937 0.0 0.2 0:00.99
2937 0.0 0.2 0:00.99
2937 0.0 0.2 0:00.99
2937 0.0 0.2 0:01.01
2937 0.0 0.2 0:01.02
2937 0.0 0.2 0:01.02
2937 0.0 0.2 0:01.02
2937 0.0 0.2 0:01.02
2937 0.0 0.2 0:01.03
2937 0.0 0.2 0:01.03
2937 0.0 0.2 0:01.03
2937 0.0 0.2 0:01.03
2937 0.0 0.2 0:01.03
2937 0.0 0.2 0:01.03
2937 0.0 0.2 0:01.03
2937 0.0 0.2 0:01.03
2937 0.0 0.2 0:01.03
2937 0.0 0.2 0:01.03
2937 0.0 0.2 0:01.03
2937 0.0 0.2 0:01.03
2937 0.0 0.2 0:01.03
2937 0.0 0.2 0:01.03
2937 0.0 0.2 0:01.03
2937 0.0 0.2 0:01.03
2937 0.0 0.2 0:01.03
2937 0.0 0.2 0:01.03
2937 0.0 0.2 0:01.03
2937 0.0 0.2 0:01.03
2937 0.0 0.2 0:01.03
2937 0.0 0.2 0:01.03
2937 0.0 0.2 0:01.03
2937 0.0 0.2 0:01.03
2937 0.0 0.2 0:01.03
2937 0.0 0.2 0:01.03
2937 0.0 0.2 0:01.03
2937 0.0 0.2 0:01.03
2937 0.0 0.2 0:01.03
2937 0.0 0.2 0:01.03
2937 0.0 0.2 0:01.03
2937 0.0 0.2 0:01.03
2937 0.0 0.2 0:01.03
2937 0.0 0.2 0:01.03
2937 0.0 0.2 0:01.03
2937 0.0 0.2 0:01.03
2937 0.0 0.2 0:01.03
2937 0.0 0.2 0:01.03
2937 0.0 0.2 0:01.03
2937 0.0 0.2 0:01.03
2937 0.0 0.2 0:01.03
2937 0.0 0.2 0:01.03
2937 0.0 0.2 0:01.03
2937 0.0 0.2 0:01.03
2937 0.0 0.2 0:01.03
2937 0.0 0.2 0:01.03
2937 0.0 0.2 0:01.03
2937 0.0 0.2 0:01.03
2937 0.0 0.2 0:01.03
2937 0.0 0.2 0:01.03
2937 0.0 0.2 0:01.03
2937 0.0 0.2 0:01.03
2937 0.0 0.2 0:01.03
2937 0.0 0.2 0:01.03
2937 0.0 0.2 0:01.03
2937 0.0 0.2 0:01.03
2937 0.0 0.2 0:01.03
2937 0.0 0.2 0:01.03
2937 0.0 0.2 0:01.03
2937 0.0 0.2 0:01.03
2937 0.0 0.2 0:01.04
2937 0.0 0.2 0:01.04
2937 0.0 0.2 0:01.04
2937 0.0 0.2 0:01.04
2937 0.0 0.2 0:01.04
2937 0.0 0.2 0:01.04
2937 0.0 0.2 0:01.04
2937 0.0 0.2 0:01.04
2937 0.0 0.2 0:01.04
2937 0.0 0.2 0:01.04
2937 0.0 0.2 0:01.04
2937 0.0 0.2 0:01.04
2937 0.0 0.2 0:01.04
2937 0.0 0.2 0:01.04
2937 0.0 0.2 0:01.04
22937 5.3 0.0 0:00.01
2937 0.0 0.2 0:01.04
2937 0.0 0.2 0:01.04
2937 0.0 0.2 0:01.04
2937 0.0 0.2 0:01.04
2937 0.0 0.2 0:01.04
2937 0.0 0.2 0:01.04
2937 0.0 0.2 0:01.04
2937 0.0 0.2 0:01.04
2937 0.0 0.2 0:01.04
2937 0.0 0.2 0:01.04
2937 0.0 0.2 0:01.04
2937 0.0 0.2 0:01.04
2937 0.0 0.2 0:01.04
2937 0.0 0.2 0:01.04
2937 0.0 0.2 0:01.04
2937 0.0 0.2 0:01.04
2937 0.0 0.2 0:01.04
2937 0.0 0.2 0:01.04
2937 0.0 0.2 0:01.04
2937 0.0 0.2 0:01.04
2937 0.0 0.2 0:01.04
2937 0.0 0.2 0:01.04
2937 0.0 0.2 0:01.04
2937 0.0 0.2 0:01.04
2937 0.0 0.2 0:01.04
2937 0.0 0.2 0:01.04
2937 0.0 0.2 0:01.04
2937 0.0 0.2 0:01.04
2937 0.0 0.2 0:01.04
2937 0.0 0.2 0:01.04
2937 0.0 0.2 0:01.04
2937 0.0 0.2 0:01.04
2937 0.0 0.2 0:01.04
2937 0.0 0.2 0:01.04
2937 0.0 0.2 0:01.04
2937 0.0 0.2 0:01.04
2937 0.0 0.2 0:01.04
2937 0.0 0.2 0:01.04
2937 0.0 0.2 0:01.04
2937 0.0 0.2 0:01.04
2937 0.0 0.2 0:01.04
2937 0.0 0.2 0:01.04
2937 0.0 0.2 0:01.04
2937 0.0 0.2 0:01.04
2937 0.0 0.2 0:01.04
2937 0.0 0.2 0:01.04
2937 0.0 0.2 0:01.04
2937 0.0 0.2 0:01.04
2937 0.0 0.2 0:01.04
2937 0.0 0.2 0:01.04
2937 0.0 0.2 0:01.04
2937 0.0 0.2 0:01.04
2937 0.0 0.2 0:01.04
2937 0.0 0.2 0:01.04
2937 0.0 0.2 0:01.04
2937 0.0 0.2 0:01.04
2937 0.0 0.2 0:01.04
2937 0.0 0.2 0:01.04
2937 0.0 0.2 0:01.04
2937 0.0 0.2 0:01.04
2937 0.0 0.2 0:01.04
2937 0.0 0.2 0:01.04
2937 0.0 0.2 0:01.04
2937 0.0 0.2 0:01.04
2937 0.0 0.2 0:01.04
2937 0.0 0.2 0:01.04
2937 0.0 0.2 0:01.04
2937 0.0 0.2 0:01.04
2937 0.0 0.2 0:01.04
2937 0.0 0.2 0:01.04
2937 0.0 0.2 0:01.04
2937 0.0 0.2 0:01.05
2937 0.0 0.2 0:01.05
2937 0.0 0.2 0:01.05
2937 0.0 0.2 0:01.05
2937 0.0 0.2 0:01.05
2937 0.0 0.2 0:01.06
2937 0.0 0.2 0:01.06
2937 0.0 0.2 0:01.07
2937 0.0 0.2 0:01.07
2937 0.0 0.2 0:01.08
2937 0.0 0.2 0:01.09
2937 0.0 0.2 0:01.09
