2937 0.0 0.2 0:02.54
2937 4.8 0.2 0:02.56
2937 5.3 0.2 0:02.58
2937 5.0 0.2 0:02.59
2937 0.0 0.2 0:02.59
2937 0.0 0.2 0:02.59
2937 0.0 0.2 0:02.59
2937 0.0 0.2 0:02.59
2937 0.0 0.2 0:02.59
2937 0.0 0.2 0:02.59
2937 0.0 0.2 0:02.59
2937 0.0 0.2 0:02.59
2937 0.0 0.2 0:02.59
2937 0.0 0.2 0:02.59
2937 0.0 0.2 0:02.59
2937 0.0 0.2 0:02.60
2937 0.0 0.2 0:02.60
2937 0.0 0.2 0:02.60
2937 0.0 0.2 0:02.60
2937 0.0 0.2 0:02.60
2937 0.0 0.2 0:02.60
2937 0.0 0.2 0:02.60
2937 0.0 0.2 0:02.60
2937 0.0 0.2 0:02.60
2937 0.0 0.2 0:02.60
2937 0.0 0.2 0:02.60
2937 0.0 0.2 0:02.60
2937 0.0 0.2 0:02.60
2937 0.0 0.2 0:02.60
2937 0.0 0.2 0:02.60
2937 0.0 0.2 0:02.60
2937 0.0 0.2 0:02.60
2937 0.0 0.2 0:02.60
2937 0.0 0.2 0:02.60
2937 0.0 0.2 0:02.60
2937 0.0 0.2 0:02.60
2937 0.0 0.2 0:02.60
2937 0.0 0.2 0:02.60
2937 0.0 0.2 0:02.60
2937 0.0 0.2 0:02.60
2937 0.0 0.2 0:02.60
2937 0.0 0.2 0:02.60
2937 0.0 0.2 0:02.60
2937 0.0 0.2 0:02.60
2937 0.0 0.2 0:02.60
2937 0.0 0.2 0:02.60
2937 0.0 0.2 0:02.60
2937 0.0 0.2 0:02.60
2937 0.0 0.2 0:02.60
2937 0.0 0.2 0:02.60
2937 0.0 0.2 0:02.60
2937 0.0 0.2 0:02.60
2937 0.0 0.2 0:02.60
2937 0.0 0.2 0:02.60
2937 0.0 0.2 0:02.60
2937 0.0 0.2 0:02.60
2937 0.0 0.2 0:02.60
2937 0.0 0.2 0:02.60
2937 0.0 0.2 0:02.60
2937 0.0 0.2 0:02.60
2937 0.0 0.2 0:02.60
2937 0.0 0.2 0:02.60
2937 0.0 0.2 0:02.60
2937 0.0 0.2 0:02.60
2937 0.0 0.2 0:02.60
2937 0.0 0.2 0:02.60
2937 0.0 0.2 0:02.60
2937 0.0 0.2 0:02.60
2937 0.0 0.2 0:02.60
2937 0.0 0.2 0:02.60
2937 0.0 0.2 0:02.60
2937 0.0 0.2 0:02.60
2937 0.0 0.2 0:02.60
2937 0.0 0.2 0:02.60
2937 0.0 0.2 0:02.60
2937 0.0 0.2 0:02.60
2937 0.0 0.2 0:02.60
2937 0.0 0.2 0:02.60
2937 0.0 0.2 0:02.60
2937 0.0 0.2 0:02.60
2937 0.0 0.2 0:02.60
2937 0.0 0.2 0:02.60
2937 0.0 0.2 0:02.60
2937 0.0 0.2 0:02.60
2937 0.0 0.2 0:02.60
2937 0.0 0.2 0:02.60
2937 0.0 0.2 0:02.60
2937 0.0 0.2 0:02.60
2937 0.0 0.2 0:02.60
2937 0.0 0.2 0:02.60
2937 0.0 0.2 0:02.60
2937 0.0 0.2 0:02.60
2937 0.0 0.2 0:02.60
2937 0.0 0.2 0:02.60
2937 0.0 0.2 0:02.60
2937 0.0 0.2 0:02.60
2937 0.0 0.2 0:02.60
2937 0.0 0.2 0:02.60
2937 0.0 0.2 0:02.60
29371 0.0 0.0 0:00.01
2937 0.0 0.2 0:02.60
2937 0.0 0.2 0:02.60
2937 0.0 0.2 0:02.60
2937 0.0 0.2 0:02.60
2937 0.0 0.2 0:02.60
2937 0.0 0.2 0:02.60
2937 0.0 0.2 0:02.60
2937 0.0 0.2 0:02.60
2937 0.0 0.2 0:02.60
