2938 5.9 0.2 0:01.74
2938 0.0 0.2 0:01.74
2938 0.0 0.2 0:01.74
2938 0.0 0.2 0:01.74
2938 0.0 0.2 0:01.74
2938 0.0 0.2 0:01.74
2938 0.0 0.2 0:01.74
2938 0.0 0.2 0:01.74
2938 0.0 0.2 0:01.74
2938 0.0 0.2 0:01.74
2938 0.0 0.2 0:01.74
2938 0.0 0.2 0:01.74
2938 0.0 0.2 0:01.74
2938 0.0 0.2 0:01.74
2938 0.0 0.2 0:01.74
2938 0.0 0.2 0:01.74
2938 0.0 0.2 0:01.74
2938 0.0 0.2 0:01.74
2938 0.0 0.2 0:01.74
2938 0.0 0.2 0:01.74
2938 0.0 0.2 0:01.74
2938 0.0 0.2 0:01.74
2938 0.0 0.2 0:01.74
2938 0.0 0.2 0:01.74
2938 0.0 0.2 0:01.74
2938 0.0 0.2 0:01.74
2938 0.0 0.2 0:01.74
2938 0.0 0.2 0:01.74
2938 0.0 0.2 0:01.74
2938 0.0 0.2 0:01.74
2938 0.0 0.2 0:01.74
2938 0.0 0.2 0:01.74
2938 0.0 0.2 0:01.74
2938 0.0 0.2 0:01.74
2938 0.0 0.2 0:01.74
2938 0.0 0.2 0:01.74
2938 0.0 0.2 0:01.74
2938 0.0 0.2 0:01.74
2938 0.0 0.2 0:01.74
2938 0.0 0.2 0:01.74
2938 0.0 0.2 0:01.74
2938 0.0 0.2 0:01.74
2938 0.0 0.2 0:01.74
2938 0.0 0.2 0:01.74
2938 0.0 0.2 0:01.74
2938 0.0 0.2 0:01.74
2938 0.0 0.2 0:01.74
2938 0.0 0.2 0:01.74
2938 0.0 0.2 0:01.74
2938 0.0 0.2 0:01.74
2938 0.0 0.2 0:01.74
2938 0.0 0.2 0:01.74
2938 0.0 0.2 0:01.74
2938 0.0 0.2 0:01.74
2938 0.0 0.2 0:01.74
2938 0.0 0.2 0:01.74
2938 0.0 0.2 0:01.74
2938 0.0 0.2 0:01.74
2938 0.0 0.2 0:01.74
2938 0.0 0.2 0:01.74
2938 0.0 0.2 0:01.74
2938 0.0 0.2 0:01.74
2938 0.0 0.2 0:01.74
2938 0.0 0.2 0:01.74
2938 0.0 0.2 0:01.74
2938 0.0 0.2 0:01.74
2938 0.0 0.2 0:01.74
2938 0.0 0.2 0:01.74
2938 0.0 0.2 0:01.74
2938 0.0 0.2 0:01.74
2938 0.0 0.2 0:01.74
2938 0.0 0.2 0:01.74
2938 0.0 0.2 0:01.74
2938 0.0 0.2 0:01.74
2938 0.0 0.2 0:01.74
2938 0.0 0.2 0:01.74
