709 16.7 0.3 0:22.13
709 0.0 0.3 0:22.14
709 0.0 0.3 0:22.14
709 0.0 0.3 0:22.14
709 0.0 0.3 0:22.14
709 0.0 0.3 0:22.14
709 0.0 0.3 0:22.14
709 0.0 0.3 0:22.14
709 0.0 0.3 0:22.14
709 0.0 0.3 0:22.14
709 0.0 0.3 0:22.14
709 0.0 0.3 0:22.14
709 0.0 0.3 0:22.14
709 0.0 0.3 0:22.14
709 0.0 0.3 0:22.14
709 0.0 0.3 0:22.14
709 0.0 0.3 0:22.14
709 0.0 0.3 0:22.15
709 0.0 0.3 0:22.15
709 0.0 0.3 0:22.21
KiB 1537096 avail Mem
709 0.0 0.3 0:22.21
709 0.0 0.3 0:22.21
709 0.0 0.3 0:22.21
709 0.0 0.3 0:22.21
709 0.0 0.3 0:22.21
709 0.0 0.3 0:22.21
709 0.0 0.3 0:22.21
709 0.0 0.3 0:22.21
709 0.0 0.3 0:22.21
709 0.0 0.3 0:22.21
709 0.0 0.3 0:22.21
709 0.0 0.3 0:22.21
709 0.0 0.3 0:22.21
709 0.0 0.3 0:22.21
709 0.0 0.3 0:22.22
709 0.0 0.3 0:22.22
709 0.0 0.3 0:22.27
709 0.0 0.3 0:22.27
709 0.0 0.3 0:22.27
709 0.0 0.3 0:22.27
709 0.0 0.3 0:22.27
709 0.0 0.3 0:22.27
709 0.0 0.3 0:22.27
709 0.0 0.3 0:22.27
709 0.0 0.3 0:22.27
709 0.0 0.3 0:22.27
709 0.0 0.3 0:22.27
709 0.0 0.3 0:22.27
709 0.0 0.3 0:22.27
709 0.0 0.3 0:22.27
709 0.0 0.3 0:22.27
709 0.0 0.3 0:22.27
709 0.0 0.3 0:22.28
709 0.0 0.3 0:22.28
709 5.6 0.3 0:22.32
709 0.0 0.3 0:22.33
709 0.0 0.3 0:22.33
709 0.0 0.3 0:22.33
709 0.0 0.3 0:22.33
709 0.0 0.3 0:22.33
709 0.0 0.3 0:22.33
KiB 1537092 avail Mem
709 0.0 0.3 0:22.33
709 0.0 0.3 0:22.33
709 0.0 0.3 0:22.33
709 0.0 0.3 0:22.33
709 0.0 0.3 0:22.33
709 0.0 0.3 0:22.33
709 0.0 0.3 0:22.34
709 0.0 0.3 0:22.34
709 0.0 0.3 0:22.34
709 0.0 0.3 0:22.34
709 11.1 0.3 0:22.37
709 0.0 0.3 0:22.39
709 0.0 0.3 0:22.39
709 0.0 0.3 0:22.39
709 0.0 0.3 0:22.39
709 0.0 0.3 0:22.39
709 0.0 0.3 0:22.39
709 0.0 0.3 0:22.39
709 0.0 0.3 0:22.39
709 0.0 0.3 0:22.39
709 0.0 0.3 0:22.39
709 0.0 0.3 0:22.39
709 0.0 0.3 0:22.39
709 0.0 0.3 0:22.40
709 0.0 0.3 0:22.40
709 0.0 0.3 0:22.40
709 0.0 0.3 0:22.41
709 0.0 0.3 0:22.41
709 0.0 0.3 0:22.41
709 0.0 0.3 0:22.44
709 0.0 0.3 0:22.44
709 0.0 0.3 0:22.44
709 0.0 0.3 0:22.44
709 0.0 0.3 0:22.44
709 0.0 0.3 0:22.44
709 0.0 0.3 0:22.44
709 0.0 0.3 0:22.44
709 0.0 0.3 0:22.44
709 0.0 0.3 0:22.44
709 0.0 0.3 0:22.44
709 0.0 0.3 0:22.44
709 0.0 0.3 0:22.44
709 0.0 0.3 0:22.44
709 0.0 0.3 0:22.46
709 0.0 0.3 0:22.46
709 0.0 0.3 0:22.46
709 0.0 0.3 0:22.46
709 0.0 0.3 0:22.47
709 0.0 0.3 0:22.47
709 0.0 0.3 0:22.47
709 0.0 0.3 0:22.47
709 0.0 0.3 0:22.47
709 0.0 0.3 0:22.47
709 0.0 0.3 0:22.47
709 0.0 0.3 0:22.47
709 0.0 0.3 0:22.47
709 0.0 0.3 0:22.48
709 0.0 0.3 0:22.48
709 0.0 0.3 0:22.48
709 0.0 0.3 0:22.48
709 0.0 0.3 0:22.48
709 0.0 0.3 0:22.49
709 0.0 0.3 0:22.49
709 0.0 0.3 0:22.49
709 0.0 0.3 0:22.49
709 0.0 0.3 0:22.53
709 0.0 0.3 0:22.53
709 0.0 0.3 0:22.53
709 0.0 0.3 0:22.53
709 0.0 0.3 0:22.53
709 0.0 0.3 0:22.54
709 0.0 0.3 0:22.54
709 0.0 0.3 0:22.54
709 0.0 0.3 0:22.54
709 0.0 0.3 0:22.54
709 0.0 0.3 0:22.54
709 5.3 0.3 0:22.55
709 0.0 0.3 0:22.55
709 0.0 0.3 0:22.55
709 0.0 0.3 0:22.55
709 0.0 0.3 0:22.56
709 0.0 0.3 0:22.56
709 0.0 0.3 0:22.56
709 5.6 0.3 0:22.57
709 0.0 0.3 0:22.59
709 0.0 0.3 0:22.59
709 0.0 0.3 0:22.59
709 0.0 0.3 0:22.59
709 0.0 0.3 0:22.59
709 0.0 0.3 0:22.59
709 0.0 0.3 0:22.59
709 0.0 0.3 0:22.60
709 0.0 0.3 0:22.60
709 0.0 0.3 0:22.60
709 0.0 0.3 0:22.60
709 0.0 0.3 0:22.61
709 0.0 0.3 0:22.61
709 5.6 0.3 0:22.62
709 0.0 0.3 0:22.62
709 0.0 0.3 0:22.63
709 0.0 0.3 0:22.63
709 0.0 0.3 0:22.64
709 0.0 0.3 0:22.66
709 0.0 0.3 0:22.66
709 0.0 0.3 0:22.66
709 0.0 0.3 0:22.66
709 0.0 0.3 0:22.66
709 0.0 0.3 0:22.66
709 0.0 0.3 0:22.66
709 0.0 0.3 0:22.66
709 0.0 0.3 0:22.67
709 0.0 0.3 0:22.67
709 0.0 0.3 0:22.67
709 0.0 0.3 0:22.67
709 0.0 0.3 0:22.67
709 0.0 0.3 0:22.67
709 0.0 0.3 0:22.68
709 0.0 0.3 0:22.68
709 0.0 0.3 0:22.68
709 0.0 0.3 0:22.69
26709 10.5 0.2 0:00.05
709 0.0 0.3 0:22.71
KiB 1537096 avail Mem
709 0.0 0.3 0:22.71
709 0.0 0.3 0:22.71
709 0.0 0.3 0:22.71
709 0.0 0.3 0:22.71
709 0.0 0.3 0:22.71
709 5.6 0.3 0:22.72
27094 16.7 0.2 0:00.03
709 0.0 0.3 0:22.72
709 0.0 0.3 0:22.72
709 0.0 0.3 0:22.72
709 0.0 0.3 0:22.73
709 0.0 0.3 0:22.73
709 10.5 0.3 0:22.75
709 0.0 0.3 0:22.75
709 0.0 0.3 0:22.75
709 0.0 0.3 0:22.78
709 0.0 0.3 0:22.78
709 0.0 0.3 0:22.78
709 0.0 0.3 0:22.79
709 0.0 0.3 0:22.79
709 0.0 0.3 0:22.79
27709 16.7 0.2 0:00.03
709 0.0 0.3 0:22.79
709 0.0 0.3 0:22.79
709 0.0 0.3 0:22.79
709 0.0 0.3 0:22.79
709 0.0 0.3 0:22.81
709 0.0 0.3 0:22.81
709 0.0 0.3 0:22.81
709 0.0 0.3 0:22.81
709 0.0 0.3 0:22.81
709 0.0 0.3 0:22.82
709 0.0 0.3 0:22.82
709 0.0 0.3 0:22.82
709 0.0 0.3 0:22.84
709 0.0 0.3 0:22.84
709 0.0 0.3 0:22.84
709 0.0 0.3 0:22.84
709 0.0 0.3 0:22.84
709 0.0 0.3 0:22.84
709 0.0 0.3 0:22.84
709 0.0 0.3 0:22.84
709 0.0 0.3 0:22.84
709 0.0 0.3 0:22.85
709 0.0 0.3 0:22.85
709 0.0 0.3 0:22.86
709 0.0 0.3 0:22.86
709 0.0 0.3 0:22.86
709 0.0 0.3 0:22.86
709 0.0 0.3 0:22.86
709 0.0 0.3 0:22.86
709 0.0 0.3 0:22.86
709 0.0 0.3 0:22.88
709 0.0 0.3 0:22.88
709 0.0 0.3 0:22.88
709 0.0 0.3 0:22.88
709 0.0 0.3 0:22.88
709 0.0 0.3 0:22.88
709 0.0 0.3 0:22.88
709 0.0 0.3 0:22.89
709 5.3 0.3 0:22.90
709 0.0 0.3 0:22.90
709 0.0 0.3 0:22.90
709 0.0 0.3 0:22.91
709 0.0 0.3 0:22.91
709 0.0 0.3 0:22.91
709 0.0 0.3 0:22.91
709 0.0 0.3 0:22.91
709 0.0 0.3 0:22.91
709 0.0 0.3 0:22.91
709 0.0 0.3 0:22.91
709 0.0 0.3 0:22.91
709 0.0 0.3 0:22.91
709 0.0 0.3 0:22.91
709 0.0 0.3 0:22.91
709 0.0 0.3 0:22.91
709 0.0 0.3 0:22.91
709 0.0 0.3 0:22.91
709 0.0 0.3 0:22.91
709 0.0 0.3 0:22.91
709 0.0 0.3 0:22.91
709 0.0 0.3 0:22.91
