28711 13.6 0.2 0:00.03
711 0.0 0.3 0:41.63
711 0.0 0.3 0:41.63
711 0.0 0.3 0:41.63
711 0.0 0.3 0:41.63
711 0.0 0.3 0:41.63
711 0.0 0.3 0:41.63
711 0.0 0.3 0:41.63
711 0.0 0.3 0:41.63
711 0.0 0.3 0:41.63
711 0.0 0.3 0:41.63
711 0.0 0.3 0:41.63
711 0.0 0.3 0:41.63
711 0.0 0.3 0:41.63
711 0.0 0.3 0:41.63
711 0.0 0.3 0:41.63
711 0.0 0.3 0:41.63
711 0.0 0.3 0:41.63
711 0.0 0.3 0:41.64
711 0.0 0.3 0:41.66
711 0.0 0.3 0:41.66
711 0.0 0.3 0:41.66
711 0.0 0.3 0:41.66
711 0.0 0.3 0:41.66
711 0.0 0.3 0:41.66
711 0.0 0.3 0:41.66
711 0.0 0.3 0:41.66
711 0.0 0.3 0:41.66
711 0.0 0.3 0:41.66
711 0.0 0.3 0:41.66
711 0.0 0.3 0:41.66
711 0.0 0.3 0:41.66
711 0.0 0.3 0:41.66
711 0.0 0.3 0:41.66
711 0.0 0.3 0:41.66
711 5.6 0.3 0:41.68
711 0.0 0.3 0:41.68
711 0.0 0.3 0:41.70
711 0.0 0.3 0:41.70
711 0.0 0.3 0:41.70
711 0.0 0.3 0:41.70
711 0.0 0.3 0:41.70
711 0.0 0.3 0:41.70
711 0.0 0.3 0:41.70
711 0.0 0.3 0:41.70
711 0.0 0.3 0:41.70
711 0.0 0.3 0:41.70
711 0.0 0.3 0:41.70
711 0.0 0.3 0:41.70
711 0.0 0.3 0:41.71
711 0.0 0.3 0:41.71
711 0.0 0.3 0:41.71
711 0.0 0.3 0:41.71
711 0.0 0.3 0:41.72
711 0.0 0.3 0:41.72
711 0.0 0.3 0:41.74
711 0.0 0.3 0:41.74
711 0.0 0.3 0:41.74
711 0.0 0.3 0:41.74
711 0.0 0.3 0:41.74
711 0.0 0.3 0:41.74
711 0.0 0.3 0:41.74
711 0.0 0.3 0:41.74
711 0.0 0.3 0:41.74
711 0.0 0.3 0:41.74
711 0.0 0.3 0:41.74
711 0.0 0.3 0:41.74
711 0.0 0.3 0:41.74
711 0.0 0.3 0:41.74
711 0.0 0.3 0:41.75
711 11.1 0.3 0:41.78
711 0.0 0.3 0:41.78
711 0.0 0.3 0:41.78
711 5.6 0.3 0:41.79
711 0.0 0.3 0:41.79
711 0.0 0.3 0:41.79
711 0.0 0.3 0:41.79
711 0.0 0.3 0:41.79
711 0.0 0.3 0:41.79
711 0.0 0.3 0:41.79
711 0.0 0.3 0:41.79
711 0.0 0.3 0:41.80
711 0.0 0.3 0:41.80
711 0.0 0.3 0:41.80
711 0.0 0.3 0:41.80
711 0.0 0.3 0:41.80
711 0.0 0.3 0:41.80
711 0.0 0.3 0:41.80
711 0.0 0.3 0:41.81
711 0.0 0.3 0:41.81
711 0.0 0.3 0:41.81
711 0.0 0.3 0:41.82
711 0.0 0.3 0:41.83
711 0.0 0.3 0:41.83
711 0.0 0.3 0:41.83
711 0.0 0.3 0:41.83
711 0.0 0.3 0:41.83
711 0.0 0.3 0:41.83
711 0.0 0.3 0:41.83
711 0.0 0.3 0:41.84
711 0.0 0.3 0:41.84
711 0.0 0.3 0:41.84
711 0.0 0.3 0:41.84
711 0.0 0.3 0:41.84
711 0.0 0.3 0:41.84
711 0.0 0.3 0:41.84
711 0.0 0.3 0:41.85
711 0.0 0.3 0:41.85
711 0.0 0.3 0:41.86
711 0.0 0.3 0:41.86
711 0.0 0.3 0:41.87
711 0.0 0.3 0:41.87
711 0.0 0.3 0:41.87
711 0.0 0.3 0:41.87
711 0.0 0.3 0:41.87
711 0.0 0.3 0:41.87
711 0.0 0.3 0:41.87
711 0.0 0.3 0:41.88
711 0.0 0.3 0:41.88
711 0.0 0.3 0:41.90
711 0.0 0.3 0:41.90
711 0.0 0.3 0:41.90
711 0.0 0.3 0:41.90
711 5.6 0.3 0:41.91
711 0.0 0.3 0:41.91
711 0.0 0.3 0:41.92
711 0.0 0.3 0:41.92
711 5.3 0.3 0:41.93
711 0.0 0.3 0:41.96
711 0.0 0.3 0:41.96
711 0.0 0.3 0:41.96
711 0.0 0.3 0:41.96
711 0.0 0.3 0:41.96
711 0.0 0.3 0:41.97
711 0.0 0.3 0:41.97
711 0.0 0.3 0:41.97
711 0.0 0.3 0:41.97
711 0.0 0.3 0:41.97
711 0.0 0.3 0:41.97
711 0.0 0.3 0:41.97
711 0.0 0.3 0:41.97
711 0.0 0.3 0:41.98
711 0.0 0.3 0:41.98
711 0.0 0.3 0:41.98
711 0.0 0.3 0:41.99
711 0.0 0.3 0:41.99
711 0.0 0.3 0:41.99
711 0.0 0.3 0:42.00
711 0.0 0.3 0:42.00
711 0.0 0.3 0:42.00
711 0.0 0.3 0:42.00
711 0.0 0.3 0:42.00
711 0.0 0.3 0:42.00
711 0.0 0.3 0:42.00
711 0.0 0.3 0:42.00
711 0.0 0.3 0:42.00
711 0.0 0.3 0:42.00
711 0.0 0.3 0:42.00
711 0.0 0.3 0:42.01
711 0.0 0.3 0:42.01
711 0.0 0.3 0:42.01
711 5.6 0.3 0:42.02
711 0.0 0.3 0:42.02
711 0.0 0.3 0:42.02
711 0.0 0.3 0:42.02
711 0.0 0.3 0:42.03
711 0.0 0.3 0:42.03
711 0.0 0.3 0:42.03
711 0.0 0.3 0:42.03
711 0.0 0.3 0:42.04
711 0.0 0.3 0:42.04
711 0.0 0.3 0:42.04
711 0.0 0.3 0:42.04
711 0.0 0.3 0:42.04
711 0.0 0.3 0:42.05
711 0.0 0.3 0:42.05
711 5.6 0.3 0:42.06
711 0.0 0.3 0:42.06
711 0.0 0.3 0:42.06
711 0.0 0.3 0:42.07
711 0.0 0.3 0:42.07
711 0.0 0.3 0:42.08
711 0.0 0.3 0:42.08
711 0.0 0.3 0:42.09
711 0.0 0.3 0:42.09
711 0.0 0.3 0:42.09
711 0.0 0.3 0:42.09
711 0.0 0.3 0:42.09
711 0.0 0.3 0:42.10
711 0.0 0.3 0:42.10
711 0.0 0.3 0:42.10
711 0.0 0.3 0:42.10
711 0.0 0.3 0:42.11
711 0.0 0.3 0:42.11
711 0.0 0.3 0:42.11
711 0.0 0.3 0:42.11
711 0.0 0.3 0:42.11
711 0.0 0.3 0:42.12
711 0.0 0.3 0:42.12
711 0.0 0.3 0:42.12
711 0.0 0.3 0:42.12
711 0.0 0.3 0:42.12
711 0.0 0.3 0:42.12
711 0.0 0.3 0:42.13
711 0.0 0.3 0:42.13
711 0.0 0.3 0:42.13
711 0.0 0.3 0:42.13
711 0.0 0.3 0:42.13
711 0.0 0.3 0:42.13
711 0.0 0.3 0:42.13
711 0.0 0.3 0:42.14
711 0.0 0.3 0:42.14
711 0.0 0.3 0:42.14
711 5.6 0.3 0:42.15
711 0.0 0.3 0:42.15
711 0.0 0.3 0:42.15
711 0.0 0.3 0:42.17
711 0.0 0.3 0:42.17
711 0.0 0.3 0:42.17
711 0.0 0.3 0:42.17
711 0.0 0.3 0:42.17
711 0.0 0.3 0:42.17
711 0.0 0.3 0:42.19
711 0.0 0.3 0:42.19
711 0.0 0.3 0:42.19
711 0.0 0.3 0:42.19
711 0.0 0.3 0:42.19
711 0.0 0.3 0:42.19
711 0.0 0.3 0:42.19
711 0.0 0.3 0:42.19
711 0.0 0.3 0:42.19
711 0.0 0.3 0:42.20
711 0.0 0.3 0:42.20
711 0.0 0.3 0:42.21
711 5.6 0.3 0:42.22
711 0.0 0.3 0:42.22
711 0.0 0.3 0:42.23
711 0.0 0.3 0:42.23
711 0.0 0.3 0:42.24
711 0.0 0.3 0:42.24
711 0.0 0.3 0:42.24
711 5.6 0.3 0:42.25
711 0.0 0.3 0:42.25
711 0.0 0.3 0:42.25
711 5.6 0.3 0:42.26
711 0.0 0.3 0:42.26
711 0.0 0.3 0:42.26
711 0.0 0.3 0:42.28
711 0.0 0.3 0:42.28
711 5.3 0.3 0:42.29
711 0.0 0.3 0:42.29
711 0.0 0.3 0:42.31
711 0.0 0.3 0:42.31
711 0.0 0.3 0:42.31
711 0.0 0.3 0:42.32
711 0.0 0.3 0:42.32
711 0.0 0.3 0:42.35
711 0.0 0.3 0:42.35
711 0.0 0.3 0:42.35
711 0.0 0.3 0:42.35
711 0.0 0.3 0:42.35
711 0.0 0.3 0:42.35
711 0.0 0.3 0:42.36
7112 15.8 0.2 0:00.03
711 0.0 0.3 0:42.36
711 0.0 0.3 0:42.38
711 0.0 0.3 0:42.38
711 0.0 0.3 0:42.38
711 0.0 0.3 0:42.38
711 0.0 0.3 0:42.38
711 0.0 0.3 0:42.38
711 0.0 0.3 0:42.38
711 0.0 0.3 0:42.39
711 5.9 0.3 0:42.40
711 0.0 0.3 0:42.40
711 0.0 0.3 0:42.41
711 0.0 0.3 0:42.41
711 0.0 0.3 0:42.41
711 0.0 0.3 0:42.41
711 0.0 0.3 0:42.41
711 0.0 0.3 0:42.41
711 0.0 0.3 0:42.42
711 0.0 0.3 0:42.42
711 0.0 0.3 0:42.43
711 0.0 0.3 0:42.44
711 0.0 0.3 0:42.44
711 0.0 0.3 0:42.45
711 0.0 0.3 0:42.46
711 0.0 0.3 0:42.47
711 0.0 0.3 0:42.47
711 16.7 0.3 0:42.50
711 0.0 0.3 0:42.50
711 0.0 0.3 0:42.50
711 0.0 0.3 0:42.50
711 0.0 0.3 0:42.50
711 0.0 0.3 0:42.50
711 0.0 0.3 0:42.50
711 0.0 0.3 0:42.50
711 0.0 0.3 0:42.50
711 0.0 0.3 0:42.50
711 0.0 0.3 0:42.50
711 5.3 0.3 0:42.52
8711 16.7 0.2 0:00.03
711 0.0 0.3 0:42.52
711 0.0 0.3 0:42.53
711 0.0 0.3 0:42.53
711 0.0 0.3 0:42.53
711 0.0 0.3 0:42.53
711 0.0 0.3 0:42.55
711 0.0 0.3 0:42.55
711 0.0 0.3 0:42.55
711 0.0 0.3 0:42.55
711 0.0 0.3 0:42.55
711 0.0 0.3 0:42.55
711 0.0 0.3 0:42.56
711 0.0 0.3 0:42.56
711 0.0 0.3 0:42.56
711 0.0 0.3 0:42.57
711 0.0 0.3 0:42.58
711 5.6 0.3 0:42.59
711 0.0 0.3 0:42.59
711 0.0 0.3 0:42.59
711 0.0 0.3 0:42.60
711 0.0 0.3 0:42.60
711 0.0 0.3 0:42.60
711 0.0 0.3 0:42.60
9711 16.7 0.2 0:00.03
711 0.0 0.3 0:42.61
711 0.0 0.3 0:42.61
711 0.0 0.3 0:42.61
711 0.0 0.3 0:42.61
711 0.0 0.3 0:42.62
711 0.0 0.3 0:42.62
711 11.1 0.3 0:42.64
711 0.0 0.3 0:42.64
711 0.0 0.3 0:42.64
711 0.0 0.3 0:42.64
711 0.0 0.3 0:42.64
711 0.0 0.3 0:42.64
711 0.0 0.3 0:42.64
711 0.0 0.3 0:42.64
711 0.0 0.3 0:42.64
711 0.0 0.3 0:42.64
711 0.0 0.3 0:42.64
711 0.0 0.3 0:42.65
711 0.0 0.3 0:42.65
711 0.0 0.3 0:42.65
711 0.0 0.3 0:42.65
711 0.0 0.3 0:42.65
711 0.0 0.3 0:42.65
711 0.0 0.3 0:42.65
711 0.0 0.3 0:42.65
711 0.0 0.3 0:42.65
711 0.0 0.3 0:42.65
711 0.0 0.3 0:42.65
711 0.0 0.3 0:42.65
711 0.0 0.3 0:42.65
711 0.0 0.3 0:42.65
711 0.0 0.3 0:42.65
711 0.0 0.3 0:42.65
711 0.0 0.3 0:42.65
711 0.0 0.3 0:42.65
