707 0.0 0.4 0:05.89
707 5.6 0.4 0:05.94
707 5.6 0.4 0:05.98
707 5.0 0.4 0:06.01
707 4.8 0.4 0:06.05
707 5.6 0.4 0:06.08
707 0.0 0.4 0:06.12
707 5.6 0.4 0:06.16
707 5.6 0.4 0:06.20
707 5.3 0.4 0:06.24
707 0.0 0.4 0:06.27
707 0.0 0.4 0:06.31
707 5.3 0.4 0:06.35
707 0.0 0.4 0:06.39
707 5.6 0.4 0:06.43
707 0.0 0.4 0:06.47
707 5.0 0.4 0:06.51
707 5.6 0.4 0:06.55
707 5.3 0.4 0:06.58
707 0.0 0.4 0:06.62
707 0.0 0.4 0:06.65
707 5.0 0.4 0:06.69
707 0.0 0.4 0:06.72
707 0.0 0.4 0:06.75
707 5.6 0.4 0:06.78
707 5.3 0.4 0:06.82
707 0.0 0.4 0:06.86
707 5.6 0.4 0:06.90
707 5.3 0.4 0:06.94
707 5.3 0.4 0:06.97
707 4.8 0.4 0:07.01
707 0.0 0.4 0:07.04
707 0.0 0.4 0:07.08
707 5.3 0.4 0:07.12
707 5.6 0.4 0:07.15
707 0.0 0.4 0:07.20
707 0.0 0.4 0:07.23
707 0.0 0.4 0:07.26
707 0.0 0.4 0:07.29
707 0.0 0.4 0:07.32
707 0.0 0.4 0:07.35
707 5.3 0.4 0:07.39
707 11.1 0.4 0:07.43
707 0.0 0.4 0:07.46
707 5.3 0.4 0:07.50
707 0.0 0.4 0:07.53
707 5.3 0.4 0:07.56
707 5.0 0.4 0:07.61
707 0.0 0.4 0:07.65
707 5.3 0.4 0:07.69
707 5.3 0.4 0:07.73
707 0.0 0.4 0:07.76
707 5.6 0.4 0:07.80
707 5.3 0.4 0:07.83
707 5.3 0.4 0:07.87
707 5.6 0.4 0:07.90
707 5.3 0.4 0:07.94
707 0.0 0.4 0:07.97
707 5.6 0.4 0:08.01
707 5.6 0.4 0:08.05
707 5.3 0.4 0:08.09
707 5.3 0.4 0:08.12
707 0.0 0.4 0:08.15
707 15.8 0.4 0:08.22
707 0.0 0.4 0:08.24
707 5.6 0.4 0:08.28
707 5.3 0.4 0:08.32
707 0.0 0.4 0:08.35
707 5.3 0.4 0:08.39
707 0.0 0.4 0:08.42
707 0.0 0.4 0:08.46
707 5.0 0.4 0:08.50
707 0.0 0.4 0:08.54
707 0.0 0.4 0:08.58
707 5.3 0.4 0:08.64
707 0.0 0.4 0:08.68
707 5.3 0.4 0:08.71
707 0.0 0.4 0:08.74
707 0.0 0.4 0:08.77
707 0.0 0.4 0:08.77
707 0.0 0.4 0:08.77
707 0.0 0.4 0:08.77
707 0.0 0.4 0:08.77
707 0.0 0.4 0:08.77
707 0.0 0.4 0:08.77
707 0.0 0.4 0:08.77
707 0.0 0.4 0:08.77
707 0.0 0.4 0:08.77
707 0.0 0.4 0:08.77
707 0.0 0.4 0:08.77
707 0.0 0.4 0:08.77
