709 5.6 0.4 0:58.76
709 0.0 0.4 0:58.78
709 5.0 0.4 0:58.81
709 0.0 0.4 0:58.83
709 5.3 0.4 0:58.85
709 0.0 0.4 0:58.86
709 0.0 0.4 0:58.88
709 0.0 0.4 0:58.89
709 0.0 0.4 0:58.89
709 0.0 0.4 0:58.89
709 0.0 0.4 0:58.89
709 0.0 0.4 0:58.89
709 0.0 0.4 0:58.89
709 0.0 0.4 0:58.89
709 0.0 0.4 0:58.89
709 0.0 0.4 0:58.89
709 0.0 0.4 0:58.89
709 0.0 0.4 0:58.90
709 0.0 0.4 0:58.90
709 0.0 0.4 0:58.91
709 0.0 0.4 0:58.94
709 0.0 0.4 0:58.96
709 0.0 0.4 0:58.96
709 0.0 0.4 0:58.98
709 5.6 0.4 0:59.00
709 0.0 0.4 0:59.00
709 0.0 0.4 0:59.00
709 0.0 0.4 0:59.00
709 0.0 0.4 0:59.00
709 0.0 0.4 0:59.00
709 0.0 0.4 0:59.00
709 0.0 0.4 0:59.00
709 0.0 0.4 0:59.00
709 0.0 0.4 0:59.00
709 0.0 0.4 0:59.00
709 0.0 0.4 0:59.01
709 0.0 0.4 0:59.01
709 5.6 0.4 0:59.04
709 0.0 0.4 0:59.06
709 0.0 0.4 0:59.06
709 0.0 0.4 0:59.08
709 0.0 0.4 0:59.09
709 0.0 0.4 0:59.09
709 0.0 0.4 0:59.10
709 0.0 0.4 0:59.10
709 0.0 0.4 0:59.10
709 0.0 0.4 0:59.10
709 0.0 0.4 0:59.10
709 0.0 0.4 0:59.10
709 0.0 0.4 0:59.10
709 0.0 0.4 0:59.10
709 0.0 0.4 0:59.10
709 0.0 0.4 0:59.10
709 0.0 0.4 0:59.10
709 0.0 0.4 0:59.11
709 0.0 0.4 0:59.12
709 5.3 0.4 0:59.15
709 0.0 0.4 0:59.17
709 0.0 0.4 0:59.21
709 0.0 0.4 0:59.22
709 0.0 0.4 0:59.23
709 0.0 0.4 0:59.25
709 0.0 0.4 0:59.25
709 0.0 0.4 0:59.25
709 0.0 0.4 0:59.25
709 0.0 0.4 0:59.25
709 0.0 0.4 0:59.25
709 0.0 0.4 0:59.25
709 0.0 0.4 0:59.25
709 0.0 0.4 0:59.25
709 0.0 0.4 0:59.25
709 0.0 0.4 0:59.25
709 0.0 0.4 0:59.27
709 0.0 0.4 0:59.27
709 0.0 0.4 0:59.31
709 0.0 0.4 0:59.32
709 0.0 0.4 0:59.35
709 0.0 0.4 0:59.37
709 0.0 0.4 0:59.38
709 0.0 0.4 0:59.40
709 0.0 0.4 0:59.40
709 0.0 0.4 0:59.40
709 0.0 0.4 0:59.40
709 0.0 0.4 0:59.40
709 0.0 0.4 0:59.40
709 0.0 0.4 0:59.40
709 0.0 0.4 0:59.40
709 0.0 0.4 0:59.40
709 0.0 0.4 0:59.40
709 0.0 0.4 0:59.40
709 5.3 0.4 0:59.41
709 0.0 0.4 0:59.42
709 0.0 0.4 0:59.42
709 5.6 0.4 0:59.46
709 5.3 0.4 0:59.48
709 0.0 0.4 0:59.52
709 0.0 0.4 0:59.54
709 11.1 0.4 0:59.57
709 0.0 0.4 0:59.57
709 0.0 0.4 0:59.57
709 0.0 0.4 0:59.57
709 0.0 0.4 0:59.57
709 0.0 0.4 0:59.57
709 0.0 0.4 0:59.57
709 0.0 0.4 0:59.57
709 0.0 0.4 0:59.57
709 0.0 0.4 0:59.57
709 0.0 0.4 0:59.57
709 0.0 0.4 0:59.57
709 0.0 0.4 0:59.61
709 0.0 0.4 0:59.61
709 0.0 0.4 0:59.62
709 0.0 0.4 0:59.62
709 0.0 0.4 0:59.64
709 0.0 0.4 0:59.65
709 0.0 0.4 0:59.66
709 0.0 0.4 0:59.68
709 0.0 0.4 0:59.68
709 0.0 0.4 0:59.69
709 0.0 0.4 0:59.69
709 0.0 0.4 0:59.69
709 0.0 0.4 0:59.69
709 0.0 0.4 0:59.69
709 0.0 0.4 0:59.69
709 0.0 0.4 0:59.69
709 0.0 0.4 0:59.69
709 0.0 0.4 0:59.69
709 5.9 0.4 0:59.70
709 0.0 0.4 0:59.70
709 0.0 0.4 0:59.70
709 0.0 0.4 0:59.71
709 0.0 0.4 0:59.73
709 5.6 0.4 0:59.74
709 0.0 0.4 0:59.76
709 5.0 0.4 0:59.77
709 0.0 0.4 0:59.77
709 0.0 0.4 0:59.77
709 0.0 0.4 0:59.77
709 0.0 0.4 0:59.77
709 0.0 0.4 0:59.77
709 0.0 0.4 0:59.77
709 0.0 0.4 0:59.77
709 0.0 0.4 0:59.77
709 0.0 0.4 0:59.77
709 0.0 0.4 0:59.79
709 0.0 0.4 0:59.79
709 0.0 0.4 0:59.82
709 0.0 0.4 0:59.83
709 0.0 0.4 0:59.87
709 0.0 0.4 0:59.91
709 0.0 0.4 0:59.93
709 0.0 0.4 0:59.97
709 0.0 0.4 0:59.99
709 0.0 0.4 1:00.01
709 0.0 0.4 1:00.01
709 0.0 0.4 1:00.01
709 0.0 0.4 1:00.01
709 0.0 0.4 1:00.01
709 0.0 0.4 1:00.01
709 0.0 0.4 1:00.01
709 0.0 0.4 1:00.01
709 0.0 0.4 1:00.01
709 0.0 0.4 1:00.01
709 0.0 0.4 1:00.01
709 0.0 0.4 1:00.03
709 0.0 0.4 1:00.05
709 11.1 0.4 1:00.07
709 0.0 0.4 1:00.09
709 0.0 0.4 1:00.13
709 0.0 0.4 1:00.13
709 0.0 0.4 1:00.13
709 0.0 0.4 1:00.15
709 0.0 0.4 1:00.15
709 0.0 0.4 1:00.15
709 0.0 0.4 1:00.15
709 0.0 0.4 1:00.15
709 0.0 0.4 1:00.15
709 0.0 0.4 1:00.15
709 0.0 0.4 1:00.15
709 0.0 0.4 1:00.15
709 5.3 0.4 1:00.16
709 0.0 0.4 1:00.16
709 0.0 0.4 1:00.16
709 5.6 0.4 1:00.17
709 0.0 0.4 1:00.18
709 0.0 0.4 1:00.20
709 0.0 0.4 1:00.23
709 0.0 0.4 1:00.25
709 0.0 0.4 1:00.26
709 0.0 0.4 1:00.26
709 0.0 0.4 1:00.27
709 0.0 0.4 1:00.27
709 0.0 0.4 1:00.27
709 0.0 0.4 1:00.27
709 0.0 0.4 1:00.27
709 0.0 0.4 1:00.27
709 0.0 0.4 1:00.27
709 0.0 0.4 1:00.27
709 0.0 0.4 1:00.28
709 0.0 0.4 1:00.28
709 0.0 0.4 1:00.28
709 0.0 0.4 1:00.28
709 0.0 0.4 1:00.28
709 0.0 0.4 1:00.28
709 0.0 0.4 1:00.28
709 0.0 0.4 1:00.28
709 0.0 0.4 1:00.28
709 0.0 0.4 1:00.28
709 0.0 0.4 1:00.28
709 0.0 0.4 1:00.28
709 0.0 0.4 1:00.28
709 0.0 0.4 1:00.28
709 0.0 0.4 1:00.28
709 0.0 0.4 1:00.28
709 0.0 0.4 1:00.28
709 0.0 0.4 1:00.28
709 0.0 0.4 1:00.28
709 0.0 0.4 1:00.28
709 0.0 0.4 1:00.28
