709 5.0 0.4 1:04.64
709 0.0 0.4 1:04.66
709 0.0 0.4 1:04.68
709 0.0 0.4 1:04.70
709 5.3 0.4 1:04.72
709 5.6 0.4 1:04.74
KiB used, 367096 buff/cache
709 0.0 0.4 1:04.77
709 0.0 0.4 1:04.77
709 0.0 0.4 1:04.77
709 0.0 0.4 1:04.77
709 0.0 0.4 1:04.77
709 0.0 0.4 1:04.77
21709 11.1 0.2 0:00.02
709 0.0 0.4 1:04.77
709 0.0 0.4 1:04.77
709 0.0 0.4 1:04.77
709 0.0 0.4 1:04.77
709 0.0 0.4 1:04.78
709 5.9 0.4 1:04.80
709 0.0 0.4 1:04.81
709 11.1 0.4 1:04.84
709 0.0 0.4 1:04.86
709 0.0 0.4 1:04.88
709 0.0 0.4 1:04.90
709 0.0 0.4 1:04.92
709 0.0 0.4 1:04.93
709 0.0 0.4 1:04.93
709 0.0 0.4 1:04.93
709 0.0 0.4 1:04.93
709 0.0 0.4 1:04.93
709 0.0 0.4 1:04.93
709 0.0 0.4 1:04.93
709 0.0 0.4 1:04.93
709 0.0 0.4 1:04.93
709 0.0 0.4 1:04.93
709 0.0 0.4 1:04.94
709 5.3 0.4 1:04.95
709 0.0 0.4 1:04.98
709 0.0 0.4 1:04.98
709 0.0 0.4 1:05.02
709 0.0 0.4 1:05.03
709 5.3 0.4 1:05.05
709 0.0 0.4 1:05.07
709 0.0 0.4 1:05.07
709 0.0 0.4 1:05.07
709 0.0 0.4 1:05.07
709 0.0 0.4 1:05.07
709 0.0 0.4 1:05.07
709 0.0 0.4 1:05.07
709 0.0 0.4 1:05.07
709 0.0 0.4 1:05.07
709 0.0 0.4 1:05.07
709 0.0 0.4 1:05.07
709 0.0 0.4 1:05.07
709 0.0 0.4 1:05.08
709 0.0 0.4 1:05.10
709 5.6 0.4 1:05.13
709 5.0 0.4 1:05.15
709 5.6 0.4 1:05.17
709 5.3 0.4 1:05.18
709 0.0 0.4 1:05.18
709 0.0 0.4 1:05.21
709 0.0 0.4 1:05.21
709 0.0 0.4 1:05.21
709 0.0 0.4 1:05.21
709 0.0 0.4 1:05.21
709 0.0 0.4 1:05.21
709 0.0 0.4 1:05.21
709 0.0 0.4 1:05.21
709 0.0 0.4 1:05.21
709 0.0 0.4 1:05.21
709 0.0 0.4 1:05.21
709 0.0 0.4 1:05.21
709 0.0 0.4 1:05.22
709 0.0 0.4 1:05.24
709 0.0 0.4 1:05.25
709 0.0 0.4 1:05.26
709 0.0 0.4 1:05.29
709 5.6 0.4 1:05.31
709 0.0 0.4 1:05.31
709 0.0 0.4 1:05.32
709 0.0 0.4 1:05.32
709 0.0 0.4 1:05.32
709 0.0 0.4 1:05.32
709 0.0 0.4 1:05.32
709 0.0 0.4 1:05.32
709 0.0 0.4 1:05.32
709 0.0 0.4 1:05.33
709 0.0 0.4 1:05.33
709 0.0 0.4 1:05.33
709 5.3 0.4 1:05.34
709 0.0 0.4 1:05.34
709 0.0 0.4 1:05.34
709 0.0 0.4 1:05.35
709 0.0 0.4 1:05.36
709 0.0 0.4 1:05.37
709 0.0 0.4 1:05.38
709 0.0 0.4 1:05.40
709 0.0 0.4 1:05.40
709 0.0 0.4 1:05.40
709 0.0 0.4 1:05.40
709 0.0 0.4 1:05.40
709 0.0 0.4 1:05.40
709 0.0 0.4 1:05.40
709 0.0 0.4 1:05.40
709 0.0 0.4 1:05.41
709 0.0 0.4 1:05.41
709 0.0 0.4 1:05.41
709 0.0 0.4 1:05.41
709 5.3 0.4 1:05.44
709 5.6 0.4 1:05.46
709 0.0 0.4 1:05.47
709 5.6 0.4 1:05.52
709 5.3 0.4 1:05.56
709 0.0 0.4 1:05.56
709 5.6 0.4 1:05.61
709 0.0 0.4 1:05.61
709 0.0 0.4 1:05.63
709 0.0 0.4 1:05.63
709 0.0 0.4 1:05.63
709 0.0 0.4 1:05.63
709 0.0 0.4 1:05.63
709 0.0 0.4 1:05.63
709 0.0 0.4 1:05.63
709 0.0 0.4 1:05.63
709 0.0 0.4 1:05.63
709 0.0 0.4 1:05.63
709 0.0 0.4 1:05.63
709 0.0 0.4 1:05.63
709 5.0 0.4 1:05.67
709 0.0 0.4 1:05.67
709 5.6 0.4 1:05.69
709 0.0 0.4 1:05.70
709 0.0 0.4 1:05.71
709 0.0 0.4 1:05.72
709 0.0 0.4 1:05.73
709 0.0 0.4 1:05.73
709 0.0 0.4 1:05.73
709 0.0 0.4 1:05.73
709 0.0 0.4 1:05.73
709 0.0 0.4 1:05.73
709 0.0 0.4 1:05.73
709 0.0 0.4 1:05.73
709 0.0 0.4 1:05.73
27098 15.8 0.2 0:00.06
709 0.0 0.4 1:05.76
709 5.6 0.4 1:05.79
709 0.0 0.4 1:05.82
709 5.3 0.4 1:05.86
709 0.0 0.4 1:05.86
709 5.6 0.4 1:05.88
709 5.6 0.4 1:05.89
709 0.0 0.4 1:05.89
709 0.0 0.4 1:05.90
709 0.0 0.4 1:05.90
709 0.0 0.4 1:05.90
709 0.0 0.4 1:05.90
709 0.0 0.4 1:05.90
709 0.0 0.4 1:05.90
709 0.0 0.4 1:05.90
709 0.0 0.4 1:05.90
709 5.6 0.4 1:05.91
709 0.0 0.4 1:05.91
709 5.6 0.4 1:05.92
709 0.0 0.4 1:05.92
709 5.6 0.4 1:05.93
709 0.0 0.4 1:05.94
709 5.0 0.4 1:05.95
709 0.0 0.4 1:05.96
709 5.3 0.4 1:05.97
709 0.0 0.4 1:05.97
709 0.0 0.4 1:05.97
709 0.0 0.4 1:05.97
709 0.0 0.4 1:05.97
709 0.0 0.4 1:05.97
709 0.0 0.4 1:05.97
709 0.0 0.4 1:05.97
709 0.0 0.4 1:05.97
709 0.0 0.4 1:05.97
709 0.0 0.4 1:05.97
709 0.0 0.4 1:05.97
709 0.0 0.4 1:05.97
709 0.0 0.4 1:05.97
709 0.0 0.4 1:05.97
709 0.0 0.4 1:05.97
709 0.0 0.4 1:05.97
709 0.0 0.4 1:05.97
709 0.0 0.4 1:05.97
709 0.0 0.4 1:05.97
709 0.0 0.4 1:05.97
709 0.0 0.4 1:05.97
