704 0.0 0.1 0:00.00
704 0.0 0.1 0:00.00
704 0.0 0.1 0:00.00
704 0.0 0.1 0:00.00
704 0.0 0.1 0:00.00
704 0.0 0.1 0:00.00
704 0.0 0.1 0:00.00
704 0.0 0.1 0:00.00
704 0.0 0.1 0:00.00
704 0.0 0.1 0:00.00
704 0.0 0.1 0:00.00
704 0.0 0.1 0:00.00
704 0.0 0.1 0:00.00
704 0.0 0.1 0:00.00
704 0.0 0.1 0:00.00
704 0.0 0.1 0:00.00
704 0.0 0.1 0:00.00
704 0.0 0.1 0:00.00
704 0.0 0.1 0:00.00
704 0.0 0.1 0:00.00
704 0.0 0.1 0:00.00
704 0.0 0.1 0:00.00
704 0.0 0.1 0:00.00
704 0.0 0.1 0:00.00
704 0.0 0.1 0:00.00
704 0.0 0.1 0:00.00
704 0.0 0.1 0:00.00
704 0.0 0.1 0:00.00
704 0.0 0.1 0:00.00
704 0.0 0.1 0:00.00
704 0.0 0.1 0:00.00
704 0.0 0.1 0:00.00
704 0.0 0.1 0:00.00
704 0.0 0.1 0:00.00
704 0.0 0.1 0:00.00
704 0.0 0.1 0:00.00
704 0.0 0.1 0:00.00
704 0.0 0.1 0:00.00
704 0.0 0.1 0:00.00
KiB used, 264112 buff/cache
704 0.0 0.1 0:00.00
704 0.0 0.1 0:00.00
704 0.0 0.1 0:00.00
704 0.0 0.1 0:00.00
704 0.0 0.1 0:00.00
704 0.0 0.1 0:00.00
704 0.0 0.1 0:00.00
704 0.0 0.1 0:00.00
704 0.0 0.1 0:00.00
704 0.0 0.1 0:00.00
704 0.0 0.1 0:00.00
704 0.0 0.1 0:00.00
704 0.0 0.1 0:00.00
704 0.0 0.1 0:00.00
704 0.0 0.1 0:00.00
KiB used, 264136 buff/cache
704 0.0 0.1 0:00.00
704 0.0 0.1 0:00.00
704 0.0 0.1 0:00.00
704 0.0 0.1 0:00.00
704 0.0 0.1 0:00.00
704 0.0 0.1 0:00.00
704 0.0 0.1 0:00.00
704 0.0 0.1 0:00.00
704 0.0 0.1 0:00.00
704 0.0 0.1 0:00.00
704 0.0 0.1 0:00.00
704 0.0 0.1 0:00.00
704 0.0 0.1 0:00.00
704 0.0 0.1 0:00.00
704 0.0 0.1 0:00.00
704 0.0 0.1 0:00.00
704 0.0 0.1 0:00.00
704 0.0 0.1 0:00.00
704 0.0 0.1 0:00.00
704 0.0 0.1 0:00.00
704 0.0 0.1 0:00.00
KiB 1539704 avail Mem
704 0.0 0.1 0:00.00
704 0.0 0.1 0:00.00
704 0.0 0.1 0:00.00
704 0.0 0.1 0:00.00
704 0.0 0.1 0:00.00
704 0.0 0.1 0:00.00
704 0.0 0.1 0:00.00
704 0.0 0.1 0:00.00
704 0.0 0.1 0:00.00
704 0.0 0.1 0:00.00
704 0.0 0.1 0:00.00
704 0.0 0.1 0:00.00
704 0.0 0.1 0:00.00
704 0.0 0.1 0:00.00
704 0.0 0.1 0:00.00
704 0.0 0.1 0:00.00
704 0.0 0.1 0:00.00
704 0.0 0.1 0:00.00
704 0.0 0.1 0:00.00
704 0.0 0.1 0:00.00
704 0.0 0.1 0:00.00
704 0.0 0.1 0:00.00
704 0.0 0.1 0:00.00
704 0.0 0.1 0:00.00
704 0.0 0.1 0:00.00
704 0.0 0.1 0:00.00
704 0.0 0.1 0:00.00
704 0.0 0.1 0:00.00
704 0.0 0.1 0:00.00
704 0.0 0.1 0:00.00
704 0.0 0.1 0:00.00
704 0.0 0.1 0:00.00
704 0.0 0.1 0:00.00
704 0.0 0.1 0:00.00
704 0.0 0.1 0:00.00
704 0.0 0.1 0:00.00
704 0.0 0.1 0:00.00
704 0.0 0.1 0:00.00
704 0.0 0.1 0:00.00
704 0.0 0.1 0:00.00
704 0.0 0.1 0:00.00
704 0.0 0.1 0:00.00
704 0.0 0.1 0:00.00
704 0.0 0.1 0:00.00
704 0.0 0.1 0:00.00
704 0.0 0.1 0:00.00
704 0.0 0.1 0:00.00
704 0.0 0.1 0:00.00
704 0.0 0.1 0:00.00
704 0.0 0.1 0:00.00
704 0.0 0.1 0:00.00
14704 11.1 0.2 0:00.04
704 0.0 0.1 0:00.00
704 0.0 0.1 0:00.00
704 0.0 0.1 0:00.00
704 0.0 0.1 0:00.00
704 0.0 0.1 0:00.00
704 0.0 0.1 0:00.00
704 0.0 0.1 0:00.00
704 0.0 0.1 0:00.00
704 0.0 0.1 0:00.00
704 0.0 0.1 0:00.00
704 0.0 0.1 0:00.00
704 0.0 0.1 0:00.00
704 0.0 0.1 0:00.00
704 0.0 0.1 0:00.00
704 0.0 0.1 0:00.00
704 0.0 0.1 0:00.00
704 0.0 0.1 0:00.00
KiB used, 264680 buff/cache
704 0.0 0.1 0:00.00
704 0.0 0.1 0:00.00
704 0.0 0.1 0:00.00
KiB used, 264704 buff/cache
KiB used, 264704 buff/cache
704 0.0 0.1 0:00.00
704 0.0 0.1 0:00.00
KiB used, 264704 buff/cache
704 0.0 0.1 0:00.00
704 0.0 0.1 0:00.00
704 0.0 0.1 0:00.00
704 0.0 0.1 0:00.00
704 0.0 0.1 0:00.00
704 0.0 0.1 0:00.00
704 0.0 0.1 0:00.00
704 0.0 0.1 0:00.00
704 0.0 0.1 0:00.00
704 0.0 0.1 0:00.00
704 0.0 0.1 0:00.00
704 0.0 0.1 0:00.00
704 0.0 0.1 0:00.00
704 0.0 0.1 0:00.00
KiB used, 264836 buff/cache
704 0.0 0.1 0:00.00
704 0.0 0.1 0:00.00
704 0.0 0.1 0:00.00
704 0.0 0.1 0:00.00
704 0.0 0.1 0:00.00
704 0.0 0.1 0:00.00
704 0.0 0.1 0:00.00
704 0.0 0.1 0:00.00
704 0.0 0.1 0:00.00
704 0.0 0.1 0:00.00
704 0.0 0.1 0:00.00
704 0.0 0.1 0:00.00
704 0.0 0.1 0:00.00
704 0.0 0.1 0:00.00
704 0.0 0.1 0:00.00
17041 11.1 0.2 0:00.04
704 0.0 0.1 0:00.00
704 0.0 0.1 0:00.00
704 0.0 0.1 0:00.00
704 0.0 0.1 0:00.00
704 0.0 0.1 0:00.00
704 0.0 0.1 0:00.00
704 0.0 0.1 0:00.00
704 0.0 0.1 0:00.00
704 0.0 0.1 0:00.00
704 0.0 0.1 0:00.00
704 0.0 0.1 0:00.00
704 0.0 0.1 0:00.00
704 0.0 0.1 0:00.00
704 0.0 0.1 0:00.00
704 0.0 0.1 0:00.00
704 0.0 0.1 0:00.00
704 0.0 0.1 0:00.00
704 0.0 0.1 0:00.00
704 0.0 0.1 0:00.00
704 0.0 0.1 0:00.00
704 0.0 0.1 0:00.00
704 0.0 0.1 0:00.00
704 0.0 0.1 0:00.00
704 0.0 0.1 0:00.00
704 0.0 0.1 0:00.00
704 0.0 0.1 0:00.00
704 0.0 0.1 0:00.00
704 0.0 0.1 0:00.00
704 0.0 0.1 0:00.00
704 0.0 0.1 0:00.00
704 0.0 0.1 0:00.00
704 0.0 0.1 0:00.00
704 0.0 0.1 0:00.00
704 0.0 0.1 0:00.00
704 0.0 0.1 0:00.00
704 0.0 0.1 0:00.00
KiB used, 265088 buff/cache
704 0.0 0.1 0:00.00
704 0.0 0.1 0:00.00
704 0.0 0.1 0:00.00
704 0.0 0.1 0:00.00
704 0.0 0.1 0:00.00
704 0.0 0.1 0:00.00
704 0.0 0.1 0:00.00
704 0.0 0.1 0:00.00
704 0.0 0.1 0:00.00
704 0.0 0.1 0:00.00
704 0.0 0.1 0:00.00
KiB 1540704 avail Mem
