704 0.0 0.1 0:00.00
704 0.0 0.1 0:00.00
704 0.0 0.1 0:00.00
704 0.0 0.1 0:00.00
704 0.0 0.1 0:00.00
704 0.0 0.1 0:00.00
704 0.0 0.1 0:00.00
KiB used, 262568 buff/cache
704 0.0 0.1 0:00.00
704 0.0 0.1 0:00.00
704 0.0 0.1 0:00.00
704 0.0 0.1 0:00.00
704 0.0 0.1 0:00.00
704 0.0 0.1 0:00.00
704 0.0 0.1 0:00.00
704 0.0 0.1 0:00.00
704 0.0 0.1 0:00.00
704 0.0 0.1 0:00.00
704 0.0 0.1 0:00.00
704 0.0 0.1 0:00.00
307 0.0 0.0 0:00.00
349 0.0 0.0 0:00.00
382 0.0 0.0 0:00.00
426 0.0 0.0 0:00.00
471 0.0 0.0 0:00.00
513 0.0 0.0 0:00.00
584 0.0 0.0 0:00.00
617 0.0 0.0 0:00.00
665 0.0 0.0 0:00.00
704 0.0 0.1 0:00.00
704 0.0 0.1 0:00.00
704 0.0 0.1 0:00.00
704 0.0 0.1 0:00.00
704 0.0 0.1 0:00.00
704 0.0 0.1 0:00.00
704 0.0 0.1 0:00.00
704 0.0 0.1 0:00.00
704 0.0 0.1 0:00.00
704 0.0 0.1 0:00.00
704 0.0 0.1 0:00.00
704 0.0 0.1 0:00.00
704 0.0 0.1 0:00.00
704 0.0 0.1 0:00.00
704 0.0 0.1 0:00.00
704 0.0 0.1 0:00.00
704 0.0 0.1 0:00.00
704 0.0 0.1 0:00.00
704 0.0 0.1 0:00.00
704 0.0 0.1 0:00.00
704 0.0 0.1 0:00.00
704 0.0 0.1 0:00.00
704 0.0 0.1 0:00.00
704 0.0 0.1 0:00.00
704 0.0 0.1 0:00.00
704 0.0 0.1 0:00.00
704 0.0 0.1 0:00.00
704 0.0 0.1 0:00.00
704 0.0 0.1 0:00.00
704 0.0 0.1 0:00.00
KiB used, 262864 buff/cache
704 0.0 0.1 0:00.00
704 0.0 0.1 0:00.00
704 0.0 0.1 0:00.00
704 0.0 0.1 0:00.00
704 0.0 0.1 0:00.00
704 0.0 0.1 0:00.00
704 0.0 0.1 0:00.00
704 0.0 0.1 0:00.00
704 0.0 0.1 0:00.00
704 0.0 0.1 0:00.00
704 0.0 0.1 0:00.00
704 0.0 0.1 0:00.00
704 0.0 0.1 0:00.00
704 0.0 0.1 0:00.00
704 0.0 0.1 0:00.00
704 0.0 0.1 0:00.00
704 0.0 0.1 0:00.00
704 0.0 0.1 0:00.00
704 0.0 0.1 0:00.00
704 0.0 0.1 0:00.00
704 0.0 0.1 0:00.00
704 0.0 0.1 0:00.00
704 0.0 0.1 0:00.00
704 0.0 0.1 0:00.00
704 0.0 0.1 0:00.00
704 0.0 0.1 0:00.00
704 0.0 0.1 0:00.00
704 0.0 0.1 0:00.00
KiB used, 262964 buff/cache
704 0.0 0.1 0:00.00
704 0.0 0.1 0:00.00
704 0.0 0.1 0:00.00
704 0.0 0.1 0:00.00
704 0.0 0.1 0:00.00
704 0.0 0.1 0:00.00
704 0.0 0.1 0:00.00
704 0.0 0.1 0:00.00
704 0.0 0.1 0:00.00
704 0.0 0.1 0:00.00
704 0.0 0.1 0:00.00
704 0.0 0.1 0:00.00
704 0.0 0.1 0:00.00
704 0.0 0.1 0:00.00
704 0.0 0.1 0:00.00
704 0.0 0.1 0:00.00
704 0.0 0.1 0:00.00
704 0.0 0.1 0:00.00
704 0.0 0.1 0:00.00
704 0.0 0.1 0:00.00
704 0.0 0.1 0:00.00
704 0.0 0.1 0:00.00
704 0.0 0.1 0:00.00
704 0.0 0.1 0:00.00
704 0.0 0.1 0:00.00
704 0.0 0.1 0:00.00
704 0.0 0.1 0:00.00
704 0.0 0.1 0:00.00
704 0.0 0.1 0:00.00
704 0.0 0.1 0:00.00
704 0.0 0.1 0:00.00
704 0.0 0.1 0:00.00
704 0.0 0.1 0:00.00
704 0.0 0.1 0:00.00
704 0.0 0.1 0:00.00
704 0.0 0.1 0:00.00
704 0.0 0.1 0:00.00
704 0.0 0.1 0:00.00
704 0.0 0.1 0:00.00
704 0.0 0.1 0:00.00
704 0.0 0.1 0:00.00
704 0.0 0.1 0:00.00
704 0.0 0.1 0:00.00
704 0.0 0.1 0:00.00
704 0.0 0.1 0:00.00
704 0.0 0.1 0:00.00
704 0.0 0.1 0:00.00
KiB used, 263256 buff/cache
704 0.0 0.1 0:00.00
704 0.0 0.1 0:00.00
704 0.0 0.1 0:00.00
704 0.0 0.1 0:00.00
704 0.0 0.1 0:00.00
704 0.0 0.1 0:00.00
704 0.0 0.1 0:00.00
704 0.0 0.1 0:00.00
704 0.0 0.1 0:00.00
704 0.0 0.1 0:00.00
704 0.0 0.1 0:00.00
KiB 1539704 avail Mem
704 0.0 0.1 0:00.00
704 0.0 0.1 0:00.00
704 0.0 0.1 0:00.00
704 0.0 0.1 0:00.00
704 0.0 0.1 0:00.00
704 0.0 0.1 0:00.00
704 0.0 0.1 0:00.00
704 0.0 0.1 0:00.00
704 0.0 0.1 0:00.00
704 0.0 0.1 0:00.00
704 0.0 0.1 0:00.00
704 0.0 0.1 0:00.00
704 0.0 0.1 0:00.00
704 0.0 0.1 0:00.00
704 0.0 0.1 0:00.00
704 0.0 0.1 0:00.00
704 0.0 0.1 0:00.00
704 0.0 0.1 0:00.00
704 0.0 0.1 0:00.00
704 0.0 0.1 0:00.00
KiB 1540704 avail Mem
704 0.0 0.1 0:00.00
704 0.0 0.1 0:00.00
704 0.0 0.1 0:00.00
704 0.0 0.1 0:00.00
704 0.0 0.1 0:00.00
704 0.0 0.1 0:00.00
704 0.0 0.1 0:00.00
704 0.0 0.1 0:00.00
704 0.0 0.1 0:00.00
704 0.0 0.1 0:00.00
704 0.0 0.1 0:00.00
704 0.0 0.1 0:00.00
704 0.0 0.1 0:00.00
704 0.0 0.1 0:00.00
704 0.0 0.1 0:00.00
704 0.0 0.1 0:00.00
704 0.0 0.1 0:00.00
704 0.0 0.1 0:00.00
704 0.0 0.1 0:00.00
704 0.0 0.1 0:00.00
704 0.0 0.1 0:00.00
704 0.0 0.1 0:00.00
704 0.0 0.1 0:00.00
704 0.0 0.1 0:00.00
704 0.0 0.1 0:00.00
704 0.0 0.1 0:00.00
704 0.0 0.1 0:00.00
704 0.0 0.1 0:00.00
704 0.0 0.1 0:00.00
704 0.0 0.1 0:00.00
704 0.0 0.1 0:00.00
704 0.0 0.1 0:00.00
704 0.0 0.1 0:00.00
704 0.0 0.1 0:00.00
704 0.0 0.1 0:00.00
704 0.0 0.1 0:00.00
704 0.0 0.1 0:00.00
704 0.0 0.1 0:00.00
704 0.0 0.1 0:00.00
704 0.0 0.1 0:00.00
704 0.0 0.1 0:00.00
704 0.0 0.1 0:00.00
704 0.0 0.1 0:00.00
704 0.0 0.1 0:00.00
704 0.0 0.1 0:00.00
704 0.0 0.1 0:00.00
704 0.0 0.1 0:00.00
KiB used, 263708 buff/cache
KiB used, 263704 buff/cache
704 0.0 0.1 0:00.00
KiB used, 263704 buff/cache
704 0.0 0.1 0:00.00
704 0.0 0.1 0:00.00
704 0.0 0.1 0:00.00
704 0.0 0.1 0:00.00
704 0.0 0.1 0:00.00
704 0.0 0.1 0:00.00
704 0.0 0.1 0:00.00
704 0.0 0.1 0:00.00
704 0.0 0.1 0:00.00
704 0.0 0.1 0:00.00
704 0.0 0.1 0:00.00
704 0.0 0.1 0:00.00
704 0.0 0.1 0:00.00
KiB used, 263704 buff/cache
704 0.0 0.1 0:00.00
704 0.0 0.1 0:00.00
