705 21.1 0.3 0:11.04
705 0.0 0.3 0:11.06
705 0.0 0.3 0:11.06
705 0.0 0.3 0:11.06
705 0.0 0.3 0:11.06
705 0.0 0.3 0:11.06
705 0.0 0.3 0:11.06
705 0.0 0.3 0:11.06
705 0.0 0.3 0:11.06
705 0.0 0.3 0:11.06
705 0.0 0.3 0:11.06
705 0.0 0.3 0:11.06
705 0.0 0.3 0:11.06
705 0.0 0.3 0:11.06
705 0.0 0.3 0:11.06
705 0.0 0.3 0:11.06
705 0.0 0.3 0:11.06
705 0.0 0.3 0:11.06
705 0.0 0.3 0:11.07
705 0.0 0.3 0:11.11
705 0.0 0.3 0:11.11
705 0.0 0.3 0:11.11
705 0.0 0.3 0:11.11
705 0.0 0.3 0:11.11
705 0.0 0.3 0:11.11
705 0.0 0.3 0:11.11
705 0.0 0.3 0:11.11
705 0.0 0.3 0:11.11
705 0.0 0.3 0:11.11
705 0.0 0.3 0:11.11
705 0.0 0.3 0:11.11
705 0.0 0.3 0:11.11
705 0.0 0.3 0:11.11
705 0.0 0.3 0:11.11
705 0.0 0.3 0:11.11
705 0.0 0.3 0:11.12
705 0.0 0.3 0:11.12
705 0.0 0.3 0:11.16
705 0.0 0.3 0:11.16
705 0.0 0.3 0:11.16
705 0.0 0.3 0:11.16
705 0.0 0.3 0:11.16
705 0.0 0.3 0:11.16
705 0.0 0.3 0:11.16
705 0.0 0.3 0:11.16
705 0.0 0.3 0:11.16
705 0.0 0.3 0:11.16
705 0.0 0.3 0:11.16
705 0.0 0.3 0:11.16
705 0.0 0.3 0:11.16
705 0.0 0.3 0:11.16
705 0.0 0.3 0:11.16
705 0.0 0.3 0:11.16
705 0.0 0.3 0:11.16
705 0.0 0.3 0:11.16
705 5.9 0.3 0:11.18
705 0.0 0.3 0:11.20
705 0.0 0.3 0:11.20
705 0.0 0.3 0:11.20
705 0.0 0.3 0:11.20
705 0.0 0.3 0:11.20
705 0.0 0.3 0:11.20
705 0.0 0.3 0:11.20
705 0.0 0.3 0:11.20
705 0.0 0.3 0:11.20
705 0.0 0.3 0:11.20
705 0.0 0.3 0:11.20
705 0.0 0.3 0:11.20
16705 10.5 0.2 0:00.03
705 0.0 0.3 0:11.20
705 0.0 0.3 0:11.20
705 0.0 0.3 0:11.20
705 0.0 0.3 0:11.20
705 0.0 0.3 0:11.20
705 0.0 0.3 0:11.23
705 0.0 0.3 0:11.23
705 0.0 0.3 0:11.23
705 0.0 0.3 0:11.23
705 0.0 0.3 0:11.23
705 0.0 0.3 0:11.23
705 0.0 0.3 0:11.23
705 0.0 0.3 0:11.23
705 0.0 0.3 0:11.23
705 0.0 0.3 0:11.23
705 0.0 0.3 0:11.23
705 0.0 0.3 0:11.23
705 0.0 0.3 0:11.23
705 0.0 0.3 0:11.23
705 0.0 0.3 0:11.24
705 0.0 0.3 0:11.25
705 0.0 0.3 0:11.25
705 5.6 0.3 0:11.26
705 0.0 0.3 0:11.29
705 0.0 0.3 0:11.29
705 0.0 0.3 0:11.29
705 0.0 0.3 0:11.29
705 0.0 0.3 0:11.29
705 0.0 0.3 0:11.29
705 0.0 0.3 0:11.29
705 0.0 0.3 0:11.29
705 0.0 0.3 0:11.29
705 0.0 0.3 0:11.29
705 0.0 0.3 0:11.29
705 0.0 0.3 0:11.29
705 0.0 0.3 0:11.29
705 0.0 0.3 0:11.29
705 0.0 0.3 0:11.29
705 0.0 0.3 0:11.29
705 0.0 0.3 0:11.30
705 0.0 0.3 0:11.30
705 5.6 0.3 0:11.31
705 0.0 0.3 0:11.32
705 0.0 0.3 0:11.32
705 0.0 0.3 0:11.32
705 0.0 0.3 0:11.32
705 0.0 0.3 0:11.32
705 0.0 0.3 0:11.32
18705 11.1 0.2 0:00.04
705 0.0 0.3 0:11.32
705 0.0 0.3 0:11.32
705 0.0 0.3 0:11.32
705 0.0 0.3 0:11.32
705 0.0 0.3 0:11.32
705 0.0 0.3 0:11.32
705 0.0 0.3 0:11.32
705 11.1 0.3 0:11.34
705 0.0 0.3 0:11.34
705 0.0 0.3 0:11.34
705 0.0 0.3 0:11.35
705 0.0 0.3 0:11.37
705 0.0 0.3 0:11.37
705 0.0 0.3 0:11.37
705 0.0 0.3 0:11.37
705 0.0 0.3 0:11.37
705 0.0 0.3 0:11.37
705 0.0 0.3 0:11.37
705 0.0 0.3 0:11.37
705 0.0 0.3 0:11.37
705 0.0 0.3 0:11.37
705 0.0 0.3 0:11.37
705 0.0 0.3 0:11.37
705 0.0 0.3 0:11.37
705 0.0 0.3 0:11.37
705 0.0 0.3 0:11.38
705 0.0 0.3 0:11.38
705 0.0 0.3 0:11.39
705 0.0 0.3 0:11.39
705 5.6 0.3 0:11.42
705 0.0 0.3 0:11.42
705 0.0 0.3 0:11.42
705 0.0 0.3 0:11.42
705 0.0 0.3 0:11.42
705 0.0 0.3 0:11.42
705 0.0 0.3 0:11.42
705 0.0 0.3 0:11.42
705 0.0 0.3 0:11.42
705 0.0 0.3 0:11.42
705 0.0 0.3 0:11.42
705 0.0 0.3 0:11.42
705 0.0 0.3 0:11.42
705 0.0 0.3 0:11.42
705 0.0 0.3 0:11.43
705 0.0 0.3 0:11.43
705 0.0 0.3 0:11.43
705 0.0 0.3 0:11.43
705 5.6 0.3 0:11.44
705 0.0 0.3 0:11.45
705 0.0 0.3 0:11.46
705 0.0 0.3 0:11.46
705 0.0 0.3 0:11.46
705 0.0 0.3 0:11.46
705 0.0 0.3 0:11.46
705 0.0 0.3 0:11.46
705 0.0 0.3 0:11.46
705 0.0 0.3 0:11.46
705 0.0 0.3 0:11.46
705 0.0 0.3 0:11.46
705 0.0 0.3 0:11.46
705 0.0 0.3 0:11.46
705 0.0 0.3 0:11.46
705 0.0 0.3 0:11.46
705 0.0 0.3 0:11.46
705 0.0 0.3 0:11.46
705 0.0 0.3 0:11.46
705 0.0 0.3 0:11.46
