706 15.0 0.3 0:11.67
706 0.0 0.3 0:11.69
706 0.0 0.3 0:11.69
706 0.0 0.3 0:11.69
706 0.0 0.3 0:11.69
706 0.0 0.3 0:11.69
706 0.0 0.3 0:11.69
706 0.0 0.3 0:11.69
706 0.0 0.3 0:11.69
706 0.0 0.3 0:11.69
706 0.0 0.3 0:11.69
706 0.0 0.3 0:11.69
706 0.0 0.3 0:11.69
706 0.0 0.3 0:11.69
706 0.0 0.3 0:11.69
706 0.0 0.3 0:11.69
706 0.0 0.3 0:11.69
706 0.0 0.3 0:11.69
706 0.0 0.3 0:11.69
706 0.0 0.3 0:11.74
706 0.0 0.3 0:11.74
706 0.0 0.3 0:11.74
706 0.0 0.3 0:11.74
706 0.0 0.3 0:11.74
706 0.0 0.3 0:11.74
706 0.0 0.3 0:11.74
706 0.0 0.3 0:11.74
706 0.0 0.3 0:11.74
706 0.0 0.3 0:11.74
706 0.0 0.3 0:11.74
706 0.0 0.3 0:11.74
706 0.0 0.3 0:11.74
706 0.0 0.3 0:11.74
706 0.0 0.3 0:11.74
706 0.0 0.3 0:11.74
706 0.0 0.3 0:11.75
706 0.0 0.3 0:11.75
706 0.0 0.3 0:11.81
706 0.0 0.3 0:11.81
706 0.0 0.3 0:11.81
706 0.0 0.3 0:11.81
706 0.0 0.3 0:11.81
706 0.0 0.3 0:11.81
706 0.0 0.3 0:11.81
706 0.0 0.3 0:11.81
706 0.0 0.3 0:11.81
706 0.0 0.3 0:11.81
706 0.0 0.3 0:11.81
706 0.0 0.3 0:11.81
706 0.0 0.3 0:11.81
706 0.0 0.3 0:11.81
706 0.0 0.3 0:11.81
706 0.0 0.3 0:11.81
706 0.0 0.3 0:11.82
706 0.0 0.3 0:11.82
706 11.1 0.3 0:11.84
706 0.0 0.3 0:11.87
706 0.0 0.3 0:11.87
706 0.0 0.3 0:11.87
706 0.0 0.3 0:11.87
706 0.0 0.3 0:11.87
706 0.0 0.3 0:11.87
706 0.0 0.3 0:11.87
706 0.0 0.3 0:11.87
706 0.0 0.3 0:11.87
706 0.0 0.3 0:11.87
706 0.0 0.3 0:11.87
706 0.0 0.3 0:11.87
706 0.0 0.3 0:11.87
706 0.0 0.3 0:11.87
706 0.0 0.3 0:11.88
706 0.0 0.3 0:11.88
706 0.0 0.3 0:11.89
706 5.6 0.3 0:11.90
706 0.0 0.3 0:11.94
706 0.0 0.3 0:11.94
706 0.0 0.3 0:11.94
706 0.0 0.3 0:11.94
706 0.0 0.3 0:11.94
706 0.0 0.3 0:11.94
706 0.0 0.3 0:11.94
706 0.0 0.3 0:11.94
706 0.0 0.3 0:11.94
706 0.0 0.3 0:11.94
706 0.0 0.3 0:11.94
706 0.0 0.3 0:11.94
706 0.0 0.3 0:11.94
706 0.0 0.3 0:11.95
706 0.0 0.3 0:11.95
706 0.0 0.3 0:11.95
706 5.6 0.3 0:11.96
706 0.0 0.3 0:11.96
706 0.0 0.3 0:12.01
706 0.0 0.3 0:12.01
706 0.0 0.3 0:12.01
706 0.0 0.3 0:12.01
706 0.0 0.3 0:12.01
706 0.0 0.3 0:12.01
706 0.0 0.3 0:12.01
706 0.0 0.3 0:12.01
706 0.0 0.3 0:12.01
706 0.0 0.3 0:12.01
2706 11.1 0.2 0:00.02
706 0.0 0.3 0:12.01
706 0.0 0.3 0:12.01
706 0.0 0.3 0:12.02
706 0.0 0.3 0:12.02
706 0.0 0.3 0:12.02
706 0.0 0.3 0:12.03
706 0.0 0.3 0:12.03
706 0.0 0.3 0:12.03
706 0.0 0.3 0:12.06
706 0.0 0.3 0:12.06
706 0.0 0.3 0:12.06
706 0.0 0.3 0:12.06
706 0.0 0.3 0:12.06
706 0.0 0.3 0:12.06
706 0.0 0.3 0:12.06
706 0.0 0.3 0:12.06
706 0.0 0.3 0:12.06
706 0.0 0.3 0:12.06
706 0.0 0.3 0:12.06
706 0.0 0.3 0:12.06
706 0.0 0.3 0:12.06
706 0.0 0.3 0:12.06
706 0.0 0.3 0:12.08
706 0.0 0.3 0:12.08
706 0.0 0.3 0:12.08
706 0.0 0.3 0:12.09
706 0.0 0.3 0:12.13
706 0.0 0.3 0:12.13
706 0.0 0.3 0:12.13
706 0.0 0.3 0:12.13
706 0.0 0.3 0:12.13
706 0.0 0.3 0:12.13
706 0.0 0.3 0:12.13
706 0.0 0.3 0:12.13
706 0.0 0.3 0:12.13
706 0.0 0.3 0:12.13
706 0.0 0.3 0:12.13
706 0.0 0.3 0:12.14
706 0.0 0.3 0:12.14
706 0.0 0.3 0:12.14
706 0.0 0.3 0:12.15
706 0.0 0.3 0:12.15
706 0.0 0.3 0:12.15
706 0.0 0.3 0:12.15
706 10.5 0.3 0:12.20
706 0.0 0.3 0:12.20
706 0.0 0.3 0:12.20
706 0.0 0.3 0:12.20
706 0.0 0.3 0:12.20
706 0.0 0.3 0:12.20
706 0.0 0.3 0:12.20
706 0.0 0.3 0:12.20
706 0.0 0.3 0:12.20
706 0.0 0.3 0:12.20
706 0.0 0.3 0:12.20
706 0.0 0.3 0:12.20
706 0.0 0.3 0:12.21
706 0.0 0.3 0:12.21
706 0.0 0.3 0:12.22
706 0.0 0.3 0:12.22
706 0.0 0.3 0:12.23
706 0.0 0.3 0:12.23
706 0.0 0.3 0:12.23
706 0.0 0.3 0:12.26
706 0.0 0.3 0:12.26
706 0.0 0.3 0:12.26
706 0.0 0.3 0:12.26
706 0.0 0.3 0:12.26
706 0.0 0.3 0:12.26
706 0.0 0.3 0:12.26
706 0.0 0.3 0:12.26
706 0.0 0.3 0:12.26
706 0.0 0.3 0:12.26
706 0.0 0.3 0:12.26
706 0.0 0.3 0:12.26
706 0.0 0.3 0:12.26
706 0.0 0.3 0:12.26
706 0.0 0.3 0:12.26
706 0.0 0.3 0:12.26
706 0.0 0.3 0:12.26
706 0.0 0.3 0:12.26
706 0.0 0.3 0:12.26
