706 13.6 0.3 0:10.98
706 0.0 0.3 0:10.98
706 0.0 0.3 0:10.98
706 0.0 0.3 0:10.98
706 0.0 0.3 0:10.98
706 0.0 0.3 0:10.98
706 0.0 0.3 0:10.98
706 0.0 0.3 0:10.98
706 0.0 0.3 0:10.98
706 0.0 0.3 0:10.98
706 0.0 0.3 0:10.98
706 0.0 0.3 0:10.98
706 0.0 0.3 0:10.98
706 0.0 0.3 0:10.98
706 0.0 0.3 0:10.98
706 0.0 0.3 0:10.98
706 0.0 0.3 0:10.98
706 0.0 0.3 0:10.98
706 0.0 0.3 0:10.98
706 0.0 0.3 0:11.06
706 0.0 0.3 0:11.06
706 0.0 0.3 0:11.06
706 0.0 0.3 0:11.06
706 0.0 0.3 0:11.06
706 0.0 0.3 0:11.06
706 0.0 0.3 0:11.06
706 0.0 0.3 0:11.06
706 0.0 0.3 0:11.06
706 0.0 0.3 0:11.06
706 0.0 0.3 0:11.06
706 0.0 0.3 0:11.06
706 0.0 0.3 0:11.06
706 0.0 0.3 0:11.06
706 0.0 0.3 0:11.06
706 0.0 0.3 0:11.06
706 4.8 0.3 0:11.08
706 0.0 0.3 0:11.08
706 0.0 0.3 0:11.13
706 0.0 0.3 0:11.13
706 0.0 0.3 0:11.13
706 0.0 0.3 0:11.13
706 0.0 0.3 0:11.13
706 0.0 0.3 0:11.13
706 0.0 0.3 0:11.13
706 0.0 0.3 0:11.13
706 0.0 0.3 0:11.13
706 0.0 0.3 0:11.13
706 0.0 0.3 0:11.13
706 0.0 0.3 0:11.13
706 0.0 0.3 0:11.13
706 0.0 0.3 0:11.13
706 0.0 0.3 0:11.13
706 0.0 0.3 0:11.13
706 0.0 0.3 0:11.13
706 0.0 0.3 0:11.13
706 11.1 0.3 0:11.16
706 0.0 0.3 0:11.20
706 0.0 0.3 0:11.20
706 0.0 0.3 0:11.20
706 0.0 0.3 0:11.20
706 0.0 0.3 0:11.20
706 0.0 0.3 0:11.20
706 0.0 0.3 0:11.20
706 0.0 0.3 0:11.20
706 0.0 0.3 0:11.20
706 0.0 0.3 0:11.20
706 0.0 0.3 0:11.20
706 0.0 0.3 0:11.20
706 0.0 0.3 0:11.20
706 0.0 0.3 0:11.20
706 0.0 0.3 0:11.20
706 0.0 0.3 0:11.20
706 0.0 0.3 0:11.21
706 0.0 0.3 0:11.21
706 0.0 0.3 0:11.25
706 0.0 0.3 0:11.25
706 0.0 0.3 0:11.25
706 0.0 0.3 0:11.25
706 0.0 0.3 0:11.25
706 0.0 0.3 0:11.25
706 0.0 0.3 0:11.25
706 0.0 0.3 0:11.25
706 0.0 0.3 0:11.25
706 0.0 0.3 0:11.25
706 0.0 0.3 0:11.25
706 0.0 0.3 0:11.25
706 0.0 0.3 0:11.25
706 0.0 0.3 0:11.25
706 0.0 0.3 0:11.25
706 0.0 0.3 0:11.25
706 5.6 0.3 0:11.26
706 0.0 0.3 0:11.26
706 10.0 0.3 0:11.32
706 0.0 0.3 0:11.32
706 0.0 0.3 0:11.32
706 0.0 0.3 0:11.32
706 0.0 0.3 0:11.32
706 0.0 0.3 0:11.32
706 0.0 0.3 0:11.32
706 0.0 0.3 0:11.32
706 0.0 0.3 0:11.32
706 0.0 0.3 0:11.32
706 0.0 0.3 0:11.32
706 0.0 0.3 0:11.32
706 0.0 0.3 0:11.32
706 0.0 0.3 0:11.32
706 0.0 0.3 0:11.32
706 0.0 0.3 0:11.32
706 0.0 0.3 0:11.32
706 0.0 0.3 0:11.34
706 0.0 0.3 0:11.34
706 0.0 0.3 0:11.37
706 0.0 0.3 0:11.37
706 0.0 0.3 0:11.37
706 0.0 0.3 0:11.37
706 0.0 0.3 0:11.37
706 0.0 0.3 0:11.37
706 0.0 0.3 0:11.37
706 0.0 0.3 0:11.37
706 0.0 0.3 0:11.37
706 0.0 0.3 0:11.37
706 0.0 0.3 0:11.37
706 0.0 0.3 0:11.37
706 0.0 0.3 0:11.37
706 0.0 0.3 0:11.38
706 5.6 0.3 0:11.39
706 0.0 0.3 0:11.39
706 0.0 0.3 0:11.39
706 0.0 0.3 0:11.39
706 0.0 0.3 0:11.41
706 0.0 0.3 0:11.41
706 0.0 0.3 0:11.41
706 0.0 0.3 0:11.41
706 0.0 0.3 0:11.41
706 0.0 0.3 0:11.41
706 0.0 0.3 0:11.41
706 0.0 0.3 0:11.41
706 0.0 0.3 0:11.43
706 0.0 0.3 0:11.43
706 0.0 0.3 0:11.43
706 0.0 0.3 0:11.43
706 0.0 0.3 0:11.43
706 0.0 0.3 0:11.43
706 0.0 0.3 0:11.43
706 0.0 0.3 0:11.44
706 0.0 0.3 0:11.44
706 0.0 0.3 0:11.44
706 4.8 0.3 0:11.49
706 0.0 0.3 0:11.49
706 0.0 0.3 0:11.49
706 0.0 0.3 0:11.49
706 0.0 0.3 0:11.49
706 0.0 0.3 0:11.49
706 0.0 0.3 0:11.49
706 0.0 0.3 0:11.49
706 0.0 0.3 0:11.49
706 0.0 0.3 0:11.50
706 0.0 0.3 0:11.50
706 0.0 0.3 0:11.50
706 0.0 0.3 0:11.50
706 0.0 0.3 0:11.51
706 0.0 0.3 0:11.52
706 0.0 0.3 0:11.52
706 0.0 0.3 0:11.52
706 0.0 0.3 0:11.53
706 0.0 0.3 0:11.53
706 0.0 0.3 0:11.55
706 0.0 0.3 0:11.55
706 0.0 0.3 0:11.56
706 0.0 0.3 0:11.56
706 0.0 0.3 0:11.56
706 0.0 0.3 0:11.56
706 0.0 0.3 0:11.56
706 0.0 0.3 0:11.56
706 0.0 0.3 0:11.56
706 0.0 0.3 0:11.56
706 0.0 0.3 0:11.56
706 0.0 0.3 0:11.56
706 0.0 0.3 0:11.58
706 0.0 0.3 0:11.58
706 0.0 0.3 0:11.58
706 0.0 0.3 0:11.58
706 0.0 0.3 0:11.58
706 0.0 0.3 0:11.58
706 0.0 0.3 0:11.60
706 0.0 0.3 0:11.60
706 0.0 0.3 0:11.60
706 0.0 0.3 0:11.60
706 0.0 0.3 0:11.60
706 0.0 0.3 0:11.60
706 0.0 0.3 0:11.60
706 0.0 0.3 0:11.61
706 0.0 0.3 0:11.61
706 0.0 0.3 0:11.61
706 0.0 0.3 0:11.61
706 0.0 0.3 0:11.61
706 0.0 0.3 0:11.61
706 0.0 0.3 0:11.61
706 0.0 0.3 0:11.61
706 0.0 0.3 0:11.61
706 0.0 0.3 0:11.61
706 0.0 0.3 0:11.61
706 0.0 0.3 0:11.61
706 0.0 0.3 0:11.61
706 0.0 0.3 0:11.61
706 0.0 0.3 0:11.61
706 0.0 0.3 0:11.61
706 0.0 0.3 0:11.61
706 0.0 0.3 0:11.61
706 0.0 0.3 0:11.61
706 0.0 0.3 0:11.61
