707 31.8 0.3 0:06.98
707 0.0 0.3 0:06.98
707 0.0 0.3 0:06.98
707 0.0 0.3 0:06.98
707 0.0 0.3 0:06.98
707 0.0 0.3 0:06.98
707 0.0 0.3 0:06.98
707 0.0 0.3 0:06.98
707 0.0 0.3 0:06.98
707 0.0 0.3 0:06.98
707 0.0 0.3 0:06.98
707 0.0 0.3 0:06.98
707 0.0 0.3 0:06.98
707 0.0 0.3 0:06.98
707 0.0 0.3 0:06.98
707 0.0 0.3 0:06.98
707 0.0 0.3 0:06.98
707 0.0 0.3 0:06.98
707 0.0 0.3 0:06.98
707 0.0 0.3 0:07.03
707 0.0 0.3 0:07.03
707 0.0 0.3 0:07.03
707 0.0 0.3 0:07.03
707 0.0 0.3 0:07.03
707 0.0 0.3 0:07.03
707 0.0 0.3 0:07.03
707 0.0 0.3 0:07.03
707 0.0 0.3 0:07.03
707 0.0 0.3 0:07.03
707 0.0 0.3 0:07.03
707 0.0 0.3 0:07.03
707 0.0 0.3 0:07.03
707 0.0 0.3 0:07.03
707 0.0 0.3 0:07.03
707 0.0 0.3 0:07.04
707 0.0 0.3 0:07.04
707 0.0 0.3 0:07.04
707 0.0 0.3 0:07.09
707 0.0 0.3 0:07.09
707 0.0 0.3 0:07.09
707 0.0 0.3 0:07.09
707 0.0 0.3 0:07.09
707 0.0 0.3 0:07.09
707 0.0 0.3 0:07.09
707 0.0 0.3 0:07.09
707 0.0 0.3 0:07.09
707 0.0 0.3 0:07.09
707 0.0 0.3 0:07.09
707 0.0 0.3 0:07.09
707 0.0 0.3 0:07.09
707 0.0 0.3 0:07.09
707 0.0 0.3 0:07.09
707 0.0 0.3 0:07.09
707 0.0 0.3 0:07.09
707 0.0 0.3 0:07.09
707 5.3 0.3 0:07.12
707 0.0 0.3 0:07.15
707 0.0 0.3 0:07.15
707 0.0 0.3 0:07.15
707 0.0 0.3 0:07.15
707 0.0 0.3 0:07.15
707 0.0 0.3 0:07.15
707 0.0 0.3 0:07.15
707 0.0 0.3 0:07.15
707 0.0 0.3 0:07.15
707 0.0 0.3 0:07.15
707 0.0 0.3 0:07.15
707 0.0 0.3 0:07.15
707 0.0 0.3 0:07.15
707 0.0 0.3 0:07.15
707 0.0 0.3 0:07.15
707 0.0 0.3 0:07.15
707 0.0 0.3 0:07.15
707 0.0 0.3 0:07.15
707 0.0 0.3 0:07.19
707 0.0 0.3 0:07.19
707 0.0 0.3 0:07.19
707 0.0 0.3 0:07.19
707 0.0 0.3 0:07.19
707 0.0 0.3 0:07.19
707 0.0 0.3 0:07.19
707 0.0 0.3 0:07.19
707 0.0 0.3 0:07.19
707 0.0 0.3 0:07.19
707 0.0 0.3 0:07.19
707 0.0 0.3 0:07.19
707 0.0 0.3 0:07.19
707 0.0 0.3 0:07.20
707 0.0 0.3 0:07.20
707 0.0 0.3 0:07.20
707 0.0 0.3 0:07.21
707 0.0 0.3 0:07.21
707 0.0 0.3 0:07.27
707 0.0 0.3 0:07.27
707 0.0 0.3 0:07.27
707 0.0 0.3 0:07.27
707 0.0 0.3 0:07.27
707 0.0 0.3 0:07.27
707 0.0 0.3 0:07.27
707 0.0 0.3 0:07.27
707 0.0 0.3 0:07.27
707 0.0 0.3 0:07.27
707 0.0 0.3 0:07.27
707 0.0 0.3 0:07.27
707 0.0 0.3 0:07.27
707 0.0 0.3 0:07.28
707 0.0 0.3 0:07.28
707 0.0 0.3 0:07.28
707 0.0 0.3 0:07.29
707 0.0 0.3 0:07.30
707 0.0 0.3 0:07.31
707 0.0 0.3 0:07.33
707 0.0 0.3 0:07.33
707 0.0 0.3 0:07.33
707 0.0 0.3 0:07.33
707 0.0 0.3 0:07.33
707 0.0 0.3 0:07.33
707 0.0 0.3 0:07.33
707 0.0 0.3 0:07.33
707 0.0 0.3 0:07.33
707 0.0 0.3 0:07.33
707 0.0 0.3 0:07.33
707 0.0 0.3 0:07.33
707 5.3 0.3 0:07.34
707 0.0 0.3 0:07.34
707 0.0 0.3 0:07.34
707 5.6 0.3 0:07.35
707 0.0 0.3 0:07.35
707 0.0 0.3 0:07.35
707 0.0 0.3 0:07.39
707 0.0 0.3 0:07.39
707 0.0 0.3 0:07.40
707 0.0 0.3 0:07.40
707 0.0 0.3 0:07.40
707 0.0 0.3 0:07.40
707 0.0 0.3 0:07.40
707 0.0 0.3 0:07.40
707 0.0 0.3 0:07.40
707 0.0 0.3 0:07.41
707 0.0 0.3 0:07.41
707 0.0 0.3 0:07.41
707 0.0 0.3 0:07.41
707 0.0 0.3 0:07.41
707 0.0 0.3 0:07.42
707 0.0 0.3 0:07.42
707 0.0 0.3 0:07.42
707 11.1 0.3 0:07.44
707 0.0 0.3 0:07.47
707 0.0 0.3 0:07.47
707 0.0 0.3 0:07.47
707 0.0 0.3 0:07.47
707 0.0 0.3 0:07.47
707 0.0 0.3 0:07.47
707 0.0 0.3 0:07.47
707 0.0 0.3 0:07.47
707 0.0 0.3 0:07.47
707 0.0 0.3 0:07.47
707 0.0 0.3 0:07.47
707 0.0 0.3 0:07.47
707 0.0 0.3 0:07.47
707 0.0 0.3 0:07.47
707 0.0 0.3 0:07.47
707 0.0 0.3 0:07.49
707 0.0 0.3 0:07.49
707 0.0 0.3 0:07.49
707 0.0 0.3 0:07.49
707 0.0 0.3 0:07.52
707 0.0 0.3 0:07.52
707 0.0 0.3 0:07.52
707 0.0 0.3 0:07.52
707 0.0 0.3 0:07.52
707 0.0 0.3 0:07.52
707 0.0 0.3 0:07.52
707 0.0 0.3 0:07.52
707 0.0 0.3 0:07.52
707 0.0 0.3 0:07.52
707 0.0 0.3 0:07.52
707 0.0 0.3 0:07.53
707 5.6 0.3 0:07.54
707 0.0 0.3 0:07.54
707 0.0 0.3 0:07.54
707 0.0 0.3 0:07.54
707 0.0 0.3 0:07.56
707 0.0 0.3 0:07.56
707 0.0 0.3 0:07.57
707 0.0 0.3 0:07.57
707 0.0 0.3 0:07.57
17074 16.7 0.2 0:00.03
707 0.0 0.3 0:07.57
707 0.0 0.3 0:07.57
707 0.0 0.3 0:07.57
707 0.0 0.3 0:07.57
707 0.0 0.3 0:07.57
707 0.0 0.3 0:07.58
707 0.0 0.3 0:07.58
707 0.0 0.3 0:07.58
707 0.0 0.3 0:07.58
707 0.0 0.3 0:07.58
707 0.0 0.3 0:07.59
707 0.0 0.3 0:07.60
707 0.0 0.3 0:07.60
707 0.0 0.3 0:07.60
707 16.7 0.3 0:07.63
707 0.0 0.3 0:07.63
707 0.0 0.3 0:07.63
707 0.0 0.3 0:07.63
707 0.0 0.3 0:07.63
707 0.0 0.3 0:07.63
707 0.0 0.3 0:07.63
707 0.0 0.3 0:07.63
707 0.0 0.3 0:07.64
707 0.0 0.3 0:07.64
707 0.0 0.3 0:07.64
707 0.0 0.3 0:07.64
707 0.0 0.3 0:07.64
707 5.6 0.3 0:07.65
707 0.0 0.3 0:07.65
707 0.0 0.3 0:07.65
707 0.0 0.3 0:07.65
707 0.0 0.3 0:07.65
707 0.0 0.3 0:07.65
707 0.0 0.3 0:07.65
707 0.0 0.3 0:07.65
707 0.0 0.3 0:07.65
707 0.0 0.3 0:07.65
707 0.0 0.3 0:07.65
707 0.0 0.3 0:07.65
707 0.0 0.3 0:07.65
707 0.0 0.3 0:07.65
707 0.0 0.3 0:07.65
707 0.0 0.3 0:07.65
707 0.0 0.3 0:07.65
707 0.0 0.3 0:07.65
707 0.0 0.3 0:07.65
707 0.0 0.3 0:07.65
707 0.0 0.3 0:07.65
