708 25.0 0.3 0:13.46
529 0.0 0.9 0:00.48
529 0.0 0.9 0:00.48
529 0.0 0.9 0:00.48
529 0.0 0.9 0:00.48
529 0.0 0.9 0:00.48
529 0.0 0.9 0:00.48
529 0.0 0.9 0:00.48
529 0.0 0.9 0:00.48
529 0.0 0.9 0:00.48
529 0.0 0.9 0:00.48
529 0.0 0.9 0:00.48
529 0.0 0.9 0:00.48
529 0.0 0.9 0:00.48
529 0.0 0.9 0:00.48
529 0.0 0.9 0:00.48
529 0.0 0.9 0:00.48
529 0.0 0.9 0:00.48
529 0.0 0.9 0:00.48
KiB 1537080 avail Mem
529 0.0 0.9 0:00.48
529 0.0 0.9 0:00.48
529 0.0 0.9 0:00.48
529 0.0 0.9 0:00.48
529 0.0 0.9 0:00.48
529 0.0 0.9 0:00.48
529 0.0 0.9 0:00.48
529 0.0 0.9 0:00.48
529 0.0 0.9 0:00.48
529 0.0 0.9 0:00.48
529 0.0 0.9 0:00.48
529 0.0 0.9 0:00.48
529 0.0 0.9 0:00.48
529 0.0 0.9 0:00.48
529 0.0 0.9 0:00.48
708 11.1 0.3 0:13.53
529 0.0 0.9 0:00.48
529 0.0 0.9 0:00.48
529 0.0 0.9 0:00.48
529 0.0 0.9 0:00.48
529 0.0 0.9 0:00.48
KiB 1537708 avail Mem
529 0.0 0.9 0:00.48
529 0.0 0.9 0:00.48
529 0.0 0.9 0:00.48
529 0.0 0.9 0:00.48
529 0.0 0.9 0:00.48
529 0.0 0.9 0:00.48
529 0.0 0.9 0:00.48
529 0.0 0.9 0:00.48
529 0.0 0.9 0:00.48
529 0.0 0.9 0:00.48
529 0.0 0.9 0:00.48
529 0.0 0.9 0:00.48
529 0.0 0.9 0:00.48
708 5.3 0.3 0:13.58
529 0.0 0.9 0:00.48
529 0.0 0.9 0:00.48
529 0.0 0.9 0:00.48
529 0.0 0.9 0:00.48
529 0.0 0.9 0:00.48
529 0.0 0.9 0:00.48
529 0.0 0.9 0:00.48
529 0.0 0.9 0:00.48
529 0.0 0.9 0:00.48
529 0.0 0.9 0:00.48
529 0.0 0.9 0:00.48
529 0.0 0.9 0:00.48
529 0.0 0.9 0:00.48
529 0.0 0.9 0:00.48
529 0.0 0.9 0:00.48
529 0.0 0.9 0:00.48
529 0.0 0.9 0:00.48
529 0.0 0.9 0:00.48
529 0.0 0.9 0:00.48
529 0.0 0.9 0:00.48
529 0.0 0.9 0:00.48
529 0.0 0.9 0:00.48
529 0.0 0.9 0:00.48
529 0.0 0.9 0:00.48
529 0.0 0.9 0:00.48
529 0.0 0.9 0:00.48
529 0.0 0.9 0:00.48
529 0.0 0.9 0:00.48
529 0.0 0.9 0:00.48
529 0.0 0.9 0:00.48
529 0.0 0.9 0:00.48
529 0.0 0.9 0:00.48
529 0.0 0.9 0:00.48
529 0.0 0.9 0:00.48
529 0.0 0.9 0:00.48
529 0.0 0.9 0:00.48
529 0.0 0.9 0:00.48
529 0.0 0.9 0:00.48
529 0.0 0.9 0:00.48
529 0.0 0.9 0:00.48
529 0.0 0.9 0:00.48
529 0.0 0.9 0:00.48
529 0.0 0.9 0:00.48
529 0.0 0.9 0:00.48
529 0.0 0.9 0:00.48
529 0.0 0.9 0:00.48
529 0.0 0.9 0:00.48
529 0.0 0.9 0:00.48
529 0.0 0.9 0:00.48
708 5.6 0.3 0:13.81
529 0.0 0.9 0:00.48
529 0.0 0.9 0:00.48
529 0.0 0.9 0:00.48
529 0.0 0.9 0:00.48
529 0.0 0.9 0:00.48
529 0.0 0.9 0:00.48
529 0.0 0.9 0:00.48
529 0.0 0.9 0:00.48
529 0.0 0.9 0:00.48
529 0.0 0.9 0:00.48
529 0.0 0.9 0:00.48
529 0.0 0.9 0:00.48
529 0.0 0.9 0:00.48
529 0.0 0.9 0:00.48
529 0.0 0.9 0:00.48
27084 11.1 0.2 0:00.02
529 0.0 0.9 0:00.48
529 0.0 0.9 0:00.48
529 0.0 0.9 0:00.48
529 0.0 0.9 0:00.48
529 0.0 0.9 0:00.48
708 5.6 0.3 0:13.92
529 0.0 0.9 0:00.48
529 0.0 0.9 0:00.48
529 0.0 0.9 0:00.48
529 0.0 0.9 0:00.48
529 0.0 0.9 0:00.48
529 0.0 0.9 0:00.48
529 0.0 0.9 0:00.48
529 0.0 0.9 0:00.48
529 0.0 0.9 0:00.48
529 0.0 0.9 0:00.48
529 0.0 0.9 0:00.48
529 0.0 0.9 0:00.48
529 0.0 0.9 0:00.48
529 0.0 0.9 0:00.48
529 0.0 0.9 0:00.48
529 0.0 0.9 0:00.48
529 0.0 0.9 0:00.48
529 0.0 0.9 0:00.48
529 0.0 0.9 0:00.48
708 15.8 0.3 0:14.03
529 0.0 0.9 0:00.48
529 0.0 0.9 0:00.48
529 0.0 0.9 0:00.48
529 0.0 0.9 0:00.48
529 0.0 0.9 0:00.48
529 0.0 0.9 0:00.48
529 0.0 0.9 0:00.48
529 0.0 0.9 0:00.48
529 0.0 0.9 0:00.48
529 0.0 0.9 0:00.48
529 0.0 0.9 0:00.48
529 0.0 0.9 0:00.48
529 0.0 0.9 0:00.48
529 0.0 0.9 0:00.48
529 0.0 0.9 0:00.48
529 0.0 0.9 0:00.48
529 0.0 0.9 0:00.48
529 0.0 0.9 0:00.48
529 0.0 0.9 0:00.48
529 0.0 0.9 0:00.48
529 0.0 0.9 0:00.48
529 0.0 0.9 0:00.48
529 0.0 0.9 0:00.48
529 0.0 0.9 0:00.48
529 0.0 0.9 0:00.48
529 0.0 0.9 0:00.48
529 0.0 0.9 0:00.48
529 0.0 0.9 0:00.48
529 0.0 0.9 0:00.48
529 0.0 0.9 0:00.48
708 5.6 0.3 0:14.18
529 0.0 0.9 0:00.48
529 0.0 0.9 0:00.48
529 0.0 0.9 0:00.48
708 5.6 0.3 0:14.21
529 0.0 0.9 0:00.48
529 0.0 0.9 0:00.48
KiB used, 329236 buff/cache
529 0.0 0.9 0:00.48
529 0.0 0.9 0:00.48
529 0.0 0.9 0:00.48
529 0.0 0.9 0:00.48
529 0.0 0.9 0:00.48
529 0.0 0.9 0:00.48
708 5.6 0.3 0:14.28
529 0.0 0.9 0:00.48
529 0.0 0.9 0:00.48
529 0.0 0.9 0:00.48
529 0.0 0.9 0:00.48
529 0.0 0.9 0:00.48
529 0.0 0.9 0:00.48
529 0.0 0.9 0:00.48
529 0.0 0.9 0:00.48
529 0.0 0.9 0:00.48
529 0.0 0.9 0:00.48
529 0.0 0.9 0:00.48
529 0.0 0.9 0:00.48
529 0.0 0.9 0:00.48
529 0.0 0.9 0:00.48
529 0.0 0.9 0:00.48
529 0.0 0.9 0:00.48
529 0.0 0.9 0:00.48
529 0.0 0.9 0:00.48
