708 15.8 0.3 0:16.76
529 0.0 0.9 0:00.48
529 0.0 0.9 0:00.48
529 0.0 0.9 0:00.48
529 0.0 0.9 0:00.48
529 0.0 0.9 0:00.48
529 0.0 0.9 0:00.48
529 0.0 0.9 0:00.48
529 0.0 0.9 0:00.48
529 0.0 0.9 0:00.48
KiB 1537708 avail Mem
529 0.0 0.9 0:00.48
529 0.0 0.9 0:00.48
529 0.0 0.9 0:00.48
708 5.6 0.3 0:16.81
529 0.0 0.9 0:00.48
529 0.0 0.9 0:00.48
529 0.0 0.9 0:00.48
529 0.0 0.9 0:00.48
529 0.0 0.9 0:00.48
529 0.0 0.9 0:00.48
529 0.0 0.9 0:00.48
529 0.0 0.9 0:00.48
529 0.0 0.9 0:00.48
529 0.0 0.9 0:00.48
529 0.0 0.9 0:00.48
529 0.0 0.9 0:00.48
529 0.0 0.9 0:00.48
529 0.0 0.9 0:00.48
529 0.0 0.9 0:00.48
529 0.0 0.9 0:00.48
529 0.0 0.9 0:00.48
529 0.0 0.9 0:00.48
529 0.0 0.9 0:00.48
529 0.0 0.9 0:00.48
529 0.0 0.9 0:00.48
529 0.0 0.9 0:00.48
529 0.0 0.9 0:00.48
529 0.0 0.9 0:00.48
529 0.0 0.9 0:00.48
529 0.0 0.9 0:00.48
529 0.0 0.9 0:00.48
529 0.0 0.9 0:00.48
529 0.0 0.9 0:00.48
529 0.0 0.9 0:00.48
529 0.0 0.9 0:00.48
529 0.0 0.9 0:00.48
529 0.0 0.9 0:00.48
529 0.0 0.9 0:00.48
529 0.0 0.9 0:00.48
529 0.0 0.9 0:00.48
529 0.0 0.9 0:00.48
529 0.0 0.9 0:00.48
529 0.0 0.9 0:00.48
529 0.0 0.9 0:00.48
529 0.0 0.9 0:00.48
708 5.6 0.3 0:16.98
529 0.0 0.9 0:00.48
529 0.0 0.9 0:00.48
529 0.0 0.9 0:00.48
KiB 1537708 avail Mem
529 0.0 0.9 0:00.48
529 0.0 0.9 0:00.48
529 0.0 0.9 0:00.48
529 0.0 0.9 0:00.48
529 0.0 0.9 0:00.48
529 0.0 0.9 0:00.48
529 0.0 0.9 0:00.48
529 0.0 0.9 0:00.48
529 0.0 0.9 0:00.48
529 0.0 0.9 0:00.48
529 0.0 0.9 0:00.48
529 0.0 0.9 0:00.48
529 0.0 0.9 0:00.48
529 0.0 0.9 0:00.48
529 0.0 0.9 0:00.48
529 0.0 0.9 0:00.48
529 0.0 0.9 0:00.48
529 0.0 0.9 0:00.48
529 0.0 0.9 0:00.48
529 0.0 0.9 0:00.48
529 0.0 0.9 0:00.48
529 0.0 0.9 0:00.48
529 0.0 0.9 0:00.48
529 0.0 0.9 0:00.48
529 0.0 0.9 0:00.48
708 5.6 0.3 0:17.08
529 0.0 0.9 0:00.48
529 0.0 0.9 0:00.48
708 5.6 0.3 0:17.11
529 0.0 0.9 0:00.48
529 0.0 0.9 0:00.48
708 5.6 0.3 0:17.17
529 0.0 0.9 0:00.48
529 0.0 0.9 0:00.48
529 0.0 0.9 0:00.48
529 0.0 0.9 0:00.48
529 0.0 0.9 0:00.48
529 0.0 0.9 0:00.48
529 0.0 0.9 0:00.48
KiB used, 333292 buff/cache
529 0.0 0.9 0:00.48
529 0.0 0.9 0:00.48
529 0.0 0.9 0:00.48
529 0.0 0.9 0:00.48
529 0.0 0.9 0:00.48
KiB used, 333312 buff/cache
529 0.0 0.9 0:00.48
529 0.0 0.9 0:00.48
708 5.3 0.3 0:17.20
708 11.1 0.3 0:17.22
529 0.0 0.9 0:00.48
529 0.0 0.9 0:00.48
529 0.0 0.9 0:00.48
KiB used, 333384 buff/cache
529 0.0 0.9 0:00.48
529 0.0 0.9 0:00.48
529 0.0 0.9 0:00.48
529 0.0 0.9 0:00.48
529 0.0 0.9 0:00.48
708 5.6 0.3 0:17.27
529 0.0 0.9 0:00.48
529 0.0 0.9 0:00.48
529 0.0 0.9 0:00.48
529 0.0 0.9 0:00.48
529 0.0 0.9 0:00.48
529 0.0 0.9 0:00.48
529 0.0 0.9 0:00.48
529 0.0 0.9 0:00.48
529 0.0 0.9 0:00.48
529 0.0 0.9 0:00.48
529 0.0 0.9 0:00.48
529 0.0 0.9 0:00.48
27084 11.1 0.2 0:00.02
529 0.0 0.9 0:00.48
529 0.0 0.9 0:00.48
529 0.0 0.9 0:00.48
529 0.0 0.9 0:00.48
529 0.0 0.9 0:00.48
529 0.0 0.9 0:00.48
708 5.9 0.3 0:17.38
529 0.0 0.9 0:00.48
529 0.0 0.9 0:00.48
KiB used, 333516 buff/cache
529 0.0 0.9 0:00.48
529 0.0 0.9 0:00.48
529 0.0 0.9 0:00.48
708 10.5 0.3 0:17.44
529 0.0 0.9 0:00.48
27708 11.1 0.2 0:00.04
529 0.0 0.9 0:00.48
529 0.0 0.9 0:00.48
529 0.0 0.9 0:00.48
529 0.0 0.9 0:00.48
529 0.0 0.9 0:00.48
529 0.0 0.9 0:00.48
529 0.0 0.9 0:00.48
529 0.0 0.9 0:00.48
529 0.0 0.9 0:00.48
529 0.0 0.9 0:00.48
529 0.0 0.9 0:00.48
708 11.1 0.3 0:17.49
529 0.0 0.9 0:00.48
708 5.6 0.3 0:17.51
529 0.0 0.9 0:00.48
708 5.9 0.3 0:17.52
KiB used, 333684 buff/cache
529 0.0 0.9 0:00.48
529 0.0 0.9 0:00.48
529 0.0 0.9 0:00.48
529 0.0 0.9 0:00.48
529 0.0 0.9 0:00.48
529 0.0 0.9 0:00.48
529 0.0 0.9 0:00.48
529 0.0 0.9 0:00.48
529 0.0 0.9 0:00.48
529 0.0 0.9 0:00.48
529 0.0 0.9 0:00.48
529 0.0 0.9 0:00.48
529 0.0 0.9 0:00.48
529 0.0 0.9 0:00.48
529 0.0 0.9 0:00.48
529 0.0 0.9 0:00.48
529 0.0 0.9 0:00.48
529 0.0 0.9 0:00.48
