712 0.0 0.1 0:00.00
712 0.0 0.1 0:00.00
712 0.0 0.1 0:00.00
712 0.0 0.1 0:00.00
KiB used, 371036 buff/cache
712 0.0 0.1 0:00.00
712 0.0 0.1 0:00.00
712 0.0 0.1 0:00.00
712 0.0 0.1 0:00.00
712 0.0 0.1 0:00.00
712 0.0 0.1 0:00.00
712 0.0 0.1 0:00.00
712 0.0 0.1 0:00.00
712 0.0 0.1 0:00.00
712 0.0 0.1 0:00.00
712 0.0 0.1 0:00.00
712 0.0 0.1 0:00.00
712 0.0 0.1 0:00.00
712 0.0 0.1 0:00.00
712 0.0 0.1 0:00.00
712 0.0 0.1 0:00.00
712 0.0 0.1 0:00.00
712 0.0 0.1 0:00.00
712 0.0 0.1 0:00.00
712 0.0 0.1 0:00.00
712 0.0 0.1 0:00.00
712 0.0 0.1 0:00.00
712 0.0 0.1 0:00.00
712 0.0 0.1 0:00.00
712 0.0 0.1 0:00.00
712 0.0 0.1 0:00.00
712 0.0 0.1 0:00.00
712 0.0 0.1 0:00.00
712 0.0 0.1 0:00.00
712 0.0 0.1 0:00.00
712 0.0 0.1 0:00.00
712 0.0 0.1 0:00.00
712 0.0 0.1 0:00.00
KiB used, 371212 buff/cache
KiB used, 371228 buff/cache
KiB used, 371228 buff/cache
KiB used, 371212 buff/cache
KiB used, 371232 buff/cache
KiB used, 371232 buff/cache
KiB used, 371244 buff/cache
KiB used, 371212 buff/cache
KiB used, 371228 buff/cache
KiB used, 371212 buff/cache
KiB used, 371244 buff/cache
KiB used, 371256 buff/cache
KiB used, 371220 buff/cache
KiB used, 371220 buff/cache
KiB used, 371232 buff/cache
KiB used, 371264 buff/cache
KiB used, 371228 buff/cache
KiB used, 371264 buff/cache
712 0.0 0.1 0:00.00
712 0.0 0.1 0:00.00
712 0.0 0.1 0:00.00
712 0.0 0.1 0:00.00
712 0.0 0.1 0:00.00
712 0.0 0.1 0:00.00
712 0.0 0.1 0:00.00
712 0.0 0.1 0:00.00
712 0.0 0.1 0:00.00
712 0.0 0.1 0:00.00
712 0.0 0.1 0:00.00
712 0.0 0.1 0:00.00
712 0.0 0.1 0:00.00
712 0.0 0.1 0:00.00
712 0.0 0.1 0:00.00
712 0.0 0.1 0:00.00
712 0.0 0.1 0:00.00
712 0.0 0.1 0:00.00
712 0.0 0.1 0:00.00
712 0.0 0.1 0:00.00
712 0.0 0.1 0:00.00
712 0.0 0.1 0:00.00
712 0.0 0.1 0:00.00
712 0.0 0.1 0:00.00
712 0.0 0.1 0:00.00
712 0.0 0.1 0:00.00
712 0.0 0.1 0:00.00
712 0.0 0.1 0:00.00
712 0.0 0.1 0:00.00
712 0.0 0.1 0:00.00
712 0.0 0.1 0:00.00
712 0.0 0.1 0:00.00
712 0.0 0.1 0:00.00
712 0.0 0.1 0:00.00
712 0.0 0.1 0:00.00
712 0.0 0.1 0:00.00
712 0.0 0.1 0:00.00
712 0.0 0.1 0:00.00
712 0.0 0.1 0:00.00
712 0.0 0.1 0:00.00
712 0.0 0.1 0:00.00
712 0.0 0.1 0:00.00
712 0.0 0.1 0:00.00
712 0.0 0.1 0:00.00
712 0.0 0.1 0:00.00
712 0.0 0.1 0:00.00
712 0.0 0.1 0:00.00
712 0.0 0.1 0:00.00
712 0.0 0.1 0:00.00
712 0.0 0.1 0:00.00
712 0.0 0.1 0:00.00
712 0.0 0.1 0:00.00
712 0.0 0.1 0:00.00
712 0.0 0.1 0:00.00
712 0.0 0.1 0:00.00
712 0.0 0.1 0:00.00
712 0.0 0.1 0:00.00
712 0.0 0.1 0:00.00
712 0.0 0.1 0:00.00
712 0.0 0.1 0:00.00
712 0.0 0.1 0:00.00
712 0.0 0.1 0:00.00
712 0.0 0.1 0:00.00
712 0.0 0.1 0:00.00
712 0.0 0.1 0:00.00
712 0.0 0.1 0:00.00
712 0.0 0.1 0:00.00
712 0.0 0.1 0:00.00
712 0.0 0.1 0:00.00
712 0.0 0.1 0:00.00
712 0.0 0.1 0:00.00
712 0.0 0.1 0:00.00
712 0.0 0.1 0:00.00
712 0.0 0.1 0:00.00
712 0.0 0.1 0:00.00
712 0.0 0.1 0:00.00
712 0.0 0.1 0:00.00
712 0.0 0.1 0:00.00
712 0.0 0.1 0:00.00
712 0.0 0.1 0:00.00
712 0.0 0.1 0:00.00
712 0.0 0.1 0:00.00
KiB used, 371712 buff/cache
712 0.0 0.1 0:00.00
712 0.0 0.1 0:00.00
712 0.0 0.1 0:00.00
712 0.0 0.1 0:00.00
712 0.0 0.1 0:00.00
712 0.0 0.1 0:00.00
712 0.0 0.1 0:00.00
712 0.0 0.1 0:00.00
712 0.0 0.1 0:00.00
712 0.0 0.1 0:00.00
712 0.0 0.1 0:00.00
712 0.0 0.1 0:00.00
712 0.0 0.1 0:00.00
712 0.0 0.1 0:00.00
712 0.0 0.1 0:00.00
712 0.0 0.1 0:00.00
712 0.0 0.1 0:00.00
712 0.0 0.1 0:00.00
712 0.0 0.1 0:00.00
712 0.0 0.1 0:00.00
712 0.0 0.1 0:00.00
712 0.0 0.1 0:00.00
712 0.0 0.1 0:00.00
712 0.0 0.1 0:00.00
712 0.0 0.1 0:00.00
712 0.0 0.1 0:00.00
712 0.0 0.1 0:00.00
712 0.0 0.1 0:00.00
712 0.0 0.1 0:00.00
712 0.0 0.1 0:00.00
712 0.0 0.1 0:00.00
712 0.0 0.1 0:00.00
712 0.0 0.1 0:00.00
712 0.0 0.1 0:00.00
712 0.0 0.1 0:00.00
712 0.0 0.1 0:00.00
712 0.0 0.1 0:00.00
712 0.0 0.1 0:00.00
712 0.0 0.1 0:00.00
712 0.0 0.1 0:00.00
712 0.0 0.1 0:00.00
712 0.0 0.1 0:00.00
712 0.0 0.1 0:00.00
712 0.0 0.1 0:00.00
712 0.0 0.1 0:00.00
712 0.0 0.1 0:00.00
712 0.0 0.1 0:00.00
712 0.0 0.1 0:00.00
712 0.0 0.1 0:00.00
712 0.0 0.1 0:00.00
712 0.0 0.1 0:00.00
712 0.0 0.1 0:00.00
712 0.0 0.1 0:00.00
712 0.0 0.1 0:00.00
712 0.0 0.1 0:00.00
712 0.0 0.1 0:00.00
712 0.0 0.1 0:00.00
712 0.0 0.1 0:00.00
712 0.0 0.1 0:00.00
712 0.0 0.1 0:00.00
712 0.0 0.1 0:00.00
712 0.0 0.1 0:00.00
712 0.0 0.1 0:00.00
712 0.0 0.1 0:00.00
712 0.0 0.1 0:00.00
712 0.0 0.1 0:00.00
712 0.0 0.1 0:00.00
712 0.0 0.1 0:00.00
712 0.0 0.1 0:00.00
712 0.0 0.1 0:00.00
712 0.0 0.1 0:00.00
712 0.0 0.1 0:00.00
