714 15.8 0.3 0:30.01
714 0.0 0.3 0:30.01
714 0.0 0.3 0:30.01
714 0.0 0.3 0:30.01
714 0.0 0.3 0:30.01
714 0.0 0.3 0:30.01
714 0.0 0.3 0:30.01
714 0.0 0.3 0:30.01
714 0.0 0.3 0:30.01
714 0.0 0.3 0:30.01
714 0.0 0.3 0:30.01
714 0.0 0.3 0:30.01
714 0.0 0.3 0:30.01
714 0.0 0.3 0:30.01
714 0.0 0.3 0:30.01
714 0.0 0.3 0:30.01
714 0.0 0.3 0:30.01
714 0.0 0.3 0:30.01
714 0.0 0.3 0:30.02
714 0.0 0.3 0:30.06
714 0.0 0.3 0:30.06
714 0.0 0.3 0:30.06
19714 11.1 0.2 0:00.04
714 0.0 0.3 0:30.06
714 0.0 0.3 0:30.06
714 0.0 0.3 0:30.06
714 0.0 0.3 0:30.06
714 0.0 0.3 0:30.06
714 0.0 0.3 0:30.06
714 0.0 0.3 0:30.06
714 0.0 0.3 0:30.06
714 0.0 0.3 0:30.06
714 0.0 0.3 0:30.06
714 0.0 0.3 0:30.07
714 0.0 0.3 0:30.07
714 0.0 0.3 0:30.07
714 0.0 0.3 0:30.08
714 5.3 0.3 0:30.13
714 0.0 0.3 0:30.13
714 0.0 0.3 0:30.13
714 0.0 0.3 0:30.13
714 0.0 0.3 0:30.13
714 0.0 0.3 0:30.13
714 0.0 0.3 0:30.13
714 0.0 0.3 0:30.13
714 0.0 0.3 0:30.13
20714 16.7 0.2 0:00.03
714 0.0 0.3 0:30.13
714 0.0 0.3 0:30.13
714 0.0 0.3 0:30.13
714 0.0 0.3 0:30.13
714 0.0 0.3 0:30.13
714 0.0 0.3 0:30.13
714 0.0 0.3 0:30.13
714 0.0 0.3 0:30.14
714 5.6 0.3 0:30.15
714 0.0 0.3 0:30.17
714 0.0 0.3 0:30.17
714 0.0 0.3 0:30.17
714 0.0 0.3 0:30.17
714 0.0 0.3 0:30.17
714 0.0 0.3 0:30.17
714 0.0 0.3 0:30.17
714 0.0 0.3 0:30.17
714 0.0 0.3 0:30.17
714 0.0 0.3 0:30.17
714 0.0 0.3 0:30.17
714 0.0 0.3 0:30.17
714 0.0 0.3 0:30.17
714 0.0 0.3 0:30.17
714 0.0 0.3 0:30.17
714 0.0 0.3 0:30.18
714 5.6 0.3 0:30.19
714 0.0 0.3 0:30.19
714 0.0 0.3 0:30.21
714 0.0 0.3 0:30.21
714 0.0 0.3 0:30.21
714 0.0 0.3 0:30.21
714 0.0 0.3 0:30.21
714 0.0 0.3 0:30.21
714 0.0 0.3 0:30.21
714 0.0 0.3 0:30.21
714 0.0 0.3 0:30.21
714 0.0 0.3 0:30.21
714 0.0 0.3 0:30.21
714 0.0 0.3 0:30.22
714 0.0 0.3 0:30.22
714 0.0 0.3 0:30.22
714 0.0 0.3 0:30.22
714 0.0 0.3 0:30.22
714 0.0 0.3 0:30.23
714 0.0 0.3 0:30.23
714 0.0 0.3 0:30.28
714 0.0 0.3 0:30.28
714 0.0 0.3 0:30.28
714 0.0 0.3 0:30.28
714 0.0 0.3 0:30.28
714 0.0 0.3 0:30.28
714 0.0 0.3 0:30.28
714 0.0 0.3 0:30.28
714 0.0 0.3 0:30.28
714 0.0 0.3 0:30.29
714 0.0 0.3 0:30.29
714 0.0 0.3 0:30.29
714 0.0 0.3 0:30.29
714 0.0 0.3 0:30.30
714 0.0 0.3 0:30.30
714 0.0 0.3 0:30.30
714 0.0 0.3 0:30.30
714 0.0 0.3 0:30.30
714 0.0 0.3 0:30.31
714 0.0 0.3 0:30.36
714 0.0 0.3 0:30.36
714 0.0 0.3 0:30.36
714 0.0 0.3 0:30.36
714 0.0 0.3 0:30.36
714 0.0 0.3 0:30.36
714 0.0 0.3 0:30.36
714 0.0 0.3 0:30.36
714 0.0 0.3 0:30.36
714 0.0 0.3 0:30.36
714 0.0 0.3 0:30.36
714 0.0 0.3 0:30.36
714 0.0 0.3 0:30.36
714 0.0 0.3 0:30.36
714 0.0 0.3 0:30.36
714 0.0 0.3 0:30.36
714 0.0 0.3 0:30.37
714 0.0 0.3 0:30.38
714 0.0 0.3 0:30.41
714 0.0 0.3 0:30.41
714 0.0 0.3 0:30.41
714 0.0 0.3 0:30.41
714 0.0 0.3 0:30.41
714 0.0 0.3 0:30.41
714 0.0 0.3 0:30.41
714 0.0 0.3 0:30.41
714 0.0 0.3 0:30.41
714 0.0 0.3 0:30.42
714 0.0 0.3 0:30.42
714 0.0 0.3 0:30.42
714 0.0 0.3 0:30.42
714 0.0 0.3 0:30.42
714 0.0 0.3 0:30.42
714 0.0 0.3 0:30.42
714 0.0 0.3 0:30.43
714 0.0 0.3 0:30.45
714 4.5 0.3 0:30.50
714 0.0 0.3 0:30.50
714 0.0 0.3 0:30.50
714 0.0 0.3 0:30.50
714 0.0 0.3 0:30.50
714 0.0 0.3 0:30.50
714 0.0 0.3 0:30.50
714 0.0 0.3 0:30.51
714 0.0 0.3 0:30.51
714 0.0 0.3 0:30.51
714 0.0 0.3 0:30.51
KiB 1537144 avail Mem
714 0.0 0.3 0:30.51
714 0.0 0.3 0:30.51
714 0.0 0.3 0:30.52
714 0.0 0.3 0:30.52
714 0.0 0.3 0:30.53
714 5.6 0.3 0:30.54
714 0.0 0.3 0:30.54
714 0.0 0.3 0:30.56
714 0.0 0.3 0:30.56
714 0.0 0.3 0:30.56
714 0.0 0.3 0:30.56
714 0.0 0.3 0:30.56
714 0.0 0.3 0:30.57
KiB 1537148 avail Mem
714 0.0 0.3 0:30.57
714 0.0 0.3 0:30.57
714 0.0 0.3 0:30.57
714 0.0 0.3 0:30.58
714 0.0 0.3 0:30.58
714 0.0 0.3 0:30.58
714 0.0 0.3 0:30.58
714 0.0 0.3 0:30.58
714 0.0 0.3 0:30.58
714 5.6 0.3 0:30.59
714 0.0 0.3 0:30.59
714 0.0 0.3 0:30.63
714 0.0 0.3 0:30.63
714 0.0 0.3 0:30.63
714 0.0 0.3 0:30.63
KiB used, 310852 buff/cache
714 0.0 0.3 0:30.63
714 0.0 0.3 0:30.63
714 0.0 0.3 0:30.63
KiB used, 310852 buff/cache
714 0.0 0.3 0:30.64
714 0.0 0.3 0:30.64
714 0.0 0.3 0:30.64
714 0.0 0.3 0:30.65
714 0.0 0.3 0:30.65
714 0.0 0.3 0:30.67
714 5.3 0.3 0:30.68
714 0.0 0.3 0:30.68
714 0.0 0.3 0:30.69
714 11.1 0.3 0:30.72
27144 15.8 0.2 0:00.03
714 0.0 0.3 0:30.72
714 0.0 0.3 0:30.72
714 0.0 0.3 0:30.72
714 0.0 0.3 0:30.72
714 0.0 0.3 0:30.73
714 0.0 0.3 0:30.73
714 0.0 0.3 0:30.73
714 0.0 0.3 0:30.73
714 0.0 0.3 0:30.74
714 0.0 0.3 0:30.74
714 0.0 0.3 0:30.74
714 0.0 0.3 0:30.74
714 0.0 0.3 0:30.75
714 0.0 0.3 0:30.75
714 0.0 0.3 0:30.75
714 0.0 0.3 0:30.75
714 0.0 0.3 0:30.75
KiB 1537148 avail Mem
714 0.0 0.3 0:30.75
714 0.0 0.3 0:30.75
714 0.0 0.3 0:30.75
714 0.0 0.3 0:30.75
714 0.0 0.3 0:30.75
714 0.0 0.3 0:30.75
714 0.0 0.3 0:30.75
714 0.0 0.3 0:30.75
714 0.0 0.3 0:30.75
714 0.0 0.3 0:30.75
714 0.0 0.3 0:30.75
714 0.0 0.3 0:30.75
714 0.0 0.3 0:30.75
