2923 5.3 0.2 1:41.42
2923 22.2 0.2 1:41.52
2923 0.0 0.2 1:41.55
2923 0.0 0.2 1:41.57
2923 5.3 0.2 1:41.60
2923 5.3 0.2 1:41.63
2923 5.6 0.2 1:41.67
2923 0.0 0.2 1:41.71
2923 5.3 0.2 1:41.73
2923 0.0 0.2 1:41.77
2923 5.3 0.2 1:41.82
2923 5.3 0.2 1:41.86
2923 0.0 0.2 1:41.90
2923 0.0 0.2 1:41.90
2923 0.0 0.2 1:41.94
2923 0.0 0.2 1:41.95
2923 5.3 0.2 1:41.99
2923 0.0 0.2 1:42.04
2923 5.3 0.2 1:42.07
2923 5.3 0.2 1:42.08
2923 5.6 0.2 1:42.11
2923 0.0 0.2 1:42.15
2923 0.0 0.2 1:42.17
2923 0.0 0.2 1:42.19
2923 3.7 0.2 1:42.27
2923 5.3 0.2 1:42.34
2923 0.0 0.2 1:42.37
2923 9.1 0.2 1:42.41
2923 0.0 0.2 1:42.45
2923 5.0 0.2 1:42.48
2923 0.0 0.2 1:42.52
2923 0.0 0.2 1:42.53
2923 0.0 0.2 1:42.54
2923 0.0 0.2 1:42.55
2923 5.3 0.2 1:42.57
2923 10.5 0.2 1:42.62
2923 0.0 0.2 1:42.67
2923 0.0 0.2 1:42.70
2923 0.0 0.2 1:42.73
2923 5.0 0.2 1:42.80
2923 0.0 0.2 1:42.84
2923 0.0 0.2 1:42.85
2923 5.3 0.2 1:42.87
2923 0.0 0.2 1:42.89
2923 0.0 0.2 1:42.92
2923 0.0 0.2 1:42.96
2923 0.0 0.2 1:42.97
2923 0.0 0.2 1:43.03
2923 5.3 0.2 1:43.06
2923 5.3 0.2 1:43.10
2923 5.0 0.2 1:43.12
2923 0.0 0.2 1:43.13
2923 5.0 0.2 1:43.15
2923 0.0 0.2 1:43.16
2923 11.1 0.2 1:43.19
2923 0.0 0.2 1:43.20
2923 4.3 0.2 1:43.22
2923 0.0 0.2 1:43.25
2923 5.3 0.2 1:43.30
2923 5.3 0.2 1:43.34
2923 5.6 0.2 1:43.37
2923 0.0 0.2 1:43.39
2923 10.0 0.2 1:43.42
2923 5.6 0.2 1:43.46
2923 0.0 0.2 1:43.47
2923 4.8 0.2 1:43.50
2923 0.0 0.2 1:43.52
2923 5.6 0.2 1:43.57
2923 5.6 0.2 1:43.59
2923 0.0 0.2 1:43.62
2923 0.0 0.2 1:43.63
2923 5.3 0.2 1:43.68
2923 0.0 0.2 1:43.71
2923 5.6 0.2 1:43.76
2923 0.0 0.2 1:43.77
2923 4.2 0.2 1:43.80
2923 0.0 0.2 1:43.82
2923 5.3 0.2 1:43.89
2923 0.0 0.2 1:43.93
2923 0.0 0.2 1:43.94
2923 0.0 0.2 1:43.95
2923 0.0 0.2 1:43.99
2923 0.0 0.2 1:44.04
2923 0.0 0.2 1:44.06
