2923 0.0 0.2 1:54.70
2923 0.0 0.2 1:54.73
2923 5.3 0.2 1:54.76
2923 15.8 0.2 1:54.87
2923 0.0 0.2 1:54.93
2923 14.3 0.2 1:54.99
2923 5.3 0.2 1:55.04
2923 0.0 0.2 1:55.07
2923 5.6 0.2 1:55.10
2923 0.0 0.2 1:55.14
2923 0.0 0.2 1:55.17
2923 0.0 0.2 1:55.19
2923 5.3 0.2 1:55.21
2923 10.5 0.2 1:55.33
2923 0.0 0.2 1:55.35
2923 10.5 0.2 1:55.38
2923 0.0 0.2 1:55.47
2923 0.0 0.2 1:55.49
2923 0.0 0.2 1:55.50
2923 5.6 0.2 1:55.56
2923 5.6 0.2 1:55.58
2923 0.0 0.2 1:55.60
2923 0.0 0.2 1:55.63
2923 0.0 0.2 1:55.65
2923 5.3 0.2 1:55.69
2923 0.0 0.2 1:55.72
2923 0.0 0.2 1:55.77
2923 5.3 0.2 1:55.80
2923 0.0 0.2 1:55.83
2923 0.0 0.2 1:55.84
2923 5.3 0.2 1:55.87
2923 0.0 0.2 1:55.88
2923 10.5 0.2 1:55.93
2923 0.0 0.2 1:55.96
2923 5.3 0.2 1:55.99
2923 4.8 0.2 1:56.02
2923 5.3 0.2 1:56.05
2923 0.0 0.2 1:56.06
2923 0.0 0.2 1:56.07
2923 0.0 0.2 1:56.11
2923 5.0 0.2 1:56.14
2923 5.0 0.2 1:56.16
2923 0.0 0.2 1:56.18
2923 4.8 0.2 1:56.24
2923 5.6 0.2 1:56.31
2923 0.0 0.2 1:56.33
2923 0.0 0.2 1:56.35
2923 5.3 0.2 1:56.38
2923 0.0 0.2 1:56.40
2923 5.3 0.2 1:56.42
2923 5.0 0.2 1:56.45
2923 4.0 0.2 1:56.47
2923 3.8 0.2 1:56.60
2923 0.0 0.2 1:56.66
2923 0.0 0.2 1:56.72
2923 5.3 0.2 1:56.75
2923 0.0 0.2 1:56.79
2923 4.8 0.2 1:56.82
2923 5.3 0.2 1:56.86
2923 0.0 0.2 1:56.89
2923 5.3 0.2 1:56.92
2923 5.3 0.2 1:56.96
2923 5.0 0.2 1:57.02
2923 5.3 0.2 1:57.07
2923 10.5 0.2 1:57.11
2923 10.5 0.2 1:57.15
2923 0.0 0.2 1:57.18
2923 0.0 0.2 1:57.21
2923 4.5 0.2 1:57.26
2923 0.0 0.2 1:57.28
2923 4.8 0.2 1:57.32
2923 0.0 0.2 1:57.34
2923 0.0 0.2 1:57.36
2923 4.8 0.2 1:57.40
2923 0.0 0.2 1:57.43
2923 0.0 0.2 1:57.45
