2923 5.6 0.2 1:02.79
2923 0.0 0.2 1:02.93
2923 10.5 0.2 1:02.97
2923 0.0 0.2 1:03.00
2923 5.3 0.2 1:03.10
2923 0.0 0.2 1:03.17
2923 10.0 0.2 1:03.25
2923 5.0 0.2 1:03.29
2923 0.0 0.2 1:03.36
2923 5.0 0.2 1:03.40
2923 5.6 0.2 1:03.43
2923 16.7 0.2 1:03.48
2923 0.0 0.2 1:03.50
2923 0.0 0.2 1:03.51
2923 5.6 0.2 1:03.56
2923 10.5 0.2 1:03.62
2923 11.1 0.2 1:03.68
2923 5.3 0.2 1:03.72
2923 5.0 0.2 1:03.76
2923 0.0 0.2 1:03.77
2923 0.0 0.2 1:03.79
2923 5.3 0.2 1:03.81
2923 0.0 0.2 1:03.82
2923 10.5 0.2 1:03.86
2923 0.0 0.2 1:03.86
2923 0.0 0.2 1:03.88
2923 5.0 0.2 1:03.91
2923 0.0 0.2 1:03.92
2923 15.0 0.2 1:03.98
2923 5.3 0.2 1:04.02
2923 5.0 0.2 1:04.06
2923 5.3 0.2 1:04.10
2923 10.5 0.2 1:04.15
2923 0.0 0.2 1:04.16
2923 5.0 0.2 1:04.18
2923 4.8 0.2 1:04.22
2923 0.0 0.2 1:04.23
2923 0.0 0.2 1:04.24
2923 5.3 0.2 1:04.26
2923 0.0 0.2 1:04.28
2923 0.0 0.2 1:04.30
2923 0.0 0.2 1:04.30
2923 5.3 0.2 1:04.33
2923 0.0 0.2 1:04.36
2923 5.3 0.2 1:04.39
2923 0.0 0.2 1:04.41
2923 5.3 0.2 1:04.46
2923 5.6 0.2 1:04.49
2923 5.3 0.2 1:04.52
2923 5.3 0.2 1:04.55
2923 0.0 0.2 1:04.56
2923 0.0 0.2 1:04.59
2923 5.6 0.2 1:04.69
2923 5.0 0.2 1:04.70
2923 0.0 0.2 1:04.71
2923 5.3 0.2 1:04.74
2923 0.0 0.2 1:04.76
2923 5.6 0.2 1:04.82
2923 5.3 0.2 1:04.86
2923 0.0 0.2 1:04.90
2923 5.6 0.2 1:04.95
2923 5.6 0.2 1:04.99
2923 5.3 0.2 1:05.03
2923 5.6 0.2 1:05.08
2923 5.3 0.2 1:05.14
2923 0.0 0.2 1:05.17
2923 0.0 0.2 1:05.21
2923 0.0 0.2 1:05.25
2923 0.0 0.2 1:05.27
2923 0.0 0.2 1:05.28
2923 5.6 0.2 1:05.30
2923 5.0 0.2 1:05.34
2923 5.3 0.2 1:05.41
2923 0.0 0.2 1:05.43
2923 0.0 0.2 1:05.46
2923 0.0 0.2 1:05.49
2923 10.5 0.2 1:05.53
2923 5.3 0.2 1:05.57
2923 0.0 0.2 1:05.67
2923 10.5 0.2 1:05.71
2923 0.0 0.2 1:05.74
2923 5.3 0.2 1:05.78
2923 5.3 0.2 1:05.82
2923 5.0 0.2 1:05.86
2923 5.3 0.2 1:05.88
2923 5.3 0.2 1:05.90
2923 5.3 0.2 1:05.95
2923 10.5 0.2 1:06.01
2923 5.0 0.2 1:06.06
2923 5.6 0.2 1:06.10
2923 9.5 0.2 1:06.19
2923 5.0 0.2 1:06.23
2923 5.0 0.2 1:06.30
2923 5.3 0.2 1:06.36
2923 0.0 0.2 1:06.37
2923 4.8 0.2 1:06.41
2923 4.8 0.2 1:06.44
2923 0.0 0.2 1:06.46
2923 10.5 0.2 1:06.53
2923 0.0 0.2 1:06.56
2923 0.0 0.2 1:06.58
2923 5.0 0.2 1:06.60
2923 5.6 0.2 1:06.66
2923 5.3 0.2 1:06.73
2923 5.0 0.2 1:06.76
2923 5.3 0.2 1:06.80
2923 0.0 0.2 1:06.83
2923 0.0 0.2 1:06.85
