2923 25.0 0.2 0:39.60
2923 0.0 0.2 0:39.69
2923 5.0 0.2 0:39.76
2923 10.0 0.2 0:39.86
2923 13.6 0.2 0:39.94
2923 4.5 0.2 0:40.00
2923 11.1 0.2 0:40.05
2923 0.0 0.2 0:40.12
2923 5.6 0.2 0:40.18
2923 5.0 0.2 0:40.25
2923 5.6 0.2 0:40.30
2923 0.0 0.2 0:40.35
2923 0.0 0.2 0:40.39
2923 5.0 0.2 0:40.43
2923 5.3 0.2 0:40.45
2923 5.6 0.2 0:40.48
2923 10.5 0.2 0:40.56
2923 5.0 0.2 0:40.60
2923 0.0 0.2 0:40.60
2923 0.0 0.2 0:40.61
2923 11.1 0.2 0:40.66
2923 0.0 0.2 0:40.71
2923 0.0 0.2 0:40.73
2923 0.0 0.2 0:40.74
2923 5.3 0.2 0:40.76
2923 4.8 0.2 0:40.80
2923 10.0 0.2 0:40.85
2923 5.0 0.2 0:40.88
2923 0.0 0.2 0:40.89
2923 0.0 0.2 0:40.90
2923 10.5 0.2 0:40.93
2923 16.7 0.2 0:41.10
2923 0.0 0.2 0:41.11
2923 0.0 0.2 0:41.12
2923 0.0 0.2 0:41.13
2923 8.7 0.2 0:41.17
2923 5.3 0.2 0:41.23
2923 0.0 0.2 0:41.27
2923 0.0 0.2 0:41.28
2923 5.3 0.2 0:41.31
2923 5.3 0.2 0:41.34
2923 4.8 0.2 0:41.36
2923 0.0 0.2 0:41.37
2923 5.6 0.2 0:41.46
2923 0.0 0.2 0:41.48
2923 5.6 0.2 0:41.53
2923 0.0 0.2 0:41.58
2923 5.3 0.2 0:41.66
2923 0.0 0.2 0:41.69
2923 5.0 0.2 0:41.71
2923 4.5 0.2 0:41.73
2923 10.5 0.2 0:41.77
2923 10.5 0.2 0:41.81
2923 0.0 0.2 0:41.84
2923 0.0 0.2 0:41.86
2923 0.0 0.2 0:41.88
2923 5.3 0.2 0:41.98
2923 5.0 0.2 0:42.01
2923 0.0 0.2 0:42.04
2923 0.0 0.2 0:42.06
2923 11.1 0.2 0:42.10
2923 5.0 0.2 0:42.15
2923 0.0 0.2 0:42.19
2923 5.6 0.2 0:42.25
2923 5.3 0.2 0:42.29
2923 5.3 0.2 0:42.31
2923 0.0 0.2 0:42.34
2923 0.0 0.2 0:42.39
2923 0.0 0.2 0:42.44
2923 4.8 0.2 0:42.46
2923 5.6 0.2 0:42.54
2923 0.0 0.2 0:42.56
2923 5.6 0.2 0:42.62
2923 5.0 0.2 0:42.71
2923 10.5 0.2 0:42.77
2923 0.0 0.2 0:42.79
2923 0.0 0.2 0:42.82
2923 0.0 0.2 0:42.87
2923 5.3 0.2 0:42.92
2923 5.3 0.2 0:42.94
2923 5.3 0.2 0:42.97
2923 14.3 0.2 0:43.02
2923 5.3 0.2 0:43.05
2923 5.3 0.2 0:43.08
2923 5.3 0.2 0:43.11
2923 5.3 0.2 0:43.13
2923 5.0 0.2 0:43.15
2923 5.3 0.2 0:43.21
2923 5.3 0.2 0:43.25
2923 0.0 0.2 0:43.26
2923 5.0 0.2 0:43.31
2923 5.3 0.2 0:43.36
2923 5.3 0.2 0:43.39
2923 0.0 0.2 0:43.43
2923 5.3 0.2 0:43.48
2923 0.0 0.2 0:43.54
2923 0.0 0.2 0:43.57
2923 10.5 0.2 0:43.68
2923 5.6 0.2 0:43.71
2923 0.0 0.2 0:43.75
2923 10.0 0.2 0:43.81
2923 5.3 0.2 0:43.83
2923 5.3 0.2 0:43.84
2923 0.0 0.2 0:43.86
2923 0.0 0.2 0:43.90
2923 0.0 0.2 0:43.97
2923 0.0 0.2 0:44.02
2923 0.0 0.2 0:44.07
2923 0.0 0.2 0:44.08
2923 5.3 0.2 0:44.09
2923 0.0 0.2 0:44.11
2923 0.0 0.2 0:44.13
2923 0.0 0.2 0:44.15
2923 5.6 0.2 0:44.18
2923 4.8 0.2 0:44.21
2923 0.0 0.2 0:44.24
2923 0.0 0.2 0:44.29
2923 5.6 0.2 0:44.34
2923 0.0 0.2 0:44.37
2923 5.6 0.2 0:44.40
2923 5.6 0.2 0:44.43
2923 5.3 0.2 0:44.45
2923 5.0 0.2 0:44.47
2923 0.0 0.2 0:44.50
2923 0.0 0.2 0:44.52
2923 0.0 0.2 0:44.54
