2923 5.3 0.2 1:49.43
2923 5.6 0.2 1:49.51
2923 5.6 0.2 1:49.55
2923 0.0 0.2 1:49.60
2923 0.0 0.2 1:49.61
2923 5.0 0.2 1:49.63
2923 5.3 0.2 1:49.67
2923 0.0 0.2 1:49.68
2923 5.0 0.2 1:49.70
2923 0.0 0.2 1:49.77
2923 0.0 0.2 1:49.79
2923 0.0 0.2 1:49.81
2923 11.1 0.2 1:49.84
2923 0.0 0.2 1:49.85
2923 0.0 0.2 1:49.90
2923 5.3 0.2 1:49.94
2923 5.6 0.2 1:49.97
2923 0.0 0.2 1:49.98
2923 10.5 0.2 1:50.03
2923 5.3 0.2 1:50.07
2923 4.8 0.2 1:50.09
2923 10.0 0.2 1:50.19
2923 0.0 0.2 1:50.27
2923 5.3 0.2 1:50.29
2923 0.0 0.2 1:50.31
2923 5.3 0.2 1:50.35
2923 0.0 0.2 1:50.36
2923 0.0 0.2 1:50.37
2923 5.3 0.2 1:50.40
2923 0.0 0.2 1:50.43
2923 0.0 0.2 1:50.45
2923 0.0 0.2 1:50.48
2923 0.0 0.2 1:50.50
2923 0.0 0.2 1:50.51
2923 4.3 0.2 1:50.55
2923 4.3 0.2 1:50.59
2923 0.0 0.2 1:50.61
2923 5.0 0.2 1:50.71
2923 4.8 0.2 1:50.74
2923 4.8 0.2 1:50.81
2923 0.0 0.2 1:50.81
2923 4.8 0.2 1:50.85
2923 5.3 0.2 1:50.89
2923 0.0 0.2 1:50.92
2923 4.5 0.2 1:50.95
2923 10.5 0.2 1:51.00
2923 0.0 0.2 1:51.05
2923 5.3 0.2 1:51.11
2923 5.3 0.2 1:51.18
2923 10.0 0.2 1:51.24
2923 0.0 0.2 1:51.25
2923 5.0 0.2 1:51.30
2923 0.0 0.2 1:51.35
2923 5.0 0.2 1:51.39
2923 5.6 0.2 1:51.43
2923 0.0 0.2 1:51.47
2923 0.0 0.2 1:51.50
2923 5.0 0.2 1:51.53
2923 11.1 0.2 1:51.61
2923 0.0 0.2 1:51.63
2923 0.0 0.2 1:51.64
2923 0.0 0.2 1:51.66
2923 0.0 0.2 1:51.69
2923 0.0 0.2 1:51.72
2923 4.5 0.2 1:51.75
2923 5.3 0.2 1:51.78
2923 0.0 0.2 1:51.81
2923 0.0 0.2 1:51.85
2923 5.3 0.2 1:51.90
2923 10.0 0.2 1:51.95
2923 0.0 0.2 1:51.99
2923 0.0 0.2 1:52.00
2923 0.0 0.2 1:52.07
2923 0.0 0.2 1:52.10
2923 0.0 0.2 1:52.12
2923 0.0 0.2 1:52.13
