2924 5.6 0.2 0:01.35
2924 16.7 0.2 0:01.40
2924 0.0 0.2 0:01.44
2924 5.3 0.2 0:01.47
2924 0.0 0.2 0:01.47
2924 0.0 0.2 0:01.47
2924 5.3 0.2 0:01.49
2924 0.0 0.2 0:01.53
2924 0.0 0.2 0:01.54
2924 0.0 0.2 0:01.54
2924 0.0 0.2 0:01.54
2924 0.0 0.2 0:01.54
2924 0.0 0.2 0:01.56
2924 0.0 0.2 0:01.56
2924 0.0 0.2 0:01.56
2924 0.0 0.2 0:01.56
2924 0.0 0.2 0:01.56
2924 0.0 0.2 0:01.56
2924 0.0 0.2 0:01.56
2924 0.0 0.2 0:01.56
2924 0.0 0.2 0:01.56
2924 0.0 0.2 0:01.56
2924 0.0 0.2 0:01.56
2924 0.0 0.2 0:01.56
2924 0.0 0.2 0:01.56
2924 0.0 0.2 0:01.56
2924 0.0 0.2 0:01.56
2924 0.0 0.2 0:01.56
2924 0.0 0.2 0:01.56
2924 0.0 0.2 0:01.56
2924 0.0 0.2 0:01.56
2924 0.0 0.2 0:01.56
2924 0.0 0.2 0:01.56
2924 0.0 0.2 0:01.56
2924 0.0 0.2 0:01.56
2924 0.0 0.2 0:01.56
2924 0.0 0.2 0:01.56
2924 0.0 0.2 0:01.56
2924 0.0 0.2 0:01.56
2924 0.0 0.2 0:01.56
2924 0.0 0.2 0:01.56
2924 0.0 0.2 0:01.56
2924 0.0 0.2 0:01.56
2924 0.0 0.2 0:01.56
2924 0.0 0.2 0:01.56
12924 0.0 0.1 0:00.00
2924 0.0 0.2 0:01.56
2924 0.0 0.2 0:01.56
2924 0.0 0.2 0:01.56
2924 0.0 0.2 0:01.56
2924 0.0 0.2 0:01.56
2924 0.0 0.2 0:01.56
2924 0.0 0.2 0:01.56
2924 0.0 0.2 0:01.56
2924 0.0 0.2 0:01.56
2924 0.0 0.2 0:01.56
2924 0.0 0.2 0:01.56
2924 0.0 0.2 0:01.56
2924 0.0 0.2 0:01.56
2924 0.0 0.2 0:01.56
2924 0.0 0.2 0:01.56
2924 0.0 0.2 0:01.56
2924 0.0 0.2 0:01.56
2924 0.0 0.2 0:01.56
2924 0.0 0.2 0:01.56
2924 0.0 0.2 0:01.56
2924 0.0 0.2 0:01.56
2924 0.0 0.2 0:01.56
2924 0.0 0.2 0:01.56
2924 0.0 0.2 0:01.56
2924 0.0 0.2 0:01.56
2924 0.0 0.2 0:01.56
2924 0.0 0.2 0:01.56
2924 0.0 0.2 0:01.56
2924 0.0 0.2 0:01.56
2924 0.0 0.2 0:01.56
2924 0.0 0.2 0:01.56
2924 0.0 0.2 0:01.56
2924 0.0 0.2 0:01.56
2924 0.0 0.2 0:01.56
2924 0.0 0.2 0:01.56
2924 0.0 0.2 0:01.56
2924 0.0 0.2 0:01.56
2924 0.0 0.2 0:01.56
2924 0.0 0.2 0:01.56
2924 0.0 0.2 0:01.56
2924 0.0 0.2 0:01.56
2924 0.0 0.2 0:01.56
2924 0.0 0.2 0:01.56
2924 0.0 0.2 0:01.56
2924 0.0 0.2 0:01.56
2924 0.0 0.2 0:01.56
2924 0.0 0.2 0:01.56
2924 0.0 0.2 0:01.56
2924 0.0 0.2 0:01.56
2924 0.0 0.2 0:01.56
2924 0.0 0.2 0:01.56
2924 0.0 0.2 0:01.56
2924 0.0 0.2 0:01.56
2924 0.0 0.2 0:01.56
2924 0.0 0.2 0:01.56
2924 0.0 0.2 0:01.56
2924 0.0 0.2 0:01.56
2924 0.0 0.2 0:01.56
2924 0.0 0.2 0:01.56
2924 0.0 0.2 0:01.56
2924 0.0 0.2 0:01.56
2924 0.0 0.2 0:01.56
2924 0.0 0.2 0:01.56
2924 0.0 0.2 0:01.56
2924 0.0 0.2 0:01.56
2924 0.0 0.2 0:01.56
2924 0.0 0.2 0:01.56
2924 0.0 0.2 0:01.56
2924 0.0 0.2 0:01.56
2924 0.0 0.2 0:01.56
2924 0.0 0.2 0:01.56
2924 0.0 0.2 0:01.56
2924 0.0 0.2 0:01.56
2924 0.0 0.2 0:01.56
2924 0.0 0.2 0:01.56
2924 0.0 0.2 0:01.56
2924 0.0 0.2 0:01.56
2924 0.0 0.2 0:01.56
2924 0.0 0.2 0:01.56
2924 0.0 0.2 0:01.56
