2925 5.0 0.2 0:00.48
2925 5.6 0.2 0:00.53
2925 0.0 0.2 0:00.56
2925 0.0 0.2 0:00.59
2925 0.0 0.2 0:00.62
2925 5.3 0.2 0:00.68
2925 5.3 0.2 0:00.71
2925 5.6 0.2 0:00.73
2925 0.0 0.2 0:00.74
2925 5.0 0.2 0:00.76
2925 5.0 0.2 0:00.79
2925 0.0 0.2 0:00.79
2925 5.0 0.2 0:00.81
2925 0.0 0.2 0:00.81
2925 0.0 0.2 0:00.82
2925 0.0 0.2 0:00.82
2925 0.0 0.2 0:00.82
2925 0.0 0.2 0:00.82
2925 0.0 0.2 0:00.84
2925 0.0 0.2 0:00.84
2925 0.0 0.2 0:00.84
2925 0.0 0.2 0:00.84
2925 0.0 0.2 0:00.84
2925 0.0 0.2 0:00.84
2925 0.0 0.2 0:00.84
2925 0.0 0.2 0:00.84
2925 0.0 0.2 0:00.84
2925 0.0 0.2 0:00.84
2925 0.0 0.2 0:00.84
2925 0.0 0.2 0:00.84
2925 0.0 0.2 0:00.84
2925 0.0 0.2 0:00.84
2925 0.0 0.2 0:00.84
2925 0.0 0.2 0:00.84
2925 0.0 0.2 0:00.84
2925 0.0 0.2 0:00.84
2925 0.0 0.2 0:00.84
2925 0.0 0.2 0:00.84
2925 0.0 0.2 0:00.84
2925 0.0 0.2 0:00.84
2925 0.0 0.2 0:00.84
2925 0.0 0.2 0:00.84
2925 0.0 0.2 0:00.84
2925 0.0 0.2 0:00.84
2925 0.0 0.2 0:00.84
2925 0.0 0.2 0:00.84
2925 0.0 0.2 0:00.84
2925 0.0 0.2 0:00.84
2925 0.0 0.2 0:00.84
2925 0.0 0.2 0:00.84
2925 0.0 0.2 0:00.84
2925 0.0 0.2 0:00.84
2925 0.0 0.2 0:00.84
2925 0.0 0.2 0:00.84
2925 0.0 0.2 0:00.84
2925 0.0 0.2 0:00.84
2925 0.0 0.2 0:00.84
2925 0.0 0.2 0:00.84
2925 0.0 0.2 0:00.84
2925 0.0 0.2 0:00.84
2925 0.0 0.2 0:00.84
2925 0.0 0.2 0:00.84
2925 0.0 0.2 0:00.84
2925 0.0 0.2 0:00.84
2925 0.0 0.2 0:00.84
2925 0.0 0.2 0:00.84
2925 0.0 0.2 0:00.84
2925 0.0 0.2 0:00.84
2925 0.0 0.2 0:00.85
2925 0.0 0.2 0:00.85
2925 0.0 0.2 0:00.85
2925 0.0 0.2 0:00.85
2925 0.0 0.2 0:00.85
2925 0.0 0.2 0:00.85
2925 0.0 0.2 0:00.85
2925 0.0 0.2 0:00.85
2925 0.0 0.2 0:00.85
2925 0.0 0.2 0:00.85
2925 0.0 0.2 0:00.85
2925 0.0 0.2 0:00.85
2925 0.0 0.2 0:00.85
2925 0.0 0.2 0:00.85
2925 0.0 0.2 0:00.85
2925 0.0 0.2 0:00.85
2925 0.0 0.2 0:00.85
2925 0.0 0.2 0:00.85
2925 0.0 0.2 0:00.85
2925 0.0 0.2 0:00.85
2925 0.0 0.2 0:00.85
2925 0.0 0.2 0:00.85
2925 0.0 0.2 0:00.85
2925 0.0 0.2 0:00.85
2925 0.0 0.2 0:00.85
2925 0.0 0.2 0:00.85
2925 0.0 0.2 0:00.85
2925 0.0 0.2 0:00.85
2925 0.0 0.2 0:00.86
2925 10.5 0.2 0:00.91
2925 0.0 0.2 0:00.91
2925 0.0 0.2 0:00.91
2925 0.0 0.2 0:00.92
2925 0.0 0.2 0:00.92
2925 0.0 0.2 0:00.92
2925 0.0 0.2 0:00.92
2925 0.0 0.2 0:00.92
2925 0.0 0.2 0:00.92
2925 0.0 0.2 0:00.92
2925 0.0 0.2 0:00.92
2925 0.0 0.2 0:00.92
2925 0.0 0.2 0:00.92
2925 0.0 0.2 0:00.92
2925 0.0 0.2 0:00.93
2925 0.0 0.2 0:00.93
2925 0.0 0.2 0:00.93
2925 0.0 0.2 0:00.93
2925 0.0 0.2 0:00.93
2925 0.0 0.2 0:00.93
2925 0.0 0.2 0:00.93
2925 0.0 0.2 0:00.93
2925 0.0 0.2 0:00.93
2925 0.0 0.2 0:00.94
2925 0.0 0.2 0:00.94
2925 0.0 0.2 0:00.94
2925 0.0 0.2 0:00.94
2925 0.0 0.2 0:00.94
2925 0.0 0.2 0:00.94
2925 0.0 0.2 0:00.94
2925 0.0 0.2 0:00.94
2925 0.0 0.2 0:00.94
2925 0.0 0.2 0:00.94
2925 0.0 0.2 0:00.94
2925 0.0 0.2 0:00.94
2925 0.0 0.2 0:00.94
2925 0.0 0.2 0:00.94
2925 0.0 0.2 0:00.94
2925 0.0 0.2 0:00.94
2925 0.0 0.2 0:00.94
2925 0.0 0.2 0:00.94
2925 0.0 0.2 0:00.94
2925 0.0 0.2 0:00.94
2925 0.0 0.2 0:00.94
2925 0.0 0.2 0:00.94
2925 0.0 0.2 0:00.94
2925 0.0 0.2 0:00.94
2925 0.0 0.2 0:00.94
2925 0.0 0.2 0:00.94
2925 4.5 0.2 0:00.95
2925 0.0 0.2 0:00.95
2925 0.0 0.2 0:00.96
2925 0.0 0.2 0:00.96
2925 0.0 0.2 0:00.96
