2925 5.6 0.2 0:01.37
2925 5.3 0.2 0:01.43
2925 0.0 0.2 0:01.46
2925 5.3 0.2 0:01.48
2925 5.6 0.2 0:01.54
2925 0.0 0.2 0:01.56
2925 5.0 0.2 0:01.57
2925 5.6 0.2 0:01.59
2925 0.0 0.2 0:01.59
2925 0.0 0.2 0:01.59
2925 0.0 0.2 0:01.60
2925 0.0 0.2 0:01.60
2925 0.0 0.2 0:01.60
2925 0.0 0.2 0:01.60
2925 0.0 0.2 0:01.60
2925 0.0 0.2 0:01.60
2925 0.0 0.2 0:01.60
2925 0.0 0.2 0:01.60
2925 0.0 0.2 0:01.60
2925 0.0 0.2 0:01.60
2925 0.0 0.2 0:01.60
2925 0.0 0.2 0:01.60
2925 0.0 0.2 0:01.60
2925 0.0 0.2 0:01.60
2925 0.0 0.2 0:01.60
2925 0.0 0.2 0:01.60
2925 0.0 0.2 0:01.60
2925 0.0 0.2 0:01.60
2925 0.0 0.2 0:01.60
2925 0.0 0.2 0:01.60
2925 0.0 0.2 0:01.60
2925 0.0 0.2 0:01.60
2925 0.0 0.2 0:01.60
2925 0.0 0.2 0:01.60
2925 0.0 0.2 0:01.60
2925 0.0 0.2 0:01.61
2925 0.0 0.2 0:01.61
2925 0.0 0.2 0:01.61
2925 0.0 0.2 0:01.61
2925 0.0 0.2 0:01.61
2925 0.0 0.2 0:01.61
2925 0.0 0.2 0:01.61
2925 0.0 0.2 0:01.61
2925 0.0 0.2 0:01.61
2925 0.0 0.2 0:01.61
2925 0.0 0.2 0:01.61
2925 0.0 0.2 0:01.61
2925 0.0 0.2 0:01.61
2925 0.0 0.2 0:01.61
2925 0.0 0.2 0:01.61
2925 0.0 0.2 0:01.61
2925 0.0 0.2 0:01.61
2925 0.0 0.2 0:01.61
2925 0.0 0.2 0:01.61
2925 0.0 0.2 0:01.61
2925 0.0 0.2 0:01.61
2925 0.0 0.2 0:01.61
2925 0.0 0.2 0:01.61
2925 0.0 0.2 0:01.61
2925 0.0 0.2 0:01.62
2925 0.0 0.2 0:01.62
2925 0.0 0.2 0:01.62
2925 0.0 0.2 0:01.62
2925 0.0 0.2 0:01.62
2925 0.0 0.2 0:01.62
2925 0.0 0.2 0:01.62
2925 0.0 0.2 0:01.62
2925 0.0 0.2 0:01.62
2925 0.0 0.2 0:01.63
2925 0.0 0.2 0:01.63
2925 0.0 0.2 0:01.63
2925 0.0 0.2 0:01.63
2925 0.0 0.2 0:01.63
2925 0.0 0.2 0:01.63
2925 0.0 0.2 0:01.63
2925 0.0 0.2 0:01.63
2925 0.0 0.2 0:01.63
2925 0.0 0.2 0:01.63
2925 0.0 0.2 0:01.63
2925 0.0 0.2 0:01.63
2925 0.0 0.2 0:01.63
2925 0.0 0.2 0:01.63
2925 0.0 0.2 0:01.63
2925 0.0 0.2 0:01.63
2925 0.0 0.2 0:01.63
2925 0.0 0.2 0:01.63
2925 0.0 0.2 0:01.63
2925 0.0 0.2 0:01.63
2925 0.0 0.2 0:01.63
2925 0.0 0.2 0:01.63
2925 0.0 0.2 0:01.63
2925 0.0 0.2 0:01.63
2925 0.0 0.2 0:01.64
2925 0.0 0.2 0:01.64
2925 0.0 0.2 0:01.64
2925 0.0 0.2 0:01.64
2925 0.0 0.2 0:01.64
2925 0.0 0.2 0:01.64
2925 0.0 0.2 0:01.64
2925 0.0 0.2 0:01.64
2925 0.0 0.2 0:01.64
2925 0.0 0.2 0:01.64
2925 0.0 0.2 0:01.64
2925 0.0 0.2 0:01.64
2925 0.0 0.2 0:01.64
2925 0.0 0.2 0:01.64
2925 0.0 0.2 0:01.64
2925 0.0 0.2 0:01.64
2925 0.0 0.2 0:01.64
2925 0.0 0.2 0:01.64
2925 0.0 0.2 0:01.64
2925 0.0 0.2 0:01.64
2925 0.0 0.2 0:01.64
2925 0.0 0.2 0:01.64
2925 0.0 0.2 0:01.64
2925 0.0 0.2 0:01.64
2925 0.0 0.2 0:01.64
2925 0.0 0.2 0:01.64
2925 0.0 0.2 0:01.64
2925 0.0 0.2 0:01.64
2925 0.0 0.2 0:01.64
2925 0.0 0.2 0:01.64
2925 0.0 0.2 0:01.64
2925 0.0 0.2 0:01.64
2925 0.0 0.2 0:01.64
2925 0.0 0.2 0:01.64
2925 4.3 0.2 0:01.65
2925 0.0 0.2 0:01.65
2925 0.0 0.2 0:01.65
2925 0.0 0.2 0:01.65
2925 0.0 0.2 0:01.65
2925 0.0 0.2 0:01.65
2925 0.0 0.2 0:01.65
2925 0.0 0.2 0:01.65
2925 0.0 0.2 0:01.65
2925 0.0 0.2 0:01.65
2925 0.0 0.2 0:01.65
2925 0.0 0.2 0:01.65
2925 0.0 0.2 0:01.65
2925 0.0 0.2 0:01.65
2925 0.0 0.2 0:01.68
2925 0.0 0.2 0:01.71
2925 0.0 0.2 0:01.71
2925 0.0 0.2 0:01.71
2925 0.0 0.2 0:01.71
2925 0.0 0.2 0:01.71
2925 0.0 0.2 0:01.71
