3320 0.0 0.0 0:00.00
3320 0.0 0.0 0:00.00
3320 0.0 0.0 0:00.00
3320 0.0 0.0 0:00.00
3320 0.0 0.0 0:00.00
3320 0.0 0.0 0:00.00
3320 0.0 0.0 0:00.00
3320 0.0 0.0 0:00.00
3320 0.0 0.0 0:00.00
3320 0.0 0.0 0:00.00
3320 0.0 0.0 0:00.00
3320 0.0 0.0 0:00.00
3320 0.0 0.0 0:00.00
3320 0.0 0.0 0:00.00
3320 0.0 0.0 0:00.00
3320 0.0 0.0 0:00.00
3320 0.0 0.0 0:00.00
3320 0.0 0.0 0:00.00
3320 0.0 0.0 0:00.00
3320 0.0 0.0 0:00.00
3320 0.0 0.0 0:00.00
3320 0.0 0.0 0:00.00
3320 0.0 0.0 0:00.00
3320 0.0 0.0 0:00.00
3320 0.0 0.0 0:00.00
3320 0.0 0.0 0:00.00
3320 0.0 0.0 0:00.00
3320 0.0 0.0 0:00.00
3320 0.0 0.0 0:00.00
3320 0.0 0.0 0:00.00
3320 0.0 0.0 0:00.00
3320 0.0 0.0 0:00.00
3320 0.0 0.0 0:00.00
3320 0.0 0.0 0:00.00
3320 0.0 0.0 0:00.00
3320 0.0 0.0 0:00.00
3320 0.0 0.0 0:00.00
3320 0.0 0.0 0:00.00
3320 0.0 0.0 0:00.00
3320 0.0 0.0 0:00.00
3320 0.0 0.0 0:00.00
3320 0.0 0.0 0:00.00
3320 0.0 0.0 0:00.00
3320 0.0 0.0 0:00.00
3320 0.0 0.0 0:00.00
3320 0.0 0.0 0:00.00
3320 0.0 0.0 0:00.00
3320 0.0 0.0 0:00.00
3320 0.0 0.0 0:00.00
3320 0.0 0.0 0:00.00
3320 0.0 0.0 0:00.00
3320 0.0 0.0 0:00.00
3320 0.0 0.0 0:00.00
3320 0.0 0.0 0:00.00
3320 0.0 0.0 0:00.00
3320 0.0 0.0 0:00.00
3320 0.0 0.0 0:00.00
3320 0.0 0.0 0:00.00
3320 0.0 0.0 0:00.00
3320 0.0 0.0 0:00.00
3320 0.0 0.0 0:00.00
3320 0.0 0.0 0:00.00
3320 0.0 0.0 0:00.00
3320 0.0 0.0 0:00.00
3320 0.0 0.0 0:00.00
3320 0.0 0.0 0:00.00
3320 0.0 0.0 0:00.00
3320 0.0 0.0 0:00.00
3320 0.0 0.0 0:00.00
3320 0.0 0.0 0:00.00
3320 0.0 0.0 0:00.00
3320 0.0 0.0 0:00.00
3320 0.0 0.0 0:00.00
3320 0.0 0.0 0:00.00
3320 0.0 0.0 0:00.00
3320 0.0 0.0 0:00.00
