3321 40.0 0.1 1:47.36
3321 42.1 0.1 1:47.91
3321 28.6 0.1 1:48.45
3321 35.0 0.1 1:48.94
3321 50.0 0.1 1:49.53
3321 45.5 0.1 1:50.09
3321 55.6 0.1 1:50.54
3321 31.8 0.1 1:51.01
3321 40.9 0.1 1:51.53
3321 38.9 0.1 1:51.97
3321 52.4 0.1 1:52.49
3321 36.4 0.1 1:53.06
3321 52.6 0.1 1:53.57
3321 31.8 0.1 1:54.14
3321 28.6 0.1 1:54.64
3321 0.0 0.1 1:54.82
3321 0.0 0.1 1:54.82
3321 0.0 0.1 1:54.82
3321 0.0 0.1 1:54.82
3321 0.0 0.1 1:54.82
3321 0.0 0.1 1:54.82
3321 0.0 0.1 1:54.82
3321 0.0 0.1 1:54.82
3321 0.0 0.1 1:54.82
3321 0.0 0.1 1:54.82
3321 0.0 0.1 1:54.82
3321 0.0 0.1 1:54.82
3321 0.0 0.1 1:54.82
3321 0.0 0.1 1:54.82
3321 0.0 0.1 1:54.82
3321 0.0 0.1 1:54.82
3321 0.0 0.1 1:54.82
3321 0.0 0.1 1:54.82
3321 0.0 0.1 1:54.82
3321 0.0 0.1 1:54.82
3321 0.0 0.1 1:54.82
3321 0.0 0.1 1:54.82
3321 0.0 0.1 1:54.82
3321 0.0 0.1 1:54.82
3321 0.0 0.1 1:54.82
3321 0.0 0.1 1:54.82
3321 0.0 0.1 1:54.82
3321 0.0 0.1 1:54.82
