3322 19.0 0.1 0:20.24
3322 8.0 0.1 0:20.47
3322 20.0 0.1 0:20.74
3322 10.0 0.1 0:21.02
3322 15.4 0.1 0:21.26
3322 22.2 0.1 0:21.51
3322 21.7 0.1 0:21.84
3322 22.2 0.1 0:22.10
3322 20.0 0.1 0:22.38
3322 20.0 0.1 0:22.64
3322 23.8 0.1 0:22.90
3322 21.7 0.1 0:23.15
3322 13.6 0.1 0:23.38
3322 25.0 0.1 0:23.67
3322 15.8 0.1 0:23.94
3322 19.0 0.1 0:24.20
3322 26.3 0.1 0:24.47
3322 20.0 0.1 0:24.75
3322 18.2 0.1 0:25.03
3322 15.8 0.1 0:25.29
3322 16.0 0.1 0:25.57
3322 23.8 0.1 0:25.82
3322 21.1 0.1 0:26.09
3322 19.0 0.1 0:26.39
3322 20.0 0.1 0:26.61
3322 21.1 0.1 0:26.88
3322 19.0 0.1 0:27.12
3322 25.0 0.1 0:27.40
3322 23.8 0.1 0:27.69
3322 20.8 0.1 0:27.94
3322 21.1 0.1 0:28.18
3322 20.0 0.1 0:28.45
3322 0.0 0.1 0:28.63
3322 5.3 0.1 0:28.67
3322 0.0 0.1 0:28.67
3322 0.0 0.1 0:28.67
3322 0.0 0.1 0:28.67
3322 0.0 0.1 0:28.67
3322 0.0 0.1 0:28.67
3322 0.0 0.1 0:28.67
3322 0.0 0.1 0:28.67
3322 0.0 0.1 0:28.67
3322 0.0 0.1 0:28.67
3322 0.0 0.1 0:28.67
3322 0.0 0.1 0:28.67
3322 0.0 0.1 0:28.67
3322 0.0 0.1 0:28.67
3322 0.0 0.1 0:28.67
3322 0.0 0.1 0:28.67
3322 0.0 0.1 0:28.67
3322 0.0 0.1 0:28.67
3322 0.0 0.1 0:28.67
3322 0.0 0.1 0:28.67
3322 0.0 0.1 0:28.67
3322 0.0 0.1 0:28.67
3322 0.0 0.1 0:28.67
3322 0.0 0.1 0:28.67
3322 0.0 0.1 0:28.67
3322 0.0 0.1 0:28.67
3322 0.0 0.1 0:28.67
3322 0.0 0.1 0:28.67
