3323 5.0 0.1 0:12.03
3323 14.3 0.1 0:12.19
3323 13.0 0.1 0:12.36
3323 10.5 0.1 0:12.47
3323 13.6 0.1 0:12.65
3323 10.0 0.1 0:12.77
3323 10.5 0.1 0:12.91
3323 10.0 0.1 0:13.03
3323 4.8 0.1 0:13.20
3323 15.8 0.1 0:13.33
3323 4.3 0.1 0:13.50
3323 9.5 0.1 0:13.65
3323 20.0 0.1 0:13.85
3323 8.0 0.1 0:13.98
3323 15.0 0.1 0:14.10
3323 9.5 0.1 0:14.25
3323 21.1 0.1 0:14.37
3323 13.6 0.1 0:14.53
3323 15.8 0.1 0:14.68
3323 8.7 0.1 0:14.82
3323 14.3 0.1 0:14.96
3323 21.1 0.1 0:15.14
3323 15.0 0.1 0:15.26
3323 10.5 0.1 0:15.42
3323 10.5 0.1 0:15.58
3323 9.5 0.1 0:15.71
3323 14.3 0.1 0:15.89
3323 15.8 0.1 0:16.01
3323 10.5 0.1 0:16.17
3323 14.3 0.1 0:16.36
3323 9.5 0.1 0:16.50
3323 10.5 0.1 0:16.63
3323 0.0 0.1 0:16.74
3323 0.0 0.1 0:16.75
3323 0.0 0.1 0:16.75
3323 0.0 0.1 0:16.75
3323 0.0 0.1 0:16.75
3323 0.0 0.1 0:16.75
3323 0.0 0.1 0:16.75
3323 0.0 0.1 0:16.75
3323 0.0 0.1 0:16.75
3323 0.0 0.1 0:16.75
3323 0.0 0.1 0:16.75
3323 0.0 0.1 0:16.75
3323 0.0 0.1 0:16.75
3323 0.0 0.1 0:16.75
3323 0.0 0.1 0:16.75
3323 0.0 0.1 0:16.75
3323 0.0 0.1 0:16.75
3323 0.0 0.1 0:16.75
3323 0.0 0.1 0:16.75
3323 0.0 0.1 0:16.75
3323 0.0 0.1 0:16.75
3323 0.0 0.1 0:16.75
3323 0.0 0.1 0:16.75
3323 0.0 0.1 0:16.75
3323 0.0 0.1 0:16.75
3323 0.0 0.1 0:16.75
3323 0.0 0.1 0:16.75
3323 0.0 0.1 0:16.75
3323 0.0 0.1 0:16.75
