3324 5.0 0.1 0:19.49
3324 5.0 0.1 0:19.54
3324 10.5 0.1 0:19.62
3324 15.0 0.1 0:19.69
3324 4.8 0.1 0:19.77
3324 5.3 0.1 0:19.86
3324 4.3 0.1 0:19.97
3324 20.0 0.1 0:20.09
3324 4.8 0.1 0:20.21
3324 5.0 0.1 0:20.30
3324 4.8 0.1 0:20.40
3324 5.3 0.1 0:20.46
3324 5.0 0.1 0:20.55
3324 8.7 0.1 0:20.62
3324 10.5 0.1 0:20.71
3324 0.0 0.1 0:20.74
3324 0.0 0.1 0:20.74
3324 0.0 0.1 0:20.74
3324 0.0 0.1 0:20.74
3324 0.0 0.1 0:20.74
3324 0.0 0.1 0:20.74
3324 0.0 0.1 0:20.74
3324 0.0 0.1 0:20.74
3324 0.0 0.1 0:20.74
3324 0.0 0.1 0:20.74
3324 0.0 0.1 0:20.74
3324 0.0 0.1 0:20.74
3324 0.0 0.1 0:20.74
3324 0.0 0.1 0:20.74
3324 0.0 0.1 0:20.74
3324 0.0 0.1 0:20.74
3324 0.0 0.1 0:20.74
3324 0.0 0.1 0:20.74
3324 0.0 0.1 0:20.74
3324 0.0 0.1 0:20.74
3324 0.0 0.1 0:20.74
3324 0.0 0.1 0:20.74
3324 0.0 0.1 0:20.74
3324 0.0 0.1 0:20.74
3324 0.0 0.1 0:20.74
3324 0.0 0.1 0:20.74
3324 0.0 0.1 0:20.74
3324 0.0 0.1 0:20.74
