706 0.0 0.4 0:05.87
706 10.5 0.4 0:05.94
706 5.3 0.4 0:06.02
706 5.6 0.4 0:06.10
706 4.8 0.4 0:06.17
706 4.5 0.4 0:06.25
706 5.6 0.4 0:06.32
706 0.0 0.4 0:06.40
706 10.5 0.4 0:06.48
706 4.8 0.4 0:06.56
706 5.3 0.4 0:06.63
706 5.3 0.4 0:06.70
706 10.5 0.4 0:06.79
706 0.0 0.4 0:06.87
706 0.0 0.4 0:06.94
706 5.3 0.4 0:07.02
706 11.1 0.4 0:07.11
706 0.0 0.4 0:07.16
706 4.8 0.4 0:07.22
706 0.0 0.4 0:07.30
706 5.6 0.4 0:07.38
706 10.5 0.4 0:07.47
706 5.6 0.4 0:07.53
706 5.3 0.4 0:07.61
706 5.3 0.4 0:07.69
706 0.0 0.4 0:07.76
706 5.6 0.4 0:07.84
706 5.6 0.4 0:07.91
706 5.0 0.4 0:08.00
706 5.3 0.4 0:08.08
706 5.6 0.4 0:08.15
706 5.0 0.4 0:08.23
706 11.1 0.4 0:08.33
706 5.6 0.4 0:08.40
706 5.6 0.4 0:08.48
706 5.3 0.4 0:08.55
706 5.3 0.4 0:08.63
706 5.3 0.4 0:08.70
706 5.3 0.4 0:08.77
706 5.3 0.4 0:08.85
706 5.3 0.4 0:08.92
706 11.1 0.4 0:09.00
706 10.5 0.4 0:09.09
706 5.0 0.4 0:09.16
706 5.3 0.4 0:09.23
706 0.0 0.4 0:09.31
706 5.3 0.4 0:09.38
706 5.6 0.4 0:09.47
706 5.6 0.4 0:09.54
706 5.0 0.4 0:09.62
706 5.0 0.4 0:09.70
706 16.7 0.4 0:09.79
706 5.6 0.4 0:09.86
KiB used, 260640 buff/cache
706 10.5 0.4 0:10.02
706 5.3 0.4 0:10.08
706 5.6 0.4 0:10.16
706 5.3 0.4 0:10.23
706 0.0 0.4 0:10.30
706 5.3 0.4 0:10.38
706 5.3 0.4 0:10.47
706 5.3 0.4 0:10.56
706 5.3 0.4 0:10.63
706 11.1 0.4 0:10.71
706 5.3 0.4 0:10.78
706 5.3 0.4 0:10.85
706 5.3 0.4 0:10.92
706 5.3 0.4 0:11.00
706 9.5 0.4 0:11.08
706 5.6 0.4 0:11.15
706 5.6 0.4 0:11.23
706 5.3 0.4 0:11.30
706 10.0 0.4 0:11.39
706 10.0 0.4 0:11.49
706 10.5 0.4 0:11.57
706 10.5 0.4 0:11.65
269 0.0 1.0 0:00.47
269 0.0 1.0 0:00.47
269 0.0 1.0 0:00.47
269 0.0 1.0 0:00.47
269 0.0 1.0 0:00.47
269 0.0 1.0 0:00.47
