706 5.3 0.4 0:43.32
706 5.6 0.4 0:43.38
706 5.3 0.4 0:43.44
706 5.3 0.4 0:43.50
706 0.0 0.4 0:43.55
706 5.3 0.4 0:43.61
706 5.6 0.4 0:43.68
706 5.6 0.4 0:43.74
706 5.6 0.4 0:43.80
706 5.6 0.4 0:43.86
706 4.8 0.4 0:43.93
706 5.3 0.4 0:43.99
706 5.0 0.4 0:44.05
706 5.3 0.4 0:44.11
706 5.3 0.4 0:44.17
706 5.6 0.4 0:44.23
706 0.0 0.4 0:44.27
706 5.3 0.4 0:44.33
706 5.3 0.4 0:44.39
706 5.6 0.4 0:44.45
706 5.3 0.4 0:44.51
706 11.1 0.4 0:44.58
706 5.3 0.4 0:44.62
706 5.3 0.4 0:44.68
706 5.6 0.4 0:44.73
706 5.6 0.4 0:44.79
706 0.0 0.4 0:44.85
706 5.3 0.4 0:44.91
706 4.8 0.4 0:44.97
706 5.6 0.4 0:45.02
706 5.6 0.4 0:45.08
706 5.3 0.4 0:45.14
706 0.0 0.4 0:45.20
706 5.3 0.4 0:45.27
706 4.5 0.4 0:45.34
706 5.3 0.4 0:45.39
706 5.3 0.4 0:45.46
706 5.3 0.4 0:45.52
706 9.5 0.4 0:45.59
706 5.3 0.4 0:45.63
706 0.0 0.4 0:45.71
706 5.3 0.4 0:45.76
706 5.3 0.4 0:45.82
706 5.6 0.4 0:45.88
706 5.3 0.4 0:45.94
706 5.3 0.4 0:46.00
706 11.1 0.4 0:46.08
KiB used, 337068 buff/cache
706 5.6 0.4 0:46.19
706 11.1 0.4 0:46.26
706 5.6 0.4 0:46.31
706 0.0 0.4 0:46.37
706 0.0 0.4 0:46.42
706 5.6 0.4 0:46.48
706 5.0 0.4 0:46.54
706 0.0 0.4 0:46.59
706 5.3 0.4 0:46.65
706 5.3 0.4 0:46.71
706 5.3 0.4 0:46.76
706 0.0 0.4 0:46.81
706 5.3 0.4 0:46.86
706 10.5 0.4 0:46.93
706 10.5 0.4 0:46.99
706 5.0 0.4 0:47.06
706 0.0 0.4 0:47.13
706 0.0 0.4 0:47.19
706 5.6 0.4 0:47.24
706 0.0 0.4 0:47.30
706 5.3 0.4 0:47.36
706 5.6 0.4 0:47.42
706 5.3 0.4 0:47.47
706 0.0 0.4 0:47.54
706 0.0 0.4 0:47.59
706 5.3 0.4 0:47.66
706 5.0 0.4 0:47.72
706 0.0 0.4 0:47.77
706 4.8 0.4 0:47.85
706 5.6 0.4 0:47.91
706 0.0 0.4 0:47.94
706 0.0 0.4 0:47.94
706 0.0 0.4 0:47.94
706 0.0 0.4 0:47.94
706 0.0 0.4 0:47.94
706 0.0 0.4 0:47.94
706 0.0 0.4 0:47.94
706 0.0 0.4 0:47.94
706 0.0 0.4 0:47.94
706 0.0 0.4 0:47.94
706 0.0 0.4 0:47.94
