706 5.6 0.4 1:28.87
706 5.6 0.4 1:28.92
706 5.3 0.4 1:28.95
706 5.6 0.4 1:28.98
706 5.3 0.4 1:29.02
706 5.0 0.4 1:29.05
706 5.6 0.4 1:29.10
706 5.3 0.4 1:29.13
706 5.6 0.4 1:29.17
706 0.0 0.4 1:29.20
706 0.0 0.4 1:29.23
706 5.6 0.4 1:29.27
706 0.0 0.4 1:29.31
706 0.0 0.4 1:29.35
706 5.3 0.4 1:29.40
706 0.0 0.4 1:29.44
706 5.0 0.4 1:29.48
706 0.0 0.4 1:29.52
706 5.3 0.4 1:29.56
706 0.0 0.4 1:29.60
706 5.3 0.4 1:29.65
706 0.0 0.4 1:29.68
706 5.3 0.4 1:29.72
706 5.6 0.4 1:29.76
706 0.0 0.4 1:29.78
706 5.6 0.4 1:29.83
706 5.3 0.4 1:29.87
706 0.0 0.4 1:29.91
706 0.0 0.4 1:29.95
706 5.3 0.4 1:29.99
706 0.0 0.4 1:30.02
706 0.0 0.4 1:30.05
706 11.1 0.4 1:30.10
706 0.0 0.4 1:30.12
706 0.0 0.4 1:30.16
706 5.6 0.4 1:30.20
706 5.3 0.4 1:30.24
706 5.0 0.4 1:30.28
706 0.0 0.4 1:30.31
706 0.0 0.4 1:30.35
706 5.3 0.4 1:30.40
706 0.0 0.4 1:30.43
706 0.0 0.4 1:30.47
706 0.0 0.4 1:30.51
706 0.0 0.4 1:30.54
706 5.6 0.4 1:30.58
706 5.3 0.4 1:30.62
706 5.3 0.4 1:30.65
706 10.5 0.4 1:30.69
706 0.0 0.4 1:30.71
706 10.5 0.4 1:30.76
706 5.6 0.4 1:30.80
706 5.0 0.4 1:30.85
706 9.5 0.4 1:30.90
706 15.8 0.4 1:30.95
706 5.3 0.4 1:30.97
706 5.3 0.4 1:31.00
706 5.0 0.4 1:31.04
706 5.6 0.4 1:31.08
706 0.0 0.4 1:31.11
706 0.0 0.4 1:31.14
706 0.0 0.4 1:31.19
706 0.0 0.4 1:31.23
706 0.0 0.4 1:31.26
706 5.3 0.4 1:31.31
706 5.0 0.4 1:31.34
706 5.3 0.4 1:31.38
706 11.1 0.4 1:31.43
706 5.6 0.4 1:31.48
706 5.3 0.4 1:31.52
706 0.0 0.4 1:31.55
706 5.0 0.4 1:31.59
706 0.0 0.4 1:31.61
706 5.6 0.4 1:31.66
706 0.0 0.4 1:31.68
706 0.0 0.4 1:31.72
706 0.0 0.4 1:31.76
706 5.3 0.4 1:31.79
706 0.0 0.4 1:31.83
706 0.0 0.4 1:31.84
706 0.0 0.4 1:31.84
706 0.0 0.4 1:31.84
706 0.0 0.4 1:31.84
706 0.0 0.4 1:31.84
706 0.0 0.4 1:31.84
706 0.0 0.4 1:31.84
706 0.0 0.4 1:31.84
706 0.0 0.4 1:31.84
706 0.0 0.4 1:31.84
