706 5.0 0.4 0:23.51
706 5.3 0.4 0:23.59
706 5.0 0.4 0:23.66
706 10.5 0.4 0:23.74
706 5.3 0.4 0:23.81
706 5.6 0.4 0:23.89
706 5.3 0.4 0:23.97
706 5.3 0.4 0:24.05
706 5.6 0.4 0:24.13
706 5.3 0.4 0:24.21
706 4.2 0.4 0:24.29
706 10.5 0.4 0:24.37
706 0.0 0.4 0:24.44
706 5.0 0.4 0:24.52
706 5.0 0.4 0:24.60
706 10.5 0.4 0:24.68
706 5.3 0.4 0:24.76
706 5.0 0.4 0:24.83
706 0.0 0.4 0:24.89
706 5.0 0.4 0:24.98
706 4.3 0.4 0:25.05
706 5.6 0.4 0:25.12
706 5.3 0.4 0:25.19
706 5.6 0.4 0:25.26
706 10.5 0.4 0:25.34
706 5.6 0.4 0:25.41
706 5.3 0.4 0:25.50
706 5.6 0.4 0:25.59
706 5.3 0.4 0:25.66
706 10.5 0.4 0:25.75
706 5.6 0.4 0:25.81
706 5.0 0.4 0:25.89
706 5.6 0.4 0:25.96
706 5.3 0.4 0:26.04
706 0.0 0.4 0:26.11
706 11.1 0.4 0:26.18
706 5.6 0.4 0:26.24
706 5.3 0.4 0:26.32
706 5.6 0.4 0:26.40
706 9.5 0.4 0:26.48
706 5.3 0.4 0:26.56
706 10.5 0.4 0:26.64
706 5.0 0.4 0:26.71
706 5.0 0.4 0:26.80
706 5.3 0.4 0:26.88
706 5.6 0.4 0:26.96
706 5.3 0.4 0:27.03
706 5.3 0.4 0:27.10
706 5.6 0.4 0:27.17
706 5.0 0.4 0:27.25
706 11.1 0.4 0:27.34
706 5.6 0.4 0:27.40
706 5.3 0.4 0:27.48
706 0.0 0.4 0:27.55
706 5.3 0.4 0:27.63
KiB used, 327064 buff/cache
706 5.6 0.4 0:27.78
706 5.6 0.4 0:27.85
706 5.3 0.4 0:27.92
706 5.6 0.4 0:28.00
706 5.6 0.4 0:28.06
706 5.6 0.4 0:28.14
706 5.3 0.4 0:28.22
706 5.6 0.4 0:28.30
706 5.6 0.4 0:28.36
706 5.6 0.4 0:28.45
706 5.3 0.4 0:28.53
706 5.6 0.4 0:28.60
706 5.3 0.4 0:28.68
706 11.1 0.4 0:28.76
706 5.6 0.4 0:28.84
706 5.3 0.4 0:28.91
706 5.6 0.4 0:28.99
706 5.6 0.4 0:29.07
706 5.3 0.4 0:29.14
706 5.6 0.4 0:29.22
706 10.5 0.4 0:29.31
706 0.0 0.4 0:29.34
706 0.0 0.4 0:29.34
