707 4.8 0.4 0:58.82
707 0.0 0.4 0:58.84
707 5.3 0.4 0:58.86
707 0.0 0.4 0:58.89
707 0.0 0.4 0:58.90
707 0.0 0.4 0:58.92
707 0.0 0.4 0:58.94
707 0.0 0.4 0:58.97
707 0.0 0.4 0:59.00
707 0.0 0.4 0:59.02
14707 11.1 0.2 0:00.06
707 0.0 0.4 0:59.07
707 0.0 0.4 0:59.10
707 0.0 0.4 0:59.12
707 5.6 0.4 0:59.15
707 5.6 0.4 0:59.18
707 5.9 0.4 0:59.20
707 5.6 0.4 0:59.23
707 5.6 0.4 0:59.25
707 5.3 0.4 0:59.27
707 0.0 0.4 0:59.29
707 0.0 0.4 0:59.31
707 5.3 0.4 0:59.33
707 0.0 0.4 0:59.35
707 5.3 0.4 0:59.38
707 11.1 0.4 0:59.42
707 0.0 0.4 0:59.42
707 0.0 0.4 0:59.44
707 0.0 0.4 0:59.46
707 5.6 0.4 0:59.49
707 5.6 0.4 0:59.52
707 0.0 0.4 0:59.54
707 0.0 0.4 0:59.56
707 0.0 0.4 0:59.58
15707 10.0 0.2 0:00.05
707 5.3 0.4 0:59.63
707 0.0 0.4 0:59.65
707 0.0 0.4 0:59.67
707 0.0 0.4 0:59.69
707 5.6 0.4 0:59.72
707 5.6 0.4 0:59.74
707 0.0 0.4 0:59.76
707 0.0 0.4 0:59.78
707 11.1 0.4 0:59.82
707 10.5 0.4 0:59.84
707 0.0 0.4 0:59.85
707 0.0 0.4 0:59.87
707 0.0 0.4 0:59.89
707 5.0 0.4 0:59.92
707 0.0 0.4 0:59.94
707 0.0 0.4 0:59.97
707 0.0 0.4 0:59.99
707 5.3 0.4 1:00.01
707 0.0 0.4 1:00.03
707 0.0 0.4 1:00.05
707 0.0 0.4 1:00.07
707 5.6 0.4 1:00.10
707 0.0 0.4 1:00.12
16707 15.0 0.2 0:00.03
707 5.0 0.4 1:00.18
707 0.0 0.4 1:00.20
707 5.6 0.4 1:00.23
707 0.0 0.4 1:00.25
707 0.0 0.4 1:00.27
707 5.0 0.4 1:00.30
707 5.6 0.4 1:00.32
707 0.0 0.4 1:00.34
17076 16.7 0.2 0:00.03
707 5.6 0.4 1:00.40
707 5.6 0.4 1:00.42
707 0.0 0.4 1:00.44
707 5.6 0.4 1:00.47
707 5.3 0.4 1:00.49
707 0.0 0.4 1:00.51
707 5.0 0.4 1:00.55
707 0.0 0.4 1:00.57
707 0.0 0.4 1:00.59
707 0.0 0.4 1:00.61
707 11.1 0.4 1:00.65
707 0.0 0.4 1:00.65
707 0.0 0.4 1:00.65
707 0.0 0.4 1:00.65
707 0.0 0.4 1:00.65
707 0.0 0.4 1:00.65
707 0.0 0.4 1:00.65
707 0.0 0.4 1:00.65
707 0.0 0.4 1:00.65
707 0.0 0.4 1:00.65
707 0.0 0.4 1:00.65
