707 5.3 0.4 0:54.61
707 5.0 0.4 0:54.64
707 0.0 0.4 0:54.66
707 5.3 0.4 0:54.69
707 0.0 0.4 0:54.71
707 5.6 0.4 0:54.75
707 0.0 0.4 0:54.78
707 5.3 0.4 0:54.80
707 0.0 0.4 0:54.82
707 5.6 0.4 0:54.85
707 0.0 0.4 0:54.87
707 5.6 0.4 0:54.91
707 0.0 0.4 0:54.93
707 5.6 0.4 0:54.96
707 4.8 0.4 0:54.99
707 5.3 0.4 0:55.02
707 5.0 0.4 0:55.05
707 5.3 0.4 0:55.08
707 5.6 0.4 0:55.10
707 0.0 0.4 0:55.12
707 5.6 0.4 0:55.15
707 0.0 0.4 0:55.17
707 5.3 0.4 0:55.20
707 5.3 0.4 0:55.22
KiB used, 355548 buff/cache
707 0.0 0.4 0:55.28
707 0.0 0.4 0:55.31
707 0.0 0.4 0:55.36
707 0.0 0.4 0:55.37
707 5.0 0.4 0:55.40
707 4.8 0.4 0:55.42
707 0.0 0.4 0:55.44
7707 10.5 0.2 0:00.04
707 0.0 0.4 0:55.49
707 0.0 0.4 0:55.51
707 0.0 0.4 0:55.54
707 5.6 0.4 0:55.57
707 5.3 0.4 0:55.60
707 0.0 0.4 0:55.62
707 0.0 0.4 0:55.64
707 0.0 0.4 0:55.67
707 0.0 0.4 0:55.69
707 5.6 0.4 0:55.73
707 0.0 0.4 0:55.75
707 5.3 0.4 0:55.78
707 0.0 0.4 0:55.80
707 0.0 0.4 0:55.82
707 5.0 0.4 0:55.85
707 0.0 0.4 0:55.87
707 5.3 0.4 0:55.91
707 5.6 0.4 0:55.93
707 0.0 0.4 0:55.95
707 0.0 0.4 0:55.97
707 5.3 0.4 0:56.01
707 5.3 0.4 0:56.03
707 0.0 0.4 0:56.06
8707 15.8 0.2 0:00.03
707 5.6 0.4 0:56.12
707 5.3 0.4 0:56.14
707 0.0 0.4 0:56.16
707 5.3 0.4 0:56.19
707 0.0 0.4 0:56.21
707 0.0 0.4 0:56.23
707 5.6 0.4 0:56.26
707 0.0 0.4 0:56.28
707 5.6 0.4 0:56.31
707 0.0 0.4 0:56.33
707 0.0 0.4 0:56.35
707 4.8 0.4 0:56.39
707 5.6 0.4 0:56.41
707 11.1 0.4 0:56.45
707 5.6 0.4 0:56.47
707 5.6 0.4 0:56.50
707 0.0 0.4 0:56.53
707 10.0 0.4 0:56.57
707 5.3 0.4 0:56.59
707 0.0 0.4 0:56.61
707 0.0 0.4 0:56.64
707 0.0 0.4 0:56.66
707 0.0 0.4 0:56.67
707 0.0 0.4 0:56.67
707 0.0 0.4 0:56.67
707 0.0 0.4 0:56.67
707 0.0 0.4 0:56.67
707 0.0 0.4 0:56.67
707 0.0 0.4 0:56.67
707 0.0 0.4 0:56.67
707 0.0 0.4 0:56.67
707 0.0 0.4 0:56.67
707 0.0 0.4 0:56.67
707 0.0 0.4 0:56.67
707 0.0 0.4 0:56.67
707 0.0 0.4 0:56.67
707 0.0 0.4 0:56.67
707 0.0 0.4 0:56.67
707 0.0 0.4 0:56.67
707 0.0 0.4 0:56.67
707 0.0 0.4 0:56.67
