708 5.6 0.4 1:15.52
708 5.3 0.4 1:15.55
708 5.3 0.4 1:15.57
708 0.0 0.4 1:15.59
708 5.6 0.4 1:15.61
708 0.0 0.4 1:15.64
708 0.0 0.4 1:15.66
708 0.0 0.4 1:15.66
708 0.0 0.4 1:15.66
708 0.0 0.4 1:15.66
708 0.0 0.4 1:15.66
708 0.0 0.4 1:15.66
708 0.0 0.4 1:15.66
708 0.0 0.4 1:15.66
708 0.0 0.4 1:15.66
708 0.0 0.4 1:15.66
708 0.0 0.4 1:15.66
708 0.0 0.4 1:15.66
708 0.0 0.4 1:15.67
708 0.0 0.4 1:15.69
708 5.0 0.4 1:15.72
708 0.0 0.4 1:15.74
708 0.0 0.4 1:15.74
708 0.0 0.4 1:15.76
708 5.6 0.4 1:15.78
708 0.0 0.4 1:15.78
708 0.0 0.4 1:15.78
708 0.0 0.4 1:15.78
708 0.0 0.4 1:15.78
708 0.0 0.4 1:15.78
708 0.0 0.4 1:15.78
708 0.0 0.4 1:15.78
708 0.0 0.4 1:15.78
708 0.0 0.4 1:15.78
708 5.3 0.4 1:15.79
708 0.0 0.4 1:15.79
708 0.0 0.4 1:15.79
708 11.1 0.4 1:15.82
708 10.0 0.4 1:15.84
708 0.0 0.4 1:15.85
708 0.0 0.4 1:15.86
708 5.6 0.4 1:15.87
708 0.0 0.4 1:15.91
708 0.0 0.4 1:15.92
708 0.0 0.4 1:15.92
708 0.0 0.4 1:15.92
708 0.0 0.4 1:15.92
708 0.0 0.4 1:15.92
708 0.0 0.4 1:15.92
708 0.0 0.4 1:15.92
708 0.0 0.4 1:15.92
708 0.0 0.4 1:15.93
708 0.0 0.4 1:15.93
708 0.0 0.4 1:15.94
708 0.0 0.4 1:15.95
708 0.0 0.4 1:15.95
28302 5.6 0.5 0:20.06
708 0.0 0.4 1:15.99
708 5.6 0.4 1:16.05
708 0.0 0.4 1:16.06
708 0.0 0.4 1:16.08
708 0.0 0.4 1:16.08
28302 5.3 0.5 0:20.19
28302 5.3 0.5 0:20.21
708 0.0 0.4 1:16.08
28302 5.6 0.5 0:20.25
708 0.0 0.4 1:16.08
708 0.0 0.4 1:16.08
708 0.0 0.4 1:16.08
708 0.0 0.4 1:16.10
708 0.0 0.4 1:16.10
708 0.0 0.4 1:16.10
28302 5.6 0.5 0:20.40
708 0.0 0.4 1:16.10
708 5.6 0.4 1:16.14
708 5.6 0.4 1:16.15
708 0.0 0.4 1:16.18
708 0.0 0.4 1:16.19
KiB used, 372708 buff/cache
708 0.0 0.4 1:16.21
708 0.0 0.4 1:16.21
708 0.0 0.4 1:16.21
708 0.0 0.4 1:16.21
28302 5.6 0.5 0:20.64
708 0.0 0.4 1:16.21
28302 5.6 0.5 0:20.68
28302 5.6 0.5 0:20.70
708 0.0 0.4 1:16.21
708 0.0 0.4 1:16.21
708 0.0 0.4 1:16.21
28302 26.3 0.5 0:20.83
708 0.0 0.4 1:16.22
708 5.0 0.4 1:16.23
708 5.6 0.4 1:16.25
28302 27.8 0.5 0:20.92
708 0.0 0.4 1:16.27
KiB used, 372820 buff/cache
708 0.0 0.4 1:16.30
708 0.0 0.4 1:16.30
708 0.0 0.4 1:16.30
708 0.0 0.4 1:16.30
708 0.0 0.4 1:16.30
708 0.0 0.4 1:16.30
708 0.0 0.4 1:16.30
708 0.0 0.4 1:16.30
708 0.0 0.4 1:16.31
708 10.5 0.4 1:16.33
708 0.0 0.4 1:16.33
28302 33.3 0.5 0:21.23
708 0.0 0.4 1:16.34
708 0.0 0.4 1:16.34
708 0.0 0.4 1:16.35
708 0.0 0.4 1:16.36
708 0.0 0.4 1:16.41
708 0.0 0.4 1:16.43
708 0.0 0.4 1:16.45
708 0.0 0.4 1:16.45
708 0.0 0.4 1:16.45
708 0.0 0.4 1:16.45
708 0.0 0.4 1:16.45
708 0.0 0.4 1:16.45
708 0.0 0.4 1:16.45
708 0.0 0.4 1:16.45
708 0.0 0.4 1:16.45
708 0.0 0.4 1:16.45
708 0.0 0.4 1:16.45
708 0.0 0.4 1:16.45
708 0.0 0.4 1:16.45
708 5.6 0.4 1:16.46
708 0.0 0.4 1:16.46
708 5.6 0.4 1:16.48
708 0.0 0.4 1:16.50
708 0.0 0.4 1:16.50
708 0.0 0.4 1:16.52
708 0.0 0.4 1:16.52
28302 5.6 0.5 0:21.77
28302 5.3 0.5 0:21.79
28302 5.6 0.5 0:21.81
28302 5.6 0.5 0:21.83
708 0.0 0.4 1:16.52
708 0.0 0.4 1:16.52
28302 5.9 0.5 0:21.89
708 0.0 0.4 1:16.52
708 0.0 0.4 1:16.52
708 0.0 0.4 1:16.52
28302 5.6 0.5 0:21.98
708 0.0 0.4 1:16.53
708 0.0 0.4 1:16.54
28302 5.9 0.5 0:22.05
708 5.6 0.4 1:16.58
28302 5.6 0.5 0:22.09
28302 5.6 0.5 0:22.11
708 0.0 0.4 1:16.60
708 0.0 0.4 1:16.60
708 0.0 0.4 1:16.60
708 0.0 0.4 1:16.60
708 0.0 0.4 1:16.60
28302 5.6 0.5 0:22.24
28302 5.6 0.5 0:22.26
28302 5.6 0.5 0:22.28
708 0.0 0.4 1:16.61
708 0.0 0.4 1:16.61
708 0.0 0.4 1:16.61
28302 10.5 0.5 0:22.38
708 0.0 0.4 1:16.62
28302 11.1 0.5 0:22.43
708 0.0 0.4 1:16.64
28302 16.7 0.5 0:22.49
708 5.0 0.4 1:16.65
708 0.0 0.4 1:16.67
28302 5.6 0.5 0:22.54
28302 5.6 0.5 0:22.56
28302 11.1 0.5 0:22.59
28302 5.6 0.5 0:22.60
708 0.0 0.4 1:16.68
708 0.0 0.4 1:16.68
708 0.0 0.4 1:16.68
708 0.0 0.4 1:16.68
708 0.0 0.4 1:16.68
708 5.6 0.4 1:16.69
708 0.0 0.4 1:16.71
708 0.0 0.4 1:16.71
KiB used, 373280 buff/cache
708 0.0 0.4 1:16.72
708 0.0 0.4 1:16.74
708 0.0 0.4 1:16.76
708 0.0 0.4 1:16.78
708 0.0 0.4 1:16.79
28302 5.3 0.5 0:22.93
28302 5.3 0.5 0:22.95
708 0.0 0.4 1:16.81
708 0.0 0.4 1:16.81
708 0.0 0.4 1:16.81
708 0.0 0.4 1:16.81
708 0.0 0.4 1:16.81
708 0.0 0.4 1:16.81
708 11.1 0.4 1:16.84
708 0.0 0.4 1:16.84
708 0.0 0.4 1:16.84
708 0.0 0.4 1:16.84
708 0.0 0.4 1:16.84
708 0.0 0.4 1:16.84
708 0.0 0.4 1:16.84
28302 5.6 0.5 0:23.25
28302 5.6 0.5 0:23.27
708 0.0 0.4 1:16.84
708 0.0 0.4 1:16.84
708 0.0 0.4 1:16.84
708 0.0 0.4 1:16.84
708 0.0 0.4 1:16.84
708 0.0 0.4 1:16.84
708 0.0 0.4 1:16.84
28302 5.6 0.5 0:23.44
708 0.0 0.4 1:16.84
708 0.0 0.4 1:16.84
28302 5.6 0.5 0:23.50
