2940 5.6 0.3 12:02.86
2940 10.0 0.3 12:02.97
2940 15.0 0.3 12:03.13
2940 5.6 0.4 12:03.26
2940 5.6 0.4 12:03.37
2940 30.0 0.4 12:03.60
2940 10.0 0.4 12:03.74
2940 10.5 0.4 12:03.92
2940 20.0 0.3 12:04.09
2940 10.5 0.4 12:04.27
2940 10.0 0.4 12:04.44
2940 15.8 0.4 12:04.61
2940 21.1 0.4 12:04.80
2940 10.5 0.4 12:04.96
2940 14.3 0.4 12:05.13
2940 16.7 0.4 12:05.31
2940 11.1 0.4 12:05.47
2940 33.3 0.4 12:05.66
2940 27.8 0.4 12:05.88
2940 21.1 0.4 12:06.06
2940 15.8 0.4 12:06.22
2940 22.2 0.4 12:06.43
2940 30.0 0.4 12:06.68
2940 15.8 0.4 12:06.88
2940 20.0 0.4 12:07.05
2940 11.1 0.4 12:07.22
2940 10.5 0.4 12:07.39
2940 15.8 0.4 12:07.57
2940 15.8 0.4 12:07.77
2940 16.7 0.4 12:07.94
2940 16.7 0.4 12:08.12
2940 11.1 0.4 12:08.32
2940 15.8 0.4 12:08.51
2940 10.5 0.4 12:08.73
2940 15.8 0.4 12:08.90
2940 15.8 0.4 12:09.07
2940 21.1 0.4 12:09.27
2940 21.1 0.4 12:09.48
2940 15.0 0.4 12:09.66
2940 21.1 0.4 12:09.88
2940 15.0 0.4 12:10.09
2940 15.0 0.4 12:10.27
2940 10.5 0.4 12:10.46
2940 11.1 0.4 12:10.63
2940 22.2 0.4 12:10.82
2940 36.8 0.4 12:11.04
2940 23.8 0.4 12:11.23
2940 10.5 0.4 12:11.42
2940 15.8 0.4 12:11.60
2940 21.1 0.4 12:11.78
2940 21.1 0.4 12:11.96
2940 21.1 0.4 12:12.15
2940 21.1 0.4 12:12.34
2940 22.7 0.4 12:12.54
2940 22.2 0.4 12:12.71
2940 10.5 0.4 12:12.87
2940 15.0 0.4 12:13.08
2940 21.1 0.4 12:13.28
2940 15.0 0.4 12:13.45
2940 15.8 0.4 12:13.62
2940 21.1 0.4 12:13.80
2940 15.8 0.4 12:13.96
2940 11.1 0.4 12:14.16
2940 15.8 0.4 12:14.34
2940 20.0 0.4 12:14.53
2940 10.0 0.4 12:14.76
2940 16.7 0.4 12:14.95
2940 21.1 0.4 12:15.17
2940 16.7 0.4 12:15.34
2940 10.5 0.4 12:15.51
2940 21.1 0.4 12:15.69
2940 14.3 0.4 12:15.89
2940 10.5 0.4 12:16.05
2940 21.1 0.4 12:16.24
2940 16.7 0.4 12:16.43
