2940 5.3 0.3 2:27.55
2940 0.0 0.3 2:27.56
2940 10.5 0.3 2:27.61
2940 21.1 0.4 2:27.83
2940 5.6 0.4 2:27.94
2940 21.1 0.4 2:28.08
2940 21.1 0.4 2:28.27
2940 10.5 0.4 2:28.39
2940 10.5 0.4 2:28.57
2940 15.8 0.4 2:28.74
2940 16.7 0.4 2:28.89
2940 15.8 0.4 2:29.06
2940 10.5 0.4 2:29.21
2940 15.0 0.4 2:29.38
2940 10.0 0.4 2:29.54
2940 15.8 0.4 2:29.71
2940 15.8 0.4 2:29.88
2940 10.7 0.4 2:30.10
2940 13.3 0.4 2:30.34
2940 8.8 0.4 2:30.57
2940 14.3 0.4 2:30.75
2940 13.0 0.4 2:30.93
2940 15.8 0.4 2:31.12
2940 14.3 0.4 2:31.31
2940 14.3 0.4 2:31.51
2940 14.3 0.3 2:31.71
2940 15.8 0.3 2:31.90
2940 13.6 0.2 2:32.09
2940 21.1 0.2 2:32.28
2940 18.2 0.2 2:32.54
2940 15.0 0.2 2:32.79
2940 26.3 0.2 2:33.01
2940 15.8 0.2 2:33.22
2940 33.3 0.2 2:33.48
2940 33.3 0.2 2:33.75
2940 21.1 0.2 2:34.01
2940 13.6 0.2 2:34.23
2940 31.6 0.2 2:34.58
2940 21.1 0.2 2:34.80
2940 20.0 0.2 2:35.08
2940 9.1 0.2 2:35.30
2940 21.1 0.2 2:35.54
2940 15.0 0.2 2:35.77
2940 16.7 0.2 2:35.99
2940 21.1 0.2 2:36.23
2940 21.7 0.2 2:36.48
2940 14.3 0.2 2:36.76
2940 26.3 0.2 2:36.98
2940 13.6 0.2 2:37.18
2940 20.0 0.2 2:37.42
2940 27.8 0.2 2:37.65
2940 10.5 0.2 2:37.87
2940 22.2 0.2 2:38.14
2940 27.8 0.2 2:38.34
2940 30.0 0.2 2:38.57
2940 21.1 0.2 2:38.78
2940 11.1 0.2 2:38.98
2940 10.5 0.2 2:39.17
2940 15.0 0.2 2:39.37
2940 15.8 0.2 2:39.57
2940 15.0 0.2 2:39.79
2940 9.5 0.2 2:40.01
2940 21.1 0.2 2:40.21
2940 21.1 0.2 2:40.47
2940 27.8 0.2 2:40.67
2940 15.8 0.2 2:40.89
2940 9.1 0.2 2:41.16
2940 22.2 0.2 2:41.38
2940 14.3 0.2 2:41.70
2940 9.5 0.2 2:41.95
2940 9.1 0.2 2:42.18
2940 15.8 0.2 2:42.45
2940 20.0 0.2 2:42.69
2940 16.7 0.2 2:42.96
2940 16.7 0.2 2:43.21
2940 18.2 0.2 2:43.47
2940 15.8 0.2 2:43.71
2940 20.8 0.2 2:43.97
2940 13.6 0.2 2:44.18
2940 31.6 0.2 2:44.44
2940 20.0 0.2 2:44.70
2940 15.0 0.2 2:44.95
2940 27.8 0.2 2:45.19
2940 21.1 0.2 2:45.46
2940 22.2 0.2 2:45.67
2940 11.1 0.2 2:45.90
2940 23.8 0.2 2:46.21
2940 25.0 0.2 2:46.58
2940 20.0 0.2 2:46.83
2940 14.3 0.2 2:47.06
2940 29.2 0.2 2:47.33
2940 13.6 0.2 2:47.54
2940 19.0 0.2 2:47.76
2940 21.1 0.2 2:48.04
2940 40.9 0.2 2:48.37
2940 15.0 0.2 2:48.57
2940 31.8 0.2 2:48.83
2940 26.3 0.2 2:49.17
2940 20.0 0.2 2:49.38
2940 16.7 0.2 2:49.65
2940 9.5 0.2 2:49.87
2940 25.0 0.2 2:50.11
2940 26.3 0.2 2:50.32
2940 31.6 0.2 2:50.55
2940 15.8 0.2 2:50.73
2940 15.0 0.2 2:50.93
2940 10.5 0.2 2:51.12
2940 30.0 0.2 2:51.34
2940 25.0 0.2 2:51.55
2940 21.1 0.2 2:51.82
2940 10.0 0.2 2:52.02
2940 15.8 0.2 2:52.22
2940 20.0 0.2 2:52.39
2940 21.1 0.2 2:52.60
2940 10.5 0.2 2:52.80
2940 21.1 0.2 2:53.07
2940 26.3 0.2 2:53.36
2940 14.3 0.2 2:53.61
2940 10.5 0.2 2:53.81
2940 11.1 0.2 2:54.08
2940 20.0 0.2 2:54.28
2940 15.8 0.2 2:54.45
2940 15.8 0.2 2:54.64
2940 26.3 0.2 2:54.84
2940 25.0 0.2 2:55.05
2940 20.0 0.2 2:55.26
2940 21.1 0.2 2:55.47
2940 21.1 0.2 2:55.71
2940 20.0 0.2 2:55.92
2940 31.6 0.2 2:56.14
2940 14.3 0.2 2:56.35
2940 16.7 0.2 2:56.56
2940 31.6 0.2 2:56.78
2940 15.8 0.2 2:56.99
2940 10.5 0.2 2:57.17
2940 15.8 0.2 2:57.39
2940 21.1 0.2 2:57.57
2940 22.2 0.2 2:57.83
2940 27.8 0.2 2:58.05
2940 15.0 0.2 2:58.32
2940 21.1 0.2 2:58.53
2940 15.8 0.2 2:58.73
2940 27.8 0.2 2:58.93
2940 21.1 0.2 2:59.19
2940 15.8 0.2 2:59.38
2940 11.1 0.2 2:59.58
2940 15.0 0.2 2:59.76
2940 21.1 0.2 2:59.97
2940 15.8 0.2 3:00.15
2940 22.2 0.2 3:00.41
2940 16.7 0.2 3:00.59
2940 15.0 0.2 3:00.78
2940 31.6 0.2 3:01.01
2940 15.0 0.2 3:01.24
2940 15.8 0.2 3:01.45
2940 20.0 0.2 3:01.68
2940 21.1 0.2 3:01.89
2940 20.0 0.2 3:02.12
2940 15.8 0.2 3:02.30
2940 22.2 0.2 3:02.52
2940 15.8 0.2 3:02.74
2940 15.8 0.2 3:02.96
2940 16.7 0.2 3:03.17
2940 15.8 0.2 3:03.36
2940 20.0 0.2 3:03.57
2940 15.8 0.2 3:03.76
2940 23.8 0.2 3:03.97
2940 20.0 0.2 3:04.24
2940 8.8 0.2 3:04.55
2940 21.1 0.2 3:04.76
2940 15.0 0.2 3:04.99
2940 33.3 0.2 3:05.22
2940 42.1 0.2 3:05.48
2940 15.8 0.2 3:05.68
2940 21.1 0.2 3:05.88
2940 15.8 0.2 3:06.05
2940 26.3 0.2 3:06.29
2940 16.7 0.2 3:06.49
2940 15.8 0.2 3:06.72
2940 16.7 0.2 3:06.93
2940 27.8 0.2 3:07.11
2940 15.8 0.2 3:07.31
2940 30.0 0.2 3:07.59
2940 20.0 0.2 3:07.79
2940 11.1 0.2 3:07.98
2940 25.0 0.2 3:08.25
2940 19.0 0.2 3:08.47
2940 16.7 0.2 3:08.65
2940 15.8 0.2 3:08.84
2940 15.0 0.2 3:09.06
2940 26.3 0.2 3:09.26
2940 22.2 0.2 3:09.50
2940 21.1 0.2 3:09.75
2940 26.3 0.2 3:09.96
2940 22.2 0.2 3:10.17
2940 19.0 0.2 3:10.43
2940 9.5 0.2 3:10.65
2940 21.1 0.2 3:10.88
2940 25.0 0.2 3:11.11
2940 15.8 0.2 3:11.32
2940 15.8 0.2 3:11.52
2940 20.0 0.2 3:11.72
2940 15.8 0.2 3:11.91
2940 15.8 0.2 3:12.14
2940 15.8 0.2 3:12.36
2940 25.0 0.2 3:12.56
2940 20.0 0.2 3:12.74
2940 21.1 0.2 3:12.97
2940 21.1 0.2 3:13.20
2940 27.8 0.2 3:13.41
2940 26.3 0.2 3:13.61
2940 15.0 0.2 3:13.81
2940 15.8 0.2 3:14.08
2940 25.0 0.2 3:14.32
2940 22.2 0.2 3:14.52
2940 27.8 0.2 3:14.76
2940 15.0 0.2 3:14.97
2940 21.1 0.2 3:15.17
2940 15.0 0.2 3:15.38
2940 21.1 0.2 3:15.61
2940 15.8 0.2 3:15.86
2940 21.1 0.2 3:16.08
2940 21.1 0.2 3:16.33
2940 10.5 0.2 3:16.54
2940 15.0 0.2 3:16.74
2940 15.0 0.2 3:16.93
2940 10.5 0.2 3:17.23
2940 22.2 0.2 3:17.45
2940 20.0 0.2 3:17.64
2940 15.8 0.2 3:17.81
2940 31.6 0.2 3:18.03
2940 15.8 0.2 3:18.23
2940 15.0 0.2 3:18.43
2940 27.8 0.2 3:18.65
2940 31.6 0.2 3:18.86
2940 20.0 0.2 3:19.05
2940 25.0 0.2 3:19.27
2940 22.2 0.2 3:19.48
2940 15.8 0.2 3:19.69
2940 15.0 0.2 3:19.92
2940 26.3 0.2 3:20.11
2940 26.3 0.2 3:20.34
2940 31.6 0.2 3:20.57
2940 10.0 0.2 3:20.77
2940 20.0 0.2 3:21.05
2940 14.3 0.2 3:21.25
2940 42.1 0.2 3:21.51
2940 21.1 0.2 3:21.75
2940 15.8 0.2 3:21.94
2940 16.7 0.2 3:22.15
2940 26.3 0.2 3:22.35
2940 26.3 0.2 3:22.57
2940 16.7 0.2 3:22.77
2940 15.8 0.2 3:22.99
2940 15.8 0.2 3:23.18
2940 15.8 0.2 3:23.37
2940 16.7 0.2 3:23.60
2940 15.8 0.2 3:23.85
2940 21.1 0.2 3:24.07
2940 15.8 0.2 3:24.32
2940 25.0 0.2 3:24.52
2940 38.9 0.2 3:24.79
2940 20.0 0.2 3:25.00
2940 16.7 0.2 3:25.17
2940 21.1 0.2 3:25.39
2940 22.2 0.2 3:25.59
2940 30.0 0.2 3:25.84
2940 15.0 0.2 3:26.04
2940 42.1 0.2 3:26.32
2940 20.0 0.2 3:26.53
2940 14.3 0.2 3:26.77
2940 33.3 0.2 3:27.02
2940 25.0 0.2 3:27.24
2940 33.3 0.2 3:27.47
2940 21.1 0.2 3:27.65
2940 25.0 0.2 3:27.88
2940 21.1 0.2 3:28.08
2940 21.1 0.2 3:28.29
2940 21.1 0.2 3:28.55
2940 26.3 0.2 3:28.78
2940 10.5 0.2 3:28.96
2940 15.8 0.2 3:29.17
2940 15.8 0.2 3:29.36
2940 15.8 0.2 3:29.56
2940 15.8 0.2 3:29.75
2940 11.1 0.2 3:29.98
2940 15.8 0.2 3:30.20
2940 15.8 0.2 3:30.40
2940 16.7 0.2 3:30.60
2940 35.0 0.2 3:30.85
2940 15.8 0.2 3:31.04
2940 20.0 0.2 3:31.25
2940 26.3 0.2 3:31.52
2940 21.1 0.2 3:31.74
2940 21.1 0.2 3:32.02
2940 27.8 0.2 3:32.23
2940 21.1 0.2 3:32.46
2940 10.5 0.2 3:32.64
2940 27.8 0.2 3:32.85
2940 21.1 0.2 3:33.08
2940 15.8 0.2 3:33.32
2940 15.8 0.2 3:33.51
2940 25.0 0.2 3:33.74
2940 16.7 0.2 3:33.94
2940 15.8 0.2 3:34.14
2940 21.1 0.2 3:34.35
2940 21.1 0.2 3:34.56
2940 0.0 0.2 3:34.58
2940 0.0 0.2 3:34.58
2940 0.0 0.2 3:34.58
