2940 5.6 0.2 6:07.88
2940 5.0 0.2 6:07.90
2940 5.0 0.3 6:08.09
2940 36.8 0.3 6:08.23
2940 5.3 0.3 6:08.40
2940 33.3 0.4 6:08.60
2940 5.6 0.4 6:08.72
2940 15.8 0.4 6:08.91
2940 15.8 0.4 6:09.04
2940 15.0 0.4 6:09.26
2940 20.0 0.4 6:09.42
2940 9.5 0.4 6:09.61
2940 15.8 0.4 6:09.77
2940 15.8 0.4 6:09.95
2940 15.8 0.4 6:10.12
2940 10.5 0.4 6:10.29
2940 10.5 0.4 6:10.46
2940 15.8 0.4 6:10.64
2940 10.5 0.4 6:10.81
2940 15.8 0.4 6:10.98
2940 15.8 0.4 6:11.15
2940 15.8 0.4 6:11.32
2940 15.8 0.3 6:11.50
2940 10.5 0.3 6:11.66
2940 15.8 0.3 6:11.83
2940 15.8 0.3 6:12.01
2940 10.5 0.3 6:12.17
2940 10.0 0.3 6:12.34
2940 10.5 0.3 6:12.50
2940 10.5 0.3 6:12.67
2940 15.8 0.3 6:12.84
2940 15.8 0.3 6:13.01
2940 10.5 0.3 6:13.18
2940 10.5 0.3 6:13.35
2940 16.7 0.3 6:13.52
2940 15.8 0.3 6:13.69
2940 16.7 0.3 6:13.86
2940 15.8 0.2 6:14.02
2940 15.8 0.2 6:14.24
2940 40.0 0.2 6:14.49
2940 28.6 0.2 6:14.73
2940 22.2 0.2 6:14.94
2940 25.0 0.2 6:15.17
2940 21.1 0.2 6:15.50
2940 10.5 0.2 6:15.70
2940 33.3 0.2 6:15.95
2940 21.1 0.2 6:16.16
2940 10.5 0.2 6:16.35
2940 5.3 0.2 6:16.54
2940 11.1 0.2 6:16.74
2940 15.0 0.2 6:16.95
2940 27.8 0.2 6:17.23
2940 22.2 0.2 6:17.48
2940 22.2 0.2 6:17.69
2940 26.3 0.2 6:17.92
2940 15.0 0.2 6:18.15
2940 21.1 0.2 6:18.36
2940 15.8 0.2 6:18.59
2940 27.8 0.2 6:18.87
2940 20.0 0.2 6:19.12
2940 30.0 0.2 6:19.34
2940 13.6 0.2 6:19.63
2940 15.0 0.2 6:19.95
2940 30.0 0.2 6:20.28
2940 21.1 0.2 6:20.55
2940 22.2 0.2 6:20.75
2940 22.2 0.2 6:20.99
2940 26.3 0.2 6:21.25
2940 15.8 0.2 6:21.46
2940 15.8 0.2 6:21.67
2940 21.1 0.2 6:21.89
2940 15.8 0.2 6:22.10
2940 26.3 0.2 6:22.37
2940 16.7 0.2 6:22.57
2940 27.8 0.2 6:22.80
2940 27.8 0.2 6:22.99
2940 21.1 0.2 6:23.22
2940 11.1 0.2 6:23.43
2940 16.7 0.2 6:23.64
2940 25.0 0.2 6:23.95
2940 15.8 0.2 6:24.20
2940 21.1 0.2 6:24.42
2940 11.1 0.2 6:24.63
2940 36.8 0.2 6:24.89
2940 16.7 0.2 6:25.08
2940 27.8 0.2 6:25.35
2940 26.3 0.2 6:25.59
2940 16.7 0.2 6:25.77
2940 33.3 0.2 6:26.01
2940 16.7 0.2 6:26.22
2940 27.8 0.2 6:26.44
2940 26.3 0.2 6:26.69
2940 26.3 0.2 6:26.97
2940 15.8 0.2 6:27.24
2940 11.1 0.2 6:27.45
2940 15.8 0.2 6:27.67
2940 26.3 0.2 6:27.96
2940 21.1 0.2 6:28.19
2940 22.2 0.2 6:28.42
2940 14.3 0.2 6:28.63
2940 16.7 0.2 6:28.87
2940 16.7 0.2 6:29.12
2940 21.1 0.2 6:29.33
2940 26.3 0.2 6:29.57
2940 22.2 0.2 6:29.82
2940 21.1 0.2 6:30.03
2940 38.9 0.2 6:30.30
2940 26.3 0.2 6:30.52
2940 21.1 0.2 6:30.72
2940 21.1 0.2 6:30.93
2940 33.3 0.2 6:31.16
2940 21.1 0.2 6:31.38
2940 17.4 0.2 6:31.64
2940 21.1 0.2 6:31.94
2940 15.8 0.2 6:32.18
2940 15.8 0.2 6:32.42
2940 15.0 0.2 6:32.66
2940 10.5 0.2 6:32.88
2940 16.7 0.2 6:33.14
2940 26.1 0.2 6:33.38
2940 26.3 0.2 6:33.60
2940 22.2 0.2 6:33.85
2940 26.3 0.2 6:34.07
2940 26.3 0.2 6:34.32
2940 11.1 0.2 6:34.54
2940 25.0 0.2 6:34.76
2940 15.8 0.2 6:34.97
2940 27.8 0.2 6:35.18
2940 15.8 0.2 6:35.40
2940 26.3 0.2 6:35.62
2940 16.7 0.2 6:35.90
2940 26.3 0.2 6:36.11
2940 26.3 0.2 6:36.35
2940 21.1 0.2 6:36.58
2940 33.3 0.2 6:36.83
2940 38.9 0.2 6:37.10
2940 20.0 0.2 6:37.33
2940 21.1 0.2 6:37.55
2940 15.8 0.2 6:37.78
2940 16.7 0.2 6:37.98
2940 25.0 0.2 6:38.21
2940 10.5 0.2 6:38.40
2940 15.8 0.2 6:38.64
2940 16.7 0.2 6:38.84
2940 22.2 0.2 6:39.05
2940 21.1 0.2 6:39.31
2940 11.1 0.2 6:39.56
2940 10.5 0.2 6:39.78
2940 20.0 0.2 6:40.00
2940 19.0 0.2 6:40.21
2940 10.5 0.2 6:40.51
2940 10.5 0.2 6:40.74
2940 5.3 0.2 6:40.95
2940 21.1 0.2 6:41.18
2940 21.1 0.2 6:41.39
2940 36.8 0.2 6:41.69
2940 15.8 0.2 6:41.91
2940 27.8 0.2 6:42.19
2940 26.3 0.2 6:42.44
2940 15.8 0.2 6:42.66
2940 15.8 0.2 6:42.90
2940 15.8 0.2 6:43.10
2940 16.7 0.2 6:43.31
2940 15.0 0.2 6:43.54
2940 22.7 0.2 6:43.79
2940 23.8 0.2 6:44.09
2940 14.3 0.2 6:44.37
2940 21.1 0.2 6:44.64
2940 16.7 0.2 6:44.83
2940 21.1 0.2 6:45.05
2940 22.2 0.2 6:45.28
2940 15.8 0.2 6:45.47
2940 15.0 0.2 6:45.72
2940 15.0 0.2 6:45.93
2940 11.1 0.2 6:46.14
2940 22.2 0.2 6:46.44
2940 26.3 0.2 6:46.69
2940 22.2 0.2 6:46.91
2940 33.3 0.2 6:47.15
2940 20.0 0.2 6:47.36
2940 15.8 0.2 6:47.58
2940 21.1 0.2 6:47.80
2940 35.0 0.2 6:48.05
2940 33.3 0.2 6:48.27
2940 15.8 0.2 6:48.48
2940 16.7 0.2 6:48.75
2940 22.2 0.2 6:48.96
2940 26.3 0.2 6:49.20
2940 16.7 0.2 6:49.42
2940 25.0 0.2 6:49.64
2940 21.1 0.2 6:49.86
2940 15.8 0.2 6:50.07
2940 21.1 0.2 6:50.30
2940 15.8 0.2 6:50.51
2940 15.8 0.2 6:50.72
2940 15.8 0.2 6:50.94
2940 21.1 0.2 6:51.15
2940 21.1 0.2 6:51.37
2940 15.8 0.2 6:51.63
2940 22.2 0.2 6:51.87
2940 0.0 0.2 6:51.94
2940 0.0 0.2 6:51.94
2940 0.0 0.2 6:51.94
