2940 5.3 0.4 1:22.18
2940 5.6 0.4 1:22.22
2940 22.2 0.4 1:22.32
2940 5.3 0.4 1:22.50
2940 5.3 0.4 1:22.61
2940 21.1 0.4 1:22.79
2940 11.1 0.4 1:22.95
2940 15.8 0.4 1:23.09
2940 15.8 0.4 1:23.26
2940 16.7 0.4 1:23.42
2940 16.7 0.4 1:23.58
2940 15.0 0.4 1:23.75
2940 16.7 0.4 1:23.90
2940 15.8 0.4 1:24.06
22940 0.0 0.0 0:00.00
2940 10.5 0.4 1:24.38
2940 15.0 0.4 1:24.55
2940 10.0 0.4 1:24.71
2940 15.8 0.4 1:24.87
2940 11.1 0.3 1:25.03
2940 14.3 0.3 1:25.20
2940 10.0 0.3 1:25.35
2940 15.8 0.3 1:25.52
2940 21.1 0.3 1:25.69
2940 15.8 0.3 1:25.85
2940 10.5 0.3 1:26.00
2940 15.8 0.3 1:26.16
2940 10.5 0.3 1:26.33
2940 31.6 0.3 1:26.62
2940 10.5 0.3 1:26.82
2940 21.1 0.3 1:27.02
2940 21.1 0.3 1:27.23
2940 26.3 0.3 1:27.46
2940 24.1 0.3 1:27.77
2940 23.8 0.3 1:28.00
2940 19.0 0.3 1:28.27
2940 31.6 0.3 1:28.53
2940 21.1 0.3 1:28.77
2940 27.8 0.3 1:28.97
2940 25.0 0.3 1:29.19
2940 22.2 0.3 1:29.41
2940 26.3 0.3 1:29.63
2940 35.0 0.3 1:29.89
2940 21.1 0.3 1:30.10
2940 15.8 0.3 1:30.33
2940 27.8 0.3 1:30.54
2940 16.7 0.3 1:30.76
2940 15.8 0.3 1:30.97
2940 15.8 0.3 1:31.16
2940 21.1 0.3 1:31.41
2940 26.3 0.3 1:31.62
2940 16.7 0.3 1:31.82
2940 26.3 0.3 1:32.10
2940 15.0 0.3 1:32.35
2940 27.8 0.3 1:32.56
2940 19.0 0.3 1:32.77
2940 36.8 0.3 1:33.06
2940 16.7 0.3 1:33.28
2940 35.0 0.3 1:33.55
2940 16.7 0.3 1:33.75
2940 21.1 0.3 1:33.92
2940 22.2 0.3 1:34.11
2940 33.3 0.3 1:34.38
2940 23.8 0.3 1:34.60
2940 15.8 0.3 1:34.84
2940 22.2 0.3 1:35.06
2940 16.7 0.3 1:35.31
2940 10.5 0.3 1:35.50
2940 11.1 0.3 1:35.74
2940 21.1 0.3 1:35.94
2940 25.0 0.3 1:36.21
2940 15.8 0.3 1:36.41
2940 30.0 0.3 1:36.62
2940 21.1 0.3 1:36.83
2940 36.8 0.3 1:37.07
2940 21.1 0.3 1:37.31
2940 10.5 0.3 1:37.50
2940 21.1 0.3 1:37.73
2940 21.1 0.3 1:37.93
2940 16.7 0.3 1:38.13
2940 27.8 0.3 1:38.37
2940 22.2 0.3 1:38.59
2940 22.2 0.3 1:38.88
2940 16.7 0.3 1:39.10
2940 10.5 0.3 1:39.30
2940 31.6 0.3 1:39.53
2940 21.1 0.3 1:39.76
2940 20.0 0.3 1:40.00
2940 33.3 0.3 1:40.25
2940 16.7 0.3 1:40.44
2940 20.0 0.3 1:40.71
2940 30.0 0.3 1:40.92
2940 33.3 0.3 1:41.14
2940 16.7 0.3 1:41.32
2940 26.3 0.3 1:41.56
2940 15.8 0.3 1:41.79
2940 25.0 0.3 1:42.00
2940 15.8 0.3 1:42.21
2940 22.2 0.3 1:42.45
2940 10.5 0.3 1:42.62
2940 31.6 0.3 1:42.84
2940 21.1 0.3 1:43.06
2940 22.2 0.3 1:43.28
2940 16.7 0.3 1:43.47
2940 20.0 0.3 1:43.67
2940 15.0 0.3 1:43.87
2940 10.5 0.3 1:44.05
2940 22.2 0.3 1:44.28
2940 25.0 0.3 1:44.52
2940 10.5 0.3 1:44.70
2940 21.1 0.3 1:44.91
2940 20.0 0.3 1:45.12
2940 22.2 0.3 1:45.34
2940 11.1 0.3 1:45.52
2940 21.1 0.3 1:45.76
2940 10.5 0.3 1:45.97
2940 16.7 0.3 1:46.20
2940 15.0 0.3 1:46.44
2940 26.3 0.3 1:46.66
2940 28.6 0.3 1:46.88
2940 11.1 0.3 1:47.06
2940 10.5 0.3 1:47.29
2940 15.8 0.3 1:47.49
2940 10.5 0.3 1:47.68
2940 14.3 0.3 1:47.90
2940 21.1 0.3 1:48.12
2940 22.2 0.3 1:48.34
2940 26.3 0.3 1:48.58
2940 15.8 0.3 1:48.79
2940 21.1 0.3 1:48.98
2940 22.2 0.3 1:49.18
2940 22.2 0.3 1:49.39
2940 16.7 0.3 1:49.59
2940 25.0 0.3 1:49.85
2940 21.1 0.3 1:50.07
2940 36.8 0.3 1:50.36
2940 20.0 0.3 1:50.62
2940 26.3 0.3 1:50.91
2940 15.0 0.3 1:51.16
2940 11.1 0.3 1:51.36
2940 21.1 0.3 1:51.58
2940 27.8 0.3 1:51.78
2940 15.0 0.3 1:52.06
2940 16.7 0.3 1:52.30
2940 30.0 0.3 1:52.56
2940 15.8 0.3 1:52.77
2940 21.1 0.3 1:52.97
2940 26.3 0.3 1:53.23
2940 15.8 0.3 1:53.44
2940 16.7 0.3 1:53.65
2940 21.1 0.3 1:53.87
2940 15.8 0.3 1:54.13
2940 20.0 0.3 1:54.36
2940 21.1 0.3 1:54.59
2940 22.2 0.3 1:54.79
2940 20.0 0.3 1:54.99
2940 15.0 0.3 1:55.19
2940 13.6 0.3 1:55.40
2940 26.3 0.3 1:55.62
2940 26.3 0.3 1:55.86
2940 15.8 0.3 1:56.07
2940 15.8 0.3 1:56.31
2940 16.7 0.3 1:56.50
2940 16.7 0.3 1:56.70
2940 15.0 0.3 1:56.92
2940 11.8 0.3 1:57.13
2940 26.3 0.3 1:57.36
2940 10.5 0.3 1:57.58
2940 21.1 0.3 1:57.77
2940 27.8 0.3 1:58.02
2940 21.1 0.3 1:58.26
2940 26.3 0.3 1:58.46
2940 16.7 0.3 1:58.65
2940 21.1 0.3 1:58.90
2940 21.1 0.3 1:59.12
2940 16.7 0.3 1:59.30
2940 22.2 0.3 1:59.51
2940 16.7 0.3 1:59.79
2940 15.8 0.3 2:00.05
2940 11.1 0.3 2:00.23
2940 16.7 0.3 2:00.44
2940 36.8 0.3 2:00.66
2940 16.7 0.3 2:00.88
2940 21.1 0.3 2:01.11
2940 26.3 0.3 2:01.33
2940 15.8 0.3 2:01.57
2940 26.3 0.3 2:01.78
2940 14.3 0.3 2:02.01
2940 10.5 0.3 2:02.42
2940 13.0 0.3 2:02.68
2940 25.0 0.3 2:02.93
2940 22.2 0.3 2:03.12
2940 19.0 0.3 2:03.36
2940 15.0 0.3 2:03.57
2940 15.8 0.3 2:03.79
2940 15.8 0.3 2:04.02
2940 31.6 0.3 2:04.25
2940 20.0 0.3 2:04.44
2940 15.8 0.3 2:04.67
2940 21.1 0.3 2:04.90
2940 15.8 0.3 2:05.10
2940 16.7 0.3 2:05.28
2940 20.0 0.3 2:05.47
2940 15.8 0.3 2:05.70
2940 16.7 0.3 2:05.87
2940 16.7 0.3 2:06.08
2940 25.0 0.3 2:06.30
2940 22.2 0.3 2:06.52
2940 20.0 0.3 2:06.76
2940 26.3 0.3 2:06.97
2940 20.0 0.3 2:07.18
2940 20.0 0.3 2:07.39
2940 31.6 0.3 2:07.63
2940 22.2 0.3 2:07.84
2940 30.0 0.3 2:08.06
2940 26.3 0.3 2:08.29
2940 26.3 0.3 2:08.50
2940 31.6 0.3 2:08.74
29402 0.0 0.0 0:00.00
2940 22.2 0.3 2:09.17
2940 15.0 0.3 2:09.43
2940 15.8 0.3 2:09.67
2940 16.7 0.3 2:09.86
2940 15.8 0.3 2:10.09
2940 26.3 0.3 2:10.29
2940 31.6 0.3 2:10.50
2940 15.8 0.3 2:10.71
2940 21.1 0.3 2:10.90
2940 10.5 0.3 2:11.10
2940 20.0 0.3 2:11.32
2940 16.7 0.3 2:11.57
2940 21.1 0.3 2:11.80
2940 22.2 0.3 2:12.02
2940 22.2 0.3 2:12.22
2940 25.0 0.3 2:12.43
2940 10.0 0.3 2:12.65
2940 22.2 0.3 2:12.89
2940 21.1 0.3 2:13.11
2940 21.1 0.3 2:13.32
2940 15.0 0.3 2:13.54
2940 15.0 0.3 2:13.75
2940 15.0 0.3 2:14.01
2940 15.8 0.3 2:14.21
2940 15.8 0.3 2:14.39
2940 10.5 0.3 2:14.65
2940 16.7 0.3 2:14.86
2940 26.3 0.3 2:15.12
2940 15.8 0.3 2:15.30
2940 22.2 0.3 2:15.51
2940 15.0 0.3 2:15.71
2940 21.1 0.3 2:15.94
2940 20.0 0.3 2:16.16
2940 15.8 0.3 2:16.35
2940 16.7 0.3 2:16.54
2940 15.8 0.3 2:16.71
2940 22.2 0.3 2:16.90
2940 21.1 0.3 2:17.08
2940 22.2 0.3 2:17.29
2940 15.0 0.3 2:17.53
2940 21.1 0.3 2:17.76
2940 27.8 0.3 2:17.98
2940 26.3 0.3 2:18.18
2940 15.8 0.3 2:18.44
2940 16.7 0.3 2:18.63
2940 21.1 0.3 2:18.83
2940 16.7 0.3 2:19.02
2940 26.3 0.3 2:19.28
2940 15.8 0.3 2:19.50
2940 22.2 0.3 2:19.69
2940 26.3 0.3 2:19.88
2940 21.1 0.3 2:20.08
2940 35.0 0.3 2:20.31
2940 15.8 0.3 2:20.50
2940 26.3 0.3 2:20.75
2940 21.1 0.3 2:20.98
2940 21.1 0.3 2:21.18
2940 16.7 0.3 2:21.40
2940 14.3 0.3 2:21.60
2940 11.1 0.3 2:21.78
2940 16.7 0.3 2:22.04
2940 15.8 0.3 2:22.28
2940 22.2 0.3 2:22.48
2940 25.0 0.3 2:22.69
2940 16.7 0.3 2:22.91
2940 16.7 0.3 2:23.10
2940 15.8 0.3 2:23.33
2940 22.2 0.3 2:23.53
2940 26.3 0.3 2:23.76
2940 16.7 0.3 2:23.98
2940 16.7 0.3 2:24.19
2940 16.7 0.3 2:24.42
2940 15.0 0.3 2:24.63
2940 13.6 0.3 2:24.86
2940 21.1 0.3 2:25.08
2940 26.3 0.3 2:25.34
2940 25.0 0.3 2:25.57
2940 15.8 0.3 2:25.79
2940 21.1 0.3 2:26.05
2940 15.8 0.3 2:26.33
2940 26.3 0.3 2:26.56
2940 10.5 0.3 2:26.76
2940 26.3 0.3 2:26.97
2940 26.3 0.3 2:27.23
2940 27.8 0.3 2:27.45
2940 0.0 0.3 2:27.50
2940 0.0 0.3 2:27.50
2940 0.0 0.3 2:27.50
