2941 0.0 0.3 0:23.06
2941 0.0 0.3 0:23.11
2941 0.0 0.3 0:23.13
2941 0.0 0.3 0:23.15
2941 5.6 0.3 0:23.17
2941 0.0 0.3 0:23.18
2941 0.0 0.3 0:23.19
2941 0.0 0.3 0:23.20
2941 0.0 0.3 0:23.21
2941 5.3 0.3 0:23.23
2941 0.0 0.3 0:23.23
2941 0.0 0.3 0:23.24
2941 0.0 0.3 0:23.25
2941 0.0 0.3 0:23.26
2941 5.3 0.3 0:23.27
2941 0.0 0.3 0:23.27
2941 0.0 0.3 0:23.28
2941 0.0 0.3 0:23.28
2941 0.0 0.3 0:23.28
2941 0.0 0.3 0:23.29
2941 0.0 0.3 0:23.30
2941 0.0 0.3 0:23.30
2941 0.0 0.3 0:23.32
2941 0.0 0.3 0:23.32
2941 0.0 0.3 0:23.33
2941 0.0 0.3 0:23.34
2941 0.0 0.3 0:23.36
2941 0.0 0.3 0:23.36
2941 5.3 0.3 0:23.37
2941 0.0 0.3 0:23.38
2941 0.0 0.3 0:23.41
2941 5.0 0.3 0:23.43
2941 5.3 0.3 0:23.44
2941 10.0 0.3 0:23.50
2941 0.0 0.3 0:23.56
2941 0.0 0.3 0:23.57
2941 10.0 0.3 0:23.60
2941 11.1 0.3 0:23.64
2941 0.0 0.3 0:23.67
2941 0.0 0.3 0:23.69
2941 0.0 0.3 0:23.70
2941 0.0 0.3 0:23.73
2941 0.0 0.3 0:23.76
2941 0.0 0.3 0:23.78
2941 0.0 0.3 0:23.81
2941 0.0 0.3 0:23.82
2941 0.0 0.3 0:23.86
2941 4.8 0.3 0:23.88
2941 4.2 0.3 0:23.91
2941 5.3 0.3 0:23.93
2941 5.6 0.3 0:23.95
2941 0.0 0.3 0:23.96
2941 5.3 0.3 0:23.98
2941 0.0 0.3 0:23.99
2941 0.0 0.3 0:24.02
2941 5.6 0.3 0:24.04
2941 0.0 0.3 0:24.11
2941 0.0 0.3 0:24.12
2941 0.0 0.3 0:24.14
2941 0.0 0.3 0:24.15
2941 0.0 0.3 0:24.17
2941 4.8 0.3 0:24.20
2941 0.0 0.3 0:24.21
2941 0.0 0.3 0:24.23
2941 0.0 0.3 0:24.24
2941 0.0 0.3 0:24.26
2941 0.0 0.3 0:24.30
2941 0.0 0.3 0:24.31
2941 0.0 0.3 0:24.37
2941 4.8 0.3 0:24.41
2941 4.3 0.3 0:24.44
2941 5.0 0.3 0:24.48
2941 0.0 0.3 0:24.49
2941 0.0 0.3 0:24.52
2941 0.0 0.3 0:24.55
2941 0.0 0.3 0:24.56
2941 0.0 0.3 0:24.58
2941 11.1 0.3 0:24.62
2941 0.0 0.3 0:24.63
2941 0.0 0.3 0:24.66
2941 0.0 0.3 0:24.71
2941 5.3 0.3 0:24.74
2941 5.6 0.3 0:24.76
2941 0.0 0.3 0:24.78
2941 5.3 0.3 0:24.79
2941 0.0 0.3 0:24.80
2941 0.0 0.3 0:24.85
2941 5.3 0.3 0:24.95
2941 0.0 0.3 0:24.98
2941 4.0 0.3 0:25.00
2941 4.3 0.3 0:25.03
2941 5.6 0.3 0:25.06
2941 0.0 0.3 0:25.07
2941 0.0 0.3 0:25.09
2941 10.0 0.3 0:25.13
2941 0.0 0.3 0:25.15
2941 10.5 0.3 0:25.18
2941 5.0 0.3 0:25.23
2941 0.0 0.3 0:25.26
2941 0.0 0.3 0:25.28
2941 4.5 0.3 0:25.32
2941 0.0 0.3 0:25.33
2941 0.0 0.3 0:25.35
2941 5.0 0.3 0:25.40
2941 0.0 0.3 0:25.41
2941 0.0 0.3 0:25.42
2941 5.3 0.3 0:25.45
2941 0.0 0.3 0:25.47
2941 0.0 0.3 0:25.50
2941 5.3 0.3 0:25.54
2941 0.0 0.3 0:25.55
2941 0.0 0.3 0:25.56
2941 0.0 0.3 0:25.57
2941 0.0 0.3 0:25.58
2941 0.0 0.3 0:25.59
2941 5.6 0.3 0:25.62
2941 4.5 0.3 0:25.65
2941 0.0 0.3 0:25.67
2941 0.0 0.3 0:25.68
2941 0.0 0.3 0:25.70
2941 5.0 0.3 0:25.71
2941 0.0 0.3 0:25.72
2941 0.0 0.3 0:25.72
2941 0.0 0.3 0:25.73
2941 0.0 0.3 0:25.75
2941 0.0 0.3 0:25.76
2941 5.0 0.3 0:25.81
2941 0.0 0.3 0:25.82
2941 0.0 0.3 0:25.83
2941 0.0 0.3 0:25.84
2941 0.0 0.3 0:25.86
2941 0.0 0.3 0:25.87
2941 0.0 0.3 0:25.88
2941 5.6 0.3 0:25.90
2941 0.0 0.3 0:25.91
2941 0.0 0.3 0:25.93
2941 0.0 0.3 0:25.94
2941 0.0 0.3 0:25.96
2941 5.6 0.3 0:25.97
2941 0.0 0.3 0:25.99
2941 4.8 0.3 0:26.02
2941 0.0 0.3 0:26.02
2941 0.0 0.3 0:26.03
2941 11.1 0.3 0:26.06
2941 5.0 0.3 0:26.08
2941 0.0 0.3 0:26.09
2941 0.0 0.3 0:26.11
2941 0.0 0.3 0:26.12
2941 0.0 0.3 0:26.15
2941 0.0 0.3 0:26.19
2941 0.0 0.3 0:26.21
2941 0.0 0.3 0:26.24
2941 5.0 0.3 0:26.26
2941 5.3 0.3 0:26.32
2941 0.0 0.3 0:26.39
2941 0.0 0.3 0:26.42
2941 0.0 0.3 0:26.43
2941 0.0 0.3 0:26.44
2941 0.0 0.3 0:26.45
2941 5.6 0.3 0:26.48
2941 0.0 0.3 0:26.49
2941 0.0 0.3 0:26.51
2941 5.6 0.3 0:26.53
2941 0.0 0.3 0:26.56
2941 0.0 0.3 0:26.56
2941 5.3 0.3 0:26.58
2941 0.0 0.3 0:26.58
2941 5.0 0.3 0:26.60
2941 0.0 0.3 0:26.64
2941 0.0 0.3 0:26.66
2941 0.0 0.3 0:26.68
2941 10.0 0.3 0:26.71
2941 4.2 0.3 0:26.74
2941 5.3 0.3 0:26.76
2941 0.0 0.3 0:26.77
2941 0.0 0.3 0:26.80
2941 0.0 0.3 0:26.84
2941 0.0 0.3 0:26.86
2941 5.3 0.3 0:26.89
2941 0.0 0.3 0:26.91
2941 0.0 0.3 0:26.92
2941 5.3 0.3 0:26.94
2941 10.5 0.3 0:26.96
2941 0.0 0.3 0:26.97
2941 0.0 0.3 0:27.01
2941 18.2 0.3 0:27.08
2941 5.0 0.3 0:27.10
2941 0.0 0.3 0:27.10
2941 4.8 0.3 0:27.12
2941 0.0 0.3 0:27.13
2941 10.5 0.3 0:27.15
2941 0.0 0.3 0:27.17
2941 5.3 0.3 0:27.20
2941 5.6 0.3 0:27.23
2941 5.0 0.3 0:27.25
2941 5.6 0.3 0:27.27
2941 5.3 0.3 0:27.29
2941 0.0 0.3 0:27.30
2941 5.3 0.3 0:27.33
2941 14.3 0.3 0:27.38
2941 0.0 0.3 0:27.40
2941 0.0 0.3 0:27.42
2941 0.0 0.3 0:27.43
2941 0.0 0.3 0:27.45
2941 0.0 0.3 0:27.47
2941 5.3 0.3 0:27.49
2941 4.8 0.3 0:27.51
2941 0.0 0.3 0:27.53
2941 5.3 0.3 0:27.57
2941 5.6 0.3 0:27.59
2941 0.0 0.3 0:27.60
2941 5.6 0.3 0:27.62
2941 0.0 0.3 0:27.64
2941 0.0 0.3 0:27.65
2941 5.6 0.3 0:27.66
2941 10.5 0.3 0:27.69
2941 5.0 0.3 0:27.72
2941 0.0 0.3 0:27.74
2941 0.0 0.3 0:27.74
2941 0.0 0.3 0:27.79
2941 0.0 0.3 0:27.81
2941 0.0 0.3 0:27.81
2941 5.3 0.3 0:27.84
2941 0.0 0.3 0:27.85
2941 0.0 0.3 0:27.87
2941 11.1 0.3 0:27.91
2941 0.0 0.3 0:27.93
2941 0.0 0.3 0:27.96
2941 5.0 0.3 0:27.97
2941 0.0 0.3 0:27.97
2941 10.5 0.3 0:28.00
2941 0.0 0.3 0:28.00
2941 0.0 0.3 0:28.02
2941 5.0 0.3 0:28.04
2941 10.0 0.3 0:28.06
2941 0.0 0.3 0:28.08
2941 5.6 0.3 0:28.10
2941 0.0 0.3 0:28.11
2941 0.0 0.3 0:28.12
2941 0.0 0.3 0:28.13
2941 5.6 0.3 0:28.14
2941 5.3 0.3 0:28.16
2941 5.3 0.3 0:28.18
2941 5.3 0.3 0:28.21
2941 0.0 0.3 0:28.27
2941 0.0 0.3 0:28.28
2941 0.0 0.3 0:28.29
2941 5.3 0.3 0:28.32
2941 0.0 0.3 0:28.34
2941 0.0 0.3 0:28.35
2941 0.0 0.3 0:28.36
2941 10.0 0.3 0:28.41
2941 0.0 0.3 0:28.42
2941 5.3 0.3 0:28.44
2941 0.0 0.3 0:28.45
2941 11.1 0.3 0:28.50
2941 5.3 0.3 0:28.52
2941 0.0 0.3 0:28.55
2941 0.0 0.3 0:28.57
2941 0.0 0.3 0:28.60
2941 0.0 0.3 0:28.61
2941 11.1 0.3 0:28.65
2941 5.3 0.3 0:28.67
2941 0.0 0.3 0:28.68
2941 0.0 0.3 0:28.70
2941 0.0 0.3 0:28.71
2941 0.0 0.3 0:28.74
2941 5.6 0.3 0:28.76
2941 0.0 0.3 0:28.78
2941 0.0 0.3 0:28.80
2941 5.3 0.3 0:28.82
2941 4.8 0.3 0:28.86
2941 0.0 0.3 0:28.87
2941 5.3 0.3 0:28.89
2941 0.0 0.3 0:28.90
2941 0.0 0.3 0:28.92
2941 0.0 0.3 0:28.94
2941 5.6 0.3 0:28.95
2941 0.0 0.3 0:28.96
2941 0.0 0.3 0:28.98
2941 0.0 0.3 0:28.99
2941 0.0 0.3 0:29.00
2941 5.3 0.3 0:29.02
2941 0.0 0.3 0:29.02
2941 0.0 0.3 0:29.03
2941 0.0 0.3 0:29.05
2941 0.0 0.3 0:29.07
2941 0.0 0.3 0:29.08
2941 5.0 0.3 0:29.10
2941 0.0 0.3 0:29.12
2941 0.0 0.3 0:29.15
2941 0.0 0.3 0:29.17
2941 5.3 0.3 0:29.19
2941 0.0 0.3 0:29.21
2941 0.0 0.3 0:29.23
2941 0.0 0.3 0:29.25
2941 5.6 0.3 0:29.27
2941 5.0 0.3 0:29.28
2941 5.6 0.3 0:29.30
2941 5.0 0.3 0:29.32
2941 0.0 0.3 0:29.33
2941 0.0 0.3 0:29.40
2941 0.0 0.3 0:29.41
2941 5.3 0.3 0:29.43
2941 0.0 0.3 0:29.43
2941 5.0 0.3 0:29.46
2941 0.0 0.3 0:29.47
2941 0.0 0.3 0:29.49
2941 0.0 0.3 0:29.49
2941 0.0 0.3 0:29.49
