2941 0.0 0.2 1:01.90
2941 5.6 0.2 1:01.93
2941 5.3 0.2 1:01.96
2941 0.0 0.2 1:01.98
2941 0.0 0.2 1:01.98
2941 4.8 0.2 1:02.00
2941 0.0 0.2 1:02.00
2941 0.0 0.2 1:02.01
2941 0.0 0.2 1:02.02
2941 0.0 0.2 1:02.02
2941 0.0 0.2 1:02.03
2941 0.0 0.2 1:02.04
2941 5.3 0.2 1:02.06
2941 5.6 0.2 1:02.07
2941 5.3 0.2 1:02.08
2941 4.0 0.2 1:02.10
2941 5.3 0.2 1:02.12
2941 0.0 0.2 1:02.14
2941 0.0 0.2 1:02.15
2941 0.0 0.2 1:02.18
2941 0.0 0.2 1:02.20
2941 0.0 0.2 1:02.20
2941 0.0 0.2 1:02.21
2941 0.0 0.2 1:02.22
2941 0.0 0.2 1:02.23
2941 0.0 0.2 1:02.24
2941 0.0 0.2 1:02.25
2941 0.0 0.2 1:02.26
2941 0.0 0.2 1:02.28
2941 0.0 0.2 1:02.29
2941 0.0 0.2 1:02.30
2941 5.3 0.2 1:02.31
2941 0.0 0.2 1:02.32
2941 0.0 0.2 1:02.34
2941 0.0 0.2 1:02.35
2941 0.0 0.2 1:02.36
2941 0.0 0.2 1:02.38
2941 5.3 0.2 1:02.40
2941 0.0 0.2 1:02.42
2941 0.0 0.2 1:02.42
2941 0.0 0.2 1:02.45
2941 0.0 0.2 1:02.46
2941 0.0 0.2 1:02.47
2941 5.0 0.2 1:02.48
2941 0.0 0.2 1:02.50
2941 0.0 0.2 1:02.51
2941 5.3 0.2 1:02.53
2941 0.0 0.2 1:02.54
2941 0.0 0.2 1:02.55
2941 0.0 0.2 1:02.56
2941 0.0 0.2 1:02.57
2941 0.0 0.2 1:02.58
2941 0.0 0.2 1:02.59
2941 0.0 0.2 1:02.60
2941 5.3 0.2 1:02.62
2941 5.3 0.2 1:02.63
2941 0.0 0.2 1:02.64
2941 0.0 0.2 1:02.66
2941 0.0 0.2 1:02.66
2941 0.0 0.2 1:02.68
2941 0.0 0.2 1:02.70
2941 0.0 0.2 1:02.71
2941 5.6 0.2 1:02.74
2941 0.0 0.2 1:02.74
2941 0.0 0.2 1:02.75
2941 0.0 0.2 1:02.76
2941 0.0 0.2 1:02.77
2941 0.0 0.2 1:02.78
2941 0.0 0.2 1:02.79
2941 0.0 0.2 1:02.80
2941 0.0 0.2 1:02.81
2941 0.0 0.2 1:02.82
2941 0.0 0.2 1:02.85
2941 0.0 0.2 1:02.87
2941 10.0 0.2 1:02.89
