2941 0.0 0.2 0:51.91
2941 0.0 0.2 0:51.95
2941 5.3 0.2 0:51.99
2941 10.5 0.2 0:52.02
2941 9.5 0.2 0:52.05
2941 10.5 0.2 0:52.08
2941 11.1 0.2 0:52.11
2941 0.0 0.2 0:52.12
2941 0.0 0.2 0:52.13
2941 0.0 0.2 0:52.15
2941 0.0 0.2 0:52.18
2941 0.0 0.2 0:52.20
2941 5.0 0.2 0:52.22
2941 0.0 0.2 0:52.23
2941 0.0 0.2 0:52.24
2941 0.0 0.2 0:52.25
2941 0.0 0.2 0:52.26
2941 0.0 0.2 0:52.28
2941 0.0 0.2 0:52.29
2941 0.0 0.2 0:52.30
2941 0.0 0.2 0:52.31
2941 0.0 0.2 0:52.31
2941 5.6 0.2 0:52.32
2941 0.0 0.2 0:52.32
2941 0.0 0.2 0:52.33
2941 0.0 0.2 0:52.34
2941 0.0 0.2 0:52.34
2941 0.0 0.2 0:52.34
2941 0.0 0.2 0:52.35
2941 0.0 0.2 0:52.35
2941 0.0 0.2 0:52.36
2941 0.0 0.2 0:52.36
2941 0.0 0.2 0:52.36
2941 0.0 0.2 0:52.37
2941 0.0 0.2 0:52.37
2941 0.0 0.2 0:52.37
2941 0.0 0.2 0:52.38
2941 0.0 0.2 0:52.38
2941 0.0 0.2 0:52.39
2941 0.0 0.2 0:52.39
2941 0.0 0.2 0:52.39
2941 0.0 0.2 0:52.39
2941 0.0 0.2 0:52.40
2941 0.0 0.2 0:52.40
2941 5.0 0.2 0:52.41
2941 0.0 0.2 0:52.41
2941 0.0 0.2 0:52.41
2941 0.0 0.2 0:52.41
2941 0.0 0.2 0:52.41
2941 0.0 0.2 0:52.41
2941 0.0 0.2 0:52.43
2941 0.0 0.2 0:52.43
2941 0.0 0.2 0:52.43
2941 0.0 0.2 0:52.44
2941 0.0 0.2 0:52.44
2941 0.0 0.2 0:52.44
2941 0.0 0.2 0:52.45
2941 0.0 0.2 0:52.45
2941 0.0 0.2 0:52.46
2941 0.0 0.2 0:52.46
2941 0.0 0.2 0:52.46
2941 0.0 0.2 0:52.47
2941 0.0 0.2 0:52.47
2941 0.0 0.2 0:52.49
2941 5.0 0.2 0:52.50
2941 5.0 0.2 0:52.51
2941 0.0 0.2 0:52.51
2941 0.0 0.2 0:52.52
2941 0.0 0.2 0:52.53
2941 0.0 0.2 0:52.54
2941 0.0 0.2 0:52.55
2941 0.0 0.2 0:52.55
2941 0.0 0.2 0:52.55
2941 0.0 0.2 0:52.56
2941 0.0 0.2 0:52.56
2941 0.0 0.2 0:52.56
2941 0.0 0.2 0:52.56
2941 5.3 0.2 0:52.58
2941 0.0 0.2 0:52.59
2941 0.0 0.2 0:52.59
2941 0.0 0.2 0:52.59
2941 0.0 0.2 0:52.60
2941 0.0 0.2 0:52.60
2941 0.0 0.2 0:52.60
2941 0.0 0.2 0:52.64
2941 0.0 0.2 0:52.64
2941 0.0 0.2 0:52.65
2941 0.0 0.2 0:52.65
2941 0.0 0.2 0:52.66
2941 0.0 0.2 0:52.66
2941 0.0 0.2 0:52.67
2941 0.0 0.2 0:52.67
2941 0.0 0.2 0:52.69
2941 0.0 0.2 0:52.69
2941 0.0 0.2 0:52.69
2941 0.0 0.2 0:52.70
2941 0.0 0.2 0:52.70
2941 0.0 0.2 0:52.71
2941 0.0 0.2 0:52.71
2941 0.0 0.2 0:52.73
2941 0.0 0.2 0:52.73
2941 5.0 0.2 0:52.74
2941 0.0 0.2 0:52.74
2941 0.0 0.2 0:52.74
2941 0.0 0.2 0:52.74
2941 0.0 0.2 0:52.75
2941 0.0 0.2 0:52.75
