2941 0.0 0.2 0:45.87
2941 0.0 0.2 0:45.88
2941 0.0 0.2 0:45.93
2941 0.0 0.2 0:45.97
2941 0.0 0.2 0:46.04
2941 0.0 0.2 0:46.07
2941 0.0 0.2 0:46.07
2941 0.0 0.2 0:46.10
2941 5.3 0.2 0:46.12
2941 0.0 0.2 0:46.12
2941 0.0 0.2 0:46.12
2941 0.0 0.2 0:46.13
2941 0.0 0.2 0:46.13
2941 0.0 0.2 0:46.14
2941 0.0 0.2 0:46.15
2941 0.0 0.2 0:46.15
2941 5.3 0.2 0:46.16
2941 5.6 0.2 0:46.17
2941 0.0 0.2 0:46.17
2941 0.0 0.2 0:46.18
2941 0.0 0.2 0:46.18
2941 0.0 0.2 0:46.20
2941 0.0 0.2 0:46.20
2941 0.0 0.2 0:46.20
2941 0.0 0.2 0:46.21
2941 0.0 0.2 0:46.21
2941 0.0 0.2 0:46.21
2941 0.0 0.2 0:46.22
2941 0.0 0.2 0:46.23
2941 0.0 0.2 0:46.24
2941 0.0 0.2 0:46.24
2941 0.0 0.2 0:46.24
2941 0.0 0.2 0:46.25
2941 0.0 0.2 0:46.26
2941 0.0 0.2 0:46.26
2941 0.0 0.2 0:46.26
2941 0.0 0.2 0:46.27
2941 0.0 0.2 0:46.27
2941 0.0 0.2 0:46.27
2941 5.6 0.2 0:46.28
2941 0.0 0.2 0:46.28
2941 0.0 0.2 0:46.29
2941 0.0 0.2 0:46.29
2941 0.0 0.2 0:46.29
2941 0.0 0.2 0:46.29
2941 0.0 0.2 0:46.29
2941 0.0 0.2 0:46.30
2941 0.0 0.2 0:46.30
2941 0.0 0.2 0:46.30
2941 0.0 0.2 0:46.31
2941 0.0 0.2 0:46.32
2941 0.0 0.2 0:46.32
2941 0.0 0.2 0:46.33
2941 0.0 0.2 0:46.33
2941 0.0 0.2 0:46.33
2941 0.0 0.2 0:46.34
2941 0.0 0.2 0:46.34
2941 0.0 0.2 0:46.34
2941 0.0 0.2 0:46.35
2941 0.0 0.2 0:46.35
2941 0.0 0.2 0:46.37
2941 0.0 0.2 0:46.38
2941 0.0 0.2 0:46.38
2941 0.0 0.2 0:46.39
2941 0.0 0.2 0:46.40
2941 0.0 0.2 0:46.41
2941 0.0 0.2 0:46.41
2941 0.0 0.2 0:46.41
2941 5.3 0.2 0:46.42
2941 0.0 0.2 0:46.43
2941 0.0 0.2 0:46.43
2941 0.0 0.2 0:46.43
2941 0.0 0.2 0:46.44
2941 0.0 0.2 0:46.45
2941 0.0 0.2 0:46.46
2941 0.0 0.2 0:46.46
2941 0.0 0.2 0:46.47
2941 0.0 0.2 0:46.48
2941 0.0 0.2 0:46.48
2941 0.0 0.2 0:46.48
2941 0.0 0.2 0:46.49
2941 0.0 0.2 0:46.50
2941 0.0 0.2 0:46.50
2941 0.0 0.2 0:46.50
2941 0.0 0.2 0:46.51
2941 0.0 0.2 0:46.51
2941 0.0 0.2 0:46.52
2941 0.0 0.2 0:46.53
2941 0.0 0.2 0:46.53
2941 5.0 0.2 0:46.54
2941 0.0 0.2 0:46.55
2941 0.0 0.2 0:46.55
2941 5.3 0.2 0:46.56
2941 0.0 0.2 0:46.56
2941 0.0 0.2 0:46.56
2941 0.0 0.2 0:46.56
2941 0.0 0.2 0:46.57
2941 0.0 0.2 0:46.57
2941 5.0 0.2 0:46.58
2941 0.0 0.2 0:46.58
2941 0.0 0.2 0:46.59
2941 0.0 0.2 0:46.59
2941 0.0 0.2 0:46.59
2941 0.0 0.2 0:46.61
2941 0.0 0.2 0:46.61
2941 0.0 0.2 0:46.61
2941 0.0 0.2 0:46.62
2941 0.0 0.2 0:46.63
2941 0.0 0.2 0:46.63
2941 0.0 0.2 0:46.64
2941 0.0 0.2 0:46.64
2941 0.0 0.2 0:46.65
2941 0.0 0.2 0:46.65
2941 0.0 0.2 0:46.65
2941 0.0 0.2 0:46.65
2941 0.0 0.2 0:46.66
2941 0.0 0.2 0:46.66
2941 0.0 0.2 0:46.67
2941 0.0 0.2 0:46.67
2941 0.0 0.2 0:46.67
2941 0.0 0.2 0:46.68
2941 5.3 0.2 0:46.69
2941 0.0 0.2 0:46.69
2941 0.0 0.2 0:46.69
2941 0.0 0.2 0:46.70
2941 0.0 0.2 0:46.70
2941 0.0 0.2 0:46.70
2941 0.0 0.2 0:46.71
2941 0.0 0.2 0:46.71
2941 0.0 0.2 0:46.72
2941 5.3 0.2 0:46.73
2941 0.0 0.2 0:46.74
2941 0.0 0.2 0:46.75
