2942 0.0 0.3 0:01.09
2942 0.0 0.3 0:01.12
2942 0.0 0.3 0:01.12
2942 0.0 0.3 0:01.12
2942 0.0 0.3 0:01.14
2942 0.0 0.3 0:01.15
2942 0.0 0.3 0:01.16
2942 0.0 0.3 0:01.16
2942 0.0 0.3 0:01.16
2942 0.0 0.3 0:01.16
2942 0.0 0.3 0:01.16
2942 0.0 0.3 0:01.19
2942 0.0 0.3 0:01.19
2942 0.0 0.3 0:01.19
2942 0.0 0.3 0:01.19
2942 0.0 0.3 0:01.19
2942 0.0 0.3 0:01.20
2942 0.0 0.3 0:01.20
2942 0.0 0.3 0:01.21
2942 0.0 0.3 0:01.21
2942 0.0 0.3 0:01.21
2942 0.0 0.3 0:01.21
2942 0.0 0.3 0:01.21
2942 0.0 0.3 0:01.21
2942 0.0 0.3 0:01.21
2942 0.0 0.3 0:01.21
2942 0.0 0.3 0:01.21
2942 0.0 0.3 0:01.21
2942 0.0 0.3 0:01.21
2942 0.0 0.3 0:01.21
2942 0.0 0.3 0:01.21
2942 0.0 0.3 0:01.21
2942 0.0 0.3 0:01.21
2942 0.0 0.3 0:01.21
2942 0.0 0.3 0:01.21
2942 0.0 0.3 0:01.21
2942 0.0 0.3 0:01.21
2942 0.0 0.3 0:01.21
2942 0.0 0.3 0:01.21
2942 0.0 0.3 0:01.21
2942 0.0 0.3 0:01.21
2942 0.0 0.3 0:01.21
2942 0.0 0.3 0:01.21
2942 0.0 0.3 0:01.21
2942 0.0 0.3 0:01.21
2942 0.0 0.3 0:01.21
2942 0.0 0.3 0:01.21
2942 0.0 0.3 0:01.21
2942 0.0 0.3 0:01.21
2942 0.0 0.3 0:01.21
2942 0.0 0.3 0:01.21
2942 0.0 0.3 0:01.21
2942 0.0 0.3 0:01.21
2942 0.0 0.3 0:01.21
2942 0.0 0.3 0:01.21
2942 0.0 0.3 0:01.21
2942 0.0 0.3 0:01.21
2942 0.0 0.3 0:01.21
2942 0.0 0.3 0:01.21
2942 0.0 0.3 0:01.21
2942 0.0 0.3 0:01.21
2942 0.0 0.3 0:01.21
2942 0.0 0.3 0:01.21
2942 0.0 0.3 0:01.21
2942 0.0 0.3 0:01.21
2942 0.0 0.3 0:01.21
2942 0.0 0.3 0:01.21
2942 0.0 0.3 0:01.21
2942 0.0 0.3 0:01.21
2942 0.0 0.3 0:01.21
2942 0.0 0.3 0:01.21
2942 0.0 0.3 0:01.21
2942 0.0 0.3 0:01.21
2942 0.0 0.3 0:01.21
2942 0.0 0.3 0:01.21
2942 0.0 0.3 0:01.21
2942 0.0 0.3 0:01.21
2942 0.0 0.3 0:01.21
2942 0.0 0.3 0:01.21
2942 0.0 0.3 0:01.21
2942 0.0 0.3 0:01.21
2942 0.0 0.3 0:01.21
2942 0.0 0.3 0:01.21
2942 0.0 0.3 0:01.21
2942 0.0 0.3 0:01.21
2942 0.0 0.3 0:01.21
2942 0.0 0.3 0:01.21
2942 0.0 0.3 0:01.21
2942 0.0 0.3 0:01.21
2942 0.0 0.3 0:01.21
2942 0.0 0.3 0:01.21
2942 0.0 0.3 0:01.21
2942 0.0 0.3 0:01.21
2942 0.0 0.3 0:01.21
2942 0.0 0.3 0:01.21
2942 0.0 0.3 0:01.21
2942 0.0 0.3 0:01.21
2942 0.0 0.3 0:01.21
2942 0.0 0.3 0:01.21
2942 0.0 0.3 0:01.21
2942 0.0 0.3 0:01.21
2942 0.0 0.3 0:01.21
2942 0.0 0.3 0:01.21
2942 0.0 0.3 0:01.21
2942 0.0 0.3 0:01.21
2942 0.0 0.3 0:01.21
2942 0.0 0.3 0:01.21
2942 0.0 0.3 0:01.21
2942 0.0 0.3 0:01.21
2942 0.0 0.3 0:01.21
2942 0.0 0.3 0:01.21
2942 0.0 0.3 0:01.21
2942 0.0 0.3 0:01.21
2942 0.0 0.3 0:01.21
2942 0.0 0.3 0:01.21
2942 0.0 0.3 0:01.21
2942 0.0 0.3 0:01.21
2942 0.0 0.3 0:01.21
2942 0.0 0.3 0:01.21
2942 0.0 0.3 0:01.21
2942 0.0 0.3 0:01.21
2942 0.0 0.3 0:01.21
2942 0.0 0.3 0:01.21
2942 0.0 0.3 0:01.21
2942 0.0 0.3 0:01.21
2942 0.0 0.3 0:01.21
2942 0.0 0.3 0:01.21
2942 0.0 0.3 0:01.21
2942 0.0 0.3 0:01.21
2942 0.0 0.3 0:01.21
2942 0.0 0.3 0:01.21
2942 0.0 0.3 0:01.21
2942 0.0 0.3 0:01.21
2942 0.0 0.3 0:01.21
2942 0.0 0.3 0:01.21
2942 0.0 0.3 0:01.21
2942 0.0 0.3 0:01.21
2942 0.0 0.3 0:01.21
2942 0.0 0.3 0:01.21
2942 0.0 0.3 0:01.21
2942 0.0 0.3 0:01.21
2942 0.0 0.3 0:01.21
2942 0.0 0.3 0:01.21
2942 0.0 0.3 0:01.21
2942 0.0 0.3 0:01.21
2942 0.0 0.3 0:01.21
2942 0.0 0.3 0:01.21
2942 0.0 0.3 0:01.21
2942 0.0 0.3 0:01.21
2942 0.0 0.3 0:01.21
2942 0.0 0.3 0:01.21
2942 0.0 0.3 0:01.21
2942 0.0 0.3 0:01.21
2942 0.0 0.3 0:01.21
2942 0.0 0.3 0:01.21
2942 0.0 0.3 0:01.21
2942 0.0 0.3 0:01.21
2942 0.0 0.3 0:01.21
2942 0.0 0.3 0:01.21
2942 0.0 0.3 0:01.21
2942 0.0 0.3 0:01.21
2942 0.0 0.3 0:01.21
2942 0.0 0.3 0:01.21
2942 0.0 0.3 0:01.21
2942 0.0 0.3 0:01.21
2942 0.0 0.3 0:01.21
2942 0.0 0.3 0:01.21
2942 0.0 0.3 0:01.21
2942 0.0 0.3 0:01.21
2942 0.0 0.3 0:01.21
2942 0.0 0.3 0:01.21
2942 0.0 0.3 0:01.21
2942 0.0 0.3 0:01.21
2942 0.0 0.3 0:01.21
2942 0.0 0.3 0:01.21
2942 0.0 0.3 0:01.21
2942 0.0 0.3 0:01.21
2942 0.0 0.3 0:01.21
2942 0.0 0.3 0:01.21
2942 0.0 0.3 0:01.21
2942 0.0 0.3 0:01.21
2942 0.0 0.3 0:01.21
