2942 0.0 0.2 0:02.58
2942 0.0 0.2 0:02.59
2942 0.0 0.2 0:02.59
2942 0.0 0.2 0:02.59
2942 0.0 0.2 0:02.59
2942 0.0 0.2 0:02.59
2942 0.0 0.2 0:02.59
2942 0.0 0.2 0:02.59
2942 0.0 0.2 0:02.59
2942 0.0 0.2 0:02.59
2942 0.0 0.2 0:02.59
2942 0.0 0.2 0:02.59
2942 0.0 0.2 0:02.59
2942 0.0 0.2 0:02.59
2942 0.0 0.2 0:02.59
2942 0.0 0.2 0:02.59
2942 0.0 0.2 0:02.59
2942 0.0 0.2 0:02.59
2942 0.0 0.2 0:02.59
2942 0.0 0.2 0:02.59
2942 0.0 0.2 0:02.59
2942 0.0 0.2 0:02.59
2942 0.0 0.2 0:02.59
2942 0.0 0.2 0:02.59
2942 0.0 0.2 0:02.59
2942 0.0 0.2 0:02.59
2942 0.0 0.2 0:02.59
2942 0.0 0.2 0:02.59
2942 0.0 0.2 0:02.59
2942 0.0 0.2 0:02.59
2942 0.0 0.2 0:02.59
2942 0.0 0.2 0:02.59
2942 0.0 0.2 0:02.59
2942 0.0 0.2 0:02.59
2942 0.0 0.2 0:02.59
2942 0.0 0.2 0:02.59
2942 0.0 0.2 0:02.59
2942 0.0 0.2 0:02.59
2942 0.0 0.2 0:02.59
2942 0.0 0.2 0:02.59
2942 0.0 0.2 0:02.59
2942 0.0 0.2 0:02.59
2942 0.0 0.2 0:02.59
2942 0.0 0.2 0:02.59
2942 0.0 0.2 0:02.59
2942 0.0 0.2 0:02.59
2942 0.0 0.2 0:02.59
2942 0.0 0.2 0:02.59
2942 0.0 0.2 0:02.59
2942 0.0 0.2 0:02.59
2942 0.0 0.2 0:02.59
2942 0.0 0.2 0:02.59
2942 0.0 0.2 0:02.59
2942 0.0 0.2 0:02.59
2942 0.0 0.2 0:02.59
2942 0.0 0.2 0:02.59
2942 0.0 0.2 0:02.59
2942 0.0 0.2 0:02.59
2942 0.0 0.2 0:02.59
2942 0.0 0.2 0:02.59
2942 0.0 0.2 0:02.59
2942 0.0 0.2 0:02.59
2942 0.0 0.2 0:02.59
2942 0.0 0.2 0:02.59
2942 0.0 0.2 0:02.59
2942 0.0 0.2 0:02.59
2942 0.0 0.2 0:02.59
2942 0.0 0.2 0:02.59
2942 0.0 0.2 0:02.59
2942 0.0 0.2 0:02.59
2942 0.0 0.2 0:02.59
2942 0.0 0.2 0:02.59
2942 0.0 0.2 0:02.59
2942 0.0 0.2 0:02.59
2942 0.0 0.2 0:02.59
2942 0.0 0.2 0:02.59
