2942 0.0 0.2 0:02.53
2942 0.0 0.2 0:02.53
2942 0.0 0.2 0:02.53
2942 0.0 0.2 0:02.53
2942 0.0 0.2 0:02.53
2942 0.0 0.2 0:02.53
2942 0.0 0.2 0:02.53
2942 0.0 0.2 0:02.53
2942 0.0 0.2 0:02.53
2942 0.0 0.2 0:02.53
2942 0.0 0.2 0:02.53
2942 0.0 0.2 0:02.53
2942 0.0 0.2 0:02.53
2942 0.0 0.2 0:02.53
2942 0.0 0.2 0:02.53
2942 0.0 0.2 0:02.53
2942 0.0 0.2 0:02.53
2942 0.0 0.2 0:02.53
2942 0.0 0.2 0:02.53
2942 0.0 0.2 0:02.53
2942 0.0 0.2 0:02.53
2942 0.0 0.2 0:02.53
2942 0.0 0.2 0:02.53
2942 0.0 0.2 0:02.53
2942 0.0 0.2 0:02.53
2942 0.0 0.2 0:02.53
2942 0.0 0.2 0:02.53
2942 0.0 0.2 0:02.53
2942 0.0 0.2 0:02.53
2942 0.0 0.2 0:02.53
2942 0.0 0.2 0:02.53
2942 0.0 0.2 0:02.53
2942 0.0 0.2 0:02.53
2942 0.0 0.2 0:02.53
2942 0.0 0.2 0:02.53
2942 0.0 0.2 0:02.53
2942 0.0 0.2 0:02.53
2942 0.0 0.2 0:02.53
2942 0.0 0.2 0:02.53
2942 0.0 0.2 0:02.53
2942 0.0 0.2 0:02.53
2942 0.0 0.2 0:02.53
2942 0.0 0.2 0:02.53
2942 0.0 0.2 0:02.53
2942 0.0 0.2 0:02.53
2942 0.0 0.2 0:02.53
2942 0.0 0.2 0:02.53
2942 0.0 0.2 0:02.53
2942 0.0 0.2 0:02.53
2942 0.0 0.2 0:02.53
2942 0.0 0.2 0:02.53
2942 0.0 0.2 0:02.53
2942 0.0 0.2 0:02.53
2942 0.0 0.2 0:02.53
2942 0.0 0.2 0:02.53
2942 0.0 0.2 0:02.53
2942 0.0 0.2 0:02.53
2942 0.0 0.2 0:02.53
2942 0.0 0.2 0:02.53
2942 0.0 0.2 0:02.53
2942 0.0 0.2 0:02.53
2942 0.0 0.2 0:02.53
2942 0.0 0.2 0:02.53
2942 0.0 0.2 0:02.53
2942 0.0 0.2 0:02.53
2942 0.0 0.2 0:02.53
2942 0.0 0.2 0:02.53
2942 0.0 0.2 0:02.53
2942 0.0 0.2 0:02.53
2942 0.0 0.2 0:02.53
2942 0.0 0.2 0:02.53
2942 0.0 0.2 0:02.53
2942 0.0 0.2 0:02.53
2942 0.0 0.2 0:02.53
2942 0.0 0.2 0:02.53
2942 0.0 0.2 0:02.53
