2942 0.0 0.2 0:02.64
2942 0.0 0.2 0:02.64
2942 0.0 0.2 0:02.64
2942 0.0 0.2 0:02.64
2942 0.0 0.2 0:02.64
2942 0.0 0.2 0:02.64
2942 0.0 0.2 0:02.64
2942 0.0 0.2 0:02.64
2942 0.0 0.2 0:02.64
2942 0.0 0.2 0:02.64
2942 0.0 0.2 0:02.64
2942 0.0 0.2 0:02.64
2942 0.0 0.2 0:02.64
2942 0.0 0.2 0:02.64
2942 0.0 0.2 0:02.64
2942 0.0 0.2 0:02.64
2942 0.0 0.2 0:02.64
2942 0.0 0.2 0:02.64
2942 0.0 0.2 0:02.64
2942 0.0 0.2 0:02.64
2942 0.0 0.2 0:02.64
2942 0.0 0.2 0:02.64
2942 0.0 0.2 0:02.64
2942 0.0 0.2 0:02.64
2942 0.0 0.2 0:02.64
2942 0.0 0.2 0:02.64
2942 0.0 0.2 0:02.64
2942 0.0 0.2 0:02.64
2942 0.0 0.2 0:02.64
2942 0.0 0.2 0:02.64
2942 0.0 0.2 0:02.64
2942 0.0 0.2 0:02.64
2942 0.0 0.2 0:02.64
2942 0.0 0.2 0:02.64
2942 0.0 0.2 0:02.64
2942 0.0 0.2 0:02.64
2942 0.0 0.2 0:02.64
2942 0.0 0.2 0:02.64
2942 0.0 0.2 0:02.64
2942 0.0 0.2 0:02.64
2942 0.0 0.2 0:02.64
2942 0.0 0.2 0:02.64
2942 0.0 0.2 0:02.64
2942 0.0 0.2 0:02.64
2942 0.0 0.2 0:02.64
2942 0.0 0.2 0:02.64
2942 0.0 0.2 0:02.64
2942 0.0 0.2 0:02.64
2942 0.0 0.2 0:02.64
2942 0.0 0.2 0:02.64
2942 0.0 0.2 0:02.64
2942 0.0 0.2 0:02.64
2942 0.0 0.2 0:02.64
2942 0.0 0.2 0:02.64
2942 0.0 0.2 0:02.64
2942 0.0 0.2 0:02.64
2942 0.0 0.2 0:02.64
2942 0.0 0.2 0:02.64
2942 0.0 0.2 0:02.64
2942 0.0 0.2 0:02.64
2942 0.0 0.2 0:02.64
2942 0.0 0.2 0:02.64
2942 0.0 0.2 0:02.64
2942 0.0 0.2 0:02.64
2942 0.0 0.2 0:02.64
2942 0.0 0.2 0:02.64
2942 0.0 0.2 0:02.64
2942 0.0 0.2 0:02.64
2942 0.0 0.2 0:02.64
2942 0.0 0.2 0:02.64
2942 0.0 0.2 0:02.64
2942 0.0 0.2 0:02.64
2942 0.0 0.2 0:02.64
2942 0.0 0.2 0:02.64
2942 0.0 0.2 0:02.64
