2943 0.0 0.3 0:03.46
2943 5.6 0.3 0:03.50
2943 0.0 0.3 0:03.50
2943 0.0 0.3 0:03.50
2943 0.0 0.3 0:03.51
2943 0.0 0.3 0:03.51
2943 0.0 0.3 0:03.51
2943 0.0 0.3 0:03.51
2943 0.0 0.3 0:03.51
2943 0.0 0.3 0:03.51
2943 0.0 0.3 0:03.51
2943 0.0 0.3 0:03.51
2943 0.0 0.3 0:03.51
2943 0.0 0.3 0:03.51
2943 0.0 0.3 0:03.51
2943 0.0 0.3 0:03.51
2943 0.0 0.3 0:03.51
2943 0.0 0.3 0:03.51
2943 0.0 0.3 0:03.51
2943 0.0 0.3 0:03.51
2943 0.0 0.3 0:03.51
2943 0.0 0.3 0:03.51
2943 0.0 0.3 0:03.51
2943 0.0 0.3 0:03.51
2943 0.0 0.3 0:03.51
2943 0.0 0.3 0:03.51
2943 0.0 0.3 0:03.51
2943 0.0 0.3 0:03.51
2943 0.0 0.3 0:03.51
2943 0.0 0.3 0:03.51
2943 0.0 0.3 0:03.51
2943 0.0 0.3 0:03.51
2943 0.0 0.3 0:03.51
2943 0.0 0.3 0:03.51
2943 0.0 0.3 0:03.51
2943 0.0 0.3 0:03.51
2943 0.0 0.3 0:03.51
2943 0.0 0.3 0:03.52
2943 0.0 0.3 0:03.52
2943 0.0 0.3 0:03.52
2943 0.0 0.3 0:03.52
2943 0.0 0.3 0:03.52
2943 0.0 0.3 0:03.52
2943 0.0 0.3 0:03.52
2943 0.0 0.3 0:03.52
2943 0.0 0.3 0:03.52
2943 0.0 0.3 0:03.52
2943 0.0 0.3 0:03.52
2943 0.0 0.3 0:03.52
2943 0.0 0.3 0:03.52
2943 0.0 0.3 0:03.52
2943 0.0 0.3 0:03.52
2943 0.0 0.3 0:03.52
2943 0.0 0.3 0:03.52
2943 0.0 0.3 0:03.52
2943 0.0 0.3 0:03.52
2943 0.0 0.3 0:03.52
2943 0.0 0.3 0:03.52
2943 0.0 0.3 0:03.52
2943 0.0 0.3 0:03.52
2943 0.0 0.3 0:03.52
2943 0.0 0.3 0:03.52
2943 0.0 0.3 0:03.52
2943 0.0 0.3 0:03.52
2943 0.0 0.3 0:03.52
2943 0.0 0.3 0:03.52
2943 0.0 0.3 0:03.52
2943 0.0 0.3 0:03.52
2943 0.0 0.3 0:03.52
2943 0.0 0.3 0:03.52
2943 0.0 0.3 0:03.52
2943 0.0 0.3 0:03.52
2943 0.0 0.3 0:03.52
2943 0.0 0.3 0:03.52
2943 0.0 0.3 0:03.52
2943 0.0 0.3 0:03.52
2943 0.0 0.3 0:03.52
2943 0.0 0.3 0:03.52
2943 0.0 0.3 0:03.52
2943 0.0 0.3 0:03.52
2943 0.0 0.3 0:03.53
2943 0.0 0.3 0:03.53
2943 0.0 0.3 0:03.53
2943 0.0 0.3 0:03.53
2943 0.0 0.3 0:03.53
2943 0.0 0.3 0:03.53
2943 0.0 0.3 0:03.53
2943 0.0 0.3 0:03.53
2943 0.0 0.3 0:03.53
2943 0.0 0.3 0:03.53
2943 0.0 0.3 0:03.53
2943 0.0 0.3 0:03.53
2943 0.0 0.3 0:03.53
2943 0.0 0.3 0:03.53
2943 0.0 0.3 0:03.53
2943 0.0 0.3 0:03.53
2943 0.0 0.3 0:03.53
2943 0.0 0.3 0:03.53
2943 0.0 0.3 0:03.53
2943 0.0 0.3 0:03.53
2943 0.0 0.3 0:03.53
2943 0.0 0.3 0:03.53
2943 0.0 0.3 0:03.53
2943 0.0 0.3 0:03.53
2943 0.0 0.3 0:03.53
2943 0.0 0.3 0:03.53
2943 0.0 0.3 0:03.53
2943 0.0 0.3 0:03.53
2943 0.0 0.3 0:03.53
2943 0.0 0.3 0:03.54
2943 0.0 0.3 0:03.54
2943 0.0 0.3 0:03.54
2943 0.0 0.3 0:03.54
2943 0.0 0.3 0:03.54
2943 0.0 0.3 0:03.54
2943 0.0 0.3 0:03.54
2943 0.0 0.3 0:03.54
2943 0.0 0.3 0:03.54
2943 0.0 0.3 0:03.54
2943 0.0 0.3 0:03.54
2943 0.0 0.3 0:03.54
2943 0.0 0.3 0:03.54
2943 0.0 0.3 0:03.54
2943 0.0 0.3 0:03.54
2943 0.0 0.3 0:03.54
2943 0.0 0.3 0:03.54
2943 0.0 0.3 0:03.54
2943 0.0 0.3 0:03.54
2943 0.0 0.3 0:03.54
2943 0.0 0.3 0:03.54
2943 0.0 0.3 0:03.54
2943 0.0 0.3 0:03.54
2943 0.0 0.3 0:03.54
2943 0.0 0.3 0:03.54
2943 0.0 0.3 0:03.55
2943 0.0 0.3 0:03.55
2943 0.0 0.3 0:03.55
2943 0.0 0.3 0:03.55
2943 0.0 0.3 0:03.55
2943 0.0 0.3 0:03.55
2943 0.0 0.3 0:03.55
2943 0.0 0.3 0:03.55
2943 0.0 0.3 0:03.55
2943 0.0 0.3 0:03.55
2943 0.0 0.3 0:03.55
2943 0.0 0.3 0:03.55
2943 0.0 0.3 0:03.55
2943 0.0 0.3 0:03.55
2943 0.0 0.3 0:03.55
2943 0.0 0.3 0:03.55
2943 0.0 0.3 0:03.55
2943 0.0 0.3 0:03.55
2943 0.0 0.3 0:03.55
2943 0.0 0.3 0:03.55
2943 0.0 0.3 0:03.55
2943 0.0 0.3 0:03.55
2943 0.0 0.3 0:03.55
2943 0.0 0.3 0:03.55
2943 0.0 0.3 0:03.55
2943 0.0 0.3 0:03.56
2943 0.0 0.3 0:03.56
2943 0.0 0.3 0:03.56
2943 0.0 0.3 0:03.56
2943 0.0 0.3 0:03.56
2943 0.0 0.3 0:03.56
2943 0.0 0.3 0:03.56
2943 0.0 0.3 0:03.56
2943 0.0 0.3 0:03.56
2943 0.0 0.3 0:03.56
2943 0.0 0.3 0:03.56
2943 0.0 0.3 0:03.56
2943 0.0 0.3 0:03.56
2943 0.0 0.3 0:03.56
2943 0.0 0.3 0:03.56
2943 0.0 0.3 0:03.56
2943 0.0 0.3 0:03.56
2943 0.0 0.3 0:03.56
2943 0.0 0.3 0:03.56
2943 0.0 0.3 0:03.56
2943 0.0 0.3 0:03.56
2943 5.0 0.3 0:03.57
2943 0.0 0.3 0:03.57
2943 0.0 0.3 0:03.57
2943 0.0 0.3 0:03.57
2943 0.0 0.3 0:03.57
2943 0.0 0.3 0:03.57
2943 0.0 0.3 0:03.57
2943 0.0 0.3 0:03.57
2943 0.0 0.3 0:03.57
2943 0.0 0.3 0:03.57
2943 0.0 0.3 0:03.57
2943 0.0 0.3 0:03.57
2943 0.0 0.3 0:03.57
2943 0.0 0.3 0:03.57
2943 0.0 0.3 0:03.57
2943 0.0 0.3 0:03.57
2943 0.0 0.3 0:03.57
2943 0.0 0.3 0:03.57
2943 0.0 0.3 0:03.57
2943 0.0 0.3 0:03.57
2943 0.0 0.3 0:03.57
2943 0.0 0.3 0:03.57
2943 0.0 0.3 0:03.58
2943 0.0 0.3 0:03.58
2943 0.0 0.3 0:03.58
2943 0.0 0.3 0:03.58
2943 0.0 0.3 0:03.58
2943 0.0 0.3 0:03.58
2943 0.0 0.3 0:03.58
2943 0.0 0.3 0:03.58
2943 0.0 0.3 0:03.58
2943 0.0 0.3 0:03.58
2943 0.0 0.3 0:03.58
2943 0.0 0.3 0:03.58
2943 0.0 0.3 0:03.58
2943 0.0 0.3 0:03.58
2943 0.0 0.3 0:03.58
2943 0.0 0.3 0:03.58
2943 0.0 0.3 0:03.58
29430 0.0 0.0 0:00.00
2943 0.0 0.3 0:03.58
2943 0.0 0.3 0:03.58
2943 0.0 0.3 0:03.58
2943 0.0 0.3 0:03.58
2943 0.0 0.3 0:03.58
2943 0.0 0.3 0:03.58
2943 0.0 0.3 0:03.58
2943 0.0 0.3 0:03.58
2943 0.0 0.3 0:03.58
2943 0.0 0.3 0:03.58
2943 0.0 0.3 0:03.58
2943 0.0 0.3 0:03.58
2943 0.0 0.3 0:03.58
2943 0.0 0.3 0:03.58
2943 0.0 0.3 0:03.58
2943 0.0 0.3 0:03.58
2943 0.0 0.3 0:03.58
2943 0.0 0.3 0:03.59
2943 0.0 0.3 0:03.59
2943 0.0 0.3 0:03.59
2943 0.0 0.3 0:03.59
2943 0.0 0.3 0:03.59
2943 0.0 0.3 0:03.60
2943 0.0 0.3 0:03.60
2943 0.0 0.3 0:03.60
2943 0.0 0.3 0:03.60
2943 0.0 0.3 0:03.60
2943 0.0 0.3 0:03.60
2943 0.0 0.3 0:03.60
2943 0.0 0.3 0:03.60
2943 0.0 0.3 0:03.60
2943 0.0 0.3 0:03.60
2943 0.0 0.3 0:03.60
2943 0.0 0.3 0:03.60
2943 0.0 0.3 0:03.60
2943 0.0 0.3 0:03.60
2943 0.0 0.3 0:03.60
2943 0.0 0.3 0:03.60
2943 0.0 0.3 0:03.60
2943 0.0 0.3 0:03.60
2943 0.0 0.3 0:03.60
2943 0.0 0.3 0:03.60
2943 0.0 0.3 0:03.60
2943 0.0 0.3 0:03.61
2943 0.0 0.3 0:03.61
2943 0.0 0.3 0:03.61
2943 0.0 0.3 0:03.61
2943 0.0 0.3 0:03.62
2943 0.0 0.3 0:03.62
2943 0.0 0.3 0:03.62
2943 0.0 0.3 0:03.62
2943 0.0 0.3 0:03.62
2943 0.0 0.3 0:03.62
2943 0.0 0.3 0:03.62
2943 0.0 0.3 0:03.62
2943 0.0 0.3 0:03.62
2943 0.0 0.3 0:03.62
2943 0.0 0.3 0:03.62
2943 0.0 0.3 0:03.62
2943 0.0 0.3 0:03.62
2943 0.0 0.3 0:03.62
2943 0.0 0.3 0:03.62
2943 0.0 0.3 0:03.62
2943 0.0 0.3 0:03.62
2943 0.0 0.3 0:03.62
2943 0.0 0.3 0:03.62
2943 0.0 0.3 0:03.62
2943 0.0 0.3 0:03.62
2943 0.0 0.3 0:03.62
2943 0.0 0.3 0:03.62
2943 0.0 0.3 0:03.62
2943 0.0 0.3 0:03.62
2943 0.0 0.3 0:03.62
2943 0.0 0.3 0:03.62
2943 0.0 0.3 0:03.62
2943 0.0 0.3 0:03.62
2943 0.0 0.3 0:03.62
2943 0.0 0.3 0:03.62
2943 0.0 0.3 0:03.62
2943 0.0 0.3 0:03.62
2943 0.0 0.3 0:03.62
2943 0.0 0.3 0:03.62
2943 5.3 0.3 0:03.63
2943 0.0 0.3 0:03.63
2943 0.0 0.3 0:03.63
2943 0.0 0.3 0:03.63
2943 0.0 0.3 0:03.63
