2943 0.0 0.2 0:06.45
2943 0.0 0.2 0:06.48
2943 0.0 0.2 0:06.49
2943 0.0 0.2 0:06.50
2943 0.0 0.2 0:06.50
2943 0.0 0.2 0:06.50
2943 0.0 0.2 0:06.50
2943 0.0 0.2 0:06.50
2943 0.0 0.2 0:06.50
2943 0.0 0.2 0:06.50
2943 0.0 0.2 0:06.50
2943 0.0 0.2 0:06.50
2943 0.0 0.2 0:06.50
2943 0.0 0.2 0:06.50
2943 0.0 0.2 0:06.50
2943 0.0 0.2 0:06.50
2943 0.0 0.2 0:06.50
2943 0.0 0.2 0:06.50
2943 0.0 0.2 0:06.50
2943 0.0 0.2 0:06.50
2943 0.0 0.2 0:06.50
2943 0.0 0.2 0:06.50
2943 0.0 0.2 0:06.50
2943 0.0 0.2 0:06.50
2943 0.0 0.2 0:06.50
2943 0.0 0.2 0:06.50
2943 0.0 0.2 0:06.50
2943 0.0 0.2 0:06.50
2943 0.0 0.2 0:06.50
2943 0.0 0.2 0:06.50
22943 13.0 0.1 0:00.03
2943 0.0 0.2 0:06.50
2943 0.0 0.2 0:06.50
2943 0.0 0.2 0:06.50
2943 0.0 0.2 0:06.50
2943 0.0 0.2 0:06.50
2943 0.0 0.2 0:06.50
2943 0.0 0.2 0:06.50
2943 0.0 0.2 0:06.50
2943 0.0 0.2 0:06.50
2943 0.0 0.2 0:06.50
2943 0.0 0.2 0:06.50
2943 0.0 0.2 0:06.50
2943 0.0 0.2 0:06.50
2943 0.0 0.2 0:06.50
2943 0.0 0.2 0:06.50
2943 0.0 0.2 0:06.50
2943 0.0 0.2 0:06.50
2943 0.0 0.2 0:06.50
2943 0.0 0.2 0:06.50
2943 0.0 0.2 0:06.50
2943 0.0 0.2 0:06.50
2943 0.0 0.2 0:06.50
2943 0.0 0.2 0:06.50
2943 0.0 0.2 0:06.50
2943 0.0 0.2 0:06.50
2943 0.0 0.2 0:06.50
2943 0.0 0.2 0:06.50
2943 0.0 0.2 0:06.50
2943 0.0 0.2 0:06.50
2943 0.0 0.2 0:06.50
2943 0.0 0.2 0:06.50
2943 0.0 0.2 0:06.50
2943 0.0 0.2 0:06.50
2943 0.0 0.2 0:06.50
2943 0.0 0.2 0:06.50
2943 0.0 0.2 0:06.50
2943 0.0 0.2 0:06.50
2943 0.0 0.2 0:06.50
2943 0.0 0.2 0:06.50
2943 0.0 0.2 0:06.50
2943 0.0 0.2 0:06.50
2943 0.0 0.2 0:06.50
2943 0.0 0.2 0:06.50
2943 0.0 0.2 0:06.50
2943 0.0 0.2 0:06.50
2943 0.0 0.2 0:06.50
2943 0.0 0.2 0:06.50
2943 0.0 0.2 0:06.50
2943 0.0 0.2 0:06.50
2943 0.0 0.2 0:06.50
2943 0.0 0.2 0:06.50
2943 0.0 0.2 0:06.50
2943 0.0 0.2 0:06.50
2943 0.0 0.2 0:06.50
2943 0.0 0.2 0:06.50
2943 0.0 0.2 0:06.50
2943 0.0 0.2 0:06.50
2943 0.0 0.2 0:06.50
2943 0.0 0.2 0:06.50
2943 0.0 0.2 0:06.50
2943 0.0 0.2 0:06.50
2943 0.0 0.2 0:06.50
2943 0.0 0.2 0:06.50
2943 0.0 0.2 0:06.50
2943 0.0 0.2 0:06.50
2943 0.0 0.2 0:06.50
2943 0.0 0.2 0:06.50
2943 0.0 0.2 0:06.50
2943 0.0 0.2 0:06.50
2943 0.0 0.2 0:06.50
2943 0.0 0.2 0:06.50
2943 0.0 0.2 0:06.50
2943 0.0 0.2 0:06.50
2943 0.0 0.2 0:06.50
2943 0.0 0.2 0:06.50
2943 0.0 0.2 0:06.50
