2943 0.0 0.2 0:07.21
2943 0.0 0.2 0:07.22
2943 0.0 0.2 0:07.23
2943 5.0 0.2 0:07.24
2943 0.0 0.2 0:07.24
2943 0.0 0.2 0:07.24
2943 0.0 0.2 0:07.24
2943 0.0 0.2 0:07.25
2943 0.0 0.2 0:07.25
2943 0.0 0.2 0:07.25
2943 0.0 0.2 0:07.25
2943 0.0 0.2 0:07.25
2943 0.0 0.2 0:07.25
2943 0.0 0.2 0:07.25
29430 0.0 0.0 0:00.00
29438 0.0 0.0 0:00.00
2943 0.0 0.2 0:07.25
2943 0.0 0.2 0:07.25
2943 0.0 0.2 0:07.25
2943 0.0 0.2 0:07.25
2943 0.0 0.2 0:07.25
2943 0.0 0.2 0:07.25
2943 0.0 0.2 0:07.25
2943 0.0 0.2 0:07.25
2943 0.0 0.2 0:07.25
2943 0.0 0.2 0:07.25
2943 0.0 0.2 0:07.25
2943 0.0 0.2 0:07.25
2943 0.0 0.2 0:07.25
2943 0.0 0.2 0:07.25
2943 0.0 0.2 0:07.25
2943 0.0 0.2 0:07.25
2943 0.0 0.2 0:07.25
2943 0.0 0.2 0:07.25
2943 0.0 0.2 0:07.25
2943 0.0 0.2 0:07.25
2943 0.0 0.2 0:07.25
2943 0.0 0.2 0:07.25
2943 0.0 0.2 0:07.25
2943 0.0 0.2 0:07.25
2943 0.0 0.2 0:07.25
2943 0.0 0.2 0:07.25
2943 0.0 0.2 0:07.25
2943 0.0 0.2 0:07.25
2943 0.0 0.2 0:07.25
2943 0.0 0.2 0:07.25
2943 0.0 0.2 0:07.25
2943 0.0 0.2 0:07.25
2943 0.0 0.2 0:07.25
2943 0.0 0.2 0:07.25
2943 0.0 0.2 0:07.25
2943 0.0 0.2 0:07.25
2943 0.0 0.2 0:07.25
2943 0.0 0.2 0:07.25
2943 0.0 0.2 0:07.25
2943 0.0 0.2 0:07.25
2943 0.0 0.2 0:07.25
2943 0.0 0.2 0:07.25
2943 0.0 0.2 0:07.25
2943 0.0 0.2 0:07.25
2943 0.0 0.2 0:07.25
2943 0.0 0.2 0:07.25
2943 0.0 0.2 0:07.25
2943 0.0 0.2 0:07.25
2943 0.0 0.2 0:07.25
2943 0.0 0.2 0:07.25
2943 0.0 0.2 0:07.25
2943 0.0 0.2 0:07.25
2943 0.0 0.2 0:07.25
2943 0.0 0.2 0:07.25
2943 0.0 0.2 0:07.25
2943 0.0 0.2 0:07.25
2943 0.0 0.2 0:07.25
2943 0.0 0.2 0:07.25
2943 0.0 0.2 0:07.25
2943 0.0 0.2 0:07.25
