2799 5.6 0.1 0:10.06
2799 9.5 0.1 0:10.14
2799 10.0 0.1 0:10.24
2799 5.3 0.1 0:10.31
2799 0.0 0.1 0:10.39
2799 4.5 0.1 0:10.50
2799 5.0 0.1 0:10.60
2799 0.0 0.1 0:10.72
2799 5.3 0.1 0:10.82
2799 9.5 0.1 0:10.91
2799 5.3 0.1 0:10.96
2799 11.1 0.1 0:11.05
2799 10.0 0.1 0:11.13
2799 16.7 0.1 0:11.24
2799 13.6 0.1 0:11.34
2799 10.0 0.1 0:11.44
2799 10.0 0.1 0:11.54
2799 0.0 0.1 0:11.66
2799 9.1 0.1 0:11.79
2799 5.3 0.1 0:11.86
2799 4.5 0.1 0:11.96
2799 10.0 0.1 0:12.04
2799 10.0 0.1 0:12.16
2799 5.0 0.1 0:12.28
2799 4.5 0.1 0:12.35
2799 5.3 0.1 0:12.41
2799 0.0 0.1 0:12.50
2799 4.3 0.1 0:12.60
2799 16.7 0.1 0:12.69
2799 11.1 0.1 0:12.78
2799 5.6 0.1 0:12.88
2799 10.0 0.1 0:13.00
2799 11.1 0.1 0:13.09
2799 5.3 0.1 0:13.16
2799 5.6 0.1 0:13.22
2799 0.0 0.1 0:13.22
2799 0.0 0.1 0:13.22
2799 0.0 0.1 0:13.22
2799 0.0 0.1 0:13.22
2799 0.0 0.1 0:13.22
2799 0.0 0.1 0:13.22
2799 0.0 0.1 0:13.22
2799 0.0 0.1 0:13.22
2799 0.0 0.1 0:13.22
2799 0.0 0.1 0:13.22
2799 0.0 0.1 0:13.22
2799 0.0 0.1 0:13.22
2799 0.0 0.1 0:13.22
2799 0.0 0.1 0:13.22
2799 0.0 0.1 0:13.22
2799 0.0 0.1 0:13.22
2799 0.0 0.1 0:13.22
2799 0.0 0.1 0:13.22
2799 0.0 0.1 0:13.22
2799 0.0 0.1 0:13.22
2799 0.0 0.1 0:13.22
2799 0.0 0.1 0:13.22
2799 0.0 0.1 0:13.22
2799 0.0 0.1 0:13.22
2799 0.0 0.1 0:13.22
2799 0.0 0.1 0:13.22
2799 0.0 0.1 0:13.22
2799 0.0 0.1 0:13.22
2799 0.0 0.1 0:13.22
2799 0.0 0.1 0:13.22
2799 0.0 0.1 0:13.22
2799 0.0 0.1 0:13.22
2799 0.0 0.1 0:13.22
2799 0.0 0.1 0:13.22
2799 0.0 0.1 0:13.22
2799 0.0 0.1 0:13.22
2799 0.0 0.1 0:13.22
2799 0.0 0.1 0:13.22
2799 0.0 0.1 0:13.22
