2921 26.3 0.2 2:15.58
2921 27.8 0.2 2:15.81
2921 15.0 0.2 2:16.03
2921 38.9 0.2 2:16.31
2921 27.8 0.2 2:16.62
2921 35.0 0.2 2:16.90
2921 52.6 0.2 2:17.21
2921 21.1 0.2 2:17.44
2921 55.0 0.2 2:17.74
2921 44.4 0.2 2:18.15
2921 28.6 0.2 2:18.46
2921 27.8 0.2 2:18.70
2921 42.1 0.2 2:18.99
2921 15.0 0.2 2:19.48
2921 40.0 0.2 2:19.79
2921 22.2 0.2 2:20.03
2921 21.1 0.2 2:20.26
2921 42.1 0.2 2:20.56
2921 31.6 0.2 2:20.84
2921 16.7 0.2 2:21.09
2921 26.3 0.2 2:21.33
2921 20.7 0.2 2:21.64
2921 39.4 0.2 2:22.09
2921 31.6 0.2 2:22.40
2921 38.9 0.2 2:22.72
2921 45.0 0.2 2:23.01
2921 21.1 0.2 2:23.24
2921 57.9 0.2 2:23.56
2921 31.6 0.2 2:23.85
2921 33.3 0.2 2:24.14
2921 36.8 0.2 2:24.44
2921 45.0 0.2 2:24.74
2921 31.6 0.2 2:25.07
2921 26.3 0.2 2:25.35
2921 26.3 0.2 2:25.60
2921 36.8 0.2 2:25.88
2921 50.0 0.2 2:26.20
2921 45.0 0.2 2:26.62
2921 15.8 0.2 2:26.84
2921 28.6 0.2 2:27.12
2921 25.0 0.2 2:27.36
2921 31.6 0.2 2:27.63
2921 33.3 0.2 2:27.94
2921 20.0 0.2 2:28.20
2921 22.2 0.2 2:28.46
2921 31.6 0.2 2:28.80
2921 35.0 0.2 2:29.06
2921 50.0 0.2 2:29.36
2921 47.4 0.2 2:29.68
2921 50.0 0.2 2:29.98
2921 40.0 0.2 2:30.25
2921 42.1 0.2 2:30.52
2921 22.2 0.2 2:30.76
2921 20.0 0.2 2:30.99
2921 44.4 0.2 2:31.27
2921 57.9 0.2 2:31.59
2921 42.1 0.2 2:31.88
2921 22.2 0.2 2:32.10
2921 26.3 0.2 2:32.46
2921 36.8 0.2 2:32.73
2921 52.6 0.2 2:33.03
2921 21.1 0.2 2:33.29
2921 30.0 0.2 2:33.57
2921 31.6 0.2 2:33.85
2921 22.2 0.2 2:34.15
2921 42.1 0.2 2:34.49
2921 27.8 0.2 2:34.80
2921 36.8 0.2 2:35.07
2921 47.4 0.2 2:35.34
2921 30.0 0.2 2:35.65
2921 36.8 0.2 2:35.94
2921 26.3 0.2 2:36.21
2921 28.6 0.2 2:36.49
2921 22.7 0.2 2:36.80
2921 20.8 0.2 2:37.11
2921 31.6 0.2 2:37.43
2921 38.9 0.2 2:37.69
2921 15.8 0.2 2:37.92
2921 35.0 0.2 2:38.19
2921 21.1 0.2 2:38.44
2921 36.8 0.2 2:38.72
2921 36.8 0.2 2:39.00
2921 42.1 0.2 2:39.30
2921 0.0 0.2 2:39.40
