2921 5.0 0.3 3:03.16
2921 15.0 0.3 3:03.35
2921 21.1 0.3 3:03.57
2921 22.2 0.3 3:03.80
2921 15.0 0.3 3:04.12
2921 21.1 0.3 3:04.36
2921 31.6 0.3 3:04.60
2921 26.3 0.3 3:04.84
2921 30.0 0.3 3:05.07
2921 25.0 0.3 3:05.30
2921 15.0 0.3 3:05.56
2921 33.3 0.3 3:05.89
2921 20.0 0.2 3:06.14
2921 36.8 0.2 3:06.43
2921 47.4 0.2 3:06.88
2921 31.6 0.2 3:07.14
2921 25.0 0.2 3:07.40
2921 33.3 0.2 3:07.65
2921 42.1 0.2 3:07.92
2921 15.8 0.2 3:08.21
2921 31.6 0.2 3:08.68
2921 16.7 0.2 3:08.89
2921 31.6 0.2 3:09.20
2921 21.1 0.2 3:09.49
2921 30.0 0.2 3:09.78
2921 30.0 0.2 3:10.06
2921 31.6 0.2 3:10.31
2921 22.2 0.2 3:10.56
2921 15.8 0.2 3:10.80
2921 36.8 0.2 3:11.07
2921 36.8 0.2 3:11.36
2921 26.3 0.2 3:11.62
2921 27.8 0.2 3:12.04
2921 30.0 0.2 3:12.41
2921 15.8 0.2 3:12.76
2921 22.2 0.2 3:13.17
2921 33.3 0.2 3:13.47
2921 30.0 0.2 3:13.75
2921 61.1 0.2 3:14.11
2921 15.8 0.2 3:14.35
2921 21.1 0.2 3:14.59
2921 44.4 0.2 3:14.89
2921 19.0 0.2 3:15.12
2921 21.1 0.2 3:15.37
2921 21.1 0.2 3:15.60
2921 33.3 0.2 3:15.88
2921 26.3 0.2 3:16.13
2921 27.8 0.2 3:16.38
2921 50.0 0.2 3:16.74
2921 42.1 0.2 3:17.05
2921 21.1 0.2 3:17.30
2921 27.8 0.2 3:17.54
2921 36.8 0.2 3:17.80
2921 25.0 0.2 3:18.07
2921 15.8 0.2 3:18.35
2921 50.0 0.2 3:18.69
2921 50.0 0.2 3:19.02
2921 19.0 0.2 3:19.27
2921 38.9 0.2 3:19.55
2921 26.3 0.2 3:19.97
2921 21.1 0.2 3:20.31
2921 20.0 0.2 3:20.59
2921 36.8 0.2 3:20.88
2921 52.6 0.2 3:21.21
2921 21.1 0.2 3:21.48
2921 36.8 0.2 3:21.87
2921 20.0 0.2 3:22.13
2921 31.6 0.2 3:22.40
2921 16.7 0.2 3:22.64
2921 55.6 0.2 3:22.95
2921 36.8 0.2 3:23.34
2921 33.3 0.2 3:23.61
2921 26.3 0.2 3:23.85
2921 33.3 0.2 3:24.16
2921 28.6 0.2 3:24.46
2921 27.3 0.2 3:24.75
2921 39.1 0.2 3:25.06
2921 36.8 0.2 3:25.40
2921 52.6 0.2 3:25.69
2921 52.6 0.2 3:25.99
2921 31.6 0.2 3:26.23
2921 26.3 0.2 3:26.51
2921 36.8 0.2 3:26.77
2921 0.0 0.2 3:26.91
