2922 5.0 0.2 0:25.65
2922 0.0 0.2 0:25.69
2922 5.0 0.2 0:25.73
2922 0.0 0.2 0:25.76
2922 0.0 0.2 0:25.78
2922 0.0 0.2 0:25.79
2922 10.0 0.2 0:25.84
2922 15.8 0.2 0:25.88
2922 5.3 0.2 0:25.94
2922 0.0 0.2 0:25.96
2922 5.0 0.2 0:26.04
2922 5.3 0.2 0:26.07
2922 4.5 0.2 0:26.09
2922 0.0 0.2 0:26.10
2922 0.0 0.2 0:26.12
2922 0.0 0.2 0:26.13
2922 5.3 0.2 0:26.16
2922 4.8 0.2 0:26.18
2922 5.6 0.2 0:26.20
2922 5.3 0.2 0:26.22
2922 5.0 0.2 0:26.27
2922 0.0 0.2 0:26.28
2922 4.5 0.2 0:26.34
2922 4.0 0.2 0:26.39
2922 0.0 0.2 0:26.40
2922 4.5 0.2 0:26.43
2922 11.1 0.2 0:26.50
2922 21.1 0.2 0:26.60
2922 5.6 0.2 0:26.63
2922 0.0 0.2 0:26.64
2922 0.0 0.2 0:26.66
2922 0.0 0.2 0:26.70
2922 0.0 0.2 0:26.74
2922 5.0 0.2 0:26.78
2922 5.3 0.2 0:26.81
2922 0.0 0.2 0:26.83
2922 4.8 0.2 0:26.88
2922 0.0 0.2 0:26.90
2922 5.3 0.2 0:26.93
2922 0.0 0.2 0:26.95
2922 0.0 0.2 0:26.96
2922 0.0 0.2 0:27.04
2922 0.0 0.2 0:27.08
2922 0.0 0.2 0:27.10
2922 0.0 0.2 0:27.13
2922 0.0 0.2 0:27.15
2922 5.6 0.2 0:27.18
2922 0.0 0.2 0:27.19
2922 0.0 0.2 0:27.21
2922 5.6 0.2 0:27.24
2922 5.6 0.2 0:27.26
2922 14.3 0.2 0:27.32
2922 5.0 0.2 0:27.35
2922 5.6 0.2 0:27.38
2922 4.8 0.2 0:27.42
2922 10.5 0.2 0:27.48
2922 5.6 0.2 0:27.53
2922 0.0 0.2 0:27.57
2922 0.0 0.2 0:27.58
2922 5.3 0.2 0:27.64
2922 0.0 0.2 0:27.68
2922 0.0 0.2 0:27.71
2922 9.1 0.2 0:27.76
2922 10.5 0.2 0:27.80
2922 5.3 0.2 0:27.85
2922 0.0 0.2 0:27.89
2922 0.0 0.2 0:27.91
2922 0.0 0.2 0:27.93
2922 5.0 0.2 0:27.98
2922 5.3 0.2 0:28.00
2922 4.8 0.2 0:28.04
2922 0.0 0.2 0:28.06
2922 0.0 0.2 0:28.12
2922 4.5 0.2 0:28.16
2922 0.0 0.2 0:28.19
2922 5.3 0.2 0:28.21
2922 0.0 0.2 0:28.22
2922 5.0 0.2 0:28.31
2922 0.0 0.2 0:28.35
2922 5.0 0.2 0:28.39
2922 0.0 0.2 0:28.41
2922 0.0 0.2 0:28.44
2922 5.3 0.2 0:28.47
2922 0.0 0.2 0:28.49
