2922 5.6 0.2 0:22.62
2922 5.3 0.2 0:22.72
2922 5.3 0.2 0:22.73
2922 5.0 0.2 0:22.78
2922 9.5 0.2 0:22.84
2922 11.1 0.2 0:22.94
2922 0.0 0.2 0:22.96
2922 0.0 0.2 0:22.99
2922 0.0 0.2 0:23.00
2922 9.5 0.2 0:23.03
2922 5.3 0.2 0:23.07
2922 0.0 0.2 0:23.10
2922 0.0 0.2 0:23.12
2922 0.0 0.2 0:23.13
2922 5.0 0.2 0:23.16
2922 0.0 0.2 0:23.23
2922 0.0 0.2 0:23.28
2922 0.0 0.2 0:23.30
2922 0.0 0.2 0:23.35
2922 0.0 0.2 0:23.38
2922 5.3 0.2 0:23.41
2922 11.1 0.2 0:23.45
2922 0.0 0.2 0:23.47
2922 3.7 0.2 0:23.51
2922 10.0 0.2 0:23.56
2922 5.6 0.2 0:23.61
2922 0.0 0.2 0:23.65
2922 0.0 0.2 0:23.68
2922 5.6 0.2 0:23.69
2922 0.0 0.2 0:23.70
2922 5.0 0.2 0:23.74
2922 0.0 0.2 0:23.78
2922 0.0 0.2 0:23.80
2922 5.6 0.2 0:23.82
2922 5.0 0.2 0:23.88
2922 5.0 0.2 0:23.93
2922 0.0 0.2 0:23.94
2922 0.0 0.2 0:23.95
2922 0.0 0.2 0:23.96
2922 5.3 0.2 0:23.99
2922 0.0 0.2 0:24.01
2922 5.3 0.2 0:24.06
2922 0.0 0.2 0:24.11
2922 0.0 0.2 0:24.14
2922 5.3 0.2 0:24.16
2922 0.0 0.2 0:24.18
2922 0.0 0.2 0:24.20
2922 0.0 0.2 0:24.23
2922 0.0 0.2 0:24.26
2922 0.0 0.2 0:24.27
2922 0.0 0.2 0:24.28
2922 5.3 0.2 0:24.33
2922 0.0 0.2 0:24.37
2922 4.5 0.2 0:24.40
2922 0.0 0.2 0:24.41
2922 5.3 0.2 0:24.47
2922 5.0 0.2 0:24.50
2922 5.6 0.2 0:24.52
2922 0.0 0.2 0:24.54
2922 0.0 0.2 0:24.56
2922 5.6 0.2 0:24.60
2922 5.3 0.2 0:24.64
2922 0.0 0.2 0:24.68
2922 5.0 0.2 0:24.71
2922 15.8 0.2 0:24.75
2922 0.0 0.2 0:24.81
2922 0.0 0.2 0:24.87
2922 0.0 0.2 0:24.90
2922 5.0 0.2 0:24.95
2922 5.3 0.2 0:24.97
2922 5.6 0.2 0:24.98
2922 5.6 0.2 0:25.01
2922 0.0 0.2 0:25.08
2922 3.3 0.2 0:25.15
2922 3.8 0.2 0:25.19
2922 11.1 0.2 0:25.26
2922 5.0 0.2 0:25.31
2922 4.3 0.2 0:25.35
2922 5.6 0.2 0:25.38
2922 5.3 0.2 0:25.47
2922 0.0 0.2 0:25.49
2922 0.0 0.2 0:25.55
2922 10.0 0.2 0:25.58
2922 0.0 0.2 0:25.59
