2923 5.0 0.1 0:00.91
2923 0.0 0.1 0:00.92
2923 0.0 0.1 0:00.92
2923 0.0 0.1 0:00.92
2923 0.0 0.1 0:00.92
2923 0.0 0.1 0:00.93
2923 0.0 0.1 0:00.93
2923 0.0 0.1 0:00.93
2923 0.0 0.1 0:00.93
2923 0.0 0.1 0:00.93
2923 0.0 0.1 0:00.93
2923 0.0 0.1 0:00.93
2923 0.0 0.1 0:00.93
2923 0.0 0.1 0:00.93
2923 0.0 0.1 0:00.93
2923 0.0 0.1 0:00.93
2923 0.0 0.1 0:00.93
2923 0.0 0.1 0:00.93
2923 0.0 0.1 0:00.93
2923 0.0 0.1 0:00.93
2923 0.0 0.1 0:00.93
2923 0.0 0.1 0:00.93
2923 0.0 0.1 0:00.93
2923 0.0 0.1 0:00.93
2923 0.0 0.1 0:00.93
2923 0.0 0.1 0:00.94
2923 5.3 0.1 0:00.96
2923 0.0 0.1 0:00.96
2923 0.0 0.1 0:00.96
2923 0.0 0.1 0:00.96
2923 0.0 0.1 0:00.96
2923 0.0 0.1 0:00.96
2923 0.0 0.1 0:00.96
2923 0.0 0.1 0:00.96
2923 0.0 0.1 0:00.97
2923 0.0 0.1 0:00.97
2923 0.0 0.1 0:00.97
2923 0.0 0.1 0:00.97
2923 0.0 0.1 0:00.97
2923 0.0 0.1 0:00.97
2923 0.0 0.1 0:00.97
2923 0.0 0.1 0:00.97
2923 0.0 0.1 0:00.97
2923 0.0 0.1 0:00.97
2923 0.0 0.1 0:00.97
2923 0.0 0.1 0:00.97
2923 0.0 0.1 0:00.97
2923 0.0 0.1 0:00.97
2923 0.0 0.1 0:00.97
2923 0.0 0.1 0:00.97
2923 0.0 0.1 0:00.97
2923 0.0 0.1 0:00.97
2923 0.0 0.1 0:00.97
2923 0.0 0.1 0:00.97
2923 0.0 0.1 0:00.97
2923 0.0 0.1 0:00.97
2923 0.0 0.1 0:00.97
2923 0.0 0.1 0:00.97
2923 0.0 0.1 0:00.98
2923 0.0 0.1 0:00.98
2923 0.0 0.1 0:00.98
2923 0.0 0.1 0:00.98
2923 0.0 0.1 0:00.98
2923 0.0 0.1 0:00.98
2923 0.0 0.1 0:00.98
2923 0.0 0.1 0:00.98
2923 0.0 0.1 0:00.98
2923 0.0 0.1 0:00.99
2923 0.0 0.1 0:00.99
2923 0.0 0.1 0:00.99
2923 0.0 0.1 0:00.99
2923 0.0 0.1 0:00.99
2923 0.0 0.1 0:00.99
2923 0.0 0.1 0:00.99
2923 0.0 0.1 0:00.99
2923 0.0 0.1 0:00.99
2923 0.0 0.1 0:00.99
2923 0.0 0.1 0:00.99
2923 0.0 0.1 0:00.99
2923 0.0 0.1 0:00.99
2923 0.0 0.1 0:00.99
2923 0.0 0.1 0:00.99
2923 0.0 0.1 0:00.99
2923 0.0 0.1 0:00.99
