2923 5.3 0.2 0:01.34
2923 0.0 0.2 0:01.36
2923 0.0 0.2 0:01.37
2923 0.0 0.2 0:01.37
2923 0.0 0.2 0:01.37
2923 0.0 0.2 0:01.37
2923 0.0 0.2 0:01.37
2923 0.0 0.2 0:01.37
2923 0.0 0.2 0:01.37
2923 0.0 0.2 0:01.37
2923 0.0 0.2 0:01.37
2923 0.0 0.2 0:01.37
2923 0.0 0.2 0:01.37
2923 0.0 0.2 0:01.37
2923 0.0 0.2 0:01.37
2923 0.0 0.2 0:01.37
2923 0.0 0.2 0:01.37
2923 0.0 0.2 0:01.37
2923 0.0 0.2 0:01.37
2923 0.0 0.2 0:01.37
2923 0.0 0.2 0:01.37
2923 0.0 0.2 0:01.37
2923 0.0 0.2 0:01.37
2923 0.0 0.2 0:01.37
2923 0.0 0.2 0:01.37
2923 0.0 0.2 0:01.37
2923 0.0 0.2 0:01.37
2923 0.0 0.2 0:01.38
2923 0.0 0.2 0:01.38
2923 0.0 0.2 0:01.38
2923 0.0 0.2 0:01.38
2923 0.0 0.2 0:01.38
2923 0.0 0.2 0:01.38
2923 0.0 0.2 0:01.38
2923 0.0 0.2 0:01.38
2923 0.0 0.2 0:01.38
2923 0.0 0.2 0:01.38
2923 0.0 0.2 0:01.38
2923 0.0 0.2 0:01.38
2923 0.0 0.2 0:01.38
2923 0.0 0.2 0:01.38
2923 0.0 0.2 0:01.38
2923 0.0 0.2 0:01.38
2923 0.0 0.2 0:01.38
2923 0.0 0.2 0:01.38
2923 0.0 0.2 0:01.38
2923 0.0 0.2 0:01.38
2923 0.0 0.2 0:01.38
2923 0.0 0.2 0:01.38
2923 0.0 0.2 0:01.38
2923 0.0 0.2 0:01.38
12923 0.0 0.0 0:00.00
2923 0.0 0.2 0:01.38
2923 0.0 0.2 0:01.38
2923 0.0 0.2 0:01.38
2923 0.0 0.2 0:01.38
2923 0.0 0.2 0:01.38
2923 0.0 0.2 0:01.38
2923 0.0 0.2 0:01.38
2923 0.0 0.2 0:01.38
2923 0.0 0.2 0:01.38
2923 0.0 0.2 0:01.38
2923 0.0 0.2 0:01.38
2923 0.0 0.2 0:01.38
2923 0.0 0.2 0:01.38
2923 0.0 0.2 0:01.38
2923 0.0 0.2 0:01.39
2923 0.0 0.2 0:01.39
2923 0.0 0.2 0:01.39
2923 0.0 0.2 0:01.39
2923 0.0 0.2 0:01.39
2923 0.0 0.2 0:01.39
2923 0.0 0.2 0:01.39
2923 0.0 0.2 0:01.39
2923 0.0 0.2 0:01.39
2923 0.0 0.2 0:01.39
