738 10.0 0.4 1:31.91
738 10.0 0.4 1:31.95
738 0.0 0.4 1:31.97
738 0.0 0.4 1:31.97
738 0.0 0.4 1:31.97
738 0.0 0.4 1:31.97
738 0.0 0.4 1:31.97
738 16.7 0.4 1:32.04
738 11.1 0.4 1:32.10
738 10.0 0.4 1:32.21
738 5.6 0.4 1:32.29
738 5.6 0.4 1:32.37
738 10.5 0.4 1:32.47
738 14.3 0.4 1:32.58
738 5.0 0.4 1:32.66
738 0.0 0.4 1:32.66
738 0.0 0.4 1:32.67
738 0.0 0.4 1:32.67
738 0.0 0.4 1:32.67
738 0.0 0.4 1:32.67
738 0.0 0.4 1:32.67
738 0.0 0.4 1:32.67
738 0.0 0.4 1:32.67
738 0.0 0.4 1:32.67
738 0.0 0.4 1:32.67
738 0.0 0.4 1:32.67
738 0.0 0.4 1:32.67
738 0.0 0.4 1:32.67
738 0.0 0.4 1:32.67
738 0.0 0.4 1:32.67
738 0.0 0.4 1:32.67
738 0.0 0.4 1:32.67
738 0.0 0.4 1:32.67
738 0.0 0.4 1:32.67
738 0.0 0.4 1:32.67
738 0.0 0.4 1:32.67
738 0.0 0.4 1:32.67
738 0.0 0.4 1:32.67
738 0.0 0.4 1:32.67
738 0.0 0.4 1:32.67
738 0.0 0.4 1:32.67
738 0.0 0.4 1:32.67
738 0.0 0.4 1:32.67
738 0.0 0.4 1:32.67
