741 11.1 0.3 1:47.08
741 11.1 0.3 1:47.14
741 5.6 0.3 1:47.16
741 0.0 0.3 1:47.16
741 0.0 0.3 1:47.16
741 0.0 0.3 1:47.16
741 0.0 0.3 1:47.16
741 15.0 0.3 1:47.22
741 9.5 0.3 1:47.32
741 9.1 0.3 1:47.42
741 22.2 0.3 1:47.53
741 9.5 0.3 1:47.63
741 15.8 0.3 1:47.75
741 10.0 0.3 1:47.87
741 10.0 0.3 1:47.98
741 0.0 0.3 1:48.00
741 0.0 0.3 1:48.00
741 0.0 0.3 1:48.00
741 0.0 0.3 1:48.00
741 0.0 0.3 1:48.00
741 0.0 0.3 1:48.00
741 0.0 0.3 1:48.00
741 0.0 0.3 1:48.00
741 0.0 0.3 1:48.00
741 0.0 0.3 1:48.00
741 0.0 0.3 1:48.00
741 0.0 0.3 1:48.00
741 0.0 0.3 1:48.00
741 0.0 0.3 1:48.00
741 0.0 0.3 1:48.00
741 0.0 0.3 1:48.00
741 0.0 0.3 1:48.00
741 0.0 0.3 1:48.00
741 0.0 0.3 1:48.00
741 0.0 0.3 1:48.00
741 0.0 0.3 1:48.00
741 0.0 0.3 1:48.00
741 0.0 0.3 1:48.00
741 0.0 0.3 1:48.00
741 0.0 0.3 1:48.00
741 0.0 0.3 1:48.00
741 0.0 0.3 1:48.00
741 0.0 0.3 1:48.00
741 0.0 0.3 1:48.00
