2843 5.3 0.3 17:03.40
2843 4.5 0.3 17:03.46
2843 27.8 0.3 17:03.65
2843 10.5 0.3 17:03.81
2843 5.0 0.3 17:03.98
2843 23.8 0.3 17:04.19
2843 9.5 0.4 17:04.38
2843 15.8 0.4 17:04.57
2843 18.2 0.4 17:04.78
2843 13.6 0.4 17:04.97
2843 9.1 0.3 17:05.15
2843 15.0 0.3 17:05.35
2843 15.0 0.2 17:05.60
2843 15.8 0.2 17:05.75
2843 10.0 0.2 17:05.91
2843 15.8 0.2 17:06.07
2843 15.0 0.2 17:06.27
2843 15.0 0.2 17:06.45
2843 10.0 0.2 17:06.62
2843 20.0 0.2 17:06.78
2843 10.5 0.2 17:06.94
2843 15.8 0.2 17:07.10
2843 10.0 0.2 17:07.26
2843 11.1 0.2 17:07.42
2843 10.0 0.2 17:07.59
2843 15.0 0.2 17:07.77
2843 13.0 0.2 17:07.97
2843 10.0 0.2 17:08.14
2843 8.7 0.2 17:08.33
2843 15.8 0.2 17:08.50
2843 15.0 0.2 17:08.67
2843 15.0 0.2 17:08.82
2843 10.5 0.2 17:08.97
2843 15.8 0.2 17:09.15
2843 15.8 0.2 17:09.30
2843 15.8 0.2 17:09.47
2843 15.8 0.2 17:09.62
2843 10.5 0.2 17:09.77
2843 10.5 0.2 17:09.94
2843 15.0 0.2 17:10.10
2843 21.1 0.2 17:10.26
2843 10.5 0.2 17:10.41
2843 15.8 0.2 17:10.56
2843 10.5 0.2 17:10.71
2843 15.8 0.2 17:10.87
2843 11.1 0.2 17:11.05
2843 10.5 0.2 17:11.20
2843 16.7 0.2 17:11.36
2843 15.8 0.2 17:11.52
2843 15.8 0.2 17:11.67
2843 15.0 0.2 17:11.83
2843 10.5 0.2 17:11.98
2843 16.7 0.2 17:12.14
2843 11.1 0.2 17:12.29
2843 10.0 0.2 17:12.45
2843 15.8 0.2 17:12.61
2843 15.8 0.2 17:12.79
2843 15.8 0.2 17:12.95
2843 16.7 0.2 17:13.11
2843 16.7 0.3 17:13.27
2843 15.0 0.3 17:13.42
2843 15.0 0.3 17:13.58
2843 15.8 0.3 17:13.73
2843 16.7 0.3 17:13.88
2843 10.0 0.3 17:14.03
2843 15.0 0.3 17:14.19
2843 11.1 0.3 17:14.34
2843 16.7 0.3 17:14.50
2843 10.5 0.3 17:14.65
2843 15.8 0.3 17:14.80
2843 11.1 0.3 17:14.96
2843 14.3 0.3 17:15.12
2843 25.0 0.3 17:15.30
2843 15.8 0.3 17:15.46
2843 11.1 0.3 17:15.62
2843 0.0 0.3 17:15.67
