2844 0.0 0.3 2:03.61
2844 0.0 0.3 2:03.62
2844 5.0 0.3 2:03.65
2844 0.0 0.3 2:03.65
2844 5.0 0.3 2:03.71
2844 0.0 0.3 2:03.74
2844 0.0 0.3 2:03.75
2844 5.3 0.3 2:03.79
2844 0.0 0.3 2:03.79
2844 0.0 0.3 2:03.82
2844 9.5 0.3 2:03.85
2844 0.0 0.3 2:03.86
2844 0.0 0.3 2:03.87
2844 0.0 0.3 2:03.87
2844 0.0 0.3 2:03.88
2844 0.0 0.3 2:03.88
2844 0.0 0.3 2:03.89
2844 0.0 0.3 2:03.90
2844 0.0 0.3 2:03.90
2844 0.0 0.3 2:03.91
2844 0.0 0.3 2:03.91
2844 0.0 0.3 2:03.91
2844 0.0 0.3 2:03.92
2844 0.0 0.3 2:03.92
2844 5.6 0.3 2:03.93
2844 0.0 0.3 2:03.93
2844 0.0 0.3 2:03.94
2844 0.0 0.3 2:03.94
2844 0.0 0.3 2:03.94
2844 0.0 0.3 2:03.95
2844 0.0 0.3 2:03.95
2844 5.3 0.3 2:03.96
2844 15.0 0.3 2:03.99
2844 4.3 0.3 2:04.00
2844 0.0 0.3 2:04.00
2844 0.0 0.3 2:04.01
2844 0.0 0.3 2:04.02
2844 0.0 0.3 2:04.03
2844 0.0 0.3 2:04.03
2844 0.0 0.3 2:04.03
2844 5.6 0.3 2:04.04
2844 0.0 0.3 2:04.04
2844 0.0 0.3 2:04.04
2844 0.0 0.3 2:04.05
2844 0.0 0.3 2:04.05
2844 0.0 0.3 2:04.07
2844 0.0 0.3 2:04.07
2844 0.0 0.3 2:04.07
2844 0.0 0.3 2:04.08
2844 10.5 0.3 2:04.10
2844 0.0 0.3 2:04.10
2844 0.0 0.3 2:04.11
2844 0.0 0.3 2:04.11
2844 0.0 0.3 2:04.12
2844 0.0 0.3 2:04.12
2844 0.0 0.3 2:04.12
2844 0.0 0.3 2:04.12
2844 0.0 0.3 2:04.13
2844 0.0 0.3 2:04.13
2844 0.0 0.3 2:04.15
2844 0.0 0.3 2:04.15
2844 0.0 0.3 2:04.15
2844 0.0 0.3 2:04.15
2844 0.0 0.3 2:04.16
2844 0.0 0.3 2:04.17
2844 0.0 0.3 2:04.17
2844 0.0 0.3 2:04.17
2844 0.0 0.3 2:04.19
2844 0.0 0.3 2:04.19
2844 0.0 0.3 2:04.20
2844 0.0 0.3 2:04.20
2844 0.0 0.3 2:04.21
2844 0.0 0.3 2:04.21
2844 5.3 0.3 2:04.22
2844 0.0 0.3 2:04.24
2844 0.0 0.3 2:04.24
2844 0.0 0.3 2:04.24
2844 0.0 0.3 2:04.25
2844 0.0 0.3 2:04.25
2844 0.0 0.3 2:04.25
2844 0.0 0.3 2:04.26
2844 11.1 0.3 2:04.29
2844 0.0 0.3 2:04.30
2844 0.0 0.3 2:04.30
2844 4.8 0.3 2:04.32
2844 4.5 0.3 2:04.33
2844 0.0 0.3 2:04.37
2844 5.0 0.3 2:04.38
2844 0.0 0.3 2:04.39
2844 5.0 0.3 2:04.41
2844 0.0 0.3 2:04.44
2844 0.0 0.3 2:04.45
2844 0.0 0.3 2:04.47
2844 0.0 0.3 2:04.49
2844 10.5 0.3 2:04.52
2844 5.3 0.3 2:04.53
2844 4.8 0.3 2:04.56
2844 5.0 0.3 2:04.57
2844 0.0 0.3 2:04.58
2844 0.0 0.3 2:04.60
2844 5.3 0.3 2:04.62
2844 0.0 0.3 2:04.67
2844 5.3 0.3 2:04.68
2844 0.0 0.3 2:04.68
2844 0.0 0.3 2:04.69
2844 0.0 0.3 2:04.70
2844 0.0 0.3 2:04.71
2844 5.3 0.3 2:04.74
2844 9.5 0.3 2:04.77
2844 5.3 0.3 2:04.79
2844 0.0 0.3 2:04.79
2844 5.0 0.3 2:04.81
2844 5.3 0.3 2:04.85
2844 0.0 0.3 2:04.86
2844 5.0 0.3 2:04.87
2844 5.6 0.3 2:04.88
2844 0.0 0.3 2:04.88
2844 5.3 0.3 2:04.90
2844 0.0 0.3 2:04.91
2844 0.0 0.3 2:04.93
2844 5.0 0.3 2:04.94
2844 10.5 0.3 2:04.99
2844 5.0 0.3 2:05.00
2844 4.8 0.3 2:05.02
2844 0.0 0.3 2:05.05
2844 0.0 0.3 2:05.07
2844 5.3 0.3 2:05.13
2844 0.0 0.3 2:05.14
2844 5.0 0.3 2:05.17
2844 5.3 0.3 2:05.19
2844 0.0 0.3 2:05.23
2844 0.0 0.3 2:05.24
2844 0.0 0.3 2:05.29
2844 5.3 0.3 2:05.30
2844 5.6 0.3 2:05.31
2844 5.3 0.3 2:05.35
2844 5.0 0.3 2:05.42
2844 3.7 0.3 2:05.43
2844 0.0 0.3 2:05.43
2844 5.0 0.3 2:05.45
2844 0.0 0.3 2:05.51
2844 0.0 0.3 2:05.52
2844 0.0 0.3 2:05.52
2844 0.0 0.3 2:05.53
2844 5.6 0.3 2:05.55
2844 0.0 0.3 2:05.56
2844 0.0 0.3 2:05.58
2844 0.0 0.3 2:05.59
2844 0.0 0.3 2:05.61
2844 5.3 0.3 2:05.62
2844 5.6 0.3 2:05.63
2844 5.6 0.3 2:05.66
2844 0.0 0.3 2:05.66
2844 0.0 0.3 2:05.67
2844 0.0 0.3 2:05.68
2844 0.0 0.3 2:05.69
2844 5.0 0.3 2:05.71
2844 0.0 0.3 2:05.75
2844 0.0 0.3 2:05.76
2844 0.0 0.3 2:05.76
2844 0.0 0.3 2:05.77
2844 0.0 0.3 2:05.78
2844 0.0 0.3 2:05.79
28440 21.1 0.1 0:00.04
2844 5.3 0.3 2:05.83
2844 5.3 0.3 2:05.85
2844 0.0 0.3 2:05.87
2844 0.0 0.3 2:05.95
2844 0.0 0.3 2:05.96
2844 10.0 0.3 2:06.02
2844 5.0 0.3 2:06.04
2844 0.0 0.3 2:06.06
2844 0.0 0.3 2:06.06
2844 0.0 0.3 2:06.07
2844 5.3 0.3 2:06.09
2844 0.0 0.3 2:06.10
2844 0.0 0.3 2:06.13
2844 5.0 0.3 2:06.15
2844 0.0 0.3 2:06.17
2844 5.3 0.3 2:06.18
2844 0.0 0.3 2:06.19
2844 0.0 0.3 2:06.21
2844 5.3 0.3 2:06.22
2844 5.9 0.3 2:06.23
2844 0.0 0.3 2:06.25
2844 0.0 0.3 2:06.28
2844 0.0 0.3 2:06.29
2844 0.0 0.3 2:06.31
2844 0.0 0.3 2:06.32
2844 5.6 0.3 2:06.36
2844 5.3 0.3 2:06.37
2844 0.0 0.3 2:06.38
2844 0.0 0.3 2:06.38
2844 0.0 0.3 2:06.38
