2844 0.0 0.2 2:24.56
12844 0.0 0.0 0:00.00
2844 0.0 0.2 2:24.58
2844 5.3 0.2 2:24.61
2844 0.0 0.2 2:24.62
2844 5.6 0.2 2:24.65
2844 0.0 0.2 2:24.67
2844 0.0 0.2 2:24.68
2844 0.0 0.2 2:24.68
2844 0.0 0.2 2:24.69
2844 0.0 0.2 2:24.70
2844 4.8 0.2 2:24.71
2844 0.0 0.2 2:24.71
2844 0.0 0.2 2:24.71
2844 0.0 0.2 2:24.72
2844 0.0 0.2 2:24.75
2844 0.0 0.2 2:24.76
2844 0.0 0.2 2:24.76
2844 0.0 0.2 2:24.77
2844 0.0 0.2 2:24.79
2844 5.6 0.2 2:24.80
2844 0.0 0.2 2:24.80
2844 0.0 0.2 2:24.81
2844 0.0 0.2 2:24.82
2844 0.0 0.2 2:24.82
2844 0.0 0.2 2:24.82
2844 5.6 0.2 2:24.84
2844 5.0 0.2 2:24.85
2844 0.0 0.2 2:24.85
2844 0.0 0.2 2:24.85
2844 5.3 0.2 2:24.86
2844 0.0 0.2 2:24.87
2844 0.0 0.2 2:24.88
2844 0.0 0.2 2:24.88
2844 0.0 0.2 2:24.89
2844 0.0 0.2 2:24.91
2844 0.0 0.2 2:24.91
2844 0.0 0.2 2:24.92
2844 0.0 0.2 2:24.92
2844 10.5 0.2 2:24.96
2844 0.0 0.2 2:24.97
2844 0.0 0.2 2:24.98
2844 4.2 0.2 2:24.99
2844 0.0 0.2 2:24.99
2844 0.0 0.2 2:25.00
2844 0.0 0.2 2:25.01
2844 0.0 0.2 2:25.02
2844 0.0 0.2 2:25.03
2844 0.0 0.2 2:25.04
2844 0.0 0.2 2:25.05
2844 0.0 0.2 2:25.06
2844 0.0 0.2 2:25.06
2844 0.0 0.2 2:25.07
2844 0.0 0.2 2:25.07
2844 0.0 0.2 2:25.08
2844 0.0 0.2 2:25.08
2844 5.3 0.2 2:25.09
2844 0.0 0.2 2:25.09
2844 0.0 0.2 2:25.09
2844 0.0 0.2 2:25.10
2844 0.0 0.2 2:25.11
2844 0.0 0.2 2:25.14
2844 0.0 0.2 2:25.14
2844 0.0 0.2 2:25.14
2844 0.0 0.2 2:25.15
2844 0.0 0.2 2:25.15
2844 0.0 0.2 2:25.16
2844 0.0 0.2 2:25.16
2844 0.0 0.2 2:25.16
2844 0.0 0.2 2:25.17
2844 0.0 0.2 2:25.17
2844 0.0 0.2 2:25.18
2844 5.6 0.2 2:25.21
2844 0.0 0.2 2:25.22
2844 0.0 0.2 2:25.24
2844 0.0 0.2 2:25.25
2844 0.0 0.2 2:25.26
2844 0.0 0.2 2:25.28
2844 0.0 0.2 2:25.30
2844 0.0 0.2 2:25.32
2844 0.0 0.2 2:25.33
2844 0.0 0.2 2:25.35
2844 0.0 0.2 2:25.37
2844 5.0 0.2 2:25.39
2844 0.0 0.2 2:25.40
2844 0.0 0.2 2:25.42
2844 0.0 0.2 2:25.43
2844 0.0 0.2 2:25.44
