2845 5.6 0.2 0:04.56
2845 0.0 0.2 0:04.57
2845 0.0 0.2 0:04.57
2845 0.0 0.2 0:04.58
2845 0.0 0.2 0:04.58
2845 0.0 0.2 0:04.58
2845 0.0 0.2 0:04.58
2845 0.0 0.2 0:04.58
2845 0.0 0.2 0:04.58
2845 0.0 0.2 0:04.58
2845 0.0 0.2 0:04.58
2845 0.0 0.2 0:04.58
2845 0.0 0.2 0:04.58
2845 0.0 0.2 0:04.58
2845 0.0 0.2 0:04.58
2845 0.0 0.2 0:04.58
2845 0.0 0.2 0:04.58
2845 0.0 0.2 0:04.58
2845 0.0 0.2 0:04.58
2845 0.0 0.2 0:04.58
2845 0.0 0.2 0:04.58
2845 0.0 0.2 0:04.58
2845 0.0 0.2 0:04.58
2845 0.0 0.2 0:04.58
2845 0.0 0.2 0:04.58
2845 0.0 0.2 0:04.58
2845 0.0 0.2 0:04.58
2845 0.0 0.2 0:04.58
2845 0.0 0.2 0:04.58
2845 0.0 0.2 0:04.58
2845 0.0 0.2 0:04.58
2845 0.0 0.2 0:04.58
2845 0.0 0.2 0:04.58
2845 0.0 0.2 0:04.58
2845 0.0 0.2 0:04.58
2845 0.0 0.2 0:04.58
2845 0.0 0.2 0:04.58
2845 0.0 0.2 0:04.58
2845 0.0 0.2 0:04.58
2845 0.0 0.2 0:04.58
2845 0.0 0.2 0:04.58
2845 0.0 0.2 0:04.58
2845 0.0 0.2 0:04.58
2845 0.0 0.2 0:04.58
2845 0.0 0.2 0:04.58
2845 0.0 0.2 0:04.58
2845 0.0 0.2 0:04.58
2845 0.0 0.2 0:04.58
2845 0.0 0.2 0:04.58
2845 0.0 0.2 0:04.58
2845 0.0 0.2 0:04.58
2845 0.0 0.2 0:04.58
2845 0.0 0.2 0:04.58
2845 0.0 0.2 0:04.58
2845 0.0 0.2 0:04.58
2845 0.0 0.2 0:04.58
2845 0.0 0.2 0:04.58
2845 0.0 0.2 0:04.58
2845 0.0 0.2 0:04.58
2845 0.0 0.2 0:04.58
2845 0.0 0.2 0:04.58
2845 0.0 0.2 0:04.58
2845 0.0 0.2 0:04.58
2845 0.0 0.2 0:04.58
2845 0.0 0.2 0:04.58
2845 0.0 0.2 0:04.58
2845 0.0 0.2 0:04.58
2845 0.0 0.2 0:04.58
2845 0.0 0.2 0:04.58
2845 0.0 0.2 0:04.58
2845 0.0 0.2 0:04.58
2845 0.0 0.2 0:04.58
2845 0.0 0.2 0:04.58
2845 0.0 0.2 0:04.58
2845 0.0 0.2 0:04.58
