2845 0.0 0.2 0:04.35
12845 0.0 0.0 0:00.00
2845 0.0 0.2 0:04.37
2845 0.0 0.2 0:04.37
2845 0.0 0.2 0:04.37
2845 0.0 0.2 0:04.37
2845 0.0 0.2 0:04.37
2845 0.0 0.2 0:04.37
2845 0.0 0.2 0:04.37
2845 0.0 0.2 0:04.37
2845 0.0 0.2 0:04.37
2845 0.0 0.2 0:04.37
2845 0.0 0.2 0:04.37
2845 0.0 0.2 0:04.37
2845 0.0 0.2 0:04.37
2845 0.0 0.2 0:04.37
2845 0.0 0.2 0:04.37
2845 0.0 0.2 0:04.37
2845 0.0 0.2 0:04.37
2845 0.0 0.2 0:04.37
2845 0.0 0.2 0:04.37
2845 0.0 0.2 0:04.37
2845 0.0 0.2 0:04.37
2845 0.0 0.2 0:04.37
2845 0.0 0.2 0:04.37
2845 0.0 0.2 0:04.37
2845 0.0 0.2 0:04.37
2845 0.0 0.2 0:04.37
2845 0.0 0.2 0:04.37
2845 0.0 0.2 0:04.37
2845 0.0 0.2 0:04.37
2845 0.0 0.2 0:04.37
2845 0.0 0.2 0:04.37
2845 0.0 0.2 0:04.37
2845 0.0 0.2 0:04.37
2845 0.0 0.2 0:04.37
2845 0.0 0.2 0:04.37
2845 0.0 0.2 0:04.37
2845 0.0 0.2 0:04.37
2845 0.0 0.2 0:04.37
2845 0.0 0.2 0:04.37
2845 0.0 0.2 0:04.37
2845 0.0 0.2 0:04.37
2845 0.0 0.2 0:04.37
2845 0.0 0.2 0:04.37
2845 0.0 0.2 0:04.37
2845 0.0 0.2 0:04.37
2845 0.0 0.2 0:04.37
2845 0.0 0.2 0:04.37
2845 0.0 0.2 0:04.37
2845 0.0 0.2 0:04.37
2845 0.0 0.2 0:04.37
2845 0.0 0.2 0:04.37
2845 0.0 0.2 0:04.37
2845 0.0 0.2 0:04.37
2845 0.0 0.2 0:04.37
2845 0.0 0.2 0:04.37
2845 0.0 0.2 0:04.37
2845 0.0 0.2 0:04.37
2845 0.0 0.2 0:04.37
2845 0.0 0.2 0:04.37
2845 0.0 0.2 0:04.37
2845 0.0 0.2 0:04.37
2845 0.0 0.2 0:04.37
2845 0.0 0.2 0:04.37
2845 0.0 0.2 0:04.37
2845 0.0 0.2 0:04.37
2845 0.0 0.2 0:04.37
2845 0.0 0.2 0:04.37
2845 0.0 0.2 0:04.37
2845 0.0 0.2 0:04.37
2845 0.0 0.2 0:04.37
2845 0.0 0.2 0:04.37
2845 0.0 0.2 0:04.37
2845 0.0 0.2 0:04.37
2845 0.0 0.2 0:04.37
2845 0.0 0.2 0:04.37
2845 0.0 0.2 0:04.37
2845 0.0 0.2 0:04.37
2845 0.0 0.2 0:04.37
2845 0.0 0.2 0:04.37
2845 0.0 0.2 0:04.37
2845 0.0 0.2 0:04.37
2845 0.0 0.2 0:04.37
2845 0.0 0.2 0:04.37
2845 0.0 0.2 0:04.37
2845 0.0 0.2 0:04.37
2845 0.0 0.2 0:04.37
