710 15.8 0.3 0:11.87
550 0.0 0.9 0:00.50
550 0.0 0.9 0:00.50
550 0.0 0.9 0:00.50
550 0.0 0.9 0:00.50
550 0.0 0.9 0:00.50
550 0.0 0.9 0:00.50
550 0.0 0.9 0:00.50
550 0.0 0.9 0:00.50
550 0.0 0.9 0:00.50
550 0.0 0.9 0:00.50
550 0.0 0.9 0:00.50
550 0.0 0.9 0:00.50
550 0.0 0.9 0:00.50
550 0.0 0.9 0:00.50
550 0.0 0.9 0:00.50
550 0.0 0.9 0:00.50
550 0.0 0.9 0:00.50
550 0.0 0.9 0:00.50
KiB used, 337104 buff/cache
550 0.0 0.9 0:00.50
550 0.0 0.9 0:00.50
550 0.0 0.9 0:00.50
550 0.0 0.9 0:00.50
550 0.0 0.9 0:00.50
550 0.0 0.9 0:00.50
550 0.0 0.9 0:00.50
550 0.0 0.9 0:00.50
550 0.0 0.9 0:00.50
550 0.0 0.9 0:00.50
550 0.0 0.9 0:00.50
550 0.0 0.9 0:00.50
550 0.0 0.9 0:00.50
550 0.0 0.9 0:00.50
550 0.0 0.9 0:00.50
550 0.0 0.9 0:00.50
550 0.0 0.9 0:00.50
550 0.0 0.9 0:00.50
550 0.0 0.9 0:00.50
550 0.0 0.9 0:00.50
550 0.0 0.9 0:00.50
550 0.0 0.9 0:00.50
550 0.0 0.9 0:00.50
550 0.0 0.9 0:00.50
550 0.0 0.9 0:00.50
550 0.0 0.9 0:00.50
550 0.0 0.9 0:00.50
550 0.0 0.9 0:00.50
550 0.0 0.9 0:00.50
550 0.0 0.9 0:00.50
550 0.0 0.9 0:00.50
550 0.0 0.9 0:00.50
550 0.0 0.9 0:00.50
550 0.0 0.9 0:00.50
710 5.3 0.3 0:11.98
550 0.0 0.9 0:00.50
550 0.0 0.9 0:00.50
550 0.0 0.9 0:00.50
550 0.0 0.9 0:00.50
550 0.0 0.9 0:00.50
550 0.0 0.9 0:00.50
550 0.0 0.9 0:00.50
550 0.0 0.9 0:00.50
550 0.0 0.9 0:00.50
550 0.0 0.9 0:00.50
550 0.0 0.9 0:00.50
550 0.0 0.9 0:00.50
550 0.0 0.9 0:00.50
550 0.0 0.9 0:00.50
550 0.0 0.9 0:00.50
550 0.0 0.9 0:00.50
550 0.0 0.9 0:00.50
550 0.0 0.9 0:00.50
710 15.8 0.3 0:12.05
550 0.0 0.9 0:00.50
550 0.0 0.9 0:00.50
550 0.0 0.9 0:00.50
550 0.0 0.9 0:00.50
550 0.0 0.9 0:00.50
550 0.0 0.9 0:00.50
550 0.0 0.9 0:00.50
550 0.0 0.9 0:00.50
550 0.0 0.9 0:00.50
550 0.0 0.9 0:00.50
550 0.0 0.9 0:00.50
550 0.0 0.9 0:00.50
550 0.0 0.9 0:00.50
710 5.6 0.3 0:12.07
550 0.0 0.9 0:00.50
550 0.0 0.9 0:00.50
550 0.0 0.9 0:00.50
550 0.0 0.9 0:00.50
550 0.0 0.9 0:00.50
550 0.0 0.9 0:00.50
550 0.0 0.9 0:00.50
550 0.0 0.9 0:00.50
550 0.0 0.9 0:00.50
550 0.0 0.9 0:00.50
550 0.0 0.9 0:00.50
550 0.0 0.9 0:00.50
550 0.0 0.9 0:00.50
550 0.0 0.9 0:00.50
550 0.0 0.9 0:00.50
550 0.0 0.9 0:00.50
550 0.0 0.9 0:00.50
550 0.0 0.9 0:00.50
550 0.0 0.9 0:00.50
550 0.0 0.9 0:00.50
550 0.0 0.9 0:00.50
550 0.0 0.9 0:00.50
550 0.0 0.9 0:00.50
550 0.0 0.9 0:00.50
550 0.0 0.9 0:00.50
550 0.0 0.9 0:00.50
550 0.0 0.9 0:00.50
550 0.0 0.9 0:00.50
550 0.0 0.9 0:00.50
550 0.0 0.9 0:00.50
550 0.0 0.9 0:00.50
550 0.0 0.9 0:00.50
550 0.0 0.9 0:00.50
550 0.0 0.9 0:00.50
710 5.6 0.3 0:12.17
550 0.0 0.9 0:00.50
550 0.0 0.9 0:00.50
550 0.0 0.9 0:00.50
550 0.0 0.9 0:00.50
710 11.1 0.3 0:12.20
710 5.6 0.3 0:12.21
550 0.0 0.9 0:00.50
550 0.0 0.9 0:00.50
550 0.0 0.9 0:00.50
550 0.0 0.9 0:00.50
550 0.0 0.9 0:00.50
550 0.0 0.9 0:00.50
550 0.0 0.9 0:00.50
550 0.0 0.9 0:00.50
550 0.0 0.9 0:00.50
550 0.0 0.9 0:00.50
550 0.0 0.9 0:00.50
550 0.0 0.9 0:00.50
550 0.0 0.9 0:00.50
550 0.0 0.9 0:00.50
710 5.6 0.3 0:12.22
550 0.0 0.9 0:00.50
550 0.0 0.9 0:00.50
710 5.6 0.3 0:12.25
550 0.0 0.9 0:00.50
550 0.0 0.9 0:00.50
550 0.0 0.9 0:00.50
550 0.0 0.9 0:00.50
550 0.0 0.9 0:00.50
550 0.0 0.9 0:00.50
550 0.0 0.9 0:00.50
550 0.0 0.9 0:00.50
550 0.0 0.9 0:00.50
550 0.0 0.9 0:00.50
550 0.0 0.9 0:00.50
550 0.0 0.9 0:00.50
550 0.0 0.9 0:00.50
550 0.0 0.9 0:00.50
550 0.0 0.9 0:00.50
550 0.0 0.9 0:00.50
710 5.6 0.3 0:12.29
550 0.0 0.9 0:00.50
550 0.0 0.9 0:00.50
550 0.0 0.9 0:00.50
550 0.0 0.9 0:00.50
550 0.0 0.9 0:00.50
550 0.0 0.9 0:00.50
550 0.0 0.9 0:00.50
550 0.0 0.9 0:00.50
550 0.0 0.9 0:00.50
550 0.0 0.9 0:00.50
550 0.0 0.9 0:00.50
550 0.0 0.9 0:00.50
550 0.0 0.9 0:00.50
550 0.0 0.9 0:00.50
550 0.0 0.9 0:00.50
550 0.0 0.9 0:00.50
550 0.0 0.9 0:00.50
550 0.0 0.9 0:00.50
550 0.0 0.9 0:00.50
550 0.0 0.9 0:00.50
550 0.0 0.9 0:00.50
550 0.0 0.9 0:00.50
550 0.0 0.9 0:00.50
550 0.0 0.9 0:00.50
550 0.0 0.9 0:00.50
550 0.0 0.9 0:00.50
550 0.0 0.9 0:00.50
550 0.0 0.9 0:00.50
550 0.0 0.9 0:00.50
2710 15.8 0.2 0:00.03
550 0.0 0.9 0:00.50
550 0.0 0.9 0:00.50
550 0.0 0.9 0:00.50
550 0.0 0.9 0:00.50
710 5.6 0.3 0:12.38
550 0.0 0.9 0:00.50
710 5.3 0.3 0:12.39
550 0.0 0.9 0:00.50
550 0.0 0.9 0:00.50
550 0.0 0.9 0:00.50
550 0.0 0.9 0:00.50
550 0.0 0.9 0:00.50
550 0.0 0.9 0:00.50
550 0.0 0.9 0:00.50
550 0.0 0.9 0:00.50
550 0.0 0.9 0:00.50
550 0.0 0.9 0:00.50
550 0.0 0.9 0:00.50
550 0.0 0.9 0:00.50
550 0.0 0.9 0:00.50
550 0.0 0.9 0:00.50
550 0.0 0.9 0:00.50
550 0.0 0.9 0:00.50
550 0.0 0.9 0:00.50
550 0.0 0.9 0:00.50
710 5.6 0.3 0:12.46
550 0.0 0.9 0:00.50
550 0.0 0.9 0:00.50
550 0.0 0.9 0:00.50
550 0.0 0.9 0:00.50
550 0.0 0.9 0:00.50
550 0.0 0.9 0:00.50
550 0.0 0.9 0:00.50
550 0.0 0.9 0:00.50
550 0.0 0.9 0:00.50
550 0.0 0.9 0:00.50
550 0.0 0.9 0:00.50
550 0.0 0.9 0:00.50
550 0.0 0.9 0:00.50
710 5.6 0.3 0:12.50
550 0.0 0.9 0:00.50
550 0.0 0.9 0:00.50
550 0.0 0.9 0:00.50
550 0.0 0.9 0:00.50
550 0.0 0.9 0:00.50
550 0.0 0.9 0:00.50
550 0.0 0.9 0:00.50
550 0.0 0.9 0:00.50
550 0.0 0.9 0:00.50
550 0.0 0.9 0:00.50
550 0.0 0.9 0:00.50
550 0.0 0.9 0:00.50
550 0.0 0.9 0:00.50
550 0.0 0.9 0:00.50
550 0.0 0.9 0:00.50
550 0.0 0.9 0:00.50
550 0.0 0.9 0:00.50
550 0.0 0.9 0:00.50
550 0.0 0.9 0:00.50
550 0.0 0.9 0:00.50
550 0.0 0.9 0:00.50
550 0.0 0.9 0:00.50
550 0.0 0.9 0:00.50
550 0.0 0.9 0:00.50
550 0.0 0.9 0:00.50
550 0.0 0.9 0:00.50
550 0.0 0.9 0:00.50
550 0.0 0.9 0:00.50
550 0.0 0.9 0:00.50
550 0.0 0.9 0:00.50
550 0.0 0.9 0:00.50
550 0.0 0.9 0:00.50
550 0.0 0.9 0:00.50
550 0.0 0.9 0:00.50
550 0.0 0.9 0:00.50
