712 12.5 0.3 0:21.09
712 0.0 0.3 0:21.09
712 0.0 0.3 0:21.09
712 0.0 0.3 0:21.09
712 0.0 0.3 0:21.09
712 0.0 0.3 0:21.09
712 0.0 0.3 0:21.09
712 0.0 0.3 0:21.09
712 0.0 0.3 0:21.09
712 0.0 0.3 0:21.09
712 0.0 0.3 0:21.09
712 0.0 0.3 0:21.09
712 0.0 0.3 0:21.09
712 0.0 0.3 0:21.09
712 0.0 0.3 0:21.09
712 0.0 0.3 0:21.09
712 0.0 0.3 0:21.09
712 0.0 0.3 0:21.09
712 0.0 0.3 0:21.11
712 0.0 0.3 0:21.16
712 0.0 0.3 0:21.16
712 0.0 0.3 0:21.16
712 0.0 0.3 0:21.16
712 0.0 0.3 0:21.16
712 0.0 0.3 0:21.16
712 0.0 0.3 0:21.16
712 0.0 0.3 0:21.16
712 0.0 0.3 0:21.16
712 0.0 0.3 0:21.16
712 0.0 0.3 0:21.16
712 0.0 0.3 0:21.16
712 0.0 0.3 0:21.16
712 0.0 0.3 0:21.17
KiB used, 348712 buff/cache
712 0.0 0.3 0:21.17
712 0.0 0.3 0:21.19
712 0.0 0.3 0:21.19
712 0.0 0.3 0:21.26
712 0.0 0.3 0:21.26
712 0.0 0.3 0:21.26
712 0.0 0.3 0:21.26
712 0.0 0.3 0:21.26
712 0.0 0.3 0:21.26
712 0.0 0.3 0:21.26
712 0.0 0.3 0:21.26
712 0.0 0.3 0:21.26
712 0.0 0.3 0:21.26
712 0.0 0.3 0:21.26
712 0.0 0.3 0:21.26
712 0.0 0.3 0:21.26
712 0.0 0.3 0:21.26
712 0.0 0.3 0:21.26
712 0.0 0.3 0:21.26
712 0.0 0.3 0:21.26
712 0.0 0.3 0:21.26
712 5.6 0.3 0:21.30
712 0.0 0.3 0:21.30
712 0.0 0.3 0:21.30
712 0.0 0.3 0:21.30
712 0.0 0.3 0:21.30
712 0.0 0.3 0:21.30
712 0.0 0.3 0:21.30
712 0.0 0.3 0:21.30
712 0.0 0.3 0:21.30
712 0.0 0.3 0:21.30
712 0.0 0.3 0:21.30
712 0.0 0.3 0:21.30
712 0.0 0.3 0:21.30
712 10.5 0.3 0:21.32
712 0.0 0.3 0:21.32
712 0.0 0.3 0:21.32
712 0.0 0.3 0:21.32
712 5.6 0.3 0:21.33
712 16.7 0.3 0:21.36
712 0.0 0.3 0:21.37
712 0.0 0.3 0:21.37
712 0.0 0.3 0:21.37
712 0.0 0.3 0:21.37
712 0.0 0.3 0:21.37
712 0.0 0.3 0:21.37
712 0.0 0.3 0:21.37
712 0.0 0.3 0:21.37
712 0.0 0.3 0:21.37
712 0.0 0.3 0:21.37
712 0.0 0.3 0:21.38
712 0.0 0.3 0:21.38
712 0.0 0.3 0:21.38
712 0.0 0.3 0:21.38
712 0.0 0.3 0:21.38
712 0.0 0.3 0:21.39
712 0.0 0.3 0:21.39
712 0.0 0.3 0:21.39
712 0.0 0.3 0:21.44
712 0.0 0.3 0:21.44
712 0.0 0.3 0:21.44
712 0.0 0.3 0:21.44
712 0.0 0.3 0:21.44
712 0.0 0.3 0:21.44
712 0.0 0.3 0:21.44
712 0.0 0.3 0:21.44
712 0.0 0.3 0:21.44
712 0.0 0.3 0:21.44
712 0.0 0.3 0:21.45
712 0.0 0.3 0:21.45
712 0.0 0.3 0:21.45
712 4.8 0.3 0:21.47
712 5.6 0.3 0:21.48
712 0.0 0.3 0:21.48
712 0.0 0.3 0:21.48
712 0.0 0.3 0:21.50
7125 10.5 0.2 0:00.02
712 0.0 0.3 0:21.53
712 0.0 0.3 0:21.53
712 0.0 0.3 0:21.53
712 0.0 0.3 0:21.53
712 0.0 0.3 0:21.53
712 0.0 0.3 0:21.53
712 0.0 0.3 0:21.53
712 0.0 0.3 0:21.53
712 0.0 0.3 0:21.54
712 0.0 0.3 0:21.54
712 0.0 0.3 0:21.54
712 0.0 0.3 0:21.54
712 0.0 0.3 0:21.55
712 0.0 0.3 0:21.55
712 0.0 0.3 0:21.56
712 0.0 0.3 0:21.56
712 0.0 0.3 0:21.56
712 5.6 0.3 0:21.59
712 0.0 0.3 0:21.59
712 0.0 0.3 0:21.59
712 0.0 0.3 0:21.59
712 0.0 0.3 0:21.59
712 0.0 0.3 0:21.59
712 0.0 0.3 0:21.59
712 0.0 0.3 0:21.59
712 0.0 0.3 0:21.59
712 0.0 0.3 0:21.59
712 0.0 0.3 0:21.59
712 0.0 0.3 0:21.59
712 11.1 0.3 0:21.61
712 0.0 0.3 0:21.61
712 0.0 0.3 0:21.61
712 0.0 0.3 0:21.61
712 0.0 0.3 0:21.62
712 0.0 0.3 0:21.62
712 11.1 0.3 0:21.64
712 0.0 0.3 0:21.65
712 0.0 0.3 0:21.65
712 0.0 0.3 0:21.65
712 0.0 0.3 0:21.65
712 0.0 0.3 0:21.65
KiB used, 349416 buff/cache
712 0.0 0.3 0:21.65
712 0.0 0.3 0:21.65
712 0.0 0.3 0:21.65
712 0.0 0.3 0:21.65
712 0.0 0.3 0:21.66
712 0.0 0.3 0:21.66
712 0.0 0.3 0:21.66
712 5.6 0.3 0:21.68
712 5.9 0.3 0:21.69
712 0.0 0.3 0:21.69
712 0.0 0.3 0:21.69
712 5.0 0.3 0:21.71
712 0.0 0.3 0:21.72
712 0.0 0.3 0:21.72
712 0.0 0.3 0:21.72
712 0.0 0.3 0:21.72
712 0.0 0.3 0:21.72
712 0.0 0.3 0:21.72
712 0.0 0.3 0:21.72
712 0.0 0.3 0:21.72
712 0.0 0.3 0:21.72
712 0.0 0.3 0:21.72
712 5.6 0.3 0:21.73
712 0.0 0.3 0:21.73
712 0.0 0.3 0:21.73
712 0.0 0.3 0:21.74
712 0.0 0.3 0:21.74
712 0.0 0.3 0:21.75
712 0.0 0.3 0:21.75
712 0.0 0.3 0:21.76
712 0.0 0.3 0:21.78
712 0.0 0.3 0:21.79
712 0.0 0.3 0:21.79
712 0.0 0.3 0:21.79
712 0.0 0.3 0:21.79
712 0.0 0.3 0:21.79
712 0.0 0.3 0:21.79
712 0.0 0.3 0:21.79
712 0.0 0.3 0:21.79
712 0.0 0.3 0:21.79
712 0.0 0.3 0:21.79
712 0.0 0.3 0:21.80
712 0.0 0.3 0:21.80
712 0.0 0.3 0:21.80
712 0.0 0.3 0:21.80
712 0.0 0.3 0:21.81
712 0.0 0.3 0:21.81
712 0.0 0.3 0:21.81
712 0.0 0.3 0:21.83
712 0.0 0.3 0:21.83
712 0.0 0.3 0:21.83
712 0.0 0.3 0:21.83
712 0.0 0.3 0:21.83
712 0.0 0.3 0:21.83
712 0.0 0.3 0:21.83
712 0.0 0.3 0:21.83
712 0.0 0.3 0:21.83
712 0.0 0.3 0:21.85
712 0.0 0.3 0:21.85
712 0.0 0.3 0:21.85
712 0.0 0.3 0:21.85
712 0.0 0.3 0:21.85
712 0.0 0.3 0:21.85
712 0.0 0.3 0:21.87
712 0.0 0.3 0:21.87
712 0.0 0.3 0:21.87
712 0.0 0.3 0:21.87
712 0.0 0.3 0:21.87
712 0.0 0.3 0:21.87
712 0.0 0.3 0:21.87
712 0.0 0.3 0:21.87
712 0.0 0.3 0:21.87
712 0.0 0.3 0:21.87
712 0.0 0.3 0:21.87
712 0.0 0.3 0:21.87
712 0.0 0.3 0:21.87
712 0.0 0.3 0:21.87
712 0.0 0.3 0:21.87
712 0.0 0.3 0:21.87
712 0.0 0.3 0:21.87
712 0.0 0.3 0:21.87
712 0.0 0.3 0:21.87
KiB used, 349788 buff/cache
