712 15.8 0.3 0:29.06
712 0.0 0.3 0:29.06
712 0.0 0.3 0:29.06
712 0.0 0.3 0:29.06
712 0.0 0.3 0:29.06
712 0.0 0.3 0:29.06
KiB 1537120 avail Mem
712 0.0 0.3 0:29.06
712 0.0 0.3 0:29.06
712 0.0 0.3 0:29.06
712 0.0 0.3 0:29.06
712 0.0 0.3 0:29.06
KiB used, 360972 buff/cache
712 0.0 0.3 0:29.06
712 0.0 0.3 0:29.06
712 0.0 0.3 0:29.06
712 0.0 0.3 0:29.06
27129 5.3 0.2 0:00.04
712 0.0 0.3 0:29.06
712 0.0 0.3 0:29.10
712 0.0 0.3 0:29.10
712 0.0 0.3 0:29.10
712 0.0 0.3 0:29.10
712 0.0 0.3 0:29.10
712 0.0 0.3 0:29.10
712 0.0 0.3 0:29.10
712 0.0 0.3 0:29.10
712 0.0 0.3 0:29.10
712 0.0 0.3 0:29.10
712 0.0 0.3 0:29.10
712 0.0 0.3 0:29.10
712 0.0 0.3 0:29.10
712 0.0 0.3 0:29.10
712 0.0 0.3 0:29.10
712 0.0 0.3 0:29.10
712 0.0 0.3 0:29.10
712 0.0 0.3 0:29.11
712 0.0 0.3 0:29.14
712 0.0 0.3 0:29.14
712 0.0 0.3 0:29.14
712 0.0 0.3 0:29.14
712 0.0 0.3 0:29.14
712 0.0 0.3 0:29.14
712 0.0 0.3 0:29.14
712 0.0 0.3 0:29.14
712 0.0 0.3 0:29.14
712 0.0 0.3 0:29.14
712 0.0 0.3 0:29.14
712 0.0 0.3 0:29.14
712 0.0 0.3 0:29.15
712 0.0 0.3 0:29.15
712 0.0 0.3 0:29.15
712 0.0 0.3 0:29.16
712 0.0 0.3 0:29.16
712 0.0 0.3 0:29.16
28712 16.7 0.2 0:00.03
712 0.0 0.3 0:29.18
712 0.0 0.3 0:29.18
712 0.0 0.3 0:29.18
712 0.0 0.3 0:29.18
712 0.0 0.3 0:29.18
712 0.0 0.3 0:29.18
712 0.0 0.3 0:29.18
712 0.0 0.3 0:29.18
712 0.0 0.3 0:29.18
712 0.0 0.3 0:29.18
712 0.0 0.3 0:29.18
712 0.0 0.3 0:29.18
712 0.0 0.3 0:29.18
712 5.3 0.3 0:29.19
712 0.0 0.3 0:29.19
712 0.0 0.3 0:29.19
712 0.0 0.3 0:29.20
712 0.0 0.3 0:29.20
712 0.0 0.3 0:29.21
712 0.0 0.3 0:29.21
712 0.0 0.3 0:29.21
712 0.0 0.3 0:29.21
712 0.0 0.3 0:29.21
712 0.0 0.3 0:29.21
712 0.0 0.3 0:29.21
712 0.0 0.3 0:29.21
712 0.0 0.3 0:29.21
712 0.0 0.3 0:29.21
712 0.0 0.3 0:29.21
712 0.0 0.3 0:29.21
712 0.0 0.3 0:29.22
712 0.0 0.3 0:29.22
712 0.0 0.3 0:29.23
712 0.0 0.3 0:29.23
712 5.6 0.3 0:29.24
712 0.0 0.3 0:29.25
KiB 1537120 avail Mem
712 0.0 0.3 0:29.25
712 0.0 0.3 0:29.25
712 0.0 0.3 0:29.25
712 0.0 0.3 0:29.25
712 0.0 0.3 0:29.25
712 0.0 0.3 0:29.25
712 0.0 0.3 0:29.25
712 5.3 0.3 0:29.26
712 0.0 0.3 0:29.26
712 0.0 0.3 0:29.26
712 0.0 0.3 0:29.26
KiB 1536712 avail Mem
712 0.0 0.3 0:29.26
712 0.0 0.3 0:29.27
712 0.0 0.3 0:29.27
712 0.0 0.3 0:29.27
712 0.0 0.3 0:29.27
712 0.0 0.3 0:29.28
712 0.0 0.3 0:29.28
712 0.0 0.3 0:29.28
712 0.0 0.3 0:29.28
712 0.0 0.3 0:29.28
712 0.0 0.3 0:29.28
712 0.0 0.3 0:29.28
712 0.0 0.3 0:29.28
712 0.0 0.3 0:29.28
712 0.0 0.3 0:29.28
712 0.0 0.3 0:29.28
712 0.0 0.3 0:29.28
712 0.0 0.3 0:29.29
712 0.0 0.3 0:29.29
712 0.0 0.3 0:29.29
712 0.0 0.3 0:29.29
712 0.0 0.3 0:29.29
712 0.0 0.3 0:29.30
712 0.0 0.3 0:29.31
712 0.0 0.3 0:29.31
712 0.0 0.3 0:29.31
712 0.0 0.3 0:29.31
712 0.0 0.3 0:29.31
712 0.0 0.3 0:29.31
712 0.0 0.3 0:29.31
712 0.0 0.3 0:29.31
712 0.0 0.3 0:29.32
712 0.0 0.3 0:29.32
712 0.0 0.3 0:29.32
712 0.0 0.3 0:29.32
712 0.0 0.3 0:29.32
712 0.0 0.3 0:29.33
712 0.0 0.3 0:29.33
712 0.0 0.3 0:29.35
712 0.0 0.3 0:29.35
712 0.0 0.3 0:29.35
712 0.0 0.3 0:29.35
712 0.0 0.3 0:29.35
712 0.0 0.3 0:29.35
712 0.0 0.3 0:29.35
712 0.0 0.3 0:29.35
712 0.0 0.3 0:29.35
712 0.0 0.3 0:29.35
712 0.0 0.3 0:29.35
712 0.0 0.3 0:29.35
712 0.0 0.3 0:29.36
712 0.0 0.3 0:29.36
712 0.0 0.3 0:29.36
712 0.0 0.3 0:29.36
712 5.6 0.3 0:29.37
712 0.0 0.3 0:29.37
712 0.0 0.3 0:29.37
712 5.6 0.3 0:29.38
712 0.0 0.3 0:29.38
712 0.0 0.3 0:29.38
712 0.0 0.3 0:29.38
712 0.0 0.3 0:29.38
712 0.0 0.3 0:29.38
712 0.0 0.3 0:29.38
712 0.0 0.3 0:29.38
712 0.0 0.3 0:29.38
712 0.0 0.3 0:29.39
712 0.0 0.3 0:29.39
712 0.0 0.3 0:29.39
712 0.0 0.3 0:29.39
712 0.0 0.3 0:29.39
712 0.0 0.3 0:29.40
712 0.0 0.3 0:29.40
712 0.0 0.3 0:29.40
KiB 1537128 avail Mem
712 0.0 0.3 0:29.40
712 0.0 0.3 0:29.41
712 0.0 0.3 0:29.41
712 0.0 0.3 0:29.41
712 0.0 0.3 0:29.41
712 0.0 0.3 0:29.41
712 0.0 0.3 0:29.42
712 0.0 0.3 0:29.42
712 0.0 0.3 0:29.42
712 0.0 0.3 0:29.42
712 0.0 0.3 0:29.42
712 0.0 0.3 0:29.42
712 0.0 0.3 0:29.43
712 0.0 0.3 0:29.43
712 0.0 0.3 0:29.43
712 0.0 0.3 0:29.44
712 0.0 0.3 0:29.44
712 0.0 0.3 0:29.44
712 0.0 0.3 0:29.45
712 5.6 0.3 0:29.46
712 0.0 0.3 0:29.46
712 11.1 0.3 0:29.48
712 0.0 0.3 0:29.48
712 0.0 0.3 0:29.48
712 0.0 0.3 0:29.48
712 0.0 0.3 0:29.48
712 0.0 0.3 0:29.48
712 0.0 0.3 0:29.48
712 0.0 0.3 0:29.48
712 0.0 0.3 0:29.48
712 0.0 0.3 0:29.49
2712 10.5 0.2 0:00.04
712 0.0 0.3 0:29.49
712 0.0 0.3 0:29.49
712 0.0 0.3 0:29.50
712 0.0 0.3 0:29.50
712 0.0 0.3 0:29.51
712 0.0 0.3 0:29.51
712 0.0 0.3 0:29.51
712 0.0 0.3 0:29.51
712 0.0 0.3 0:29.51
712 0.0 0.3 0:29.52
712 0.0 0.3 0:29.52
712 0.0 0.3 0:29.52
712 0.0 0.3 0:29.52
712 0.0 0.3 0:29.52
712 0.0 0.3 0:29.52
712 5.6 0.3 0:29.53
KiB used, 361616 buff/cache
712 0.0 0.3 0:29.53
712 0.0 0.3 0:29.54
712 0.0 0.3 0:29.54
712 0.0 0.3 0:29.55
712 0.0 0.3 0:29.55
712 0.0 0.3 0:29.56
3712 17.6 0.2 0:00.03
712 0.0 0.3 0:29.56
712 0.0 0.3 0:29.57
712 0.0 0.3 0:29.57
712 5.6 0.3 0:29.58
712 0.0 0.3 0:29.58
712 0.0 0.3 0:29.58
712 0.0 0.3 0:29.58
712 0.0 0.3 0:29.58
712 0.0 0.3 0:29.58
712 0.0 0.3 0:29.58
712 0.0 0.3 0:29.59
712 0.0 0.3 0:29.60
712 0.0 0.3 0:29.60
712 0.0 0.3 0:29.60
712 5.6 0.3 0:29.61
712 0.0 0.3 0:29.61
712 0.0 0.3 0:29.61
KiB used, 361688 buff/cache
712 0.0 0.3 0:29.61
712 0.0 0.3 0:29.61
712 0.0 0.3 0:29.62
712 0.0 0.3 0:29.62
712 0.0 0.3 0:29.62
712 0.0 0.3 0:29.63
712 0.0 0.3 0:29.63
712 0.0 0.3 0:29.63
712 0.0 0.3 0:29.63
712 0.0 0.3 0:29.64
712 0.0 0.3 0:29.64
712 0.0 0.3 0:29.65
712 0.0 0.3 0:29.65
712 0.0 0.3 0:29.65
712 0.0 0.3 0:29.65
712 0.0 0.3 0:29.66
712 0.0 0.3 0:29.66
712 0.0 0.3 0:29.67
712 0.0 0.3 0:29.67
712 0.0 0.3 0:29.67
712 0.0 0.3 0:29.68
712 0.0 0.3 0:29.68
KiB used, 361752 buff/cache
712 0.0 0.3 0:29.69
712 0.0 0.3 0:29.69
712 0.0 0.3 0:29.69
712 0.0 0.3 0:29.69
712 0.0 0.3 0:29.69
712 0.0 0.3 0:29.69
712 0.0 0.3 0:29.69
712 0.0 0.3 0:29.70
712 0.0 0.3 0:29.70
712 0.0 0.3 0:29.70
712 0.0 0.3 0:29.70
712 0.0 0.3 0:29.71
712 0.0 0.3 0:29.71
712 0.0 0.3 0:29.72
712 0.0 0.3 0:29.72
712 0.0 0.3 0:29.72
712 0.0 0.3 0:29.73
712 0.0 0.3 0:29.73
712 0.0 0.3 0:29.73
712 0.0 0.3 0:29.73
712 0.0 0.3 0:29.73
712 0.0 0.3 0:29.73
712 0.0 0.3 0:29.73
712 0.0 0.3 0:29.73
712 0.0 0.3 0:29.74
712 0.0 0.3 0:29.74
712 0.0 0.3 0:29.74
712 0.0 0.3 0:29.75
712 0.0 0.3 0:29.75
712 0.0 0.3 0:29.75
712 0.0 0.3 0:29.75
712 0.0 0.3 0:29.76
712 0.0 0.3 0:29.76
712 0.0 0.3 0:29.76
712 0.0 0.3 0:29.76
712 0.0 0.3 0:29.76
712 0.0 0.3 0:29.76
712 0.0 0.3 0:29.76
712 0.0 0.3 0:29.76
712 0.0 0.3 0:29.76
712 0.0 0.3 0:29.76
7126 15.8 0.2 0:00.03
712 0.0 0.3 0:29.77
712 0.0 0.3 0:29.77
712 0.0 0.3 0:29.77
712 0.0 0.3 0:29.78
712 0.0 0.3 0:29.78
712 0.0 0.3 0:29.78
712 0.0 0.3 0:29.78
712 0.0 0.3 0:29.79
712 0.0 0.3 0:29.79
712 0.0 0.3 0:29.79
712 0.0 0.3 0:29.80
712 0.0 0.3 0:29.80
712 0.0 0.3 0:29.80
712 0.0 0.3 0:29.80
712 5.3 0.3 0:29.81
712 0.0 0.3 0:29.81
712 0.0 0.3 0:29.81
712 5.6 0.3 0:29.82
712 0.0 0.3 0:29.82
712 0.0 0.3 0:29.82
712 0.0 0.3 0:29.82
KiB used, 361956 buff/cache
712 0.0 0.3 0:29.83
712 0.0 0.3 0:29.83
712 0.0 0.3 0:29.83
712 0.0 0.3 0:29.83
712 0.0 0.3 0:29.83
712 0.0 0.3 0:29.83
712 0.0 0.3 0:29.83
712 0.0 0.3 0:29.83
712 0.0 0.3 0:29.83
712 0.0 0.3 0:29.83
712 0.0 0.3 0:29.83
712 0.0 0.3 0:29.83
712 0.0 0.3 0:29.83
712 0.0 0.3 0:29.83
712 0.0 0.3 0:29.83
712 0.0 0.3 0:29.83
712 0.0 0.3 0:29.83
KiB used, 361968 buff/cache
712 0.0 0.3 0:29.83
712 0.0 0.3 0:29.83
712 0.0 0.3 0:29.83
