713 13.6 0.3 0:22.87
713 0.0 0.3 0:22.88
713 0.0 0.3 0:22.88
713 0.0 0.3 0:22.88
713 0.0 0.3 0:22.88
713 0.0 0.3 0:22.88
713 0.0 0.3 0:22.88
713 0.0 0.3 0:22.88
713 0.0 0.3 0:22.88
KiB 1537136 avail Mem
713 0.0 0.3 0:22.88
713 0.0 0.3 0:22.88
713 0.0 0.3 0:22.88
713 0.0 0.3 0:22.88
713 0.0 0.3 0:22.88
713 0.0 0.3 0:22.88
713 0.0 0.3 0:22.88
713 0.0 0.3 0:22.88
713 0.0 0.3 0:22.88
713 0.0 0.3 0:22.93
713 0.0 0.3 0:22.94
713 0.0 0.3 0:22.94
713 0.0 0.3 0:22.94
713 0.0 0.3 0:22.94
713 0.0 0.3 0:22.94
713 0.0 0.3 0:22.94
713 0.0 0.3 0:22.94
713 0.0 0.3 0:22.94
713 0.0 0.3 0:22.94
713 0.0 0.3 0:22.94
713 0.0 0.3 0:22.94
713 0.0 0.3 0:22.94
713 0.0 0.3 0:22.94
713 0.0 0.3 0:22.94
713 0.0 0.3 0:22.94
713 0.0 0.3 0:22.95
713 0.0 0.3 0:22.95
713 0.0 0.3 0:23.00
713 0.0 0.3 0:23.01
713 0.0 0.3 0:23.01
713 0.0 0.3 0:23.01
713 0.0 0.3 0:23.01
713 0.0 0.3 0:23.01
713 0.0 0.3 0:23.01
713 0.0 0.3 0:23.01
713 0.0 0.3 0:23.01
713 0.0 0.3 0:23.01
713 0.0 0.3 0:23.01
713 0.0 0.3 0:23.01
713 0.0 0.3 0:23.01
713 0.0 0.3 0:23.01
713 0.0 0.3 0:23.01
713 0.0 0.3 0:23.01
713 0.0 0.3 0:23.03
713 0.0 0.3 0:23.03
713 11.1 0.3 0:23.08
713 0.0 0.3 0:23.09
713 0.0 0.3 0:23.09
713 0.0 0.3 0:23.09
713 0.0 0.3 0:23.09
713 0.0 0.3 0:23.09
713 0.0 0.3 0:23.09
713 0.0 0.3 0:23.09
713 0.0 0.3 0:23.09
713 0.0 0.3 0:23.09
713 0.0 0.3 0:23.09
713 0.0 0.3 0:23.09
713 0.0 0.3 0:23.09
713 5.6 0.3 0:23.10
713 0.0 0.3 0:23.10
713 0.0 0.3 0:23.12
713 0.0 0.3 0:23.12
713 0.0 0.3 0:23.12
713 22.2 0.3 0:23.16
713 0.0 0.3 0:23.19
713 0.0 0.3 0:23.19
713 0.0 0.3 0:23.19
713 0.0 0.3 0:23.19
713 0.0 0.3 0:23.19
713 0.0 0.3 0:23.19
713 0.0 0.3 0:23.19
713 0.0 0.3 0:23.19
713 0.0 0.3 0:23.19
713 0.0 0.3 0:23.19
713 0.0 0.3 0:23.19
713 0.0 0.3 0:23.19
713 0.0 0.3 0:23.20
713 5.0 0.3 0:23.21
713 0.0 0.3 0:23.21
713 0.0 0.3 0:23.21
713 0.0 0.3 0:23.21
713 5.6 0.3 0:23.23
713 0.0 0.3 0:23.26
713 0.0 0.3 0:23.28
713 0.0 0.3 0:23.28
713 0.0 0.3 0:23.28
713 0.0 0.3 0:23.28
713 0.0 0.3 0:23.28
713 0.0 0.3 0:23.28
713 0.0 0.3 0:23.28
713 0.0 0.3 0:23.28
713 0.0 0.3 0:23.28
713 0.0 0.3 0:23.28
713 0.0 0.3 0:23.28
713 0.0 0.3 0:23.28
713 0.0 0.3 0:23.28
713 0.0 0.3 0:23.28
713 0.0 0.3 0:23.30
713 0.0 0.3 0:23.30
713 0.0 0.3 0:23.31
7133 17.6 0.2 0:00.03
713 0.0 0.3 0:23.34
713 0.0 0.3 0:23.34
713 0.0 0.3 0:23.34
713 0.0 0.3 0:23.34
713 0.0 0.3 0:23.34
713 0.0 0.3 0:23.34
713 0.0 0.3 0:23.34
713 0.0 0.3 0:23.34
713 0.0 0.3 0:23.34
713 0.0 0.3 0:23.34
713 0.0 0.3 0:23.35
713 0.0 0.3 0:23.35
713 0.0 0.3 0:23.37
713 0.0 0.3 0:23.37
713 0.0 0.3 0:23.37
713 0.0 0.3 0:23.37
713 5.6 0.3 0:23.38
713 0.0 0.3 0:23.41
713 0.0 0.3 0:23.41
713 0.0 0.3 0:23.41
713 0.0 0.3 0:23.41
713 0.0 0.3 0:23.41
713 0.0 0.3 0:23.41
713 0.0 0.3 0:23.41
713 0.0 0.3 0:23.41
713 0.0 0.3 0:23.41
713 0.0 0.3 0:23.42
713 0.0 0.3 0:23.42
713 0.0 0.3 0:23.43
713 0.0 0.3 0:23.43
713 0.0 0.3 0:23.44
713 0.0 0.3 0:23.45
713 0.0 0.3 0:23.46
713 0.0 0.3 0:23.46
713 0.0 0.3 0:23.46
713 5.6 0.3 0:23.48
713 0.0 0.3 0:23.50
713 0.0 0.3 0:23.50
713 0.0 0.3 0:23.50
713 0.0 0.3 0:23.50
713 0.0 0.3 0:23.50
713 0.0 0.3 0:23.50
713 0.0 0.3 0:23.50
713 0.0 0.3 0:23.50
713 0.0 0.3 0:23.50
KiB 1537132 avail Mem
713 5.6 0.3 0:23.53
713 0.0 0.3 0:23.53
713 0.0 0.3 0:23.53
713 0.0 0.3 0:23.53
713 0.0 0.3 0:23.54
713 0.0 0.3 0:23.54
713 0.0 0.3 0:23.55
713 5.3 0.3 0:23.56
713 0.0 0.3 0:23.61
713 0.0 0.3 0:23.61
713 0.0 0.3 0:23.61
713 0.0 0.3 0:23.61
713 0.0 0.3 0:23.61
713 0.0 0.3 0:23.61
713 0.0 0.3 0:23.61
713 0.0 0.3 0:23.61
713 0.0 0.3 0:23.62
713 0.0 0.3 0:23.62
713 5.6 0.3 0:23.63
713 0.0 0.3 0:23.65
713 0.0 0.3 0:23.65
713 5.3 0.3 0:23.66
713 0.0 0.3 0:23.66
713 0.0 0.3 0:23.67
713 0.0 0.3 0:23.67
713 5.6 0.3 0:23.69
713 0.0 0.3 0:23.71
713 0.0 0.3 0:23.71
713 0.0 0.3 0:23.71
713 0.0 0.3 0:23.71
713 0.0 0.3 0:23.71
713 0.0 0.3 0:23.71
713 0.0 0.3 0:23.71
713 0.0 0.3 0:23.71
713 0.0 0.3 0:23.71
713 0.0 0.3 0:23.72
713 0.0 0.3 0:23.72
713 0.0 0.3 0:23.72
713 0.0 0.3 0:23.73
713 0.0 0.3 0:23.74
713 0.0 0.3 0:23.76
713 5.6 0.3 0:23.77
713 0.0 0.3 0:23.77
713 0.0 0.3 0:23.77
713 0.0 0.3 0:23.81
713 0.0 0.3 0:23.82
713 0.0 0.3 0:23.82
713 0.0 0.3 0:23.82
713 0.0 0.3 0:23.82
713 0.0 0.3 0:23.82
713 0.0 0.3 0:23.82
713 0.0 0.3 0:23.82
713 0.0 0.3 0:23.82
713 0.0 0.3 0:23.83
713 0.0 0.3 0:23.83
713 0.0 0.3 0:23.84
713 0.0 0.3 0:23.84
713 0.0 0.3 0:23.85
713 0.0 0.3 0:23.87
713 0.0 0.3 0:23.87
713 0.0 0.3 0:23.87
713 0.0 0.3 0:23.87
713 0.0 0.3 0:23.87
713 0.0 0.3 0:23.87
713 0.0 0.3 0:23.87
713 0.0 0.3 0:23.87
713 0.0 0.3 0:23.87
713 0.0 0.3 0:23.87
713 0.0 0.3 0:23.87
713 0.0 0.3 0:23.87
713 0.0 0.3 0:23.87
713 0.0 0.3 0:23.87
713 0.0 0.3 0:23.87
713 0.0 0.3 0:23.87
713 0.0 0.3 0:23.87
713 0.0 0.3 0:23.87
713 0.0 0.3 0:23.87
713 0.0 0.3 0:23.87
713 0.0 0.3 0:23.87
