713 11.1 0.3 0:27.37
713 0.0 0.3 0:27.37
713 0.0 0.3 0:27.37
713 0.0 0.3 0:27.37
713 0.0 0.3 0:27.37
713 0.0 0.3 0:27.37
713 0.0 0.3 0:27.37
713 0.0 0.3 0:27.37
713 0.0 0.3 0:27.37
713 0.0 0.3 0:27.37
713 0.0 0.3 0:27.37
713 0.0 0.3 0:27.37
713 0.0 0.3 0:27.37
713 0.0 0.3 0:27.37
713 0.0 0.3 0:27.37
713 0.0 0.3 0:27.37
713 0.0 0.3 0:27.37
713 0.0 0.3 0:27.37
713 0.0 0.3 0:27.37
713 0.0 0.3 0:27.39
713 0.0 0.3 0:27.39
30713 11.1 0.2 0:00.04
713 0.0 0.3 0:27.39
713 0.0 0.3 0:27.39
713 0.0 0.3 0:27.39
713 0.0 0.3 0:27.39
713 0.0 0.3 0:27.39
713 0.0 0.3 0:27.39
713 0.0 0.3 0:27.39
713 0.0 0.3 0:27.39
713 0.0 0.3 0:27.39
713 0.0 0.3 0:27.39
713 0.0 0.3 0:27.39
713 0.0 0.3 0:27.39
713 0.0 0.3 0:27.39
713 0.0 0.3 0:27.39
713 0.0 0.3 0:27.41
713 0.0 0.3 0:27.43
713 0.0 0.3 0:27.43
713 0.0 0.3 0:27.43
713 0.0 0.3 0:27.43
713 0.0 0.3 0:27.43
713 0.0 0.3 0:27.43
713 0.0 0.3 0:27.43
713 0.0 0.3 0:27.43
31713 16.7 0.2 0:00.03
713 0.0 0.3 0:27.43
713 0.0 0.3 0:27.43
713 0.0 0.3 0:27.43
713 0.0 0.3 0:27.43
713 0.0 0.3 0:27.43
713 0.0 0.3 0:27.43
713 0.0 0.3 0:27.43
713 0.0 0.3 0:27.43
713 0.0 0.3 0:27.44
713 0.0 0.3 0:27.47
713 0.0 0.3 0:27.47
713 0.0 0.3 0:27.47
KiB 1537136 avail Mem
713 0.0 0.3 0:27.47
713 0.0 0.3 0:27.47
713 0.0 0.3 0:27.47
713 0.0 0.3 0:27.47
713 0.0 0.3 0:27.47
713 0.0 0.3 0:27.47
713 0.0 0.3 0:27.47
713 0.0 0.3 0:27.47
713 5.6 0.3 0:27.48
713 0.0 0.3 0:27.48
32713 16.7 0.2 0:00.03
713 0.0 0.3 0:27.49
713 0.0 0.3 0:27.50
713 0.0 0.3 0:27.50
713 16.7 0.3 0:27.54
713 0.0 0.3 0:27.54
713 0.0 0.3 0:27.54
713 0.0 0.3 0:27.54
713 0.0 0.3 0:27.54
713 0.0 0.3 0:27.54
713 0.0 0.3 0:27.54
713 0.0 0.3 0:27.54
713 0.0 0.3 0:27.54
713 0.0 0.3 0:27.54
713 0.0 0.3 0:27.54
713 0.0 0.3 0:27.54
713 0.0 0.3 0:27.55
713 0.0 0.3 0:27.55
713 0.0 0.3 0:27.55
713 0.0 0.3 0:27.56
713 0.0 0.3 0:27.56
713 0.0 0.3 0:27.56
713 0.0 0.3 0:27.57
713 0.0 0.3 0:27.58
713 0.0 0.3 0:27.58
713 0.0 0.3 0:27.58
713 0.0 0.3 0:27.58
713 0.0 0.3 0:27.58
713 0.0 0.3 0:27.58
713 0.0 0.3 0:27.58
713 0.0 0.3 0:27.58
713 11.1 0.3 0:27.60
713 0.0 0.3 0:27.60
713 0.0 0.3 0:27.60
713 0.0 0.3 0:27.60
713 0.0 0.3 0:27.60
713 0.0 0.3 0:27.61
713 0.0 0.3 0:27.61
713 5.6 0.3 0:27.63
713 0.0 0.3 0:27.63
713 0.0 0.3 0:27.64
713 0.0 0.3 0:27.65
713 0.0 0.3 0:27.65
713 0.0 0.3 0:27.65
713 0.0 0.3 0:27.65
713 0.0 0.3 0:27.65
713 0.0 0.3 0:27.65
713 0.0 0.3 0:27.65
713 0.0 0.3 0:27.65
713 5.3 0.3 0:27.66
713 0.0 0.3 0:27.66
713 0.0 0.3 0:27.66
713 0.0 0.3 0:27.66
713 0.0 0.3 0:27.66
713 0.0 0.3 0:27.68
713 0.0 0.3 0:27.69
713 5.3 0.3 0:27.70
713 0.0 0.3 0:27.70
713 0.0 0.3 0:27.70
713 0.0 0.3 0:27.71
713 0.0 0.3 0:27.71
713 0.0 0.3 0:27.71
713 0.0 0.3 0:27.71
713 0.0 0.3 0:27.71
713 0.0 0.3 0:27.71
713 0.0 0.3 0:27.72
713 0.0 0.3 0:27.72
713 0.0 0.3 0:27.72
713 0.0 0.3 0:27.72
713 0.0 0.3 0:27.72
713 0.0 0.3 0:27.72
713 0.0 0.3 0:27.73
713 11.8 0.3 0:27.75
713 0.0 0.3 0:27.75
713 0.0 0.3 0:27.75
713 0.0 0.3 0:27.77
713 0.0 0.3 0:27.77
713 5.6 0.3 0:27.78
713 0.0 0.3 0:27.78
713 0.0 0.3 0:27.78
713 0.0 0.3 0:27.78
713 0.0 0.3 0:27.78
713 0.0 0.3 0:27.78
713 0.0 0.3 0:27.78
713 0.0 0.3 0:27.79
713 0.0 0.3 0:27.79
713 0.0 0.3 0:27.79
713 0.0 0.3 0:27.79
713 0.0 0.3 0:27.81
713 0.0 0.3 0:27.81
713 0.0 0.3 0:27.81
713 0.0 0.3 0:27.81
713 0.0 0.3 0:27.81
713 5.6 0.3 0:27.82
713 0.0 0.3 0:27.82
713 0.0 0.3 0:27.82
713 0.0 0.3 0:27.82
713 0.0 0.3 0:27.82
713 0.0 0.3 0:27.82
713 0.0 0.3 0:27.82
713 0.0 0.3 0:27.82
713 0.0 0.3 0:27.82
713 0.0 0.3 0:27.82
713 0.0 0.3 0:27.82
713 0.0 0.3 0:27.83
713 0.0 0.3 0:27.84
713 0.0 0.3 0:27.84
713 0.0 0.3 0:27.85
713 0.0 0.3 0:27.85
713 0.0 0.3 0:27.86
713 0.0 0.3 0:27.86
713 0.0 0.3 0:27.86
713 0.0 0.3 0:27.87
713 0.0 0.3 0:27.87
713 0.0 0.3 0:27.87
713 0.0 0.3 0:27.87
713 0.0 0.3 0:27.87
713 0.0 0.3 0:27.87
713 0.0 0.3 0:27.87
713 0.0 0.3 0:27.87
713 0.0 0.3 0:27.88
713 0.0 0.3 0:27.88
713 0.0 0.3 0:27.88
713 0.0 0.3 0:27.90
713 0.0 0.3 0:27.90
713 0.0 0.3 0:27.90
713 0.0 0.3 0:27.90
713 0.0 0.3 0:27.92
713 0.0 0.3 0:27.92
713 0.0 0.3 0:27.92
713 0.0 0.3 0:27.92
5713 15.8 0.2 0:00.03
713 0.0 0.3 0:27.94
713 0.0 0.3 0:27.94
713 0.0 0.3 0:27.94
713 0.0 0.3 0:27.94
713 0.0 0.3 0:27.94
713 0.0 0.3 0:27.94
713 0.0 0.3 0:27.94
713 0.0 0.3 0:27.94
713 0.0 0.3 0:27.94
713 0.0 0.3 0:27.96
713 0.0 0.3 0:27.96
713 0.0 0.3 0:27.96
713 0.0 0.3 0:27.96
713 0.0 0.3 0:27.96
713 5.6 0.3 0:27.97
713 0.0 0.3 0:27.97
713 0.0 0.3 0:27.97
713 0.0 0.3 0:27.97
713 0.0 0.3 0:27.97
713 0.0 0.3 0:27.98
713 0.0 0.3 0:27.98
713 0.0 0.3 0:27.98
713 0.0 0.3 0:27.98
713 0.0 0.3 0:27.98
713 0.0 0.3 0:27.98
713 0.0 0.3 0:27.98
713 0.0 0.3 0:27.98
713 0.0 0.3 0:27.98
713 0.0 0.3 0:27.98
713 0.0 0.3 0:27.99
713 0.0 0.3 0:27.99
713 0.0 0.3 0:27.99
713 0.0 0.3 0:28.00
713 0.0 0.3 0:28.01
7132 16.7 0.2 0:00.03
713 0.0 0.3 0:28.01
713 0.0 0.3 0:28.01
713 0.0 0.3 0:28.02
713 0.0 0.3 0:28.02
713 0.0 0.3 0:28.02
713 0.0 0.3 0:28.02
713 0.0 0.3 0:28.02
713 0.0 0.3 0:28.04
713 0.0 0.3 0:28.04
713 0.0 0.3 0:28.04
713 0.0 0.3 0:28.04
713 0.0 0.3 0:28.04
713 0.0 0.3 0:28.05
713 0.0 0.3 0:28.05
713 0.0 0.3 0:28.05
713 0.0 0.3 0:28.07
713 0.0 0.3 0:28.07
713 0.0 0.3 0:28.08
713 0.0 0.3 0:28.09
713 5.6 0.3 0:28.10
713 0.0 0.3 0:28.10
713 0.0 0.3 0:28.10
713 0.0 0.3 0:28.11
713 0.0 0.3 0:28.11
713 0.0 0.3 0:28.11
713 0.0 0.3 0:28.11
713 0.0 0.3 0:28.11
713 0.0 0.3 0:28.12
713 0.0 0.3 0:28.12
713 0.0 0.3 0:28.14
713 0.0 0.3 0:28.14
713 0.0 0.3 0:28.14
713 0.0 0.3 0:28.16
713 0.0 0.3 0:28.16
713 0.0 0.3 0:28.17
713 0.0 0.3 0:28.17
713 0.0 0.3 0:28.18
713 0.0 0.3 0:28.18
713 0.0 0.3 0:28.19
713 0.0 0.3 0:28.19
713 0.0 0.3 0:28.19
713 0.0 0.3 0:28.19
713 0.0 0.3 0:28.19
713 0.0 0.3 0:28.19
713 0.0 0.3 0:28.20
713 0.0 0.3 0:28.21
713 5.6 0.3 0:28.22
713 0.0 0.3 0:28.22
713 0.0 0.3 0:28.23
713 0.0 0.3 0:28.24
713 0.0 0.3 0:28.24
713 0.0 0.3 0:28.25
713 0.0 0.3 0:28.25
713 0.0 0.3 0:28.26
713 0.0 0.3 0:28.26
713 0.0 0.3 0:28.26
713 0.0 0.3 0:28.26
713 0.0 0.3 0:28.27
713 0.0 0.3 0:28.27
713 0.0 0.3 0:28.27
713 0.0 0.3 0:28.28
713 0.0 0.3 0:28.28
713 0.0 0.3 0:28.28
713 0.0 0.3 0:28.29
713 0.0 0.3 0:28.31
713 0.0 0.3 0:28.31
713 5.3 0.3 0:28.32
713 0.0 0.3 0:28.32
713 5.6 0.3 0:28.33
713 0.0 0.3 0:28.33
713 0.0 0.3 0:28.33
713 0.0 0.3 0:28.33
713 0.0 0.3 0:28.35
713 0.0 0.3 0:28.35
713 0.0 0.3 0:28.35
713 0.0 0.3 0:28.35
713 0.0 0.3 0:28.35
713 0.0 0.3 0:28.35
713 0.0 0.3 0:28.35
713 0.0 0.3 0:28.35
713 0.0 0.3 0:28.35
713 0.0 0.3 0:28.36
713 0.0 0.3 0:28.37
713 5.6 0.3 0:28.38
713 0.0 0.3 0:28.38
713 0.0 0.3 0:28.38
713 0.0 0.3 0:28.38
713 0.0 0.3 0:28.38
713 0.0 0.3 0:28.39
713 0.0 0.3 0:28.39
713 0.0 0.3 0:28.39
713 0.0 0.3 0:28.39
713 5.6 0.3 0:28.40
713 0.0 0.3 0:28.40
713 0.0 0.3 0:28.40
713 0.0 0.3 0:28.41
713 0.0 0.3 0:28.41
713 0.0 0.3 0:28.42
713 0.0 0.3 0:28.42
713 0.0 0.3 0:28.42
713 0.0 0.3 0:28.43
KiB 1537132 avail Mem
713 0.0 0.3 0:28.44
713 0.0 0.3 0:28.44
713 0.0 0.3 0:28.46
713 0.0 0.3 0:28.46
713 0.0 0.3 0:28.46
713 0.0 0.3 0:28.46
713 0.0 0.3 0:28.46
713 0.0 0.3 0:28.46
713 0.0 0.3 0:28.46
713 11.1 0.3 0:28.48
713 0.0 0.3 0:28.48
713 0.0 0.3 0:28.48
713 5.9 0.3 0:28.49
713 0.0 0.3 0:28.49
713 0.0 0.3 0:28.49
713 0.0 0.3 0:28.49
713 0.0 0.3 0:28.49
713 0.0 0.3 0:28.50
713 0.0 0.3 0:28.50
713 0.0 0.3 0:28.50
713 0.0 0.3 0:28.50
713 0.0 0.3 0:28.50
713 0.0 0.3 0:28.51
713 0.0 0.3 0:28.51
KiB 1537132 avail Mem
KiB 1537132 avail Mem
713 0.0 0.3 0:28.51
713 0.0 0.3 0:28.52
713 0.0 0.3 0:28.52
KiB 1537136 avail Mem
713 0.0 0.3 0:28.52
713 0.0 0.3 0:28.52
713 0.0 0.3 0:28.52
713 0.0 0.3 0:28.53
713 0.0 0.3 0:28.53
713 0.0 0.3 0:28.54
713 0.0 0.3 0:28.54
713 0.0 0.3 0:28.54
713 0.0 0.3 0:28.55
713 5.6 0.3 0:28.56
713 0.0 0.3 0:28.56
713 0.0 0.3 0:28.56
713 0.0 0.3 0:28.56
713 0.0 0.3 0:28.57
713 0.0 0.3 0:28.57
713 0.0 0.3 0:28.57
713 0.0 0.3 0:28.57
713 0.0 0.3 0:28.57
713 0.0 0.3 0:28.58
713 0.0 0.3 0:28.58
713 0.0 0.3 0:28.58
713 0.0 0.3 0:28.58
713 0.0 0.3 0:28.58
KiB 1537132 avail Mem
713 0.0 0.3 0:28.58
713 0.0 0.3 0:28.58
713 0.0 0.3 0:28.58
713 0.0 0.3 0:28.58
713 0.0 0.3 0:28.58
713 0.0 0.3 0:28.58
713 0.0 0.3 0:28.58
713 0.0 0.3 0:28.58
713 0.0 0.3 0:28.58
713 0.0 0.3 0:28.58
713 0.0 0.3 0:28.58
713 0.0 0.3 0:28.58
