713 13.6 0.3 0:19.54
713 0.0 0.3 0:19.55
713 0.0 0.3 0:19.55
713 0.0 0.3 0:19.55
713 0.0 0.3 0:19.55
713 0.0 0.3 0:19.55
713 0.0 0.3 0:19.55
713 0.0 0.3 0:19.55
713 0.0 0.3 0:19.55
713 0.0 0.3 0:19.55
713 0.0 0.3 0:19.55
713 0.0 0.3 0:19.55
713 0.0 0.3 0:19.55
713 0.0 0.3 0:19.55
713 0.0 0.3 0:19.55
713 0.0 0.3 0:19.55
713 0.0 0.3 0:19.55
713 0.0 0.3 0:19.55
713 0.0 0.3 0:19.56
713 0.0 0.3 0:19.63
713 0.0 0.3 0:19.63
713 0.0 0.3 0:19.63
713 0.0 0.3 0:19.63
713 0.0 0.3 0:19.63
713 0.0 0.3 0:19.63
713 0.0 0.3 0:19.63
713 0.0 0.3 0:19.63
713 0.0 0.3 0:19.63
713 0.0 0.3 0:19.63
713 0.0 0.3 0:19.63
713 0.0 0.3 0:19.63
713 0.0 0.3 0:19.63
713 0.0 0.3 0:19.64
713 0.0 0.3 0:19.64
713 5.3 0.3 0:19.65
713 0.0 0.3 0:19.65
713 0.0 0.3 0:19.66
713 0.0 0.3 0:19.70
713 0.0 0.3 0:19.70
7138 16.7 0.2 0:00.03
713 0.0 0.3 0:19.70
713 0.0 0.3 0:19.70
713 0.0 0.3 0:19.70
713 0.0 0.3 0:19.70
713 0.0 0.3 0:19.70
713 0.0 0.3 0:19.70
713 0.0 0.3 0:19.70
713 0.0 0.3 0:19.70
713 0.0 0.3 0:19.70
713 0.0 0.3 0:19.70
713 0.0 0.3 0:19.70
713 0.0 0.3 0:19.71
713 0.0 0.3 0:19.72
713 0.0 0.3 0:19.72
713 5.3 0.3 0:19.74
713 5.6 0.3 0:19.82
713 0.0 0.3 0:19.82
713 0.0 0.3 0:19.82
713 0.0 0.3 0:19.82
713 0.0 0.3 0:19.82
713 0.0 0.3 0:19.82
713 0.0 0.3 0:19.82
713 0.0 0.3 0:19.82
713 5.3 0.3 0:19.83
713 0.0 0.3 0:19.83
713 0.0 0.3 0:19.83
713 0.0 0.3 0:19.83
713 0.0 0.3 0:19.83
713 0.0 0.3 0:19.83
713 0.0 0.3 0:19.84
713 0.0 0.3 0:19.84
713 0.0 0.3 0:19.84
713 0.0 0.3 0:19.84
713 12.0 0.3 0:19.90
713 0.0 0.3 0:19.91
713 0.0 0.3 0:19.91
713 0.0 0.3 0:19.91
713 0.0 0.3 0:19.91
8713 11.8 0.2 0:00.04
713 0.0 0.3 0:19.91
713 0.0 0.3 0:19.91
713 0.0 0.3 0:19.91
713 0.0 0.3 0:19.92
713 0.0 0.3 0:19.92
713 0.0 0.3 0:19.92
713 0.0 0.3 0:19.92
713 0.0 0.3 0:19.93
713 0.0 0.3 0:19.94
713 0.0 0.3 0:19.94
713 0.0 0.3 0:19.95
713 0.0 0.3 0:19.95
713 0.0 0.3 0:19.95
713 0.0 0.3 0:19.96
713 0.0 0.3 0:19.96
713 0.0 0.3 0:19.96
713 0.0 0.3 0:19.96
713 0.0 0.3 0:19.96
713 0.0 0.3 0:19.96
713 0.0 0.3 0:19.96
713 0.0 0.3 0:19.96
713 0.0 0.3 0:19.97
713 0.0 0.3 0:19.97
9713 16.7 0.2 0:00.03
713 0.0 0.3 0:19.97
713 0.0 0.3 0:19.97
713 5.3 0.3 0:19.98
713 0.0 0.3 0:19.99
713 0.0 0.3 0:20.00
713 5.3 0.3 0:20.01
713 0.0 0.3 0:20.02
713 0.0 0.3 0:20.05
713 0.0 0.3 0:20.05
713 0.0 0.3 0:20.05
713 0.0 0.3 0:20.05
713 0.0 0.3 0:20.05
713 0.0 0.3 0:20.05
713 0.0 0.3 0:20.05
713 0.0 0.3 0:20.05
713 0.0 0.3 0:20.06
713 0.0 0.3 0:20.06
713 0.0 0.3 0:20.06
713 5.3 0.3 0:20.07
713 0.0 0.3 0:20.07
713 0.0 0.3 0:20.08
713 0.0 0.3 0:20.10
713 0.0 0.3 0:20.11
10713 16.7 0.2 0:00.03
713 0.0 0.3 0:20.13
713 0.0 0.3 0:20.16
713 0.0 0.3 0:20.16
713 0.0 0.3 0:20.16
713 0.0 0.3 0:20.16
713 0.0 0.3 0:20.16
713 0.0 0.3 0:20.16
713 0.0 0.3 0:20.16
713 0.0 0.3 0:20.17
713 0.0 0.3 0:20.17
713 0.0 0.3 0:20.18
713 0.0 0.3 0:20.18
713 0.0 0.3 0:20.18
713 0.0 0.3 0:20.18
713 0.0 0.3 0:20.18
713 0.0 0.3 0:20.19
713 5.6 0.3 0:20.20
713 0.0 0.3 0:20.21
713 0.0 0.3 0:20.21
713 0.0 0.3 0:20.22
713 0.0 0.3 0:20.25
713 0.0 0.3 0:20.25
713 0.0 0.3 0:20.25
713 0.0 0.3 0:20.25
713 0.0 0.3 0:20.25
713 0.0 0.3 0:20.25
713 0.0 0.3 0:20.25
713 0.0 0.3 0:20.25
713 0.0 0.3 0:20.26
713 0.0 0.3 0:20.27
713 0.0 0.3 0:20.27
713 0.0 0.3 0:20.27
713 0.0 0.3 0:20.28
713 0.0 0.3 0:20.29
713 0.0 0.3 0:20.29
713 0.0 0.3 0:20.30
713 0.0 0.3 0:20.31
713 0.0 0.3 0:20.32
713 0.0 0.3 0:20.34
713 0.0 0.3 0:20.34
713 0.0 0.3 0:20.34
713 0.0 0.3 0:20.34
713 0.0 0.3 0:20.34
713 0.0 0.3 0:20.35
713 0.0 0.3 0:20.35
713 0.0 0.3 0:20.35
713 0.0 0.3 0:20.35
713 0.0 0.3 0:20.35
713 0.0 0.3 0:20.35
713 0.0 0.3 0:20.36
713 0.0 0.3 0:20.36
713 0.0 0.3 0:20.36
713 0.0 0.3 0:20.38
713 11.1 0.3 0:20.40
713 0.0 0.3 0:20.40
713 0.0 0.3 0:20.42
713 0.0 0.3 0:20.44
713 0.0 0.3 0:20.44
713 0.0 0.3 0:20.44
713 0.0 0.3 0:20.44
713 0.0 0.3 0:20.44
713 0.0 0.3 0:20.44
713 0.0 0.3 0:20.44
713 0.0 0.3 0:20.44
713 11.1 0.3 0:20.46
713 0.0 0.3 0:20.46
713 0.0 0.3 0:20.46
713 0.0 0.3 0:20.46
713 0.0 0.3 0:20.46
713 0.0 0.3 0:20.46
713 5.0 0.3 0:20.47
713 0.0 0.3 0:20.47
713 0.0 0.3 0:20.47
713 0.0 0.3 0:20.49
713 0.0 0.3 0:20.52
713 0.0 0.3 0:20.52
713 0.0 0.3 0:20.52
713 0.0 0.3 0:20.52
713 0.0 0.3 0:20.52
713 0.0 0.3 0:20.52
713 0.0 0.3 0:20.52
713 0.0 0.3 0:20.53
713 0.0 0.3 0:20.53
713 0.0 0.3 0:20.54
713 0.0 0.3 0:20.56
713 0.0 0.3 0:20.56
713 0.0 0.3 0:20.56
713 0.0 0.3 0:20.59
713 0.0 0.3 0:20.59
713 0.0 0.3 0:20.59
713 0.0 0.3 0:20.59
713 0.0 0.3 0:20.59
713 0.0 0.3 0:20.59
713 0.0 0.3 0:20.59
713 0.0 0.3 0:20.59
713 0.0 0.3 0:20.59
713 0.0 0.3 0:20.59
713 0.0 0.3 0:20.59
713 0.0 0.3 0:20.59
713 0.0 0.3 0:20.59
713 0.0 0.3 0:20.59
713 0.0 0.3 0:20.59
713 0.0 0.3 0:20.59
713 0.0 0.3 0:20.59
713 0.0 0.3 0:20.59
713 0.0 0.3 0:20.59
713 0.0 0.3 0:20.59
713 0.0 0.3 0:20.59
