706 9.1 0.3 0:19.81
706 0.0 0.3 0:19.83
706 0.0 0.3 0:19.84
706 0.0 0.3 0:19.84
706 0.0 0.3 0:19.85
706 0.0 0.3 0:19.85
706 0.0 0.3 0:19.85
706 0.0 0.3 0:19.85
706 0.0 0.3 0:19.85
706 0.0 0.3 0:19.85
706 0.0 0.3 0:19.85
706 0.0 0.3 0:19.85
706 0.0 0.3 0:19.85
706 10.0 0.3 0:19.94
706 16.7 0.3 0:20.09
706 9.1 0.3 0:20.27
706 10.5 0.3 0:20.42
706 22.2 0.3 0:20.61
706 10.0 0.3 0:20.79
706 21.1 0.3 0:20.98
706 25.0 0.3 0:21.17
706 0.0 0.3 0:21.18
706 0.0 0.3 0:21.18
706 0.0 0.3 0:21.18
706 0.0 0.3 0:21.18
706 0.0 0.3 0:21.18
706 0.0 0.3 0:21.18
706 0.0 0.3 0:21.18
706 0.0 0.3 0:21.18
706 0.0 0.3 0:21.18
706 0.0 0.3 0:21.18
706 0.0 0.3 0:21.18
706 0.0 0.3 0:21.18
706 0.0 0.3 0:21.18
706 0.0 0.3 0:21.18
706 0.0 0.3 0:21.18
706 0.0 0.3 0:21.18
706 0.0 0.3 0:21.18
706 0.0 0.3 0:21.18
706 0.0 0.3 0:21.18
706 0.0 0.3 0:21.18
706 0.0 0.3 0:21.18
706 0.0 0.3 0:21.18
706 0.0 0.3 0:21.18
706 0.0 0.3 0:21.18
706 0.0 0.3 0:21.18
706 0.0 0.3 0:21.18
706 0.0 0.3 0:21.18
706 0.0 0.3 0:21.18
706 0.0 0.3 0:21.18
706 0.0 0.3 0:21.18
706 0.0 0.3 0:21.18
706 0.0 0.3 0:21.18
706 0.0 0.3 0:21.18
706 0.0 0.3 0:21.18
706 0.0 0.3 0:21.18
706 0.0 0.3 0:21.18
706 0.0 0.3 0:21.18
706 0.0 0.3 0:21.18
706 0.0 0.3 0:21.18
706 0.0 0.3 0:21.18
706 0.0 0.3 0:21.18
706 0.0 0.3 0:21.18
706 0.0 0.3 0:21.18
706 0.0 0.3 0:21.18
706 0.0 0.3 0:21.18
706 0.0 0.3 0:21.18
706 0.0 0.3 0:21.18
706 0.0 0.3 0:21.18
706 0.0 0.3 0:21.18
706 0.0 0.3 0:21.18
