2931 9.5 0.1 0:11.25
2931 4.5 0.1 0:11.33
2931 4.8 0.1 0:11.42
2931 10.5 0.1 0:11.51
2931 15.8 0.1 0:11.61
2931 5.3 0.1 0:11.72
2931 4.0 0.1 0:11.82
2931 0.0 0.1 0:11.91
2931 14.3 0.1 0:12.03
2931 5.3 0.1 0:12.12
2931 5.0 0.1 0:12.22
2931 10.5 0.1 0:12.31
2931 10.5 0.1 0:12.41
2931 10.5 0.1 0:12.50
2931 9.5 0.1 0:12.62
2931 4.5 0.1 0:12.76
2931 5.0 0.1 0:12.84
2931 4.8 0.1 0:12.96
2931 5.3 0.1 0:13.05
2931 5.3 0.1 0:13.14
2931 9.1 0.1 0:13.24
2931 9.1 0.1 0:13.30
2931 5.3 0.1 0:13.39
2931 10.5 0.1 0:13.49
2931 11.1 0.1 0:13.61
2931 5.3 0.1 0:13.67
2931 16.7 0.1 0:13.76
2931 5.6 0.1 0:13.83
2931 14.3 0.1 0:13.91
2931 11.1 0.1 0:14.02
2931 10.0 0.1 0:14.11
2931 5.3 0.1 0:14.18
2931 9.5 0.1 0:14.28
2931 11.1 0.1 0:14.38
2931 5.6 0.1 0:14.45
2931 5.6 0.1 0:14.54
2931 5.6 0.1 0:14.63
2931 0.0 0.1 0:14.71
2931 0.0 0.1 0:14.71
2931 0.0 0.1 0:14.71
