708 0.0 0.1 0:00.00
708 0.0 0.1 0:00.00
708 0.0 0.1 0:00.00
708 0.0 0.1 0:00.00
708 0.0 0.1 0:00.00
708 0.0 0.1 0:00.00
708 0.0 0.1 0:00.00
708 0.0 0.1 0:00.00
708 0.0 0.1 0:00.00
708 0.0 0.1 0:00.00
708 0.0 0.1 0:00.00
708 0.0 0.1 0:00.00
708 0.0 0.1 0:00.00
708 0.0 0.1 0:00.00
708 0.0 0.1 0:00.00
708 0.0 0.1 0:00.00
708 0.0 0.1 0:00.00
708 0.0 0.1 0:00.00
708 0.0 0.1 0:00.00
708 0.0 0.1 0:00.00
708 0.0 0.1 0:00.00
708 0.0 0.1 0:00.00
708 0.0 0.1 0:00.00
708 0.0 0.1 0:00.00
708 0.0 0.1 0:00.00
708 0.0 0.1 0:00.00
708 0.0 0.1 0:00.00
708 0.0 0.1 0:00.00
708 0.0 0.1 0:00.00
708 0.0 0.1 0:00.00
708 0.0 0.1 0:00.00
708 0.0 0.1 0:00.00
708 0.0 0.1 0:00.00
708 0.0 0.1 0:00.00
708 0.0 0.1 0:00.00
708 0.0 0.1 0:00.00
708 0.0 0.1 0:00.00
708 0.0 0.1 0:00.00
708 0.0 0.1 0:00.00
708 0.0 0.1 0:00.00
708 0.0 0.1 0:00.00
708 0.0 0.1 0:00.00
708 0.0 0.1 0:00.00
708 0.0 0.1 0:00.00
708 0.0 0.1 0:00.00
708 0.0 0.1 0:00.00
708 0.0 0.1 0:00.00
708 0.0 0.1 0:00.00
708 0.0 0.1 0:00.00
708 0.0 0.1 0:00.00
708 0.0 0.1 0:00.00
708 0.0 0.1 0:00.00
708 0.0 0.1 0:00.00
708 0.0 0.1 0:00.00
708 0.0 0.1 0:00.00
708 0.0 0.1 0:00.00
708 0.0 0.1 0:00.00
708 0.0 0.1 0:00.00
708 0.0 0.1 0:00.00
708 0.0 0.1 0:00.00
708 0.0 0.1 0:00.00
708 0.0 0.1 0:00.00
708 0.0 0.1 0:00.00
708 0.0 0.1 0:00.00
708 0.0 0.1 0:00.00
708 0.0 0.1 0:00.00
708 0.0 0.1 0:00.00
708 0.0 0.1 0:00.00
708 0.0 0.1 0:00.00
708 0.0 0.1 0:00.00
708 0.0 0.1 0:00.00
708 0.0 0.1 0:00.00
708 0.0 0.1 0:00.00
708 0.0 0.1 0:00.00
708 0.0 0.1 0:00.00
708 0.0 0.1 0:00.00
7083 11.1 0.2 0:00.04
708 0.0 0.1 0:00.00
708 0.0 0.1 0:00.00
708 0.0 0.1 0:00.00
708 0.0 0.1 0:00.00
708 0.0 0.1 0:00.00
708 0.0 0.1 0:00.00
708 0.0 0.1 0:00.00
708 0.0 0.1 0:00.00
708 0.0 0.1 0:00.00
708 0.0 0.1 0:00.00
708 0.0 0.1 0:00.00
708 0.0 0.1 0:00.00
708 0.0 0.1 0:00.00
708 0.0 0.1 0:00.00
708 0.0 0.1 0:00.00
708 0.0 0.1 0:00.00
708 0.0 0.1 0:00.00
708 0.0 0.1 0:00.00
708 0.0 0.1 0:00.00
708 0.0 0.1 0:00.00
708 0.0 0.1 0:00.00
708 0.0 0.1 0:00.00
708 0.0 0.1 0:00.00
