708 0.0 0.1 0:00.00
708 0.0 0.1 0:00.00
708 0.0 0.1 0:00.00
708 0.0 0.1 0:00.00
708 0.0 0.1 0:00.00
708 0.0 0.1 0:00.00
708 0.0 0.1 0:00.00
708 0.0 0.1 0:00.00
708 0.0 0.1 0:00.00
KiB used, 261708 buff/cache
708 0.0 0.1 0:00.00
708 0.0 0.1 0:00.00
708 0.0 0.1 0:00.00
708 0.0 0.1 0:00.00
708 0.0 0.1 0:00.00
708 0.0 0.1 0:00.00
708 0.0 0.1 0:00.00
708 0.0 0.1 0:00.00
708 0.0 0.1 0:00.00
708 0.0 0.1 0:00.00
708 0.0 0.1 0:00.00
708 0.0 0.1 0:00.00
KiB 1533708 avail Mem
708 0.0 0.1 0:00.00
708 0.0 0.1 0:00.00
708 0.0 0.1 0:00.00
708 0.0 0.1 0:00.00
708 0.0 0.1 0:00.00
708 0.0 0.1 0:00.00
7083 11.1 0.2 0:00.05
708 0.0 0.1 0:00.00
708 0.0 0.1 0:00.00
708 0.0 0.1 0:00.00
708 0.0 0.1 0:00.00
708 0.0 0.1 0:00.00
708 0.0 0.1 0:00.00
708 0.0 0.1 0:00.00
708 0.0 0.1 0:00.00
708 0.0 0.1 0:00.00
708 0.0 0.1 0:00.00
708 0.0 0.1 0:00.00
708 0.0 0.1 0:00.00
708 0.0 0.1 0:00.00
708 0.0 0.1 0:00.00
708 0.0 0.1 0:00.00
708 0.0 0.1 0:00.00
708 0.0 0.1 0:00.00
708 0.0 0.1 0:00.00
708 0.0 0.1 0:00.00
708 0.0 0.1 0:00.00
708 0.0 0.1 0:00.00
708 0.0 0.1 0:00.00
708 0.0 0.1 0:00.00
708 0.0 0.1 0:00.00
708 0.0 0.1 0:00.00
708 0.0 0.1 0:00.00
708 0.0 0.1 0:00.00
708 0.0 0.1 0:00.00
708 0.0 0.1 0:00.00
708 0.0 0.1 0:00.00
708 0.0 0.1 0:00.00
708 0.0 0.1 0:00.00
708 0.0 0.1 0:00.00
708 0.0 0.1 0:00.00
708 0.0 0.1 0:00.00
708 0.0 0.1 0:00.00
708 0.0 0.1 0:00.00
708 0.0 0.1 0:00.00
708 0.0 0.1 0:00.00
708 0.0 0.1 0:00.00
708 0.0 0.1 0:00.00
708 0.0 0.1 0:00.00
708 0.0 0.1 0:00.00
708 0.0 0.1 0:00.00
708 0.0 0.1 0:00.00
708 0.0 0.1 0:00.00
708 0.0 0.1 0:00.00
708 0.0 0.1 0:00.00
708 0.0 0.1 0:00.00
708 0.0 0.1 0:00.00
708 0.0 0.1 0:00.00
708 0.0 0.1 0:00.00
708 0.0 0.1 0:00.00
708 0.0 0.1 0:00.00
708 0.0 0.1 0:00.00
708 0.0 0.1 0:00.00
