709 5.6 0.4 1:00.35
709 5.6 0.4 1:00.38
709 0.0 0.4 1:00.39
709 0.0 0.4 1:00.41
709 0.0 0.4 1:00.43
709 0.0 0.4 1:00.46
709 5.0 0.4 1:00.48
709 0.0 0.4 1:00.50
709 0.0 0.4 1:00.53
709 0.0 0.4 1:00.54
709 5.3 0.4 1:00.56
709 0.0 0.4 1:00.58
709 0.0 0.4 1:00.60
709 0.0 0.4 1:00.63
709 0.0 0.4 1:00.65
709 0.0 0.4 1:00.67
709 0.0 0.4 1:00.69
709 0.0 0.4 1:00.71
709 0.0 0.4 1:00.73
709 0.0 0.4 1:00.75
709 0.0 0.4 1:00.77
709 0.0 0.4 1:00.80
709 0.0 0.4 1:00.81
709 0.0 0.4 1:00.83
709 5.3 0.4 1:00.86
709 5.6 0.4 1:00.88
709 0.0 0.4 1:00.91
709 5.6 0.4 1:00.94
709 5.6 0.4 1:00.97
709 0.0 0.4 1:00.99
709 0.0 0.4 1:01.01
709 0.0 0.4 1:01.03
709 0.0 0.4 1:01.06
709 0.0 0.4 1:01.07
709 5.6 0.4 1:01.09
709 0.0 0.4 1:01.11
709 5.6 0.4 1:01.14
709 5.6 0.4 1:01.16
709 0.0 0.4 1:01.18
709 0.0 0.4 1:01.20
709 0.0 0.4 1:01.22
709 0.0 0.4 1:01.24
709 0.0 0.4 1:01.26
709 0.0 0.4 1:01.28
709 0.0 0.4 1:01.30
709 5.3 0.4 1:01.33
709 10.5 0.4 1:01.36
709 10.5 0.4 1:01.38
709 10.5 0.4 1:01.40
709 10.5 0.4 1:01.42
KiB used, 370920 buff/cache
KiB used, 370936 buff/cache
KiB used, 370928 buff/cache
KiB used, 370944 buff/cache
KiB used, 370960 buff/cache
KiB used, 370976 buff/cache
709 5.6 0.4 1:01.57
KiB used, 370992 buff/cache
709 5.6 0.4 1:01.61
709 0.0 0.4 1:01.63
709 0.0 0.4 1:01.65
709 5.9 0.4 1:01.67
709 0.0 0.4 1:01.69
709 5.3 0.4 1:01.72
709 5.3 0.4 1:01.74
709 5.3 0.4 1:01.76
709 0.0 0.4 1:01.78
709 0.0 0.4 1:01.80
709 0.0 0.4 1:01.82
709 0.0 0.4 1:01.85
709 5.6 0.4 1:01.88
709 5.3 0.4 1:01.90
709 0.0 0.4 1:01.92
709 0.0 0.4 1:01.94
709 5.3 0.4 1:01.97
709 5.6 0.4 1:01.99
709 0.0 0.4 1:02.01
709 0.0 0.4 1:02.03
709 0.0 0.4 1:02.05
709 0.0 0.4 1:02.08
709 0.0 0.4 1:02.10
709 0.0 0.4 1:02.10
709 0.0 0.4 1:02.10
709 0.0 0.4 1:02.10
709 0.0 0.4 1:02.10
709 0.0 0.4 1:02.10
709 0.0 0.4 1:02.10
709 0.0 0.4 1:02.10
709 0.0 0.4 1:02.10
709 0.0 0.4 1:02.10
709 0.0 0.4 1:02.10
