709 0.0 0.4 0:51.54
709 0.0 0.4 0:51.56
709 0.0 0.4 0:51.58
709 0.0 0.4 0:51.60
709 0.0 0.4 0:51.63
709 0.0 0.4 0:51.65
709 0.0 0.4 0:51.67
709 0.0 0.4 0:51.70
709 5.0 0.4 0:51.72
709 0.0 0.4 0:51.74
709 5.9 0.4 0:51.77
709 0.0 0.4 0:51.79
709 0.0 0.4 0:51.82
709 5.0 0.4 0:51.85
709 0.0 0.4 0:51.87
709 5.3 0.4 0:51.90
709 0.0 0.4 0:51.92
709 5.6 0.4 0:51.95
709 11.1 0.4 0:51.99
709 5.6 0.4 0:52.00
709 0.0 0.4 0:52.02
709 0.0 0.4 0:52.04
709 0.0 0.4 0:52.07
709 0.0 0.4 0:52.10
709 0.0 0.4 0:52.12
709 5.6 0.4 0:52.15
709 0.0 0.4 0:52.17
709 0.0 0.4 0:52.20
709 0.0 0.4 0:52.22
709 0.0 0.4 0:52.24
709 0.0 0.4 0:52.27
709 0.0 0.4 0:52.30
709 5.0 0.4 0:52.33
709 0.0 0.4 0:52.35
709 5.6 0.4 0:52.39
709 5.3 0.4 0:52.41
709 0.0 0.4 0:52.43
709 5.0 0.4 0:52.46
709 0.0 0.4 0:52.48
709 0.0 0.4 0:52.51
709 0.0 0.4 0:52.53
709 0.0 0.4 0:52.55
709 0.0 0.4 0:52.58
709 0.0 0.4 0:52.60
709 5.6 0.4 0:52.63
709 0.0 0.4 0:52.65
709 0.0 0.4 0:52.67
709 5.3 0.4 0:52.71
709 0.0 0.4 0:52.73
709 5.3 0.4 0:52.76
709 0.0 0.4 0:52.79
709 0.0 0.4 0:52.81
709 0.0 0.4 0:52.83
709 11.1 0.4 0:52.87
709 0.0 0.4 0:52.89
709 0.0 0.4 0:52.91
709 0.0 0.4 0:52.93
709 5.3 0.4 0:52.96
709 0.0 0.4 0:52.97
709 5.3 0.4 0:53.00
709 0.0 0.4 0:53.03
709 0.0 0.4 0:53.04
709 0.0 0.4 0:53.06
709 0.0 0.4 0:53.08
709 5.3 0.4 0:53.11
709 0.0 0.4 0:53.13
709 5.6 0.4 0:53.16
709 0.0 0.4 0:53.18
709 5.6 0.4 0:53.21
709 0.0 0.4 0:53.23
709 5.6 0.4 0:53.25
709 0.0 0.4 0:53.27
709 5.6 0.4 0:53.30
709 5.3 0.4 0:53.32
709 0.0 0.4 0:53.34
709 5.6 0.4 0:53.37
709 0.0 0.4 0:53.39
709 5.0 0.4 0:53.41
709 5.6 0.4 0:53.43
709 0.0 0.4 0:53.45
709 0.0 0.4 0:53.45
709 0.0 0.4 0:53.45
709 0.0 0.4 0:53.45
709 0.0 0.4 0:53.45
709 0.0 0.4 0:53.45
709 0.0 0.4 0:53.45
709 0.0 0.4 0:53.45
709 0.0 0.4 0:53.45
709 0.0 0.4 0:53.45
709 0.0 0.4 0:53.45
709 0.0 0.4 0:53.45
709 0.0 0.4 0:53.45
709 0.0 0.4 0:53.45
709 0.0 0.4 0:53.45
709 0.0 0.4 0:53.45
709 0.0 0.4 0:53.45
