710 6.9 0.4 0:00.12
710 5.6 0.4 0:00.10
710 5.0 0.4 0:00.09
710 5.8 0.4 0:00.11
710 7.8 0.4 0:00.14
710 5.9 0.4 0:00.15
710 9.5 0.4 0:00.15
710 10.5 0.4 0:00.22
710 5.0 0.4 0:00.28
710 5.3 0.4 0:00.35
710 10.5 0.4 0:00.42
710 5.3 0.4 0:00.47
710 5.6 0.4 0:00.53
710 9.5 0.4 0:00.60
710 5.3 0.4 0:00.65
710 5.3 0.4 0:00.70
710 5.6 0.4 0:00.75
710 5.6 0.4 0:00.81
568 0.0 0.9 0:00.48
710 5.6 0.4 0:00.91
710 5.6 0.4 0:00.96
568 0.0 0.9 0:00.48
710 5.6 0.4 0:01.05
710 5.3 0.4 0:01.10
568 0.0 0.9 0:00.48
710 5.6 0.4 0:01.19
568 0.0 0.9 0:00.48
710 4.8 0.4 0:01.29
710 5.3 0.4 0:01.34
710 5.0 0.4 0:01.40
710 5.6 0.4 0:01.44
568 0.0 0.9 0:00.48
710 11.1 0.4 0:01.56
568 0.0 0.9 0:00.48
710 5.3 0.4 0:01.66
710 5.6 0.4 0:01.71
710 5.0 0.4 0:01.76
710 5.6 0.4 0:01.82
568 0.0 0.9 0:00.48
568 0.0 0.9 0:00.48
710 5.3 0.4 0:01.98
710 5.3 0.4 0:02.04
710 11.1 0.4 0:02.10
568 0.0 0.9 0:00.48
568 0.0 0.9 0:00.48
710 10.5 0.4 0:02.26
710 5.3 0.4 0:02.30
710 5.3 0.4 0:02.35
710 5.6 0.4 0:02.39
568 0.0 0.9 0:00.48
710 11.1 0.4 0:02.50
710 4.5 0.4 0:02.56
710 5.6 0.4 0:02.62
710 5.6 0.4 0:02.66
710 10.5 0.4 0:02.72
710 15.8 0.4 0:02.78
710 10.0 0.4 0:02.83
710 5.0 0.4 0:02.88
710 5.3 0.4 0:02.92
710 5.3 0.4 0:02.98
710 5.3 0.4 0:03.02
710 10.5 0.4 0:03.07
568 0.0 0.9 0:00.48
710 5.3 0.4 0:03.17
710 5.0 0.4 0:03.22
710 5.3 0.4 0:03.27
710 5.6 0.4 0:03.32
710 5.6 0.4 0:03.37
568 0.0 0.9 0:00.48
710 5.6 0.4 0:03.47
710 5.6 0.4 0:03.52
710 5.6 0.4 0:03.56
710 11.1 0.4 0:03.63
710 5.3 0.4 0:03.68
710 5.3 0.4 0:03.73
710 5.3 0.4 0:03.78
710 5.3 0.4 0:03.83
710 5.3 0.4 0:03.88
710 5.6 0.4 0:03.93
710 5.0 0.4 0:03.98
710 5.3 0.4 0:04.03
568 0.0 0.9 0:00.48
568 0.0 0.9 0:00.48
568 0.0 0.9 0:00.48
568 0.0 0.9 0:00.48
568 0.0 0.9 0:00.48
568 0.0 0.9 0:00.48
568 0.0 0.9 0:00.48
568 0.0 0.9 0:00.48
568 0.0 0.9 0:00.48
568 0.0 0.9 0:00.48
568 0.0 0.9 0:00.48
568 0.0 0.9 0:00.48
568 0.0 0.9 0:00.48
568 0.0 0.9 0:00.48
568 0.0 0.9 0:00.48
568 0.0 0.9 0:00.48
568 0.0 0.9 0:00.48
568 0.0 0.9 0:00.48
568 0.0 0.9 0:00.48
568 0.0 0.9 0:00.48
568 0.0 0.9 0:00.48
568 0.0 0.9 0:00.48
568 0.0 0.9 0:00.48
568 0.0 0.9 0:00.48
568 0.0 0.9 0:00.48
568 0.0 0.9 0:00.48
568 0.0 0.9 0:00.48
568 0.0 0.9 0:00.48
568 0.0 0.9 0:00.48
568 0.0 0.9 0:00.48
568 0.0 0.9 0:00.48
568 0.0 0.9 0:00.48
