568 0.0 0.9 0:00.48
568 0.0 0.9 0:00.48
710 5.0 0.4 1:16.12
27104 17.6 0.2 0:00.03
568 0.0 0.9 0:00.48
568 0.0 0.9 0:00.48
568 0.0 0.9 0:00.48
568 0.0 0.9 0:00.48
568 0.0 0.9 0:00.48
568 0.0 0.9 0:00.48
710 5.6 0.4 1:16.28
568 0.0 0.9 0:00.48
568 0.0 0.9 0:00.48
710 5.3 0.4 1:16.33
568 0.0 0.9 0:00.48
568 0.0 0.9 0:00.48
568 0.0 0.9 0:00.48
568 0.0 0.9 0:00.48
568 0.0 0.9 0:00.48
568 0.0 0.9 0:00.48
568 0.0 0.9 0:00.48
568 0.0 0.9 0:00.48
568 0.0 0.9 0:00.48
568 0.0 0.9 0:00.48
568 0.0 0.9 0:00.48
710 5.3 0.4 1:16.55
710 5.6 0.4 1:16.57
710 5.9 0.4 1:16.59
568 0.0 0.9 0:00.48
710 5.6 0.4 1:16.63
710 5.6 0.4 1:16.65
568 0.0 0.9 0:00.48
568 0.0 0.9 0:00.48
568 0.0 0.9 0:00.48
568 0.0 0.9 0:00.48
710 5.3 0.4 1:16.74
568 0.0 0.9 0:00.48
568 0.0 0.9 0:00.48
568 0.0 0.9 0:00.48
568 0.0 0.9 0:00.48
710 5.0 0.4 1:16.84
568 0.0 0.9 0:00.48
568 0.0 0.9 0:00.48
568 0.0 0.9 0:00.48
568 0.0 0.9 0:00.48
710 5.6 0.4 1:16.93
568 0.0 0.9 0:00.48
568 0.0 0.9 0:00.48
710 5.3 0.4 1:16.99
568 0.0 0.9 0:00.48
568 0.0 0.9 0:00.48
568 0.0 0.9 0:00.48
568 0.0 0.9 0:00.48
568 0.0 0.9 0:00.48
710 5.3 0.4 1:17.10
568 0.0 0.9 0:00.48
568 0.0 0.9 0:00.48
568 0.0 0.9 0:00.48
568 0.0 0.9 0:00.48
568 0.0 0.9 0:00.48
568 0.0 0.9 0:00.48
710 5.6 0.4 1:17.23
568 0.0 0.9 0:00.48
710 5.6 0.4 1:17.27
710 5.6 0.4 1:17.29
568 0.0 0.9 0:00.48
568 0.0 0.9 0:00.48
568 0.0 0.9 0:00.48
710 5.3 0.4 1:17.37
568 0.0 0.9 0:00.48
710 5.6 0.4 1:17.41
568 0.0 0.9 0:00.48
568 0.0 0.9 0:00.48
710 5.6 0.4 1:17.46
710 5.6 0.4 1:17.48
568 0.0 0.9 0:00.48
568 0.0 0.9 0:00.48
710 5.6 0.4 1:17.53
568 0.0 0.9 0:00.48
568 0.0 0.9 0:00.48
568 0.0 0.9 0:00.48
568 0.0 0.9 0:00.48
568 0.0 0.9 0:00.48
568 0.0 0.9 0:00.48
568 0.0 0.9 0:00.48
568 0.0 0.9 0:00.48
568 0.0 0.9 0:00.48
568 0.0 0.9 0:00.48
568 0.0 0.9 0:00.48
568 0.0 0.9 0:00.48
568 0.0 0.9 0:00.48
568 0.0 0.9 0:00.48
