568 0.0 0.9 0:00.48
710 5.0 0.4 0:44.59
568 0.0 0.9 0:00.48
710 5.3 0.4 0:44.64
710 5.3 0.4 0:44.67
568 0.0 0.9 0:00.48
568 0.0 0.9 0:00.48
710 11.1 0.4 0:44.76
710 5.3 0.4 0:44.78
710 5.6 0.4 0:44.81
568 0.0 0.9 0:00.48
710 5.6 0.4 0:44.87
710 5.3 0.4 0:44.90
568 0.0 0.9 0:00.48
568 0.0 0.9 0:00.48
568 0.0 0.9 0:00.48
568 0.0 0.9 0:00.48
568 0.0 0.9 0:00.48
568 0.0 0.9 0:00.48
568 0.0 0.9 0:00.48
568 0.0 0.9 0:00.48
568 0.0 0.9 0:00.48
568 0.0 0.9 0:00.48
710 5.3 0.4 0:45.24
710 5.0 0.4 0:45.27
710 5.6 0.4 0:45.30
710 5.3 0.4 0:45.33
710 5.3 0.4 0:45.36
710 4.8 0.4 0:45.39
568 0.0 0.9 0:00.48
568 0.0 0.9 0:00.48
710 5.0 0.4 0:45.48
710 5.6 0.4 0:45.51
568 0.0 0.9 0:00.48
710 5.3 0.4 0:45.57
568 0.0 0.9 0:00.48
710 5.3 0.4 0:45.63
710 5.6 0.4 0:45.66
710 5.0 0.4 0:45.70
710 5.6 0.4 0:45.73
568 0.0 0.9 0:00.48
568 0.0 0.9 0:00.48
710 5.6 0.4 0:45.82
568 0.0 0.9 0:00.48
710 5.6 0.4 0:45.88
710 4.8 0.4 0:45.91
568 0.0 0.9 0:00.48
710 5.6 0.4 0:45.98
KiB used, 353940 buff/cache
568 0.0 0.9 0:00.48
568 0.0 0.9 0:00.48
568 0.0 0.9 0:00.48
710 5.6 0.4 0:46.14
568 0.0 0.9 0:00.48
568 0.0 0.9 0:00.48
568 0.0 0.9 0:00.48
568 0.0 0.9 0:00.48
568 0.0 0.9 0:00.48
568 0.0 0.9 0:00.48
710 4.8 0.4 0:46.34
710 5.0 0.4 0:46.36
710 10.5 0.4 0:46.40
568 0.0 0.9 0:00.48
568 0.0 0.9 0:00.48
710 5.3 0.4 0:46.49
568 0.0 0.9 0:00.48
568 0.0 0.9 0:00.48
710 5.6 0.4 0:46.57
710 5.6 0.4 0:46.60
568 0.0 0.9 0:00.48
710 5.6 0.4 0:46.66
710 5.3 0.4 0:46.69
568 0.0 0.9 0:00.48
568 0.0 0.9 0:00.48
568 0.0 0.9 0:00.48
568 0.0 0.9 0:00.48
568 0.0 0.9 0:00.48
568 0.0 0.9 0:00.48
568 0.0 0.9 0:00.48
568 0.0 0.9 0:00.48
568 0.0 0.9 0:00.48
568 0.0 0.9 0:00.48
568 0.0 0.9 0:00.48
568 0.0 0.9 0:00.48
568 0.0 0.9 0:00.48
568 0.0 0.9 0:00.48
568 0.0 0.9 0:00.48
568 0.0 0.9 0:00.48
568 0.0 0.9 0:00.48
568 0.0 0.9 0:00.48
568 0.0 0.9 0:00.48
568 0.0 0.9 0:00.48
568 0.0 0.9 0:00.48
568 0.0 0.9 0:00.48
568 0.0 0.9 0:00.48
568 0.0 0.9 0:00.48
568 0.0 0.9 0:00.48
568 0.0 0.9 0:00.48
568 0.0 0.9 0:00.48
568 0.0 0.9 0:00.48
568 0.0 0.9 0:00.48
