568 0.0 0.9 0:00.48
568 0.0 0.9 0:00.48
568 0.0 0.9 0:00.48
568 0.0 0.9 0:00.48
710 5.3 0.4 1:04.65
568 0.0 0.9 0:00.48
568 0.0 0.9 0:00.48
568 0.0 0.9 0:00.48
568 0.0 0.9 0:00.48
568 0.0 0.9 0:00.48
568 0.0 0.9 0:00.48
568 0.0 0.9 0:00.48
710 5.6 0.4 1:04.83
568 0.0 0.9 0:00.48
568 0.0 0.9 0:00.48
568 0.0 0.9 0:00.48
568 0.0 0.9 0:00.48
710 5.6 0.4 1:04.94
568 0.0 0.9 0:00.48
568 0.0 0.9 0:00.48
568 0.0 0.9 0:00.48
710 5.9 0.4 1:05.03
710 5.6 0.4 1:05.05
568 0.0 0.9 0:00.48
568 0.0 0.9 0:00.48
568 0.0 0.9 0:00.48
568 0.0 0.9 0:00.48
568 0.0 0.9 0:00.48
568 0.0 0.9 0:00.48
568 0.0 0.9 0:00.48
568 0.0 0.9 0:00.48
568 0.0 0.9 0:00.48
710 5.6 0.4 1:05.28
568 0.0 0.9 0:00.48
710 5.6 0.4 1:05.32
568 0.0 0.9 0:00.48
710 5.6 0.4 1:05.37
568 0.0 0.9 0:00.48
KiB used, 370720 buff/cache
568 0.0 0.9 0:00.48
710 5.6 0.4 1:05.47
710 5.6 0.4 1:05.48
568 0.0 0.9 0:00.48
568 0.0 0.9 0:00.48
568 0.0 0.9 0:00.48
710 11.1 0.4 1:05.58
568 0.0 0.9 0:00.48
710 5.6 0.4 1:05.61
568 0.0 0.9 0:00.48
568 0.0 0.9 0:00.48
568 0.0 0.9 0:00.48
568 0.0 0.9 0:00.48
710 5.6 0.4 1:05.73
568 0.0 0.9 0:00.48
568 0.0 0.9 0:00.48
568 0.0 0.9 0:00.48
KiB used, 371000 buff/cache
710 5.6 0.4 1:05.85
KiB used, 371052 buff/cache
KiB used, 371068 buff/cache
KiB used, 371048 buff/cache
568 0.0 0.9 0:00.48
568 0.0 0.9 0:00.48
710 5.0 0.4 1:05.99
568 0.0 0.9 0:00.48
568 0.0 0.9 0:00.48
568 0.0 0.9 0:00.48
568 0.0 0.9 0:00.48
710 5.6 0.4 1:06.10
568 0.0 0.9 0:00.48
568 0.0 0.9 0:00.48
710 5.0 0.4 1:06.19
568 0.0 0.9 0:00.48
568 0.0 0.9 0:00.48
568 0.0 0.9 0:00.48
568 0.0 0.9 0:00.48
568 0.0 0.9 0:00.48
568 0.0 0.9 0:00.48
568 0.0 0.9 0:00.48
568 0.0 0.9 0:00.48
710 5.3 0.4 1:06.40
568 0.0 0.9 0:00.48
568 0.0 0.9 0:00.48
568 0.0 0.9 0:00.48
568 0.0 0.9 0:00.48
568 0.0 0.9 0:00.48
568 0.0 0.9 0:00.48
568 0.0 0.9 0:00.48
568 0.0 0.9 0:00.48
568 0.0 0.9 0:00.48
568 0.0 0.9 0:00.48
