711 5.6 0.4 1:31.81
711 5.6 0.4 1:31.84
711 5.3 0.4 1:31.87
711 5.3 0.4 1:31.91
711 0.0 0.4 1:31.94
711 5.3 0.4 1:31.98
711 0.0 0.4 1:32.01
711 0.0 0.4 1:32.04
711 5.0 0.4 1:32.08
711 5.6 0.4 1:32.11
711 0.0 0.4 1:32.15
711 10.5 0.4 1:32.20
711 5.0 0.4 1:32.23
711 5.6 0.4 1:32.27
711 5.6 0.4 1:32.31
711 5.6 0.4 1:32.35
711 5.6 0.4 1:32.39
711 0.0 0.4 1:32.42
711 5.6 0.4 1:32.46
711 11.1 0.4 1:32.50
711 5.9 0.4 1:32.53
711 5.6 0.4 1:32.57
711 0.0 0.4 1:32.61
711 5.6 0.4 1:32.65
711 5.6 0.4 1:32.68
711 5.6 0.4 1:32.71
711 0.0 0.4 1:32.74
711 5.6 0.4 1:32.78
711 0.0 0.4 1:32.80
711 0.0 0.4 1:32.83
711 4.8 0.4 1:32.87
711 5.3 0.4 1:32.91
711 5.6 0.4 1:32.95
711 5.3 0.4 1:32.99
711 0.0 0.4 1:33.02
711 5.3 0.4 1:33.05
711 5.3 0.4 1:33.09
711 5.0 0.4 1:33.13
711 5.6 0.4 1:33.16
711 0.0 0.4 1:33.19
711 5.6 0.4 1:33.23
711 5.6 0.4 1:33.27
711 0.0 0.4 1:33.30
711 0.0 0.4 1:33.34
711 5.3 0.4 1:33.38
711 0.0 0.4 1:33.41
711 5.6 0.4 1:33.45
711 4.8 0.4 1:33.49
711 5.3 0.4 1:33.53
711 0.0 0.4 1:33.56
711 5.0 0.4 1:33.59
711 5.6 0.4 1:33.62
711 10.5 0.4 1:33.66
711 5.3 0.4 1:33.69
711 5.6 0.4 1:33.72
711 5.6 0.4 1:33.75
711 0.0 0.4 1:33.78
711 5.6 0.4 1:33.82
711 0.0 0.4 1:33.84
711 10.5 0.4 1:33.89
711 5.3 0.4 1:33.93
711 0.0 0.4 1:33.96
711 5.6 0.4 1:34.00
711 0.0 0.4 1:34.03
711 5.6 0.4 1:34.07
711 5.6 0.4 1:34.10
711 5.6 0.4 1:34.14
711 11.1 0.4 1:34.18
711 0.0 0.4 1:34.20
711 5.6 0.4 1:34.23
711 5.6 0.4 1:34.26
711 5.9 0.4 1:34.31
711 5.6 0.4 1:34.34
711 5.6 0.4 1:34.38
711 5.6 0.4 1:34.41
711 0.0 0.4 1:34.44
711 5.6 0.4 1:34.49
711 0.0 0.4 1:34.51
711 4.8 0.4 1:34.56
711 5.3 0.4 1:34.58
711 0.0 0.4 1:34.59
711 0.0 0.4 1:34.59
711 0.0 0.4 1:34.59
711 0.0 0.4 1:34.59
711 0.0 0.4 1:34.59
711 0.0 0.4 1:34.59
711 0.0 0.4 1:34.59
711 0.0 0.4 1:34.59
711 0.0 0.4 1:34.59
711 0.0 0.4 1:34.59
711 0.0 0.4 1:34.59
711 0.0 0.4 1:34.59
711 0.0 0.4 1:34.59
711 0.0 0.4 1:34.59
711 0.0 0.4 1:34.59
711 0.0 0.4 1:34.59
711 0.0 0.4 1:34.59
711 0.0 0.4 1:34.59
