711 0.0 0.4 0:57.05
711 5.6 0.4 0:57.11
711 5.6 0.4 0:57.15
711 5.3 0.4 0:57.20
711 5.3 0.4 0:57.24
711 5.6 0.4 0:57.28
711 16.7 0.4 0:57.34
711 11.1 0.4 0:57.39
711 5.6 0.4 0:57.43
711 5.6 0.4 0:57.47
711 5.3 0.4 0:57.52
711 5.3 0.4 0:57.57
711 5.6 0.4 0:57.61
711 11.1 0.4 0:57.66
711 0.0 0.4 0:57.70
711 5.6 0.4 0:57.76
711 5.3 0.4 0:57.81
711 0.0 0.4 0:57.85
711 5.3 0.4 0:57.90
711 5.6 0.4 0:57.94
711 11.1 0.4 0:58.01
711 5.6 0.4 0:58.05
711 5.3 0.4 0:58.09
711 0.0 0.4 0:58.13
711 5.0 0.4 0:58.18
711 5.6 0.4 0:58.22
711 10.5 0.4 0:58.28
711 11.1 0.4 0:58.32
711 9.5 0.4 0:58.37
711 5.6 0.4 0:58.41
711 5.6 0.4 0:58.46
711 5.3 0.4 0:58.51
711 11.1 0.4 0:58.57
711 4.8 0.4 0:58.61
711 0.0 0.4 0:58.65
711 0.0 0.4 0:58.69
711 5.6 0.4 0:58.74
711 5.6 0.4 0:58.78
711 5.3 0.4 0:58.83
711 5.6 0.4 0:58.87
711 5.6 0.4 0:58.92
711 9.1 0.4 0:58.97
711 0.0 0.4 0:59.01
711 5.6 0.4 0:59.05
711 5.6 0.4 0:59.09
711 5.6 0.4 0:59.15
711 5.3 0.4 0:59.19
711 4.8 0.4 0:59.23
711 11.1 0.4 0:59.28
711 4.8 0.4 0:59.32
711 10.5 0.4 0:59.37
711 0.0 0.4 0:59.40
711 5.6 0.4 0:59.45
711 0.0 0.4 0:59.50
711 5.6 0.4 0:59.55
711 11.1 0.4 0:59.60
711 5.6 0.4 0:59.64
711 0.0 0.4 0:59.68
711 10.5 0.4 0:59.75
711 5.3 0.4 0:59.80
711 5.6 0.4 0:59.84
711 5.3 0.4 0:59.89
711 5.6 0.4 0:59.93
711 9.5 0.4 0:59.99
711 0.0 0.4 1:00.03
711 5.6 0.4 1:00.08
711 11.1 0.4 1:00.13
711 5.3 0.4 1:00.18
711 0.0 0.4 1:00.22
711 5.6 0.4 1:00.27
711 9.1 0.4 1:00.32
711 5.6 0.4 1:00.35
711 5.3 0.4 1:00.40
711 5.6 0.4 1:00.44
711 5.6 0.4 1:00.50
711 5.6 0.4 1:00.55
711 5.6 0.4 1:00.60
711 5.6 0.4 1:00.64
711 9.5 0.4 1:00.69
711 0.0 0.4 1:00.71
711 0.0 0.4 1:00.73
711 0.0 0.4 1:00.73
711 0.0 0.4 1:00.73
711 0.0 0.4 1:00.73
711 0.0 0.4 1:00.73
711 0.0 0.4 1:00.73
711 0.0 0.4 1:00.73
711 0.0 0.4 1:00.73
711 0.0 0.4 1:00.73
711 0.0 0.4 1:00.73
