711 11.1 0.4 0:22.54
711 0.0 0.4 0:22.61
711 5.6 0.4 0:22.68
17111 29.4 0.2 0:00.05
711 11.1 0.4 0:22.82
711 11.1 0.4 0:22.89
711 5.3 0.4 0:22.95
711 5.6 0.4 0:23.02
711 11.1 0.4 0:23.10
711 10.5 0.4 0:23.18
711 9.5 0.4 0:23.25
711 10.0 0.4 0:23.32
711 5.3 0.4 0:23.39
711 5.3 0.4 0:23.46
711 5.6 0.4 0:23.53
711 4.5 0.4 0:23.60
711 4.8 0.4 0:23.67
711 11.1 0.4 0:23.74
711 11.1 0.4 0:23.81
711 11.1 0.4 0:23.88
711 10.5 0.4 0:23.96
711 5.0 0.4 0:24.03
711 5.6 0.4 0:24.11
711 11.1 0.4 0:24.19
711 11.1 0.4 0:24.25
711 11.1 0.4 0:24.32
711 15.8 0.4 0:24.40
711 5.6 0.4 0:24.45
711 5.3 0.4 0:24.52
711 11.1 0.4 0:24.60
711 11.1 0.4 0:24.67
711 5.6 0.4 0:24.74
711 11.1 0.4 0:24.80
711 11.1 0.4 0:24.87
711 5.9 0.4 0:24.94
711 0.0 0.4 0:25.01
711 9.5 0.4 0:25.09
711 4.8 0.4 0:25.16
711 5.9 0.4 0:25.21
711 4.8 0.4 0:25.27
711 5.9 0.4 0:25.32
711 9.1 0.4 0:25.41
711 5.6 0.4 0:25.47
711 11.1 0.4 0:25.53
711 5.6 0.4 0:25.59
711 10.5 0.4 0:25.66
711 5.6 0.4 0:25.72
711 16.7 0.4 0:25.80
711 9.1 0.4 0:25.86
711 10.5 0.4 0:25.93
711 5.3 0.4 0:26.00
711 11.1 0.4 0:26.08
711 0.0 0.4 0:26.15
711 9.1 0.4 0:26.23
711 11.1 0.4 0:26.28
711 9.5 0.4 0:26.36
711 5.6 0.4 0:26.42
711 5.3 0.4 0:26.50
711 11.1 0.4 0:26.57
711 0.0 0.4 0:26.64
711 5.6 0.4 0:26.71
711 11.1 0.4 0:26.78
711 5.6 0.4 0:26.85
711 0.0 0.4 0:26.91
711 11.1 0.4 0:26.98
711 5.3 0.4 0:27.03
711 5.6 0.4 0:27.10
711 0.0 0.4 0:27.18
711 5.6 0.4 0:27.24
711 11.1 0.4 0:27.31
711 5.6 0.4 0:27.37
711 10.5 0.4 0:27.45
711 5.9 0.4 0:27.51
711 5.6 0.4 0:27.57
711 5.3 0.4 0:27.64
711 5.0 0.4 0:27.70
711 5.6 0.4 0:27.75
711 10.5 0.4 0:27.82
711 0.0 0.4 0:27.86
711 0.0 0.4 0:27.87
711 0.0 0.4 0:27.87
711 0.0 0.4 0:27.87
711 0.0 0.4 0:27.87
