711 0.0 0.4 1:58.33
711 0.0 0.4 1:58.36
711 5.6 0.4 1:58.39
711 0.0 0.4 1:58.42
711 0.0 0.4 1:58.43
711 0.0 0.4 1:58.46
711 0.0 0.4 1:58.50
711 5.6 0.4 1:58.52
711 4.8 0.4 1:58.55
711 10.5 0.4 1:58.60
711 0.0 0.4 1:58.62
711 0.0 0.4 1:58.64
711 5.6 0.4 1:58.67
711 0.0 0.4 1:58.70
711 0.0 0.4 1:58.74
711 5.6 0.4 1:58.76
711 5.0 0.4 1:58.78
711 5.6 0.4 1:58.80
711 0.0 0.4 1:58.82
711 5.6 0.4 1:58.85
711 5.6 0.4 1:58.88
711 0.0 0.4 1:58.90
711 4.8 0.4 1:58.93
711 0.0 0.4 1:58.95
711 4.8 0.4 1:58.98
711 0.0 0.4 1:59.00
711 5.6 0.4 1:59.03
7112 11.1 0.2 0:00.04
711 11.1 0.4 1:59.09
711 0.0 0.4 1:59.11
711 0.0 0.4 1:59.14
711 5.6 0.4 1:59.17
711 0.0 0.4 1:59.19
711 5.6 0.4 1:59.22
711 0.0 0.4 1:59.25
711 5.3 0.4 1:59.28
711 0.0 0.4 1:59.30
711 0.0 0.4 1:59.33
711 5.6 0.4 1:59.36
711 0.0 0.4 1:59.39
711 5.6 0.4 1:59.42
711 4.8 0.4 1:59.45
711 5.6 0.4 1:59.48
711 0.0 0.4 1:59.50
711 0.0 0.4 1:59.52
711 5.3 0.4 1:59.55
711 0.0 0.4 1:59.58
711 0.0 0.4 1:59.61
711 5.6 0.4 1:59.65
711 5.0 0.4 1:59.68
711 0.0 0.4 1:59.70
711 5.3 0.4 1:59.73
711 5.6 0.4 1:59.76
711 5.6 0.4 1:59.79
711 5.6 0.4 1:59.82
711 0.0 0.4 1:59.84
711 5.3 0.4 1:59.87
711 5.3 0.4 1:59.91
711 5.6 0.4 1:59.94
711 0.0 0.4 1:59.96
711 5.6 0.4 1:59.99
711 5.6 0.4 2:00.02
711 4.8 0.4 2:00.05
711 0.0 0.4 2:00.07
711 5.6 0.4 2:00.10
711 5.6 0.4 2:00.13
711 0.0 0.4 2:00.16
711 5.3 0.4 2:00.19
711 0.0 0.4 2:00.21
711 0.0 0.4 2:00.23
711 5.6 0.4 2:00.26
711 5.3 0.4 2:00.29
711 0.0 0.4 2:00.32
711 0.0 0.4 2:00.35
711 5.3 0.4 2:00.39
711 0.0 0.4 2:00.41
711 11.1 0.4 2:00.45
711 5.3 0.4 2:00.47
711 5.6 0.4 2:00.51
711 5.6 0.4 2:00.54
711 0.0 0.4 2:00.56
711 0.0 0.4 2:00.56
711 0.0 0.4 2:00.56
711 0.0 0.4 2:00.56
711 0.0 0.4 2:00.56
711 0.0 0.4 2:00.56
711 0.0 0.4 2:00.56
711 0.0 0.4 2:00.56
711 0.0 0.4 2:00.56
711 0.0 0.4 2:00.56
