712 5.6 0.4 1:23.31
23342 4.8 0.1 0:00.01
712 0.0 0.4 1:23.35
KiB used, 378840 buff/cache
712 0.0 0.4 1:23.39
712 5.6 0.4 1:23.42
712 5.9 0.4 1:23.45
712 0.0 0.4 1:23.46
712 5.3 0.4 1:23.49
712 0.0 0.4 1:23.51
712 0.0 0.4 1:23.54
712 5.6 0.4 1:23.56
712 0.0 0.4 1:23.57
712 0.0 0.4 1:23.59
712 0.0 0.4 1:23.62
712 0.0 0.4 1:23.64
712 11.1 0.4 1:23.66
712 4.8 0.4 1:23.67
712 0.0 0.4 1:23.69
712 0.0 0.4 1:23.71
712 0.0 0.4 1:23.73
712 5.0 0.4 1:23.75
712 0.0 0.4 1:23.76
712 5.3 0.4 1:23.79
712 0.0 0.4 1:23.80
712 0.0 0.4 1:23.82
712 5.9 0.4 1:23.85
712 5.3 0.4 1:23.87
712 5.9 0.4 1:23.89
712 5.6 0.4 1:23.91
712 5.6 0.4 1:23.93
712 5.6 0.4 1:23.95
712 0.0 0.4 1:23.97
712 0.0 0.4 1:23.99
712 0.0 0.4 1:24.01
712 0.0 0.4 1:24.04
712 0.0 0.4 1:24.05
712 0.0 0.4 1:24.07
712 5.6 0.4 1:24.10
712 0.0 0.4 1:24.12
712 0.0 0.4 1:24.14
712 5.9 0.4 1:24.16
712 5.9 0.4 1:24.18
712 0.0 0.4 1:24.20
712 0.0 0.4 1:24.22
712 4.8 0.4 1:24.25
712 0.0 0.4 1:24.27
712 0.0 0.4 1:24.29
712 0.0 0.4 1:24.31
712 0.0 0.4 1:24.33
712 0.0 0.4 1:24.35
712 0.0 0.4 1:24.37
712 0.0 0.4 1:24.39
712 4.8 0.4 1:24.42
KiB used, 379512 buff/cache
712 0.0 0.4 1:24.46
KiB used, 379536 buff/cache
712 4.8 0.4 1:24.51
712 5.9 0.4 1:24.53
712 0.0 0.4 1:24.54
712 0.0 0.4 1:24.57
712 0.0 0.4 1:24.59
712 5.6 0.4 1:24.61
712 0.0 0.4 1:24.62
712 5.6 0.4 1:24.65
712 0.0 0.4 1:24.66
712 0.0 0.4 1:24.68
712 0.0 0.4 1:24.70
712 0.0 0.4 1:24.72
712 0.0 0.4 1:24.74
KiB used, 379712 buff/cache
712 5.6 0.4 1:24.78
712 5.9 0.4 1:24.80
712 5.6 0.4 1:24.82
712 0.0 0.4 1:24.83
712 5.3 0.4 1:24.86
712 0.0 0.4 1:24.87
712 0.0 0.4 1:24.89
712 5.6 0.4 1:24.92
712 0.0 0.4 1:24.94
712 0.0 0.4 1:24.95
712 0.0 0.4 1:24.95
712 0.0 0.4 1:24.95
712 0.0 0.4 1:24.95
712 0.0 0.4 1:24.95
712 0.0 0.4 1:24.95
712 0.0 0.4 1:24.95
