712 5.6 0.4 0:25.38
712 5.6 0.4 0:25.42
712 0.0 0.4 0:25.45
712 5.6 0.4 0:25.49
712 0.0 0.4 0:25.52
712 0.0 0.4 0:25.56
712 0.0 0.4 0:25.60
712 10.5 0.4 0:25.65
712 0.0 0.4 0:25.68
712 5.0 0.4 0:25.72
712 11.1 0.4 0:25.77
712 5.6 0.4 0:25.80
712 5.6 0.4 0:25.84
712 5.6 0.4 0:25.88
712 5.6 0.4 0:25.92
712 5.0 0.4 0:25.97
712 0.0 0.4 0:26.01
712 4.3 0.4 0:26.05
712 5.9 0.4 0:26.09
712 0.0 0.4 0:26.12
25712 11.1 0.2 0:00.02
712 5.9 0.4 0:26.20
712 5.6 0.4 0:26.24
712 5.9 0.4 0:26.28
712 0.0 0.4 0:26.32
712 5.6 0.4 0:26.36
712 10.5 0.4 0:26.41
712 5.6 0.4 0:26.44
712 11.1 0.4 0:26.49
KiB used, 334712 buff/cache
712 0.0 0.4 0:26.57
712 4.5 0.4 0:26.62
712 4.2 0.4 0:26.65
712 5.6 0.4 0:26.70
712 0.0 0.4 0:26.74
712 5.6 0.4 0:26.78
712 0.0 0.4 0:26.83
712 11.1 0.4 0:26.88
KiB used, 334936 buff/cache
712 5.6 0.4 0:26.97
712 4.8 0.4 0:27.02
712 4.8 0.4 0:27.06
712 5.6 0.4 0:27.09
712 4.5 0.4 0:27.14
26712 14.3 0.2 0:00.03
712 5.0 0.4 0:27.21
712 5.6 0.4 0:27.25
712 5.6 0.4 0:27.29
712 5.3 0.4 0:27.33
712 0.0 0.4 0:27.36
24873 5.6 0.5 0:19.77
712 5.6 0.4 0:27.45
712 4.3 0.4 0:27.50
712 5.3 0.4 0:27.54
27122 14.3 0.2 0:00.03
24873 5.6 0.5 0:19.87
712 5.0 0.4 0:27.65
712 5.6 0.4 0:27.69
712 0.0 0.4 0:27.74
24873 5.6 0.5 0:19.95
712 0.0 0.4 0:27.81
712 0.0 0.4 0:27.85
712 5.6 0.4 0:27.90
712 5.3 0.4 0:27.93
712 4.8 0.4 0:27.97
712 0.0 0.4 0:28.01
712 5.0 0.4 0:28.06
712 5.6 0.4 0:28.10
712 0.0 0.4 0:28.14
712 5.6 0.4 0:28.19
712 5.3 0.4 0:28.24
24873 16.7 0.5 0:20.22
712 5.6 0.4 0:28.31
712 11.1 0.4 0:28.36
712 4.5 0.4 0:28.40
24873 27.8 0.5 0:20.32
712 0.0 0.4 0:28.49
24873 21.1 0.5 0:20.36
712 5.6 0.4 0:28.58
712 0.0 0.4 0:28.60
712 0.0 0.4 0:28.60
712 0.0 0.4 0:28.60
24873 5.6 0.5 0:20.42
24873 5.6 0.5 0:20.44
712 0.0 0.4 0:28.60
24873 11.1 0.5 0:20.49
24873 5.3 0.5 0:20.50
KiB used, 336004 buff/cache
712 0.0 0.4 0:28.60
