712 4.5 0.4 0:49.25
712 0.0 0.4 0:49.28
712 5.6 0.4 0:49.32
712 0.0 0.4 0:49.35
712 5.6 0.4 0:49.39
712 0.0 0.4 0:49.42
712 5.6 0.4 0:49.46
712 5.6 0.4 0:49.49
712 0.0 0.4 0:49.52
712 0.0 0.4 0:49.56
712 0.0 0.4 0:49.59
712 0.0 0.4 0:49.63
712 0.0 0.4 0:49.66
712 5.6 0.4 0:49.70
712 5.6 0.4 0:49.74
712 0.0 0.4 0:49.77
712 0.0 0.4 0:49.81
712 5.6 0.4 0:49.85
712 0.0 0.4 0:49.88
712 5.3 0.4 0:49.92
712 5.6 0.4 0:49.95
712 0.0 0.4 0:49.98
712 5.6 0.4 0:50.02
712 0.0 0.4 0:50.04
712 4.3 0.4 0:50.08
712 5.0 0.4 0:50.11
712 5.6 0.4 0:50.14
712 0.0 0.4 0:50.16
712 5.6 0.4 0:50.19
712 5.6 0.4 0:50.23
712 0.0 0.4 0:50.26
712 5.9 0.4 0:50.30
712 5.6 0.4 0:50.33
712 5.6 0.4 0:50.37
712 4.2 0.4 0:50.41
712 5.6 0.4 0:50.44
712 5.6 0.4 0:50.47
712 5.6 0.4 0:50.50
712 0.0 0.4 0:50.53
712 5.6 0.4 0:50.56
712 5.6 0.4 0:50.59
712 4.3 0.4 0:50.62
712 5.9 0.4 0:50.65
712 4.3 0.4 0:50.68
712 5.9 0.4 0:50.71
712 0.0 0.4 0:50.75
712 5.6 0.4 0:50.78
712 5.6 0.4 0:50.81
712 5.9 0.4 0:50.84
712 5.0 0.4 0:50.88
712 0.0 0.4 0:50.91
712 0.0 0.4 0:50.95
712 0.0 0.4 0:50.98
712 5.6 0.4 0:51.02
712 0.0 0.4 0:51.05
712 5.6 0.4 0:51.09
712 4.8 0.4 0:51.12
712 4.8 0.4 0:51.16
712 0.0 0.4 0:51.19
712 5.6 0.4 0:51.22
27127 27.3 0.2 0:00.06
712 4.8 0.4 0:51.30
712 5.6 0.4 0:51.34
712 0.0 0.4 0:51.37
712 0.0 0.4 0:51.41
712 0.0 0.4 0:51.44
712 5.3 0.4 0:51.47
712 5.6 0.4 0:51.50
712 0.0 0.4 0:51.53
712 0.0 0.4 0:51.56
712 5.6 0.4 0:51.60
712 5.0 0.4 0:51.64
712 0.0 0.4 0:51.67
712 5.6 0.4 0:51.70
712 0.0 0.4 0:51.73
712 0.0 0.4 0:51.76
712 5.6 0.4 0:51.80
712 0.0 0.4 0:51.83
712 0.0 0.4 0:51.86
712 0.0 0.4 0:51.89
712 0.0 0.4 0:51.89
712 0.0 0.4 0:51.89
712 0.0 0.4 0:51.89
712 0.0 0.4 0:51.89
712 0.0 0.4 0:51.89
712 0.0 0.4 0:51.89
712 0.0 0.4 0:51.89
712 0.0 0.4 0:51.89
712 0.0 0.4 0:51.89
712 0.0 0.4 0:51.89
712 0.0 0.4 0:51.89
712 0.0 0.4 0:51.89
712 0.0 0.4 0:51.89
712 0.0 0.4 0:51.89
712 0.0 0.4 0:51.89
712 0.0 0.4 0:51.89
712 0.0 0.4 0:51.89
712 0.0 0.4 0:51.89
712 0.0 0.4 0:51.89
712 0.0 0.4 0:51.89
712 0.0 0.4 0:51.89
