702 9.5 0.3 0:01.28
702 0.0 0.3 0:01.28
702 0.0 0.3 0:01.28
702 0.0 0.3 0:01.28
702 0.0 0.3 0:01.28
702 0.0 0.3 0:01.28
702 0.0 0.3 0:01.28
702 0.0 0.3 0:01.28
702 0.0 0.3 0:01.28
702 0.0 0.3 0:01.28
702 0.0 0.3 0:01.28
702 0.0 0.3 0:01.28
702 0.0 0.3 0:01.28
702 0.0 0.3 0:01.28
702 0.0 0.3 0:01.28
702 0.0 0.3 0:01.28
702 0.0 0.3 0:01.28
702 0.0 0.3 0:01.28
702 5.6 0.3 0:01.29
702 0.0 0.3 0:01.32
702 0.0 0.3 0:01.32
702 0.0 0.3 0:01.32
702 0.0 0.3 0:01.32
702 0.0 0.3 0:01.32
702 0.0 0.3 0:01.32
702 0.0 0.3 0:01.32
702 0.0 0.3 0:01.32
702 0.0 0.3 0:01.32
702 0.0 0.3 0:01.32
702 0.0 0.3 0:01.32
702 0.0 0.3 0:01.32
702 0.0 0.3 0:01.32
702 0.0 0.3 0:01.32
702 0.0 0.3 0:01.33
702 0.0 0.3 0:01.33
702 0.0 0.3 0:01.33
702 0.0 0.3 0:01.33
702 0.0 0.3 0:01.36
702 0.0 0.3 0:01.36
702 0.0 0.3 0:01.36
702 0.0 0.3 0:01.36
702 0.0 0.3 0:01.36
702 0.0 0.3 0:01.36
702 0.0 0.3 0:01.36
702 0.0 0.3 0:01.36
702 0.0 0.3 0:01.36
702 0.0 0.3 0:01.36
702 0.0 0.3 0:01.36
702 0.0 0.3 0:01.36
702 0.0 0.3 0:01.36
702 0.0 0.3 0:01.36
702 0.0 0.3 0:01.36
702 0.0 0.3 0:01.37
702 0.0 0.3 0:01.37
702 0.0 0.3 0:01.37
702 5.0 0.3 0:01.42
702 0.0 0.3 0:01.43
702 0.0 0.3 0:01.43
702 0.0 0.3 0:01.43
702 0.0 0.3 0:01.43
702 0.0 0.3 0:01.43
702 0.0 0.3 0:01.43
702 0.0 0.3 0:01.43
702 0.0 0.3 0:01.43
702 0.0 0.3 0:01.43
702 0.0 0.3 0:01.43
21702 11.8 0.2 0:00.02
702 0.0 0.3 0:01.43
702 0.0 0.3 0:01.43
702 0.0 0.3 0:01.43
702 5.6 0.3 0:01.45
702 0.0 0.3 0:01.45
702 0.0 0.3 0:01.45
702 0.0 0.3 0:01.46
702 0.0 0.3 0:01.47
702 0.0 0.3 0:01.47
702 0.0 0.3 0:01.47
702 0.0 0.3 0:01.47
702 0.0 0.3 0:01.47
702 0.0 0.3 0:01.47
702 0.0 0.3 0:01.47
702 0.0 0.3 0:01.47
702 0.0 0.3 0:01.47
702 0.0 0.3 0:01.47
702 0.0 0.3 0:01.47
702 0.0 0.3 0:01.47
702 0.0 0.3 0:01.47
702 0.0 0.3 0:01.48
702 0.0 0.3 0:01.48
702 0.0 0.3 0:01.49
702 0.0 0.3 0:01.49
702 0.0 0.3 0:01.49
702 0.0 0.3 0:01.51
702 0.0 0.3 0:01.51
702 0.0 0.3 0:01.51
702 0.0 0.3 0:01.51
702 0.0 0.3 0:01.51
702 0.0 0.3 0:01.51
702 0.0 0.3 0:01.51
702 0.0 0.3 0:01.51
702 0.0 0.3 0:01.51
702 0.0 0.3 0:01.51
702 0.0 0.3 0:01.52
702 0.0 0.3 0:01.52
702 0.0 0.3 0:01.52
702 5.6 0.3 0:01.53
702 0.0 0.3 0:01.53
702 0.0 0.3 0:01.53
702 0.0 0.3 0:01.54
702 0.0 0.3 0:01.54
702 10.5 0.3 0:01.57
702 0.0 0.3 0:01.57
702 0.0 0.3 0:01.57
702 0.0 0.3 0:01.57
702 0.0 0.3 0:01.57
702 0.0 0.3 0:01.57
702 0.0 0.3 0:01.57
702 0.0 0.3 0:01.57
702 0.0 0.3 0:01.57
702 0.0 0.3 0:01.57
702 0.0 0.3 0:01.58
702 0.0 0.3 0:01.58
702 0.0 0.3 0:01.58
702 0.0 0.3 0:01.58
702 0.0 0.3 0:01.59
702 0.0 0.3 0:01.59
702 5.9 0.3 0:01.60
702 0.0 0.3 0:01.60
702 0.0 0.3 0:01.61
702 0.0 0.3 0:01.63
702 0.0 0.3 0:01.63
702 0.0 0.3 0:01.63
702 0.0 0.3 0:01.63
702 0.0 0.3 0:01.63
702 0.0 0.3 0:01.63
702 0.0 0.3 0:01.63
702 0.0 0.3 0:01.63
702 0.0 0.3 0:01.63
702 0.0 0.3 0:01.63
702 0.0 0.3 0:01.63
702 0.0 0.3 0:01.63
702 0.0 0.3 0:01.63
702 0.0 0.3 0:01.64
702 0.0 0.3 0:01.64
702 5.6 0.3 0:01.65
702 0.0 0.3 0:01.65
702 0.0 0.3 0:01.65
702 5.6 0.3 0:01.68
702 0.0 0.3 0:01.68
702 0.0 0.3 0:01.68
702 0.0 0.3 0:01.68
702 0.0 0.3 0:01.68
702 0.0 0.3 0:01.68
702 0.0 0.3 0:01.68
702 0.0 0.3 0:01.68
702 0.0 0.3 0:01.70
702 0.0 0.3 0:01.70
702 0.0 0.3 0:01.70
702 0.0 0.3 0:01.70
702 0.0 0.3 0:01.70
702 0.0 0.3 0:01.70
702 0.0 0.3 0:01.72
702 0.0 0.3 0:01.72
702 0.0 0.3 0:01.72
702 0.0 0.3 0:01.72
702 0.0 0.3 0:01.72
702 0.0 0.3 0:01.74
702 0.0 0.3 0:01.74
702 0.0 0.3 0:01.74
702 0.0 0.3 0:01.74
702 0.0 0.3 0:01.74
702 0.0 0.3 0:01.74
702 0.0 0.3 0:01.74
702 0.0 0.3 0:01.74
702 0.0 0.3 0:01.74
702 0.0 0.3 0:01.74
702 11.1 0.3 0:01.76
702 0.0 0.3 0:01.76
702 0.0 0.3 0:01.76
702 5.6 0.3 0:01.77
702 0.0 0.3 0:01.77
702 0.0 0.3 0:01.79
702 0.0 0.3 0:01.79
702 5.3 0.3 0:01.80
702 0.0 0.3 0:01.82
702 0.0 0.3 0:01.82
702 0.0 0.3 0:01.82
702 0.0 0.3 0:01.82
702 0.0 0.3 0:01.82
702 0.0 0.3 0:01.82
702 0.0 0.3 0:01.82
702 0.0 0.3 0:01.82
702 0.0 0.3 0:01.82
702 0.0 0.3 0:01.82
702 0.0 0.3 0:01.82
702 0.0 0.3 0:01.82
27025 10.5 0.2 0:00.04
702 0.0 0.3 0:01.82
702 0.0 0.3 0:01.82
702 0.0 0.3 0:01.82
702 0.0 0.3 0:01.82
702 0.0 0.3 0:01.82
702 0.0 0.3 0:01.82
702 0.0 0.3 0:01.82
702 0.0 0.3 0:01.82
702 0.0 0.3 0:01.82
702 0.0 0.3 0:01.82
702 0.0 0.3 0:01.82
702 0.0 0.3 0:01.82
702 0.0 0.3 0:01.82
702 0.0 0.3 0:01.82
702 0.0 0.3 0:01.82
702 0.0 0.3 0:01.82
