705 13.6 0.3 0:00.05
705 0.0 0.3 0:00.07
705 0.0 0.3 0:00.07
705 0.0 0.3 0:00.07
705 0.0 0.3 0:00.07
705 0.0 0.3 0:00.07
705 0.0 0.3 0:00.07
705 0.0 0.3 0:00.07
705 0.0 0.3 0:00.07
705 0.0 0.3 0:00.07
705 0.0 0.3 0:00.07
705 0.0 0.3 0:00.07
705 0.0 0.3 0:00.07
705 0.0 0.3 0:00.07
705 0.0 0.3 0:00.07
705 0.0 0.3 0:00.07
705 0.0 0.3 0:00.07
705 0.0 0.3 0:00.08
705 0.0 0.3 0:00.08
705 0.0 0.3 0:00.13
705 0.0 0.3 0:00.13
705 0.0 0.3 0:00.13
705 0.0 0.3 0:00.13
705 0.0 0.3 0:00.13
705 0.0 0.3 0:00.13
705 0.0 0.3 0:00.13
705 0.0 0.3 0:00.13
705 0.0 0.3 0:00.13
705 0.0 0.3 0:00.13
705 0.0 0.3 0:00.13
705 0.0 0.3 0:00.13
705 0.0 0.3 0:00.13
705 0.0 0.3 0:00.13
705 0.0 0.3 0:00.13
705 0.0 0.3 0:00.14
705 0.0 0.3 0:00.14
705 0.0 0.3 0:00.14
705 5.6 0.3 0:00.18
705 0.0 0.3 0:00.18
705 0.0 0.3 0:00.18
705 0.0 0.3 0:00.18
705 0.0 0.3 0:00.18
705 0.0 0.3 0:00.18
705 0.0 0.3 0:00.18
705 0.0 0.3 0:00.18
705 0.0 0.3 0:00.18
705 0.0 0.3 0:00.18
705 0.0 0.3 0:00.18
705 0.0 0.3 0:00.18
705 0.0 0.3 0:00.18
705 0.0 0.3 0:00.18
705 0.0 0.3 0:00.18
705 0.0 0.3 0:00.19
705 0.0 0.3 0:00.19
705 0.0 0.3 0:00.20
705 0.0 0.3 0:00.20
705 0.0 0.3 0:00.24
705 0.0 0.3 0:00.24
705 0.0 0.3 0:00.24
705 0.0 0.3 0:00.24
705 0.0 0.3 0:00.24
705 0.0 0.3 0:00.24
705 0.0 0.3 0:00.24
705 0.0 0.3 0:00.24
705 0.0 0.3 0:00.24
705 0.0 0.3 0:00.24
705 0.0 0.3 0:00.24
705 0.0 0.3 0:00.24
705 0.0 0.3 0:00.24
705 0.0 0.3 0:00.25
705 0.0 0.3 0:00.26
705 0.0 0.3 0:00.26
705 11.1 0.3 0:00.28
705 0.0 0.3 0:00.28
705 0.0 0.3 0:00.31
705 0.0 0.3 0:00.31
705 0.0 0.3 0:00.31
705 0.0 0.3 0:00.31
705 0.0 0.3 0:00.31
705 0.0 0.3 0:00.31
705 0.0 0.3 0:00.31
705 0.0 0.3 0:00.31
705 0.0 0.3 0:00.31
705 0.0 0.3 0:00.31
705 0.0 0.3 0:00.31
705 0.0 0.3 0:00.31
705 0.0 0.3 0:00.32
705 5.3 0.3 0:00.33
705 0.0 0.3 0:00.33
705 0.0 0.3 0:00.33
705 0.0 0.3 0:00.33
705 0.0 0.3 0:00.34
705 4.8 0.3 0:00.39
705 0.0 0.3 0:00.39
705 0.0 0.3 0:00.39
705 0.0 0.3 0:00.39
705 0.0 0.3 0:00.39
705 0.0 0.3 0:00.39
705 0.0 0.3 0:00.39
705 0.0 0.3 0:00.39
705 0.0 0.3 0:00.39
705 0.0 0.3 0:00.39
705 0.0 0.3 0:00.39
705 0.0 0.3 0:00.39
705 0.0 0.3 0:00.40
705 0.0 0.3 0:00.40
705 0.0 0.3 0:00.41
705 0.0 0.3 0:00.41
705 0.0 0.3 0:00.42
705 0.0 0.3 0:00.43
705 0.0 0.3 0:00.44
705 0.0 0.3 0:00.46
705 0.0 0.3 0:00.46
705 0.0 0.3 0:00.46
705 0.0 0.3 0:00.46
705 0.0 0.3 0:00.46
705 0.0 0.3 0:00.46
705 0.0 0.3 0:00.46
705 0.0 0.3 0:00.46
705 0.0 0.3 0:00.46
705 0.0 0.3 0:00.46
705 0.0 0.3 0:00.46
705 11.1 0.3 0:00.48
705 0.0 0.3 0:00.48
705 0.0 0.3 0:00.48
705 0.0 0.3 0:00.50
705 0.0 0.3 0:00.50
705 0.0 0.3 0:00.50
705 0.0 0.3 0:00.50
705 0.0 0.3 0:00.53
705 0.0 0.3 0:00.53
705 0.0 0.3 0:00.53
705 0.0 0.3 0:00.53
705 0.0 0.3 0:00.53
705 0.0 0.3 0:00.53
705 0.0 0.3 0:00.53
705 0.0 0.3 0:00.53
705 0.0 0.3 0:00.54
705 0.0 0.3 0:00.54
705 0.0 0.3 0:00.54
705 0.0 0.3 0:00.54
705 0.0 0.3 0:00.54
705 0.0 0.3 0:00.55
7052 16.7 0.2 0:00.03
705 0.0 0.3 0:00.55
705 0.0 0.3 0:00.55
705 0.0 0.3 0:00.56
705 5.0 0.3 0:00.62
705 0.0 0.3 0:00.62
705 0.0 0.3 0:00.62
705 0.0 0.3 0:00.62
705 0.0 0.3 0:00.62
705 0.0 0.3 0:00.62
705 0.0 0.3 0:00.62
705 0.0 0.3 0:00.63
705 0.0 0.3 0:00.63
705 0.0 0.3 0:00.63
705 0.0 0.3 0:00.63
705 0.0 0.3 0:00.63
705 0.0 0.3 0:00.63
705 0.0 0.3 0:00.65
705 0.0 0.3 0:00.65
705 0.0 0.3 0:00.65
705 0.0 0.3 0:00.65
705 0.0 0.3 0:00.65
705 0.0 0.3 0:00.67
705 0.0 0.3 0:00.70
705 0.0 0.3 0:00.70
705 0.0 0.3 0:00.70
705 0.0 0.3 0:00.70
705 0.0 0.3 0:00.70
705 0.0 0.3 0:00.70
705 0.0 0.3 0:00.70
705 0.0 0.3 0:00.71
705 0.0 0.3 0:00.72
705 0.0 0.3 0:00.72
705 0.0 0.3 0:00.72
705 0.0 0.3 0:00.72
705 0.0 0.3 0:00.73
705 0.0 0.3 0:00.73
705 0.0 0.3 0:00.74
705 0.0 0.3 0:00.74
705 0.0 0.3 0:00.74
705 0.0 0.3 0:00.74
705 0.0 0.3 0:00.77
705 0.0 0.3 0:00.77
705 0.0 0.3 0:00.77
705 0.0 0.3 0:00.77
705 0.0 0.3 0:00.78
705 0.0 0.3 0:00.78
705 0.0 0.3 0:00.78
705 0.0 0.3 0:00.78
705 0.0 0.3 0:00.78
705 0.0 0.3 0:00.78
705 0.0 0.3 0:00.78
705 0.0 0.3 0:00.78
705 0.0 0.3 0:00.78
705 0.0 0.3 0:00.78
705 0.0 0.3 0:00.78
705 0.0 0.3 0:00.78
705 0.0 0.3 0:00.78
705 0.0 0.3 0:00.78
705 0.0 0.3 0:00.78
705 0.0 0.3 0:00.78
705 0.0 0.3 0:00.78
705 0.0 0.3 0:00.78
705 0.0 0.3 0:00.78
705 0.0 0.3 0:00.78
705 0.0 0.3 0:00.78
705 0.0 0.3 0:00.78
