2899 5.6 0.1 0:00.29
2899 0.0 0.1 0:00.30
2899 0.0 0.1 0:00.30
2899 0.0 0.1 0:00.30
2899 0.0 0.1 0:00.30
2899 0.0 0.1 0:00.30
2899 0.0 0.1 0:00.30
2899 0.0 0.1 0:00.30
2899 0.0 0.1 0:00.30
2899 0.0 0.1 0:00.30
2899 0.0 0.1 0:00.30
2899 0.0 0.1 0:00.30
2899 0.0 0.1 0:00.30
2899 0.0 0.1 0:00.30
2899 0.0 0.1 0:00.30
2899 0.0 0.1 0:00.30
2899 0.0 0.1 0:00.30
2899 0.0 0.1 0:00.30
2899 0.0 0.1 0:00.30
2899 0.0 0.1 0:00.30
2899 0.0 0.1 0:00.30
2899 0.0 0.1 0:00.30
2899 0.0 0.1 0:00.30
2899 0.0 0.1 0:00.31
2899 0.0 0.1 0:00.31
2899 0.0 0.1 0:00.31
2899 0.0 0.1 0:00.32
2899 0.0 0.1 0:00.32
2899 0.0 0.1 0:00.32
2899 0.0 0.1 0:00.32
2899 0.0 0.1 0:00.32
2899 0.0 0.1 0:00.32
2899 0.0 0.1 0:00.32
2899 0.0 0.1 0:00.32
2899 0.0 0.1 0:00.32
2899 0.0 0.1 0:00.32
2899 0.0 0.1 0:00.32
2899 0.0 0.1 0:00.32
2899 0.0 0.1 0:00.32
2899 0.0 0.1 0:00.32
2899 0.0 0.1 0:00.32
2899 0.0 0.1 0:00.32
2899 0.0 0.1 0:00.32
2899 0.0 0.1 0:00.32
2899 0.0 0.1 0:00.32
2899 0.0 0.1 0:00.32
2899 0.0 0.1 0:00.32
2899 0.0 0.1 0:00.32
2899 0.0 0.1 0:00.32
2899 0.0 0.1 0:00.32
2899 0.0 0.1 0:00.32
2899 0.0 0.1 0:00.32
2899 0.0 0.1 0:00.32
2899 0.0 0.1 0:00.32
2899 0.0 0.1 0:00.33
2899 0.0 0.1 0:00.33
2899 0.0 0.1 0:00.33
2899 0.0 0.1 0:00.33
2899 0.0 0.1 0:00.33
2899 0.0 0.1 0:00.33
12899 0.0 0.1 0:00.00
2899 0.0 0.1 0:00.33
2899 0.0 0.1 0:00.33
2899 0.0 0.1 0:00.33
2899 0.0 0.1 0:00.33
2899 0.0 0.1 0:00.33
2899 0.0 0.1 0:00.33
2899 0.0 0.1 0:00.33
2899 0.0 0.1 0:00.33
2899 0.0 0.1 0:00.33
2899 0.0 0.1 0:00.33
2899 0.0 0.1 0:00.33
2899 0.0 0.1 0:00.33
2899 0.0 0.1 0:00.33
2899 0.0 0.1 0:00.33
2899 0.0 0.1 0:00.33
2899 0.0 0.1 0:00.33
2899 0.0 0.1 0:00.33
2899 0.0 0.1 0:00.33
2899 0.0 0.1 0:00.33
2899 0.0 0.1 0:00.33
2899 0.0 0.1 0:00.33
2899 0.0 0.1 0:00.33
2899 0.0 0.1 0:00.33
