3649 0.0 0.2 0:08.72
3649 11.1 0.2 0:08.78
3649 0.0 0.2 0:08.79
3649 5.3 0.2 0:08.83
3649 0.0 0.2 0:08.84
3649 0.0 0.2 0:08.85
3649 4.8 0.2 0:08.88
3649 0.0 0.2 0:08.89
3649 0.0 0.2 0:08.90
3649 0.0 0.2 0:08.91
3649 0.0 0.2 0:08.92
3649 0.0 0.2 0:08.93
3649 0.0 0.2 0:08.94
3649 5.3 0.2 0:08.96
3649 0.0 0.2 0:08.98
3649 5.3 0.2 0:08.99
3649 0.0 0.2 0:08.99
3649 0.0 0.2 0:09.00
3649 0.0 0.2 0:09.00
3649 0.0 0.2 0:09.01
3649 0.0 0.2 0:09.02
3649 0.0 0.2 0:09.02
3649 5.0 0.2 0:09.03
3649 0.0 0.2 0:09.05
3649 0.0 0.2 0:09.05
3649 0.0 0.2 0:09.07
3649 0.0 0.2 0:09.07
3649 0.0 0.2 0:09.08
3649 0.0 0.2 0:09.08
3649 0.0 0.2 0:09.09
3649 0.0 0.2 0:09.10
3649 0.0 0.2 0:09.11
3649 0.0 0.2 0:09.12
3649 0.0 0.2 0:09.13
3649 0.0 0.2 0:09.14
3649 5.3 0.2 0:09.17
3649 5.6 0.2 0:09.21
3649 0.0 0.2 0:09.22
3649 0.0 0.2 0:09.25
3649 0.0 0.2 0:09.26
3649 0.0 0.2 0:09.28
3649 0.0 0.2 0:09.31
3649 0.0 0.2 0:09.35
3649 5.6 0.2 0:09.37
3649 0.0 0.2 0:09.38
3649 0.0 0.2 0:09.41
3649 0.0 0.2 0:09.42
3649 0.0 0.2 0:09.45
3649 0.0 0.2 0:09.47
3649 0.0 0.2 0:09.52
3649 0.0 0.2 0:09.54
3649 5.6 0.2 0:09.56
3649 0.0 0.2 0:09.57
3649 9.1 0.2 0:09.60
3649 0.0 0.2 0:09.61
3649 0.0 0.2 0:09.62
3649 0.0 0.2 0:09.67
3649 0.0 0.2 0:09.68
3649 0.0 0.2 0:09.69
3649 0.0 0.2 0:09.71
3649 0.0 0.2 0:09.72
3649 5.3 0.2 0:09.75
3649 0.0 0.2 0:09.77
3649 0.0 0.2 0:09.78
3649 0.0 0.2 0:09.80
3649 0.0 0.2 0:09.81
3649 0.0 0.2 0:09.83
3649 0.0 0.2 0:09.85
3649 5.3 0.2 0:09.88
3649 10.5 0.2 0:09.91
3649 0.0 0.2 0:09.93
3649 0.0 0.2 0:09.94
3649 5.6 0.2 0:10.01
3649 0.0 0.2 0:10.02
3649 5.3 0.2 0:10.04
3649 0.0 0.2 0:10.04
3649 0.0 0.2 0:10.06
3649 0.0 0.2 0:10.08
3649 10.0 0.2 0:10.12
3649 0.0 0.2 0:10.18
3649 0.0 0.2 0:10.20
3649 0.0 0.2 0:10.21
3649 0.0 0.2 0:10.24
3649 0.0 0.2 0:10.29
3649 0.0 0.2 0:10.30
3649 0.0 0.2 0:10.31
3649 0.0 0.2 0:10.35
3649 5.3 0.2 0:10.42
3649 0.0 0.2 0:10.43
3649 5.3 0.2 0:10.45
3649 5.3 0.2 0:10.47
3649 0.0 0.2 0:10.49
3649 5.0 0.2 0:10.51
3649 0.0 0.2 0:10.52
3649 5.3 0.2 0:10.55
3649 0.0 0.2 0:10.57
3649 0.0 0.2 0:10.59
3649 15.0 0.2 0:10.63
3649 5.3 0.2 0:10.66
3649 5.6 0.2 0:10.75
3649 15.0 0.2 0:10.80
3649 0.0 0.2 0:10.82
3649 0.0 0.2 0:10.85
3649 5.3 0.2 0:10.88
3649 0.0 0.2 0:10.89
3649 0.0 0.2 0:10.89
3649 0.0 0.2 0:10.91
3649 5.0 0.2 0:10.93
3649 0.0 0.2 0:10.95
3649 0.0 0.2 0:10.97
3649 5.3 0.2 0:10.99
3649 0.0 0.2 0:11.00
3649 0.0 0.2 0:11.02
3649 5.6 0.2 0:11.03
3649 0.0 0.2 0:11.04
3649 0.0 0.2 0:11.05
3649 5.3 0.2 0:11.08
3649 0.0 0.2 0:11.09
3649 0.0 0.2 0:11.10
3649 0.0 0.2 0:11.11
3649 0.0 0.2 0:11.13
3649 5.3 0.2 0:11.15
3649 0.0 0.2 0:11.19
3649 5.3 0.2 0:11.23
3649 0.0 0.2 0:11.24
3649 10.0 0.2 0:11.28
3649 5.6 0.2 0:11.32
3649 0.0 0.2 0:11.34
3649 5.6 0.2 0:11.37
3649 0.0 0.2 0:11.39
3649 5.3 0.2 0:11.42
3649 5.6 0.2 0:11.44
3649 0.0 0.2 0:11.46
3649 0.0 0.2 0:11.48
3649 5.6 0.2 0:11.51
3649 5.3 0.2 0:11.53
3649 0.0 0.2 0:11.56
3649 5.6 0.2 0:11.59
3649 11.1 0.2 0:11.63
3649 0.0 0.2 0:11.67
3649 5.3 0.2 0:11.68
3649 0.0 0.2 0:11.69
3649 5.3 0.2 0:11.70
3649 5.3 0.2 0:11.72
3649 0.0 0.2 0:11.73
3649 0.0 0.2 0:11.75
3649 0.0 0.2 0:11.76
3649 5.6 0.2 0:11.80
3649 0.0 0.2 0:11.81
3649 5.3 0.2 0:11.83
3649 5.0 0.2 0:11.85
3649 0.0 0.2 0:11.85
3649 0.0 0.2 0:11.88
3649 0.0 0.2 0:11.91
3649 0.0 0.2 0:11.93
3649 0.0 0.2 0:11.97
3649 0.0 0.2 0:12.00
3649 0.0 0.2 0:12.02
3649 0.0 0.2 0:12.03
3649 0.0 0.2 0:12.06
3649 0.0 0.2 0:12.08
3649 0.0 0.2 0:12.11
3649 5.3 0.2 0:12.18
3649 5.6 0.2 0:12.21
3649 0.0 0.2 0:12.21
3649 0.0 0.2 0:12.23
3649 5.6 0.2 0:12.25
3649 0.0 0.2 0:12.26
3649 5.3 0.2 0:12.28
3649 0.0 0.2 0:12.29
3649 5.3 0.2 0:12.31
3649 5.0 0.2 0:12.33
3649 5.3 0.2 0:12.38
3649 5.3 0.2 0:12.40
3649 0.0 0.2 0:12.42
3649 0.0 0.2 0:12.44
3649 10.0 0.2 0:12.47
3649 0.0 0.2 0:12.49
3649 0.0 0.2 0:12.50
3649 0.0 0.2 0:12.52
3649 5.0 0.2 0:12.54
3649 10.5 0.2 0:12.57
3649 5.6 0.2 0:12.58
3649 0.0 0.2 0:12.59
3649 0.0 0.2 0:12.60
3649 5.6 0.2 0:12.62
3649 5.3 0.2 0:12.66
3649 0.0 0.2 0:12.69
3649 0.0 0.2 0:12.70
3649 0.0 0.2 0:12.71
3649 5.6 0.2 0:12.78
3649 10.5 0.2 0:12.80
3649 0.0 0.2 0:12.81
3649 5.6 0.2 0:12.82
3649 5.6 0.2 0:12.84
3649 0.0 0.2 0:12.86
3649 0.0 0.2 0:12.88
3649 5.3 0.2 0:12.93
3649 5.3 0.2 0:12.97
3649 0.0 0.2 0:12.99
3649 0.0 0.2 0:13.01
3649 0.0 0.2 0:13.02
3649 5.0 0.2 0:13.03
3649 0.0 0.2 0:13.05
3649 0.0 0.2 0:13.07
3649 11.1 0.2 0:13.11
3649 0.0 0.2 0:13.15
3649 5.0 0.2 0:13.17
3649 5.0 0.2 0:13.18
3649 0.0 0.2 0:13.19
3649 0.0 0.2 0:13.21
3649 5.6 0.2 0:13.25
3649 5.6 0.2 0:13.28
3649 0.0 0.2 0:13.29
3649 0.0 0.2 0:13.31
3649 0.0 0.2 0:13.32
3649 0.0 0.2 0:13.32
3649 0.0 0.2 0:13.34
3649 0.0 0.2 0:13.35
3649 0.0 0.2 0:13.36
3649 0.0 0.2 0:13.37
3649 5.3 0.2 0:13.39
3649 4.8 0.2 0:13.44
3649 5.3 0.2 0:13.47
3649 4.8 0.2 0:13.49
3649 5.3 0.2 0:13.50
3649 0.0 0.2 0:13.51
3649 5.0 0.2 0:13.55
3649 0.0 0.2 0:13.55
3649 0.0 0.2 0:13.57
3649 4.5 0.2 0:13.59
3649 0.0 0.2 0:13.61
3649 5.6 0.2 0:13.64
3649 0.0 0.2 0:13.67
3649 0.0 0.2 0:13.68
3649 0.0 0.2 0:13.72
3649 0.0 0.2 0:13.72
3649 0.0 0.2 0:13.74
3649 5.6 0.2 0:13.76
3649 0.0 0.2 0:13.78
3649 0.0 0.2 0:13.80
3649 0.0 0.2 0:13.82
3649 0.0 0.2 0:13.82
3649 0.0 0.2 0:13.83
3649 0.0 0.2 0:13.84
3649 0.0 0.2 0:13.86
3649 0.0 0.2 0:13.88
3649 0.0 0.2 0:13.90
3649 5.3 0.2 0:13.92
3649 0.0 0.2 0:13.94
3649 0.0 0.2 0:13.96
3649 5.6 0.2 0:13.99
3649 5.0 0.2 0:14.03
3649 4.3 0.2 0:14.11
3649 0.0 0.2 0:14.15
3649 0.0 0.2 0:14.21
3649 4.8 0.2 0:14.23
3649 5.3 0.2 0:14.27
3649 0.0 0.2 0:14.28
3649 0.0 0.2 0:14.28
3649 0.0 0.2 0:14.31
3649 0.0 0.2 0:14.33
3649 11.1 0.2 0:14.36
3649 0.0 0.2 0:14.38
3649 0.0 0.2 0:14.41
3649 10.0 0.2 0:14.46
3649 0.0 0.2 0:14.48
3649 0.0 0.2 0:14.50
3649 0.0 0.2 0:14.53
3649 0.0 0.2 0:14.54
3649 0.0 0.2 0:14.56
3649 5.3 0.2 0:14.60
3649 0.0 0.2 0:14.61
3649 0.0 0.2 0:14.62
3649 5.3 0.2 0:14.64
3649 0.0 0.2 0:14.66
3649 0.0 0.2 0:14.68
3649 0.0 0.2 0:14.71
3649 0.0 0.2 0:14.73
3649 0.0 0.2 0:14.74
3649 0.0 0.2 0:14.75
3649 5.3 0.2 0:14.79
3649 0.0 0.2 0:14.80
3649 0.0 0.2 0:14.81
3649 0.0 0.2 0:14.83
3649 15.8 0.2 0:14.91
3649 0.0 0.2 0:14.93
3649 0.0 0.2 0:14.96
3649 5.6 0.2 0:14.98
3649 0.0 0.2 0:14.99
3649 0.0 0.2 0:15.00
3649 0.0 0.2 0:15.02
3649 0.0 0.2 0:15.04
3649 5.6 0.2 0:15.06
3649 5.0 0.2 0:15.08
3649 10.0 0.2 0:15.11
3649 0.0 0.2 0:15.12
3649 0.0 0.2 0:15.13
3649 0.0 0.2 0:15.19
3649 5.6 0.2 0:15.21
3649 0.0 0.2 0:15.22
3649 5.0 0.2 0:15.24
3649 5.3 0.2 0:15.25
3649 0.0 0.2 0:15.26
3649 0.0 0.2 0:15.26
3649 0.0 0.2 0:15.26
