3650 0.0 0.2 7:53.62
3650 10.0 0.2 7:53.67
3650 0.0 0.2 7:53.75
3650 5.6 0.2 7:53.84
3650 4.5 0.3 7:53.95
3650 31.6 0.3 7:54.05
3650 0.0 0.3 7:54.09
3650 5.3 0.3 7:54.22
3650 5.3 0.3 7:54.34
3650 5.3 0.3 7:54.46
3650 9.1 0.3 7:54.52
3650 5.6 0.3 7:54.66
3650 11.1 0.3 7:54.79
3650 5.0 0.3 7:54.91
3650 36.8 0.3 7:55.03
3650 0.0 0.3 7:55.10
3650 10.5 0.3 7:55.23
3650 10.5 0.3 7:55.37
3650 35.0 0.3 7:55.52
3650 5.0 0.3 7:55.59
3650 16.7 0.3 7:55.76
3650 10.0 0.3 7:55.91
3650 22.2 0.3 7:56.07
3650 16.7 0.3 7:56.16
3650 0.0 0.3 7:56.30
3650 10.0 0.3 7:56.48
3650 10.0 0.3 7:56.65
3650 35.0 0.3 7:56.78
3650 5.3 0.3 7:56.89
3650 5.6 0.4 7:57.07
3650 15.0 0.4 7:57.28
3650 27.3 0.4 7:57.46
3650 9.5 0.4 7:57.60
3650 10.0 0.4 7:57.78
3650 15.0 0.4 7:57.97
3650 33.3 0.4 7:58.14
3650 13.6 0.4 7:58.25
3650 10.0 0.4 7:58.42
3650 10.5 0.4 7:58.60
3650 26.3 0.4 7:58.78
3650 15.0 0.4 7:58.91
3650 10.5 0.4 7:59.08
3650 11.1 0.4 7:59.25
3650 23.8 0.3 7:59.44
3650 15.0 0.3 7:59.57
3650 10.0 0.3 7:59.73
3650 10.5 0.3 7:59.92
3650 15.8 0.3 8:00.09
3650 21.1 0.3 8:00.24
3650 10.5 0.3 8:00.40
3650 15.8 0.3 8:00.59
3650 20.0 0.3 8:00.76
3650 15.8 0.3 8:00.91
3650 15.0 0.3 8:01.09
3650 10.5 0.3 8:01.27
3650 15.0 0.3 8:01.45
3650 18.2 0.3 8:01.63
3650 15.0 0.3 8:01.81
3650 15.8 0.3 8:01.97
3650 16.7 0.3 8:02.15
3650 22.2 0.2 8:02.31
3650 16.7 0.2 8:02.47
3650 10.5 0.2 8:02.64
3650 15.8 0.2 8:02.82
3650 21.1 0.2 8:02.99
3650 16.7 0.2 8:03.16
3650 16.7 0.2 8:03.33
3650 21.1 0.2 8:03.51
3650 15.8 0.2 8:03.67
3650 20.0 0.2 8:03.85
3650 15.8 0.2 8:04.01
3650 15.8 0.2 8:04.18
3650 21.1 0.2 8:04.35
3650 10.0 0.2 8:04.51
3650 16.7 0.2 8:04.69
3650 15.8 0.2 8:04.86
3650 15.8 0.2 8:05.03
3650 14.3 0.2 8:05.20
3650 15.8 0.2 8:05.37
3650 15.8 0.2 8:05.54
3650 16.7 0.2 8:05.71
3650 15.0 0.2 8:05.88
3650 9.7 0.2 8:06.09
3650 10.0 0.2 8:06.29
3650 11.1 0.2 8:06.46
3650 15.8 0.2 8:06.64
3650 15.8 0.3 8:06.82
3650 15.8 0.3 8:06.99
3650 15.0 0.3 8:07.16
3650 15.8 0.3 8:07.33
3650 15.0 0.3 8:07.50
3650 15.0 0.3 8:07.67
3650 11.1 0.3 8:07.82
3650 14.3 0.3 8:08.00
3650 14.3 0.3 8:08.17
3650 15.8 0.3 8:08.33
3650 15.8 0.3 8:08.51
3650 10.5 0.3 8:08.67
3650 15.8 0.3 8:08.85
3650 16.7 0.3 8:09.01
3650 15.0 0.3 8:09.19
3650 14.3 0.3 8:09.36
3650 16.7 0.3 8:09.53
3650 10.0 0.3 8:09.69
3650 21.1 0.3 8:09.87
3650 15.0 0.3 8:10.03
3650 21.1 0.3 8:10.21
3650 10.5 0.3 8:10.37
3650 10.0 0.3 8:10.54
3650 16.7 0.3 8:10.71
3650 15.8 0.3 8:10.89
3650 15.0 0.3 8:11.06
3650 15.8 0.3 8:11.22
3650 15.8 0.3 8:11.40
3650 16.7 0.3 8:11.57
3650 16.7 0.3 8:11.74
3650 21.1 0.3 8:11.92
3650 22.2 0.3 8:12.09
3650 15.0 0.3 8:12.26
3650 15.8 0.3 8:12.43
3650 15.0 0.3 8:12.60
3650 16.7 0.3 8:12.77
3650 15.0 0.3 8:12.94
3650 16.7 0.3 8:13.11
3650 15.8 0.3 8:13.28
3650 10.5 0.3 8:13.44
3650 16.7 0.3 8:13.61
3650 15.8 0.3 8:13.78
3650 15.8 0.3 8:13.94
3650 10.5 0.3 8:14.10
3650 10.5 0.3 8:14.26
3650 15.8 0.3 8:14.43
3650 0.0 0.3 8:14.51
3650 0.0 0.3 8:14.51
3650 0.0 0.3 8:14.51
