3651 15.8 0.2 0:00.06
3651 5.0 0.2 0:00.08
3651 0.0 0.2 0:00.09
3651 0.0 0.2 0:00.09
3651 0.0 0.2 0:00.09
3651 0.0 0.2 0:00.09
3651 0.0 0.2 0:00.09
3651 0.0 0.2 0:00.09
3651 0.0 0.2 0:00.09
3651 0.0 0.2 0:00.09
3651 0.0 0.2 0:00.09
3651 0.0 0.2 0:00.09
3651 0.0 0.2 0:00.09
3651 0.0 0.2 0:00.09
3651 0.0 0.2 0:00.09
3651 0.0 0.2 0:00.09
3651 0.0 0.2 0:00.09
3651 0.0 0.2 0:00.09
3651 0.0 0.2 0:00.09
3651 0.0 0.2 0:00.09
3651 0.0 0.2 0:00.09
3651 0.0 0.2 0:00.09
3651 0.0 0.2 0:00.09
3651 0.0 0.2 0:00.09
3651 0.0 0.2 0:00.09
3651 0.0 0.2 0:00.09
3651 0.0 0.2 0:00.09
3651 0.0 0.2 0:00.09
3651 0.0 0.2 0:00.09
3651 0.0 0.2 0:00.09
3651 0.0 0.2 0:00.09
3651 0.0 0.2 0:00.09
3651 0.0 0.2 0:00.09
3651 0.0 0.2 0:00.09
3651 0.0 0.2 0:00.09
3651 0.0 0.2 0:00.09
3651 0.0 0.2 0:00.09
3651 0.0 0.2 0:00.09
3651 0.0 0.2 0:00.09
3651 0.0 0.2 0:00.09
3651 0.0 0.2 0:00.09
3651 0.0 0.2 0:00.09
3651 5.3 0.2 0:00.10
3651 0.0 0.2 0:00.10
3651 0.0 0.2 0:00.10
3651 0.0 0.2 0:00.10
3651 0.0 0.2 0:00.10
3651 0.0 0.2 0:00.10
3651 0.0 0.2 0:00.10
3651 0.0 0.2 0:00.10
3651 0.0 0.2 0:00.10
3651 0.0 0.2 0:00.10
3651 0.0 0.2 0:00.10
3651 0.0 0.2 0:00.10
3651 0.0 0.2 0:00.10
3651 0.0 0.2 0:00.11
3651 0.0 0.2 0:00.11
3651 0.0 0.2 0:00.11
3651 0.0 0.2 0:00.11
3651 0.0 0.2 0:00.11
3651 0.0 0.2 0:00.11
3651 0.0 0.2 0:00.11
3651 0.0 0.2 0:00.11
3651 0.0 0.2 0:00.12
3651 0.0 0.2 0:00.12
3651 0.0 0.2 0:00.12
3651 0.0 0.2 0:00.12
3651 0.0 0.2 0:00.12
3651 0.0 0.2 0:00.12
3651 0.0 0.2 0:00.12
3651 0.0 0.2 0:00.12
3651 0.0 0.2 0:00.12
3651 0.0 0.2 0:00.12
3651 0.0 0.2 0:00.12
3651 0.0 0.2 0:00.12
3651 0.0 0.2 0:00.12
3651 0.0 0.2 0:00.12
3651 0.0 0.2 0:00.12
3651 0.0 0.2 0:00.12
3651 0.0 0.2 0:00.12
3651 0.0 0.2 0:00.12
3651 0.0 0.2 0:00.12
3651 0.0 0.2 0:00.12
3651 0.0 0.2 0:00.12
3651 0.0 0.2 0:00.12
3651 0.0 0.2 0:00.12
3651 0.0 0.2 0:00.12
3651 0.0 0.2 0:00.12
3651 0.0 0.2 0:00.12
3651 0.0 0.2 0:00.12
3651 0.0 0.2 0:00.12
3651 0.0 0.2 0:00.12
3651 0.0 0.2 0:00.12
3651 0.0 0.2 0:00.12
3651 0.0 0.2 0:00.13
3651 0.0 0.2 0:00.13
3651 0.0 0.2 0:00.13
3651 0.0 0.2 0:00.13
3651 0.0 0.2 0:00.13
3651 0.0 0.2 0:00.13
3651 0.0 0.2 0:00.13
3651 0.0 0.2 0:00.13
3651 0.0 0.2 0:00.13
3651 0.0 0.2 0:00.13
3651 0.0 0.2 0:00.13
3651 0.0 0.2 0:00.13
3651 0.0 0.2 0:00.13
3651 0.0 0.2 0:00.13
3651 0.0 0.2 0:00.13
3651 0.0 0.2 0:00.13
3651 0.0 0.2 0:00.13
3651 0.0 0.2 0:00.13
3651 0.0 0.2 0:00.13
3651 10.5 0.2 0:00.15
3651 0.0 0.2 0:00.15
3651 0.0 0.2 0:00.15
3651 0.0 0.2 0:00.15
3651 0.0 0.2 0:00.15
3651 0.0 0.2 0:00.15
3651 0.0 0.2 0:00.15
3651 0.0 0.2 0:00.15
3651 0.0 0.2 0:00.15
3651 0.0 0.2 0:00.15
3651 0.0 0.2 0:00.15
3651 0.0 0.2 0:00.15
3651 0.0 0.2 0:00.15
3651 0.0 0.2 0:00.15
3651 0.0 0.2 0:00.15
3651 0.0 0.2 0:00.15
3651 0.0 0.2 0:00.15
3651 0.0 0.2 0:00.15
3651 0.0 0.2 0:00.15
3651 0.0 0.2 0:00.15
3651 0.0 0.2 0:00.16
3651 0.0 0.2 0:00.16
3651 0.0 0.2 0:00.16
3651 0.0 0.2 0:00.16
3651 0.0 0.2 0:00.16
3651 0.0 0.2 0:00.16
3651 0.0 0.2 0:00.16
3651 0.0 0.2 0:00.16
3651 0.0 0.2 0:00.16
3651 0.0 0.2 0:00.16
3651 0.0 0.2 0:00.16
3651 0.0 0.2 0:00.16
3651 0.0 0.2 0:00.16
3651 0.0 0.2 0:00.16
3651 0.0 0.2 0:00.16
3651 0.0 0.2 0:00.16
3651 0.0 0.2 0:00.16
3651 0.0 0.2 0:00.16
3651 0.0 0.2 0:00.16
3651 0.0 0.2 0:00.16
3651 0.0 0.2 0:00.16
3651 0.0 0.2 0:00.16
3651 0.0 0.2 0:00.16
3651 0.0 0.2 0:00.16
3651 0.0 0.2 0:00.16
3651 0.0 0.2 0:00.16
3651 0.0 0.2 0:00.16
3651 0.0 0.2 0:00.16
3651 0.0 0.2 0:00.16
3651 0.0 0.2 0:00.16
3651 0.0 0.2 0:00.16
3651 0.0 0.2 0:00.16
3651 0.0 0.2 0:00.16
3651 0.0 0.2 0:00.16
3651 0.0 0.2 0:00.16
3651 0.0 0.2 0:00.16
3651 0.0 0.2 0:00.16
3651 0.0 0.2 0:00.16
3651 0.0 0.2 0:00.16
3651 0.0 0.2 0:00.16
3651 0.0 0.2 0:00.16
3651 0.0 0.2 0:00.16
3651 0.0 0.2 0:00.17
3651 0.0 0.2 0:00.17
3651 0.0 0.2 0:00.17
3651 0.0 0.2 0:00.17
3651 0.0 0.2 0:00.17
3651 0.0 0.2 0:00.17
3651 0.0 0.2 0:00.17
3651 0.0 0.2 0:00.18
3651 0.0 0.2 0:00.18
3651 0.0 0.2 0:00.18
3651 0.0 0.2 0:00.18
3651 0.0 0.2 0:00.18
3651 0.0 0.2 0:00.18
3651 0.0 0.2 0:00.18
3651 0.0 0.2 0:00.18
3651 0.0 0.2 0:00.18
3651 0.0 0.2 0:00.18
3651 0.0 0.2 0:00.18
3651 0.0 0.2 0:00.18
3651 0.0 0.2 0:00.18
3651 0.0 0.2 0:00.18
3651 0.0 0.2 0:00.18
3651 0.0 0.2 0:00.18
3651 0.0 0.2 0:00.18
3651 0.0 0.2 0:00.18
3651 0.0 0.2 0:00.18
3651 0.0 0.2 0:00.18
3651 0.0 0.2 0:00.18
3651 0.0 0.2 0:00.18
3651 0.0 0.2 0:00.18
3651 0.0 0.2 0:00.20
3651 0.0 0.2 0:00.20
3651 0.0 0.2 0:00.20
3651 0.0 0.2 0:00.20
3651 0.0 0.2 0:00.20
3651 0.0 0.2 0:00.20
3651 0.0 0.2 0:00.20
3651 0.0 0.2 0:00.20
3651 0.0 0.2 0:00.20
3651 0.0 0.2 0:00.20
3651 0.0 0.2 0:00.20
3651 0.0 0.2 0:00.20
3651 0.0 0.2 0:00.21
3651 0.0 0.2 0:00.22
3651 0.0 0.2 0:00.22
3651 0.0 0.2 0:00.22
3651 0.0 0.2 0:00.22
3651 0.0 0.2 0:00.22
3651 0.0 0.2 0:00.22
3651 0.0 0.2 0:00.22
3651 0.0 0.2 0:00.23
3651 0.0 0.2 0:00.23
3651 0.0 0.2 0:00.23
3651 0.0 0.2 0:00.23
3651 0.0 0.2 0:00.23
3651 0.0 0.2 0:00.23
3651 0.0 0.2 0:00.23
3651 0.0 0.2 0:00.23
3651 0.0 0.2 0:00.23
3651 0.0 0.2 0:00.24
3651 0.0 0.2 0:00.24
3651 0.0 0.2 0:00.24
3651 0.0 0.2 0:00.24
3651 0.0 0.2 0:00.24
3651 0.0 0.2 0:00.24
3651 0.0 0.2 0:00.24
3651 0.0 0.2 0:00.24
3651 0.0 0.2 0:00.24
3651 0.0 0.2 0:00.24
3651 0.0 0.2 0:00.24
3651 0.0 0.2 0:00.24
3651 0.0 0.2 0:00.24
3651 0.0 0.2 0:00.24
3651 0.0 0.2 0:00.24
3651 0.0 0.2 0:00.24
3651 0.0 0.2 0:00.24
3651 0.0 0.2 0:00.24
3651 0.0 0.2 0:00.24
3651 0.0 0.2 0:00.24
3651 0.0 0.2 0:00.24
3651 0.0 0.2 0:00.24
3651 0.0 0.2 0:00.24
3651 0.0 0.2 0:00.24
3651 0.0 0.2 0:00.24
3651 0.0 0.2 0:00.24
3651 0.0 0.2 0:00.24
3651 4.8 0.2 0:00.25
3651 0.0 0.2 0:00.25
3651 0.0 0.2 0:00.25
3651 0.0 0.2 0:00.25
3651 0.0 0.2 0:00.25
3651 0.0 0.2 0:00.25
3651 0.0 0.2 0:00.25
3651 0.0 0.2 0:00.25
3651 0.0 0.2 0:00.25
3651 0.0 0.2 0:00.25
3651 0.0 0.2 0:00.26
3651 0.0 0.2 0:00.26
3651 0.0 0.2 0:00.26
3651 0.0 0.2 0:00.26
3651 0.0 0.2 0:00.26
3651 0.0 0.2 0:00.26
3651 0.0 0.2 0:00.26
3651 0.0 0.2 0:00.26
3651 0.0 0.2 0:00.26
3651 0.0 0.2 0:00.26
3651 0.0 0.2 0:00.26
3651 0.0 0.2 0:00.26
3651 0.0 0.2 0:00.26
3651 0.0 0.2 0:00.26
3651 0.0 0.2 0:00.26
3651 0.0 0.2 0:00.27
3651 0.0 0.2 0:00.27
3651 0.0 0.2 0:00.27
3651 0.0 0.2 0:00.27
3651 0.0 0.2 0:00.27
3651 0.0 0.2 0:00.27
3651 0.0 0.2 0:00.27
3651 0.0 0.2 0:00.27
3651 0.0 0.2 0:00.27
3651 0.0 0.2 0:00.27
3651 0.0 0.2 0:00.27
3651 0.0 0.2 0:00.27
3651 0.0 0.2 0:00.27
3651 0.0 0.2 0:00.27
3651 0.0 0.2 0:00.27
3651 0.0 0.2 0:00.27
3651 0.0 0.2 0:00.27
3651 5.0 0.2 0:00.28
3651 0.0 0.2 0:00.28
3651 0.0 0.2 0:00.28
3651 0.0 0.2 0:00.28
