3652 4.8 0.2 0:04.93
3652 5.6 0.2 0:04.97
3652 0.0 0.2 0:04.98
3652 0.0 0.2 0:04.99
3652 0.0 0.2 0:05.00
3652 0.0 0.2 0:05.02
3652 0.0 0.2 0:05.02
3652 0.0 0.2 0:05.03
3652 0.0 0.2 0:05.04
3652 0.0 0.2 0:05.04
3652 10.5 0.2 0:05.06
3652 0.0 0.2 0:05.06
3652 0.0 0.2 0:05.07
3652 0.0 0.2 0:05.07
3652 0.0 0.2 0:05.07
3652 0.0 0.2 0:05.07
3652 0.0 0.2 0:05.08
3652 5.6 0.2 0:05.09
3652 0.0 0.2 0:05.09
3652 0.0 0.2 0:05.09
3652 0.0 0.2 0:05.09
3652 0.0 0.2 0:05.09
3652 0.0 0.2 0:05.09
3652 0.0 0.2 0:05.09
3652 0.0 0.2 0:05.09
3652 0.0 0.2 0:05.09
3652 0.0 0.2 0:05.09
3652 0.0 0.2 0:05.09
3652 0.0 0.2 0:05.09
3652 0.0 0.2 0:05.09
3652 0.0 0.2 0:05.09
3652 0.0 0.2 0:05.09
3652 0.0 0.2 0:05.09
3652 0.0 0.2 0:05.09
3652 0.0 0.2 0:05.09
3652 0.0 0.2 0:05.09
3652 0.0 0.2 0:05.09
3652 0.0 0.2 0:05.09
3652 0.0 0.2 0:05.09
3652 0.0 0.2 0:05.09
3652 0.0 0.2 0:05.09
3652 0.0 0.2 0:05.09
3652 0.0 0.2 0:05.09
3652 0.0 0.2 0:05.09
3652 0.0 0.2 0:05.09
3652 0.0 0.2 0:05.09
3652 0.0 0.2 0:05.09
3652 0.0 0.2 0:05.09
3652 0.0 0.2 0:05.09
3652 0.0 0.2 0:05.09
3652 0.0 0.2 0:05.09
3652 0.0 0.2 0:05.09
3652 0.0 0.2 0:05.09
3652 0.0 0.2 0:05.09
3652 0.0 0.2 0:05.09
3652 0.0 0.2 0:05.09
3652 0.0 0.2 0:05.09
3652 0.0 0.2 0:05.09
3652 0.0 0.2 0:05.09
3652 0.0 0.2 0:05.09
3652 0.0 0.2 0:05.09
3652 0.0 0.2 0:05.09
3652 0.0 0.2 0:05.09
3652 0.0 0.2 0:05.09
3652 0.0 0.2 0:05.09
3652 0.0 0.2 0:05.09
3652 0.0 0.2 0:05.09
3652 0.0 0.2 0:05.09
3652 0.0 0.2 0:05.09
3652 0.0 0.2 0:05.09
3652 0.0 0.2 0:05.09
3652 0.0 0.2 0:05.09
3652 0.0 0.2 0:05.09
3652 0.0 0.2 0:05.09
3652 0.0 0.2 0:05.09
3652 0.0 0.2 0:05.09
3652 0.0 0.2 0:05.09
3652 0.0 0.2 0:05.09
3652 0.0 0.2 0:05.09
3652 0.0 0.2 0:05.09
3652 0.0 0.2 0:05.09
3652 0.0 0.2 0:05.09
3652 0.0 0.2 0:05.09
3652 0.0 0.2 0:05.09
3652 0.0 0.2 0:05.09
3652 0.0 0.2 0:05.09
3652 0.0 0.2 0:05.09
3652 0.0 0.2 0:05.09
3652 0.0 0.2 0:05.09
3652 0.0 0.2 0:05.09
3652 0.0 0.2 0:05.09
3652 0.0 0.2 0:05.09
3652 0.0 0.2 0:05.09
3652 0.0 0.2 0:05.09
3652 0.0 0.2 0:05.09
3652 0.0 0.2 0:05.09
3652 0.0 0.2 0:05.09
3652 0.0 0.2 0:05.09
3652 0.0 0.2 0:05.09
3652 0.0 0.2 0:05.09
3652 0.0 0.2 0:05.09
3652 0.0 0.2 0:05.09
3652 0.0 0.2 0:05.09
3652 0.0 0.2 0:05.09
3652 0.0 0.2 0:05.09
3652 0.0 0.2 0:05.09
3652 0.0 0.2 0:05.09
3652 0.0 0.2 0:05.09
3652 0.0 0.2 0:05.09
3652 0.0 0.2 0:05.09
3652 0.0 0.2 0:05.09
3652 0.0 0.2 0:05.09
3652 0.0 0.2 0:05.09
3652 0.0 0.2 0:05.09
3652 0.0 0.2 0:05.09
3652 0.0 0.2 0:05.09
3652 0.0 0.2 0:05.09
3652 0.0 0.2 0:05.09
3652 0.0 0.2 0:05.09
3652 0.0 0.2 0:05.09
3652 0.0 0.2 0:05.09
3652 0.0 0.2 0:05.09
3652 0.0 0.2 0:05.09
3652 0.0 0.2 0:05.09
3652 0.0 0.2 0:05.10
3652 0.0 0.2 0:05.10
3652 0.0 0.2 0:05.10
3652 0.0 0.2 0:05.10
3652 0.0 0.2 0:05.10
3652 0.0 0.2 0:05.10
3652 0.0 0.2 0:05.10
3652 0.0 0.2 0:05.10
3652 0.0 0.2 0:05.10
3652 0.0 0.2 0:05.10
3652 0.0 0.2 0:05.10
3652 0.0 0.2 0:05.10
3652 0.0 0.2 0:05.10
3652 0.0 0.2 0:05.10
3652 0.0 0.2 0:05.10
3652 0.0 0.2 0:05.10
3652 0.0 0.2 0:05.10
3652 0.0 0.2 0:05.10
3652 0.0 0.2 0:05.10
3652 0.0 0.2 0:05.10
3652 0.0 0.2 0:05.10
3652 0.0 0.2 0:05.10
3652 0.0 0.2 0:05.10
3652 0.0 0.2 0:05.10
3652 0.0 0.2 0:05.10
3652 0.0 0.2 0:05.10
3652 0.0 0.2 0:05.10
3652 0.0 0.2 0:05.10
3652 0.0 0.2 0:05.10
3652 0.0 0.2 0:05.10
3652 0.0 0.2 0:05.10
3652 0.0 0.2 0:05.10
3652 0.0 0.2 0:05.10
3652 0.0 0.2 0:05.10
3652 0.0 0.2 0:05.10
3652 0.0 0.2 0:05.10
3652 0.0 0.2 0:05.10
3652 0.0 0.2 0:05.10
3652 0.0 0.2 0:05.10
3652 0.0 0.2 0:05.10
3652 0.0 0.2 0:05.10
3652 0.0 0.2 0:05.10
3652 0.0 0.2 0:05.10
3652 0.0 0.2 0:05.10
3652 0.0 0.2 0:05.10
3652 0.0 0.2 0:05.10
3652 0.0 0.2 0:05.10
3652 0.0 0.2 0:05.10
3652 0.0 0.2 0:05.10
3652 0.0 0.2 0:05.10
3652 0.0 0.2 0:05.10
3652 0.0 0.2 0:05.10
3652 0.0 0.2 0:05.10
3652 0.0 0.2 0:05.10
3652 0.0 0.2 0:05.10
3652 0.0 0.2 0:05.10
