3652 5.6 0.2 0:06.93
3652 0.0 0.2 0:06.94
3652 0.0 0.2 0:06.95
3652 0.0 0.2 0:06.95
3652 0.0 0.2 0:06.95
3652 0.0 0.2 0:06.95
3652 0.0 0.2 0:06.95
3652 0.0 0.2 0:06.95
3652 0.0 0.2 0:06.95
3652 0.0 0.2 0:06.95
3652 0.0 0.2 0:06.95
3652 0.0 0.2 0:06.95
3652 0.0 0.2 0:06.95
3652 0.0 0.2 0:06.95
3652 0.0 0.2 0:06.95
3652 0.0 0.2 0:06.95
3652 0.0 0.2 0:06.95
3652 0.0 0.2 0:06.95
3652 0.0 0.2 0:06.95
3652 0.0 0.2 0:06.95
3652 0.0 0.2 0:06.95
3652 0.0 0.2 0:06.95
3652 0.0 0.2 0:06.95
3652 0.0 0.2 0:06.95
3652 0.0 0.2 0:06.95
3652 0.0 0.2 0:06.95
3652 0.0 0.2 0:06.95
3652 0.0 0.2 0:06.95
3652 0.0 0.2 0:06.95
3652 0.0 0.2 0:06.95
3652 0.0 0.2 0:06.95
3652 0.0 0.2 0:06.95
3652 0.0 0.2 0:06.95
3652 0.0 0.2 0:06.95
3652 0.0 0.2 0:06.95
3652 0.0 0.2 0:06.95
3652 0.0 0.2 0:06.95
3652 0.0 0.2 0:06.95
3652 0.0 0.2 0:06.95
3652 0.0 0.2 0:06.95
3652 0.0 0.2 0:06.95
3652 0.0 0.2 0:06.95
3652 0.0 0.2 0:06.95
3652 0.0 0.2 0:06.95
3652 0.0 0.2 0:06.95
3652 0.0 0.2 0:06.95
3652 0.0 0.2 0:06.95
3652 0.0 0.2 0:06.95
3652 0.0 0.2 0:06.95
3652 0.0 0.2 0:06.95
3652 0.0 0.2 0:06.95
3652 0.0 0.2 0:06.95
3652 0.0 0.2 0:06.95
3652 0.0 0.2 0:06.95
3652 0.0 0.2 0:06.95
3652 0.0 0.2 0:06.95
3652 0.0 0.2 0:06.95
3652 0.0 0.2 0:06.95
3652 0.0 0.2 0:06.95
3652 0.0 0.2 0:06.95
3652 0.0 0.2 0:06.95
3652 0.0 0.2 0:06.95
3652 0.0 0.2 0:06.95
3652 0.0 0.2 0:06.95
3652 0.0 0.2 0:06.95
3652 0.0 0.2 0:06.95
3652 0.0 0.2 0:06.95
3652 0.0 0.2 0:06.95
3652 0.0 0.2 0:06.95
3652 0.0 0.2 0:06.95
3652 0.0 0.2 0:06.95
3652 0.0 0.2 0:06.95
3652 0.0 0.2 0:06.95
3652 0.0 0.2 0:06.95
3652 0.0 0.2 0:06.95
3652 0.0 0.2 0:06.95
3652 0.0 0.2 0:06.95
3652 0.0 0.2 0:06.95
3652 0.0 0.2 0:06.95
3652 0.0 0.2 0:06.95
3652 0.0 0.2 0:06.95
3652 0.0 0.2 0:06.95
3652 0.0 0.2 0:06.95
3652 0.0 0.2 0:06.95
3652 0.0 0.2 0:06.95
3652 0.0 0.2 0:06.95
3652 0.0 0.2 0:06.95
3652 0.0 0.2 0:06.95
3652 0.0 0.2 0:06.95
3652 0.0 0.2 0:06.95
3652 0.0 0.2 0:06.95
3652 0.0 0.2 0:06.95
3652 0.0 0.2 0:06.95
3652 0.0 0.2 0:06.95
3652 0.0 0.2 0:06.95
3652 0.0 0.2 0:06.95
3652 0.0 0.2 0:06.95
3652 0.0 0.2 0:06.96
3652 0.0 0.2 0:06.96
3652 0.0 0.2 0:06.96
3652 0.0 0.2 0:06.96
3652 0.0 0.2 0:06.96
3652 0.0 0.2 0:06.96
3652 0.0 0.2 0:06.96
3652 0.0 0.2 0:06.96
3652 0.0 0.2 0:06.96
3652 0.0 0.2 0:06.96
3652 0.0 0.2 0:06.96
3652 0.0 0.2 0:06.96
3652 0.0 0.2 0:06.96
3652 0.0 0.2 0:06.96
