3652 9.1 0.2 0:04.53
3652 0.0 0.2 0:04.56
3652 5.3 0.2 0:04.58
3652 0.0 0.2 0:04.58
3652 0.0 0.2 0:04.60
3652 4.0 0.2 0:04.62
3652 0.0 0.2 0:04.63
3652 0.0 0.2 0:04.63
3652 0.0 0.2 0:04.63
3652 0.0 0.2 0:04.64
3652 0.0 0.2 0:04.64
3652 0.0 0.2 0:04.64
3652 0.0 0.2 0:04.65
3652 0.0 0.2 0:04.65
3652 0.0 0.2 0:04.65
3652 0.0 0.2 0:04.65
3652 0.0 0.2 0:04.65
3652 0.0 0.2 0:04.65
3652 0.0 0.2 0:04.65
3652 0.0 0.2 0:04.65
3652 0.0 0.2 0:04.65
3652 0.0 0.2 0:04.65
3652 0.0 0.2 0:04.65
3652 0.0 0.2 0:04.66
3652 0.0 0.2 0:04.66
3652 0.0 0.2 0:04.66
3652 0.0 0.2 0:04.66
3652 0.0 0.2 0:04.66
3652 0.0 0.2 0:04.66
3652 0.0 0.2 0:04.66
3652 0.0 0.2 0:04.66
3652 0.0 0.2 0:04.66
3652 0.0 0.2 0:04.66
3652 0.0 0.2 0:04.66
3652 0.0 0.2 0:04.66
3652 0.0 0.2 0:04.66
3652 0.0 0.2 0:04.66
3652 0.0 0.2 0:04.66
3652 0.0 0.2 0:04.66
3652 0.0 0.2 0:04.66
3652 0.0 0.2 0:04.66
3652 0.0 0.2 0:04.66
3652 0.0 0.2 0:04.66
3652 0.0 0.2 0:04.66
3652 0.0 0.2 0:04.66
3652 0.0 0.2 0:04.66
3652 0.0 0.2 0:04.66
3652 0.0 0.2 0:04.66
3652 0.0 0.2 0:04.66
3652 0.0 0.2 0:04.66
3652 0.0 0.2 0:04.66
3652 0.0 0.2 0:04.66
3652 0.0 0.2 0:04.66
3652 0.0 0.2 0:04.66
3652 0.0 0.2 0:04.66
3652 0.0 0.2 0:04.66
3652 0.0 0.2 0:04.66
3652 0.0 0.2 0:04.66
3652 0.0 0.2 0:04.66
3652 0.0 0.2 0:04.66
3652 0.0 0.2 0:04.66
3652 0.0 0.2 0:04.66
3652 0.0 0.2 0:04.66
3652 0.0 0.2 0:04.66
3652 0.0 0.2 0:04.66
3652 0.0 0.2 0:04.66
3652 0.0 0.2 0:04.66
3652 0.0 0.2 0:04.66
3652 0.0 0.2 0:04.66
3652 0.0 0.2 0:04.66
3652 0.0 0.2 0:04.66
3652 0.0 0.2 0:04.66
3652 0.0 0.2 0:04.66
3652 0.0 0.2 0:04.66
3652 0.0 0.2 0:04.66
3652 0.0 0.2 0:04.66
3652 0.0 0.2 0:04.66
3652 0.0 0.2 0:04.66
3652 0.0 0.2 0:04.66
3652 0.0 0.2 0:04.66
3652 0.0 0.2 0:04.66
3652 0.0 0.2 0:04.66
3652 0.0 0.2 0:04.66
3652 0.0 0.2 0:04.66
3652 0.0 0.2 0:04.66
3652 0.0 0.2 0:04.66
23652 0.0 0.0 0:00.00
3652 0.0 0.2 0:04.66
3652 0.0 0.2 0:04.66
3652 0.0 0.2 0:04.66
3652 0.0 0.2 0:04.66
3652 0.0 0.2 0:04.66
3652 0.0 0.2 0:04.66
3652 0.0 0.2 0:04.66
3652 0.0 0.2 0:04.66
3652 0.0 0.2 0:04.66
3652 0.0 0.2 0:04.66
3652 0.0 0.2 0:04.66
3652 0.0 0.2 0:04.66
3652 0.0 0.2 0:04.66
3652 0.0 0.2 0:04.66
3652 0.0 0.2 0:04.66
3652 0.0 0.2 0:04.66
3652 0.0 0.2 0:04.66
3652 0.0 0.2 0:04.66
3652 0.0 0.2 0:04.66
3652 0.0 0.2 0:04.66
3652 0.0 0.2 0:04.66
3652 0.0 0.2 0:04.66
3652 0.0 0.2 0:04.66
3652 0.0 0.2 0:04.66
3652 0.0 0.2 0:04.66
3652 0.0 0.2 0:04.66
3652 0.0 0.2 0:04.66
3652 0.0 0.2 0:04.66
3652 0.0 0.2 0:04.66
3652 0.0 0.2 0:04.66
3652 0.0 0.2 0:04.66
3652 0.0 0.2 0:04.66
3652 0.0 0.2 0:04.66
3652 0.0 0.2 0:04.66
3652 0.0 0.2 0:04.66
3652 0.0 0.2 0:04.66
3652 0.0 0.2 0:04.66
3652 0.0 0.2 0:04.66
3652 0.0 0.2 0:04.66
3652 0.0 0.2 0:04.66
3652 0.0 0.2 0:04.66
3652 0.0 0.2 0:04.66
3652 0.0 0.2 0:04.66
3652 0.0 0.2 0:04.66
3652 0.0 0.2 0:04.66
3652 0.0 0.2 0:04.66
3652 0.0 0.2 0:04.66
3652 0.0 0.2 0:04.66
3652 0.0 0.2 0:04.66
3652 0.0 0.2 0:04.66
3652 0.0 0.2 0:04.66
3652 0.0 0.2 0:04.66
3652 0.0 0.2 0:04.66
3652 0.0 0.2 0:04.66
3652 0.0 0.2 0:04.66
3652 0.0 0.2 0:04.66
3652 0.0 0.2 0:04.66
3652 0.0 0.2 0:04.66
3652 0.0 0.2 0:04.66
3652 0.0 0.2 0:04.66
3652 0.0 0.2 0:04.66
3652 0.0 0.2 0:04.66
3652 0.0 0.2 0:04.66
3652 0.0 0.2 0:04.66
3652 0.0 0.2 0:04.66
3652 0.0 0.2 0:04.66
3652 0.0 0.2 0:04.66
3652 0.0 0.2 0:04.66
3652 0.0 0.2 0:04.66
3652 0.0 0.2 0:04.66
3652 0.0 0.2 0:04.66
3652 0.0 0.2 0:04.66
3652 0.0 0.2 0:04.66
3652 0.0 0.2 0:04.66
3652 0.0 0.2 0:04.66
3652 0.0 0.2 0:04.66
3652 0.0 0.2 0:04.66
3652 0.0 0.2 0:04.66
3652 0.0 0.2 0:04.66
3652 0.0 0.2 0:04.66
3652 0.0 0.2 0:04.66
3652 0.0 0.2 0:04.66
3652 0.0 0.2 0:04.67
3652 0.0 0.2 0:04.67
3652 0.0 0.2 0:04.67
3652 0.0 0.2 0:04.67
3652 0.0 0.2 0:04.67
3652 0.0 0.2 0:04.67
3652 0.0 0.2 0:04.67
3652 0.0 0.2 0:04.67
3652 0.0 0.2 0:04.67
3652 0.0 0.2 0:04.67
3652 0.0 0.2 0:04.67
