3652 0.0 0.2 0:07.86
3652 0.0 0.2 0:07.87
3652 0.0 0.2 0:07.88
3652 0.0 0.2 0:07.88
3652 0.0 0.2 0:07.88
3652 0.0 0.2 0:07.88
3652 0.0 0.2 0:07.88
3652 0.0 0.2 0:07.88
3652 0.0 0.2 0:07.88
3652 0.0 0.2 0:07.88
3652 0.0 0.2 0:07.88
3652 0.0 0.2 0:07.88
3652 0.0 0.2 0:07.88
3652 0.0 0.2 0:07.88
3652 0.0 0.2 0:07.88
3652 0.0 0.2 0:07.88
3652 0.0 0.2 0:07.88
3652 0.0 0.2 0:07.88
3652 0.0 0.2 0:07.88
3652 0.0 0.2 0:07.88
3652 0.0 0.2 0:07.88
3652 0.0 0.2 0:07.88
3652 0.0 0.2 0:07.88
3652 0.0 0.2 0:07.88
3652 0.0 0.2 0:07.88
3652 0.0 0.2 0:07.88
3652 0.0 0.2 0:07.88
3652 0.0 0.2 0:07.88
3652 0.0 0.2 0:07.88
3652 0.0 0.2 0:07.88
3652 0.0 0.2 0:07.88
3652 0.0 0.2 0:07.88
3652 0.0 0.2 0:07.88
3652 0.0 0.2 0:07.88
3652 0.0 0.2 0:07.88
3652 0.0 0.2 0:07.88
3652 0.0 0.2 0:07.88
3652 0.0 0.2 0:07.88
3652 0.0 0.2 0:07.88
3652 0.0 0.2 0:07.88
3652 0.0 0.2 0:07.88
3652 0.0 0.2 0:07.88
3652 0.0 0.2 0:07.88
3652 0.0 0.2 0:07.88
3652 0.0 0.2 0:07.88
3652 0.0 0.2 0:07.88
3652 0.0 0.2 0:07.88
3652 0.0 0.2 0:07.88
3652 0.0 0.2 0:07.88
3652 0.0 0.2 0:07.88
3652 0.0 0.2 0:07.88
3652 0.0 0.2 0:07.88
3652 0.0 0.2 0:07.88
3652 0.0 0.2 0:07.88
3652 0.0 0.2 0:07.88
3652 0.0 0.2 0:07.88
3652 0.0 0.2 0:07.88
3652 0.0 0.2 0:07.88
3652 0.0 0.2 0:07.88
3652 0.0 0.2 0:07.88
3652 0.0 0.2 0:07.88
3652 0.0 0.2 0:07.88
3652 0.0 0.2 0:07.88
3652 0.0 0.2 0:07.88
3652 0.0 0.2 0:07.88
3652 0.0 0.2 0:07.88
3652 0.0 0.2 0:07.88
3652 0.0 0.2 0:07.88
3652 0.0 0.2 0:07.88
3652 0.0 0.2 0:07.88
3652 0.0 0.2 0:07.88
3652 0.0 0.2 0:07.88
3652 0.0 0.2 0:07.88
3652 0.0 0.2 0:07.88
3652 0.0 0.2 0:07.88
