3652 5.3 0.2 0:07.11
3652 0.0 0.2 0:07.13
3652 0.0 0.2 0:07.14
3652 0.0 0.2 0:07.14
3652 0.0 0.2 0:07.14
3652 0.0 0.2 0:07.14
3652 0.0 0.2 0:07.14
3652 0.0 0.2 0:07.14
3652 0.0 0.2 0:07.14
3652 0.0 0.2 0:07.14
3652 0.0 0.2 0:07.14
3652 0.0 0.2 0:07.14
3652 0.0 0.2 0:07.14
3652 0.0 0.2 0:07.14
3652 0.0 0.2 0:07.14
3652 0.0 0.2 0:07.14
3652 0.0 0.2 0:07.14
3652 0.0 0.2 0:07.14
3652 0.0 0.2 0:07.14
3652 0.0 0.2 0:07.14
3652 0.0 0.2 0:07.14
3652 0.0 0.2 0:07.14
3652 0.0 0.2 0:07.14
3652 0.0 0.2 0:07.14
3652 0.0 0.2 0:07.14
3652 0.0 0.2 0:07.14
3652 0.0 0.2 0:07.14
3652 0.0 0.2 0:07.14
3652 0.0 0.2 0:07.14
3652 0.0 0.2 0:07.14
3652 0.0 0.2 0:07.14
3652 0.0 0.2 0:07.14
3652 0.0 0.2 0:07.14
3652 0.0 0.2 0:07.14
3652 0.0 0.2 0:07.14
3652 0.0 0.2 0:07.14
3652 0.0 0.2 0:07.14
3652 0.0 0.2 0:07.14
3652 0.0 0.2 0:07.14
3652 0.0 0.2 0:07.14
3652 0.0 0.2 0:07.14
3652 0.0 0.2 0:07.14
3652 0.0 0.2 0:07.14
3652 0.0 0.2 0:07.14
3652 0.0 0.2 0:07.14
3652 0.0 0.2 0:07.14
3652 0.0 0.2 0:07.14
3652 0.0 0.2 0:07.14
3652 0.0 0.2 0:07.14
3652 0.0 0.2 0:07.14
3652 0.0 0.2 0:07.14
3652 0.0 0.2 0:07.14
3652 0.0 0.2 0:07.14
3652 0.0 0.2 0:07.14
3652 0.0 0.2 0:07.14
3652 0.0 0.2 0:07.14
3652 0.0 0.2 0:07.14
3652 0.0 0.2 0:07.14
3652 0.0 0.2 0:07.14
3652 0.0 0.2 0:07.14
3652 0.0 0.2 0:07.14
3652 0.0 0.2 0:07.14
3652 0.0 0.2 0:07.14
3652 0.0 0.2 0:07.14
3652 0.0 0.2 0:07.14
3652 0.0 0.2 0:07.14
3652 0.0 0.2 0:07.14
3652 0.0 0.2 0:07.14
3652 0.0 0.2 0:07.14
3652 0.0 0.2 0:07.14
3652 0.0 0.2 0:07.14
3652 0.0 0.2 0:07.14
3652 0.0 0.2 0:07.14
3652 0.0 0.2 0:07.14
3652 0.0 0.2 0:07.14
3652 0.0 0.2 0:07.14
3652 0.0 0.2 0:07.14
3652 0.0 0.2 0:07.14
3652 0.0 0.2 0:07.14
3652 0.0 0.2 0:07.14
3652 0.0 0.2 0:07.14
3652 0.0 0.2 0:07.14
3652 0.0 0.2 0:07.14
3652 0.0 0.2 0:07.14
3652 0.0 0.2 0:07.14
3652 0.0 0.2 0:07.14
3652 0.0 0.2 0:07.14
3652 0.0 0.2 0:07.14
3652 0.0 0.2 0:07.14
3652 0.0 0.2 0:07.14
