2849 15.0 0.1 0:12.64
2849 5.3 0.1 0:12.82
2849 11.1 0.1 0:12.96
2849 15.8 0.1 0:13.13
2849 22.2 0.1 0:13.29
2849 15.0 0.1 0:13.44
2849 10.5 0.1 0:13.62
2849 9.5 0.1 0:13.78
2849 10.5 0.1 0:13.91
2849 16.7 0.1 0:14.10
2849 15.8 0.1 0:14.24
2849 16.7 0.1 0:14.36
2849 10.5 0.1 0:14.48
2849 15.8 0.1 0:14.64
2849 15.8 0.1 0:14.82
2849 22.2 0.1 0:14.97
2849 15.0 0.1 0:15.15
2849 21.1 0.1 0:15.33
2849 22.2 0.1 0:15.50
2849 9.5 0.1 0:15.63
2849 15.8 0.1 0:15.79
2849 15.8 0.1 0:15.96
2849 21.1 0.1 0:16.08
2849 15.0 0.1 0:16.28
2849 22.2 0.1 0:16.42
2849 10.5 0.1 0:16.55
2849 0.0 0.1 0:16.62
2849 0.0 0.1 0:16.62
2849 0.0 0.1 0:16.62
2849 0.0 0.1 0:16.62
2849 0.0 0.1 0:16.62
2849 0.0 0.1 0:16.62
2849 0.0 0.1 0:16.62
2849 0.0 0.1 0:16.62
2849 0.0 0.1 0:16.62
2849 0.0 0.1 0:16.62
2849 0.0 0.1 0:16.62
2849 0.0 0.1 0:16.62
2849 0.0 0.1 0:16.62
2849 0.0 0.1 0:16.62
2849 0.0 0.1 0:16.62
2849 0.0 0.1 0:16.62
2849 0.0 0.1 0:16.62
2849 0.0 0.1 0:16.62
2849 0.0 0.1 0:16.62
2849 0.0 0.1 0:16.62
2849 0.0 0.1 0:16.62
2849 0.0 0.1 0:16.62
2849 0.0 0.1 0:16.62
2849 0.0 0.1 0:16.62
2849 0.0 0.1 0:16.62
2849 0.0 0.1 0:16.62
2849 0.0 0.1 0:16.62
2849 0.0 0.1 0:16.62
2849 0.0 0.1 0:16.62
2849 0.0 0.1 0:16.62
2849 0.0 0.1 0:16.62
2849 0.0 0.1 0:16.62
2849 0.0 0.1 0:16.62
2849 0.0 0.1 0:16.62
2849 0.0 0.1 0:16.62
2849 0.0 0.1 0:16.62
2849 0.0 0.1 0:16.62
2849 0.0 0.1 0:16.62
2849 0.0 0.1 0:16.62
2849 0.0 0.1 0:16.62
2849 0.0 0.1 0:16.62
