721 23.5 0.3 0:00.11
721 20.9 0.3 0:00.12
721 15.0 0.3 0:00.16
721 7.5 0.3 0:00.17
721 11.1 0.3 0:00.19
721 10.1 0.3 0:00.18
721 38.9 0.3 0:00.33
721 33.3 0.3 0:00.65
721 38.9 0.3 0:01.00
721 9.4 0.3 0:01.41
721 26.3 0.3 0:01.76
721 15.4 0.3 0:02.12
721 21.1 0.3 0:02.38
721 5.6 0.3 0:02.68
721 0.0 0.3 0:02.69
721 0.0 0.3 0:02.69
721 0.0 0.3 0:02.69
721 0.0 0.3 0:02.69
721 0.0 0.3 0:02.69
721 0.0 0.3 0:02.69
721 0.0 0.3 0:02.69
721 0.0 0.3 0:02.69
721 0.0 0.3 0:02.69
721 0.0 0.3 0:02.69
721 0.0 0.3 0:02.69
721 0.0 0.3 0:02.69
721 0.0 0.3 0:02.69
721 0.0 0.3 0:02.69
721 0.0 0.3 0:02.69
721 0.0 0.3 0:02.69
721 0.0 0.3 0:02.69
721 0.0 0.3 0:02.69
721 0.0 0.3 0:02.69
