2840 0.0 0.4 2:37.70
2840 5.3 0.4 2:37.81
2840 5.3 0.4 2:37.91
2840 36.8 0.4 2:38.03
2840 0.0 0.4 2:38.07
2840 10.0 0.4 2:38.23
2840 10.5 0.4 2:38.37
2840 10.0 0.4 2:38.51
2840 11.1 0.4 2:38.59
2840 0.0 0.4 2:38.74
2840 5.3 0.4 2:38.90
2840 16.7 0.4 2:39.07
2840 36.4 0.4 2:39.20
2840 5.3 0.4 2:39.30
2840 5.0 0.4 2:39.47
2840 5.3 0.4 2:39.63
2840 36.8 0.4 2:39.78
2840 0.0 0.4 2:39.86
2840 15.0 0.4 2:40.05
2840 14.3 0.4 2:40.22
2840 26.3 0.4 2:40.39
2840 10.5 0.4 2:40.48
2840 5.3 0.4 2:40.67
2840 5.6 0.4 2:40.84
2840 20.0 0.4 2:41.01
2840 25.0 0.4 2:41.14
2840 10.5 0.3 2:41.29
2840 10.5 0.4 2:41.47
2840 9.5 0.4 2:41.65
2840 20.0 0.4 2:41.79
2840 15.8 0.4 2:41.99
2840 12.0 0.4 2:42.21
2840 20.0 0.4 2:42.42
2840 22.7 0.4 2:42.59
2840 16.7 0.4 2:42.75
2840 15.8 0.4 2:42.93
2840 20.0 0.4 2:43.11
2840 20.0 0.4 2:43.27
2840 16.7 0.4 2:43.43
2840 11.1 0.4 2:43.61
2840 15.8 0.4 2:43.79
2840 19.0 0.4 2:43.97
2840 10.5 0.4 2:44.12
2840 15.8 0.4 2:44.30
2840 15.8 0.4 2:44.47
2840 21.1 0.4 2:44.64
2840 11.1 0.4 2:44.80
2840 16.7 0.4 2:44.98
2840 20.0 0.4 2:45.15
2840 11.1 0.4 2:45.31
2840 15.8 0.4 2:45.49
2840 15.8 0.4 2:45.66
2840 16.7 0.4 2:45.83
2840 15.8 0.4 2:46.00
2840 21.1 0.4 2:46.17
2840 15.8 0.3 2:46.34
2840 15.0 0.3 2:46.51
2840 15.8 0.3 2:46.67
2840 15.0 0.3 2:46.85
2840 15.8 0.3 2:47.02
2840 15.0 0.3 2:47.20
2840 16.7 0.3 2:47.37
2840 15.0 0.3 2:47.54
2840 16.7 0.3 2:47.71
2840 15.8 0.3 2:47.88
2840 15.8 0.3 2:48.05
2840 16.7 0.3 2:48.22
2840 15.8 0.3 2:48.40
2840 14.3 0.3 2:48.57
2840 21.1 0.3 2:48.74
2840 11.1 0.3 2:48.90
2840 21.1 0.3 2:49.09
2840 15.0 0.3 2:49.26
2840 16.7 0.3 2:49.42
2840 15.8 0.3 2:49.59
2840 11.1 0.3 2:49.75
2840 15.0 0.3 2:49.94
2840 15.8 0.3 2:50.11
2840 10.0 0.3 2:50.28
2840 15.8 0.3 2:50.47
2840 16.7 0.3 2:50.64
2840 17.4 0.3 2:50.84
2840 21.1 0.3 2:51.04
2840 19.0 0.3 2:51.24
2840 15.8 0.3 2:51.41
2840 16.7 0.3 2:51.59
2840 15.0 0.3 2:51.77
2840 16.7 0.3 2:51.94
2840 20.0 0.3 2:52.12
2840 15.8 0.3 2:52.27
2840 15.0 0.3 2:52.45
2840 10.0 0.3 2:52.62
2840 15.8 0.3 2:52.79
2840 16.7 0.3 2:52.96
2840 15.0 0.3 2:53.13
2840 15.0 0.3 2:53.30
2840 11.1 0.3 2:53.47
2840 15.8 0.3 2:53.65
2840 15.8 0.3 2:53.82
2840 15.8 0.3 2:53.98
2840 20.0 0.3 2:54.17
2840 19.0 0.3 2:54.36
2840 15.8 0.3 2:54.51
2840 15.0 0.3 2:54.69
2840 9.5 0.3 2:54.85
2840 13.6 0.3 2:55.03
2840 20.0 0.3 2:55.20
2840 15.8 0.3 2:55.37
2840 16.7 0.3 2:55.53
2840 22.2 0.3 2:55.70
2840 10.5 0.3 2:55.87
2840 15.0 0.3 2:56.04
2840 15.8 0.3 2:56.20
2840 15.0 0.3 2:56.37
2840 15.8 0.3 2:56.54
2840 15.8 0.3 2:56.71
2840 21.1 0.3 2:56.88
2840 21.1 0.3 2:57.05
2840 16.7 0.3 2:57.21
2840 11.1 0.3 2:57.37
2840 15.8 0.3 2:57.55
2840 21.1 0.3 2:57.74
2840 21.1 0.3 2:57.91
2840 11.1 0.3 2:58.06
2840 14.3 0.3 2:58.24
2840 15.0 0.3 2:58.41
2840 26.3 0.3 2:58.59
2840 15.8 0.3 2:58.75
2840 15.0 0.3 2:58.93
2840 16.7 0.3 2:59.09
2840 15.8 0.3 2:59.26
2840 5.0 0.3 2:59.38
