2840 5.6 0.3 6:27.45
2840 4.8 0.3 6:27.54
2840 21.1 0.3 6:27.70
2840 14.3 0.3 6:27.86
2840 22.2 0.3 6:28.02
2840 19.0 0.3 6:28.19
2840 17.4 0.3 6:28.35
2840 15.0 0.3 6:28.49
2840 15.0 0.3 6:28.65
2840 15.8 0.3 6:28.82
2840 15.8 0.3 6:28.99
2840 21.1 0.3 6:29.18
2840 9.1 0.3 6:29.35
2840 10.5 0.3 6:29.51
2840 15.8 0.3 6:29.67
2840 10.5 0.3 6:29.83
2840 15.0 0.3 6:29.98
2840 15.8 0.3 6:30.14
2840 10.0 0.3 6:30.29
2840 10.0 0.3 6:30.44
2840 15.0 0.3 6:30.59
2840 10.5 0.3 6:30.75
2840 11.1 0.3 6:30.90
2840 21.1 0.3 6:31.08
2840 21.1 0.3 6:31.24
2840 15.8 0.3 6:31.40
2840 10.5 0.3 6:31.56
2840 21.1 0.3 6:31.72
2840 22.2 0.3 6:31.87
2840 15.0 0.3 6:32.02
2840 11.1 0.3 6:32.19
2840 16.7 0.3 6:32.36
2840 21.1 0.3 6:32.52
2840 20.0 0.3 6:32.68
2840 20.0 0.3 6:32.86
2840 5.3 0.3 6:33.00
2840 15.8 0.3 6:33.16
2840 27.8 0.3 6:33.34
2840 10.0 0.3 6:33.50
2840 15.0 0.3 6:33.66
2840 15.0 0.3 6:33.81
2840 16.7 0.3 6:33.97
2840 21.1 0.3 6:34.13
2840 15.8 0.3 6:34.28
2840 10.5 0.3 6:34.44
2840 19.0 0.3 6:34.61
2840 16.7 0.3 6:34.77
2840 21.1 0.3 6:34.94
2840 20.0 0.3 6:35.11
2840 16.7 0.3 6:35.27
2840 5.3 0.3 6:35.41
2840 10.5 0.3 6:35.57
2840 10.0 0.3 6:35.73
2840 20.0 0.3 6:35.90
2840 9.5 0.3 6:36.05
2840 15.0 0.3 6:36.20
2840 10.5 0.3 6:36.37
2840 11.1 0.3 6:36.54
2840 19.0 0.3 6:36.73
2840 10.5 0.3 6:36.88
2840 10.5 0.3 6:37.04
2840 13.6 0.3 6:37.24
2840 13.0 0.3 6:37.43
2840 25.0 0.3 6:37.63
2840 19.0 0.3 6:37.80
2840 15.8 0.3 6:37.96
2840 15.8 0.3 6:38.12
2840 15.8 0.3 6:38.27
2840 11.1 0.3 6:38.42
2840 11.1 0.3 6:38.58
2840 16.7 0.3 6:38.74
2840 13.6 0.3 6:38.91
2840 15.0 0.3 6:39.08
2840 10.5 0.3 6:39.23
2840 15.8 0.3 6:39.39
2840 5.6 0.3 6:39.52
