2841 0.0 0.2 0:00.69
2841 0.0 0.2 0:00.70
2841 0.0 0.2 0:00.70
2841 0.0 0.2 0:00.71
2841 0.0 0.2 0:00.71
2841 0.0 0.2 0:00.71
2841 0.0 0.2 0:00.71
2841 0.0 0.2 0:00.71
2841 0.0 0.2 0:00.71
2841 0.0 0.2 0:00.71
2841 0.0 0.2 0:00.71
2841 0.0 0.2 0:00.71
2841 0.0 0.2 0:00.71
2841 0.0 0.2 0:00.71
2841 0.0 0.2 0:00.71
2841 0.0 0.2 0:00.71
2841 0.0 0.2 0:00.71
2841 0.0 0.2 0:00.71
2841 0.0 0.2 0:00.71
2841 0.0 0.2 0:00.71
2841 0.0 0.2 0:00.71
2841 0.0 0.2 0:00.71
2841 0.0 0.2 0:00.71
2841 0.0 0.2 0:00.71
2841 0.0 0.2 0:00.71
2841 0.0 0.2 0:00.71
2841 0.0 0.2 0:00.71
2841 0.0 0.2 0:00.71
2841 0.0 0.2 0:00.71
2841 0.0 0.2 0:00.71
2841 0.0 0.2 0:00.71
2841 0.0 0.2 0:00.71
2841 0.0 0.2 0:00.71
2841 0.0 0.2 0:00.71
2841 0.0 0.2 0:00.71
2841 0.0 0.2 0:00.71
2841 0.0 0.2 0:00.71
2841 0.0 0.2 0:00.71
2841 0.0 0.2 0:00.71
2841 0.0 0.2 0:00.71
2841 0.0 0.2 0:00.71
2841 0.0 0.2 0:00.71
2841 0.0 0.2 0:00.71
2841 0.0 0.2 0:00.71
2841 0.0 0.2 0:00.71
2841 0.0 0.2 0:00.71
2841 0.0 0.2 0:00.71
2841 0.0 0.2 0:00.71
2841 0.0 0.2 0:00.71
2841 0.0 0.2 0:00.71
2841 0.0 0.2 0:00.71
2841 0.0 0.2 0:00.71
2841 0.0 0.2 0:00.71
2841 0.0 0.2 0:00.71
2841 0.0 0.2 0:00.71
2841 0.0 0.2 0:00.71
2841 0.0 0.2 0:00.71
2841 0.0 0.2 0:00.71
2841 0.0 0.2 0:00.71
2841 0.0 0.2 0:00.71
2841 0.0 0.2 0:00.71
2841 0.0 0.2 0:00.71
2841 0.0 0.2 0:00.71
2841 0.0 0.2 0:00.71
2841 0.0 0.2 0:00.71
2841 0.0 0.2 0:00.71
2841 0.0 0.2 0:00.71
2841 0.0 0.2 0:00.71
2841 0.0 0.2 0:00.71
2841 0.0 0.2 0:00.71
2841 0.0 0.2 0:00.71
2841 0.0 0.2 0:00.71
2841 0.0 0.2 0:00.71
2841 0.0 0.2 0:00.71
2841 0.0 0.2 0:00.71
2841 0.0 0.2 0:00.71
2841 0.0 0.2 0:00.71
2841 0.0 0.2 0:00.71
2841 0.0 0.2 0:00.71
2841 0.0 0.2 0:00.71
2841 0.0 0.2 0:00.71
2841 0.0 0.2 0:00.71
2841 0.0 0.2 0:00.71
2841 0.0 0.2 0:00.71
2841 0.0 0.2 0:00.71
2841 0.0 0.2 0:00.71
2841 0.0 0.2 0:00.71
2841 0.0 0.2 0:00.71
2841 0.0 0.2 0:00.71
2841 0.0 0.2 0:00.71
2841 0.0 0.2 0:00.71
2841 0.0 0.2 0:00.71
2841 0.0 0.2 0:00.71
2841 0.0 0.2 0:00.71
2841 0.0 0.2 0:00.71
2841 0.0 0.2 0:00.71
2841 0.0 0.2 0:00.71
2841 0.0 0.2 0:00.71
2841 0.0 0.2 0:00.71
2841 0.0 0.2 0:00.71
2841 0.0 0.2 0:00.71
2841 0.0 0.2 0:00.71
2841 0.0 0.2 0:00.71
2841 0.0 0.2 0:00.71
2841 0.0 0.2 0:00.71
2841 0.0 0.2 0:00.71
2841 0.0 0.2 0:00.71
2841 0.0 0.2 0:00.71
2841 0.0 0.2 0:00.71
2841 0.0 0.2 0:00.71
2841 0.0 0.2 0:00.71
2841 0.0 0.2 0:00.71
2841 0.0 0.2 0:00.71
2841 0.0 0.2 0:00.71
2841 0.0 0.2 0:00.73
2841 0.0 0.2 0:00.73
2841 0.0 0.2 0:00.73
2841 0.0 0.2 0:00.73
2841 0.0 0.2 0:00.73
2841 0.0 0.2 0:00.73
2841 0.0 0.2 0:00.73
2841 0.0 0.2 0:00.73
2841 0.0 0.2 0:00.73
2841 0.0 0.2 0:00.73
2841 0.0 0.2 0:00.73
2841 0.0 0.2 0:00.73
2841 0.0 0.2 0:00.73
2841 0.0 0.2 0:00.73
2841 0.0 0.2 0:00.73
2841 0.0 0.2 0:00.73
2841 0.0 0.2 0:00.73
2841 0.0 0.2 0:00.73
2841 0.0 0.2 0:00.73
2841 0.0 0.2 0:00.73
2841 0.0 0.2 0:00.73
2841 0.0 0.2 0:00.73
2841 0.0 0.2 0:00.73
2841 0.0 0.2 0:00.73
2841 0.0 0.2 0:00.73
2841 0.0 0.2 0:00.73
2841 0.0 0.2 0:00.73
