732 0.0 0.1 0:00.00
732 0.0 0.1 0:00.00
732 0.0 0.1 0:00.00
732 0.0 0.1 0:00.00
732 0.0 0.1 0:00.00
732 0.0 0.1 0:00.00
732 0.0 0.1 0:00.00
732 0.0 0.1 0:00.00
732 0.0 0.1 0:00.00
732 0.0 0.1 0:00.00
732 0.0 0.1 0:00.00
KiB 1525732 avail Mem
732 0.0 0.1 0:00.00
732 0.0 0.1 0:00.00
732 0.0 0.1 0:00.00
732 0.0 0.1 0:00.00
732 0.0 0.1 0:00.00
732 0.0 0.1 0:00.00
732 0.0 0.1 0:00.00
732 0.0 0.1 0:00.00
732 0.0 0.1 0:00.00
732 0.0 0.1 0:00.00
732 0.0 0.1 0:00.00
732 0.0 0.1 0:00.00
732 0.0 0.1 0:00.00
732 0.0 0.1 0:00.00
KiB used, 467732 buff/cache
732 0.0 0.1 0:00.00
732 0.0 0.1 0:00.00
732 0.0 0.1 0:00.00
732 0.0 0.1 0:00.00
732 0.0 0.1 0:00.00
732 0.0 0.1 0:00.00
732 0.0 0.1 0:00.00
732 0.0 0.1 0:00.00
732 0.0 0.1 0:00.00
732 0.0 0.1 0:00.00
732 0.0 0.1 0:00.00
732 0.0 0.1 0:00.00
732 0.0 0.1 0:00.00
732 0.0 0.1 0:00.00
732 0.0 0.1 0:00.00
732 0.0 0.1 0:00.00
732 0.0 0.1 0:00.00
732 0.0 0.1 0:00.00
732 0.0 0.1 0:00.00
732 0.0 0.1 0:00.00
732 0.0 0.1 0:00.00
732 0.0 0.1 0:00.00
732 0.0 0.1 0:00.00
732 0.0 0.1 0:00.00
732 0.0 0.1 0:00.00
732 0.0 0.1 0:00.00
732 0.0 0.1 0:00.00
732 0.0 0.1 0:00.00
732 0.0 0.1 0:00.00
732 0.0 0.1 0:00.00
732 0.0 0.1 0:00.00
732 0.0 0.1 0:00.00
732 0.0 0.1 0:00.00
732 0.0 0.1 0:00.00
732 0.0 0.1 0:00.00
732 0.0 0.1 0:00.00
732 0.0 0.1 0:00.00
732 0.0 0.1 0:00.00
732 0.0 0.1 0:00.00
732 0.0 0.1 0:00.00
732 0.0 0.1 0:00.00
732 0.0 0.1 0:00.00
732 0.0 0.1 0:00.00
732 0.0 0.1 0:00.00
732 0.0 0.1 0:00.00
732 0.0 0.1 0:00.00
732 0.0 0.1 0:00.00
732 0.0 0.1 0:00.00
732 0.0 0.1 0:00.00
732 0.0 0.1 0:00.00
732 0.0 0.1 0:00.00
732 0.0 0.1 0:00.00
732 0.0 0.1 0:00.00
732 0.0 0.1 0:00.00
732 0.0 0.1 0:00.00
732 0.0 0.1 0:00.00
732 0.0 0.1 0:00.00
KiB 1527328 avail Mem
732 0.0 0.1 0:00.00
732 0.0 0.1 0:00.00
732 0.0 0.1 0:00.00
732 0.0 0.1 0:00.00
732 0.0 0.1 0:00.00
732 0.0 0.1 0:00.00
