732 0.0 0.1 0:00.00
732 0.0 0.1 0:00.00
732 0.0 0.1 0:00.00
732 0.0 0.1 0:00.00
732 0.0 0.1 0:00.00
732 0.0 0.1 0:00.00
732 0.0 0.1 0:00.00
732 0.0 0.1 0:00.00
732 0.0 0.1 0:00.00
732 0.0 0.1 0:00.00
732 0.0 0.1 0:00.00
732 0.0 0.1 0:00.00
732 0.0 0.1 0:00.00
732 0.0 0.1 0:00.00
732 0.0 0.1 0:00.00
732 0.0 0.1 0:00.00
732 0.0 0.1 0:00.00
732 0.0 0.1 0:00.00
732 0.0 0.1 0:00.00
732 0.0 0.1 0:00.00
732 0.0 0.1 0:00.00
732 0.0 0.1 0:00.00
732 0.0 0.1 0:00.00
732 0.0 0.1 0:00.00
732 0.0 0.1 0:00.00
732 0.0 0.1 0:00.00
732 0.0 0.1 0:00.00
732 0.0 0.1 0:00.00
732 0.0 0.1 0:00.00
732 0.0 0.1 0:00.00
732 0.0 0.1 0:00.00
732 0.0 0.1 0:00.00
732 0.0 0.1 0:00.00
732 0.0 0.1 0:00.00
732 0.0 0.1 0:00.00
732 0.0 0.1 0:00.00
732 0.0 0.1 0:00.00
732 0.0 0.1 0:00.00
732 0.0 0.1 0:00.00
732 0.0 0.1 0:00.00
732 0.0 0.1 0:00.00
732 0.0 0.1 0:00.00
732 0.0 0.1 0:00.00
732 0.0 0.1 0:00.00
732 0.0 0.1 0:00.00
732 0.0 0.1 0:00.00
732 0.0 0.1 0:00.00
732 0.0 0.1 0:00.00
732 0.0 0.1 0:00.00
732 0.0 0.1 0:00.00
732 0.0 0.1 0:00.00
732 0.0 0.1 0:00.00
732 0.0 0.1 0:00.00
732 0.0 0.1 0:00.00
732 0.0 0.1 0:00.00
732 0.0 0.1 0:00.00
KiB used, 473208 buff/cache
KiB used, 473224 buff/cache
KiB used, 473228 buff/cache
KiB used, 473248 buff/cache
KiB used, 473264 buff/cache
KiB used, 473276 buff/cache
KiB used, 473288 buff/cache
KiB used, 473288 buff/cache
KiB used, 473288 buff/cache
KiB used, 473288 buff/cache
KiB used, 473288 buff/cache
KiB used, 473288 buff/cache
KiB used, 473288 buff/cache
KiB used, 473288 buff/cache
KiB used, 473288 buff/cache
KiB used, 473288 buff/cache
KiB used, 473292 buff/cache
KiB used, 473300 buff/cache
732 0.0 0.1 0:00.00
732 0.0 0.1 0:00.00
732 0.0 0.1 0:00.00
732 0.0 0.1 0:00.00
732 0.0 0.1 0:00.00
732 0.0 0.1 0:00.00
732 0.0 0.1 0:00.00
732 0.0 0.1 0:00.00
732 0.0 0.1 0:00.00
732 0.0 0.1 0:00.00
732 0.0 0.1 0:00.00
732 0.0 0.1 0:00.00
732 0.0 0.1 0:00.00
732 0.0 0.1 0:00.00
732 0.0 0.1 0:00.00
732 0.0 0.1 0:00.00
732 0.0 0.1 0:00.00
732 0.0 0.1 0:00.00
732 0.0 0.1 0:00.00
732 0.0 0.1 0:00.00
732 0.0 0.1 0:00.00
732 0.0 0.1 0:00.00
732 0.0 0.1 0:00.00
732 0.0 0.1 0:00.00
732 0.0 0.1 0:00.00
732 0.0 0.1 0:00.00
732 0.0 0.1 0:00.00
732 0.0 0.1 0:00.00
732 0.0 0.1 0:00.00
732 0.0 0.1 0:00.00
732 0.0 0.1 0:00.00
732 0.0 0.1 0:00.00
732 0.0 0.1 0:00.00
732 0.0 0.1 0:00.00
732 0.0 0.1 0:00.00
732 0.0 0.1 0:00.00
732 0.0 0.1 0:00.00
732 0.0 0.1 0:00.00
732 0.0 0.1 0:00.00
732 0.0 0.1 0:00.00
732 0.0 0.1 0:00.00
732 0.0 0.1 0:00.00
732 0.0 0.1 0:00.00
732 0.0 0.1 0:00.00
732 0.0 0.1 0:00.00
732 0.0 0.1 0:00.00
732 0.0 0.1 0:00.00
732 0.0 0.1 0:00.00
732 0.0 0.1 0:00.00
732 0.0 0.1 0:00.00
732 0.0 0.1 0:00.00
732 0.0 0.1 0:00.00
732 0.0 0.1 0:00.00
732 0.0 0.1 0:00.00
732 0.0 0.1 0:00.00
732 0.0 0.1 0:00.00
732 0.0 0.1 0:00.00
732 0.0 0.1 0:00.00
732 0.0 0.1 0:00.00
732 0.0 0.1 0:00.00
732 0.0 0.1 0:00.00
KiB used, 473740 buff/cache
732 0.0 0.1 0:00.00
732 0.0 0.1 0:00.00
732 0.0 0.1 0:00.00
KiB 1527328 avail Mem
732 0.0 0.1 0:00.00
732 0.0 0.1 0:00.00
732 0.0 0.1 0:00.00
732 0.0 0.1 0:00.00
732 0.0 0.1 0:00.00
732 0.0 0.1 0:00.00
732 0.0 0.1 0:00.00
KiB used, 473732 buff/cache
732 0.0 0.1 0:00.00
732 0.0 0.1 0:00.00
732 0.0 0.1 0:00.00
732 0.0 0.1 0:00.00
732 0.0 0.1 0:00.00
732 0.0 0.1 0:00.00
732 0.0 0.1 0:00.00
732 0.0 0.1 0:00.00
732 0.0 0.1 0:00.00
732 0.0 0.1 0:00.00
732 0.0 0.1 0:00.00
732 0.0 0.1 0:00.00
732 0.0 0.1 0:00.00
732 0.0 0.1 0:00.00
732 0.0 0.1 0:00.00
732 0.0 0.1 0:00.00
732 0.0 0.1 0:00.00
732 0.0 0.1 0:00.00
732 0.0 0.1 0:00.00
732 0.0 0.1 0:00.00
732 0.0 0.1 0:00.00
732 0.0 0.1 0:00.00
732 0.0 0.1 0:00.00
732 0.0 0.1 0:00.00
732 0.0 0.1 0:00.00
732 0.0 0.1 0:00.00
732 0.0 0.1 0:00.00
732 0.0 0.1 0:00.00
732 0.0 0.1 0:00.00
732 0.0 0.1 0:00.00
732 0.0 0.1 0:00.00
732 0.0 0.1 0:00.00
732 0.0 0.1 0:00.00
732 0.0 0.1 0:00.00
732 0.0 0.1 0:00.00
732 0.0 0.1 0:00.00
732 0.0 0.1 0:00.00
732 0.0 0.1 0:00.00
732 0.0 0.1 0:00.00
732 0.0 0.1 0:00.00
732 0.0 0.1 0:00.00
732 0.0 0.1 0:00.00
732 0.0 0.1 0:00.00
732 0.0 0.1 0:00.00
732 0.0 0.1 0:00.00
732 0.0 0.1 0:00.00
732 0.0 0.1 0:00.00
732 0.0 0.1 0:00.00
732 0.0 0.1 0:00.00
732 0.0 0.1 0:00.00
732 0.0 0.1 0:00.00
732 0.0 0.1 0:00.00
732 0.0 0.1 0:00.00
732 0.0 0.1 0:00.00
732 0.0 0.1 0:00.00
732 0.0 0.1 0:00.00
732 0.0 0.1 0:00.00
732 0.0 0.1 0:00.00
732 0.0 0.1 0:00.00
732 0.0 0.1 0:00.00
732 0.0 0.1 0:00.00
732 0.0 0.1 0:00.00
732 0.0 0.1 0:00.00
732 0.0 0.1 0:00.00
732 0.0 0.1 0:00.00
732 0.0 0.1 0:00.00
732 0.0 0.1 0:00.00
732 0.0 0.1 0:00.00
732 0.0 0.1 0:00.00
732 0.0 0.1 0:00.00
