733 0.0 0.4 3:22.46
733 0.0 0.4 3:22.48
733 0.0 0.4 3:22.50
733 0.0 0.4 3:22.52
733 0.0 0.4 3:22.54
733 0.0 0.4 3:22.56
733 5.0 0.4 3:22.58
733 0.0 0.4 3:22.58
733 0.0 0.4 3:22.58
733 0.0 0.4 3:22.58
733 0.0 0.4 3:22.58
733 0.0 0.4 3:22.58
733 0.0 0.4 3:22.58
733 0.0 0.4 3:22.58
733 0.0 0.4 3:22.58
733 0.0 0.4 3:22.58
733 0.0 0.4 3:22.58
733 0.0 0.4 3:22.58
733 0.0 0.4 3:22.58
733 0.0 0.4 3:22.60
733 0.0 0.4 3:22.62
733 0.0 0.4 3:22.64
733 5.3 0.4 3:22.66
733 0.0 0.4 3:22.68
733 5.3 0.4 3:22.70
733 0.0 0.4 3:22.70
733 0.0 0.4 3:22.70
733 0.0 0.4 3:22.70
733 0.0 0.4 3:22.70
733 0.0 0.4 3:22.70
733 0.0 0.4 3:22.70
733 0.0 0.4 3:22.70
733 0.0 0.4 3:22.70
733 0.0 0.4 3:22.70
733 0.0 0.4 3:22.71
733 0.0 0.4 3:22.71
733 0.0 0.4 3:22.71
733 0.0 0.4 3:22.72
733 0.0 0.4 3:22.72
733 0.0 0.4 3:22.73
733 0.0 0.4 3:22.75
733 0.0 0.4 3:22.77
733 0.0 0.4 3:22.79
733 0.0 0.4 3:22.80
733 0.0 0.4 3:22.80
733 0.0 0.4 3:22.80
733 0.0 0.4 3:22.80
733 0.0 0.4 3:22.80
733 0.0 0.4 3:22.80
733 0.0 0.4 3:22.80
733 0.0 0.4 3:22.80
733 0.0 0.4 3:22.80
733 0.0 0.4 3:22.81
733 0.0 0.4 3:22.81
733 5.3 0.4 3:22.82
733 0.0 0.4 3:22.83
733 5.3 0.4 3:22.85
733 5.6 0.4 3:22.87
733 0.0 0.4 3:22.88
733 0.0 0.4 3:22.90
733 0.0 0.4 3:22.92
733 0.0 0.4 3:22.93
733 0.0 0.4 3:22.94
733 0.0 0.4 3:22.94
733 0.0 0.4 3:22.94
733 0.0 0.4 3:22.94
733 0.0 0.4 3:22.94
733 0.0 0.4 3:22.94
733 0.0 0.4 3:22.94
733 0.0 0.4 3:22.94
733 0.0 0.4 3:22.94
733 0.0 0.4 3:22.94
733 0.0 0.4 3:22.94
733 0.0 0.4 3:22.95
733 5.6 0.4 3:23.01
733 5.6 0.4 3:23.03
733 5.3 0.4 3:23.04
733 5.6 0.4 3:23.06
733 0.0 0.4 3:23.07
733 0.0 0.4 3:23.11
733 0.0 0.4 3:23.12
733 0.0 0.4 3:23.12
733 0.0 0.4 3:23.12
733 0.0 0.4 3:23.12
733 0.0 0.4 3:23.12
733 0.0 0.4 3:23.12
733 0.0 0.4 3:23.12
733 0.0 0.4 3:23.12
733 0.0 0.4 3:23.12
733 0.0 0.4 3:23.12
733 5.6 0.4 3:23.13
733 0.0 0.4 3:23.13
733 0.0 0.4 3:23.16
733 11.1 0.4 3:23.19
733 0.0 0.4 3:23.21
733 0.0 0.4 3:23.21
733 5.6 0.4 3:23.22
733 0.0 0.4 3:23.23
733 0.0 0.4 3:23.25
733 0.0 0.4 3:23.26
733 0.0 0.4 3:23.26
733 0.0 0.4 3:23.26
733 0.0 0.4 3:23.26
733 0.0 0.4 3:23.26
733 0.0 0.4 3:23.26
733 0.0 0.4 3:23.26
733 0.0 0.4 3:23.26
733 0.0 0.4 3:23.26
733 0.0 0.4 3:23.26
733 0.0 0.4 3:23.26
733 5.6 0.4 3:23.27
733 0.0 0.4 3:23.28
733 5.6 0.4 3:23.29
733 0.0 0.4 3:23.31
733 0.0 0.4 3:23.33
733 0.0 0.4 3:23.33
733 0.0 0.4 3:23.33
733 0.0 0.4 3:23.35
733 0.0 0.4 3:23.35
733 0.0 0.4 3:23.35
733 0.0 0.4 3:23.35
733 0.0 0.4 3:23.35
733 0.0 0.4 3:23.35
733 0.0 0.4 3:23.35
733 0.0 0.4 3:23.35
733 0.0 0.4 3:23.35
733 0.0 0.4 3:23.35
733 0.0 0.4 3:23.35
733 0.0 0.4 3:23.35
733 5.3 0.4 3:23.37
733 0.0 0.4 3:23.38
733 5.3 0.4 3:23.39
733 5.6 0.4 3:23.40
733 5.6 0.4 3:23.42
733 0.0 0.4 3:23.43
733 0.0 0.4 3:23.43
733 0.0 0.4 3:23.43
733 0.0 0.4 3:23.43
733 0.0 0.4 3:23.43
733 0.0 0.4 3:23.43
733 0.0 0.4 3:23.43
733 0.0 0.4 3:23.43
733 0.0 0.4 3:23.43
733 0.0 0.4 3:23.43
733 0.0 0.4 3:23.44
733 0.0 0.4 3:23.44
733 0.0 0.4 3:23.44
733 0.0 0.4 3:23.46
733 0.0 0.4 3:23.47
733 5.6 0.4 3:23.50
733 0.0 0.4 3:23.50
733 0.0 0.4 3:23.52
733 0.0 0.4 3:23.53
733 0.0 0.4 3:23.53
733 0.0 0.4 3:23.53
733 0.0 0.4 3:23.53
733 0.0 0.4 3:23.53
733 0.0 0.4 3:23.53
733 0.0 0.4 3:23.53
733 0.0 0.4 3:23.53
733 0.0 0.4 3:23.53
733 0.0 0.4 3:23.53
733 5.6 0.4 3:23.54
733 0.0 0.4 3:23.54
733 0.0 0.4 3:23.55
733 0.0 0.4 3:23.56
733 0.0 0.4 3:23.57
733 0.0 0.4 3:23.59
733 0.0 0.4 3:23.61
733 0.0 0.4 3:23.62
733 0.0 0.4 3:23.65
733 0.0 0.4 3:23.66
733 0.0 0.4 3:23.68
733 0.0 0.4 3:23.68
733 0.0 0.4 3:23.68
733 0.0 0.4 3:23.68
733 0.0 0.4 3:23.68
733 0.0 0.4 3:23.68
733 0.0 0.4 3:23.68
733 0.0 0.4 3:23.68
733 0.0 0.4 3:23.68
733 0.0 0.4 3:23.68
733 0.0 0.4 3:23.68
733 0.0 0.4 3:23.69
733 5.3 0.4 3:23.71
733 0.0 0.4 3:23.73
733 0.0 0.4 3:23.73
733 0.0 0.4 3:23.77
733 0.0 0.4 3:23.80
733 0.0 0.4 3:23.81
733 0.0 0.4 3:23.81
733 0.0 0.4 3:23.81
733 0.0 0.4 3:23.81
733 0.0 0.4 3:23.81
733 0.0 0.4 3:23.81
733 0.0 0.4 3:23.81
733 0.0 0.4 3:23.81
733 0.0 0.4 3:23.81
733 0.0 0.4 3:23.81
733 0.0 0.4 3:23.82
733 0.0 0.4 3:23.82
733 0.0 0.4 3:23.82
733 0.0 0.4 3:23.82
733 0.0 0.4 3:23.82
733 0.0 0.4 3:23.82
733 0.0 0.4 3:23.82
733 0.0 0.4 3:23.82
733 0.0 0.4 3:23.82
733 0.0 0.4 3:23.82
733 0.0 0.4 3:23.82
733 0.0 0.4 3:23.82
733 0.0 0.4 3:23.82
733 0.0 0.4 3:23.82
733 0.0 0.4 3:23.82
733 0.0 0.4 3:23.82
733 0.0 0.4 3:23.82
733 0.0 0.4 3:23.82
733 0.0 0.4 3:23.82
