733 0.0 0.4 3:02.64
733 5.3 0.4 3:02.67
733 0.0 0.4 3:02.70
733 0.0 0.4 3:02.72
733 5.6 0.4 3:02.75
733 0.0 0.4 3:02.77
733 0.0 0.4 3:02.79
733 5.6 0.4 3:02.82
733 0.0 0.4 3:02.84
733 0.0 0.4 3:02.87
733 5.6 0.4 3:02.90
733 0.0 0.4 3:02.93
733 5.3 0.4 3:02.96
733 0.0 0.4 3:02.98
733 5.3 0.4 3:03.01
733 5.3 0.4 3:03.04
733 0.0 0.4 3:03.06
733 5.3 0.4 3:03.09
733 0.0 0.4 3:03.11
733 5.6 0.4 3:03.14
733 0.0 0.4 3:03.16
733 5.6 0.4 3:03.19
733 0.0 0.4 3:03.21
733 0.0 0.4 3:03.23
733 0.0 0.4 3:03.26
733 5.6 0.4 3:03.29
733 0.0 0.4 3:03.31
733 5.3 0.4 3:03.34
733 0.0 0.4 3:03.37
733 5.0 0.4 3:03.40
733 5.6 0.4 3:03.43
733 5.6 0.4 3:03.46
733 0.0 0.4 3:03.48
733 0.0 0.4 3:03.51
733 0.0 0.4 3:03.53
733 5.6 0.4 3:03.56
KiB 1527336 avail Mem
733 0.0 0.4 3:03.61
733 0.0 0.4 3:03.64
733 0.0 0.4 3:03.67
733 0.0 0.4 3:03.70
733 5.3 0.4 3:03.73
733 0.0 0.4 3:03.75
733 5.6 0.4 3:03.78
733 5.6 0.4 3:03.81
733 0.0 0.4 3:03.83
733 0.0 0.4 3:03.86
733 0.0 0.4 3:03.88
733 0.0 0.4 3:03.90
733 0.0 0.4 3:03.92
733 0.0 0.4 3:03.95
733 0.0 0.4 3:03.98
733 0.0 0.4 3:04.00
733 10.5 0.4 3:04.04
733 0.0 0.4 3:04.06
733 0.0 0.4 3:04.09
733 5.3 0.4 3:04.12
733 0.0 0.4 3:04.14
733 0.0 0.4 3:04.17
733 5.3 0.4 3:04.20
733 0.0 0.4 3:04.22
733 0.0 0.4 3:04.24
733 0.0 0.4 3:04.27
733 0.0 0.4 3:04.30
733 5.0 0.4 3:04.33
733 5.3 0.4 3:04.35
733 0.0 0.4 3:04.37
733 5.6 0.4 3:04.41
733 5.9 0.4 3:04.43
733 5.3 0.4 3:04.46
733 0.0 0.4 3:04.48
733 0.0 0.4 3:04.51
733 0.0 0.4 3:04.54
733 5.6 0.4 3:04.57
733 5.6 0.4 3:04.60
733 5.6 0.4 3:04.62
733 5.6 0.4 3:04.64
733 5.0 0.4 3:04.67
733 0.0 0.4 3:04.69
733 0.0 0.4 3:04.72
733 0.0 0.4 3:04.72
733 0.0 0.4 3:04.72
733 0.0 0.4 3:04.72
733 0.0 0.4 3:04.72
733 0.0 0.4 3:04.72
733 0.0 0.4 3:04.72
733 0.0 0.4 3:04.72
733 0.0 0.4 3:04.72
733 0.0 0.4 3:04.72
733 0.0 0.4 3:04.72
733 0.0 0.4 3:04.72
733 0.0 0.4 3:04.72
733 0.0 0.4 3:04.72
733 0.0 0.4 3:04.72
733 0.0 0.4 3:04.72
733 0.0 0.4 3:04.72
733 0.0 0.4 3:04.72
733 0.0 0.4 3:04.72
733 0.0 0.4 3:04.72
733 0.0 0.4 3:04.72
733 0.0 0.4 3:04.72
733 0.0 0.4 3:04.72
