736 7.7 0.4 1:35.74
736 4.8 0.4 1:35.82
736 11.1 0.4 1:35.91
736 10.5 0.4 1:36.01
736 9.5 0.4 1:36.11
736 15.0 0.4 1:36.23
736 11.1 0.4 1:36.29
736 5.6 0.4 1:36.36
736 5.6 0.4 1:36.44
736 10.5 0.4 1:36.52
736 4.0 0.4 1:36.58
736 5.6 0.4 1:36.65
736 17.6 0.4 1:36.73
736 10.5 0.4 1:36.81
KiB used, 383432 buff/cache
736 11.1 0.4 1:36.95
736 5.3 0.4 1:37.00
736 5.3 0.4 1:37.07
736 5.6 0.4 1:37.15
736 10.5 0.4 1:37.23
736 5.3 0.4 1:37.30
736 11.1 0.4 1:37.37
736 5.0 0.4 1:37.45
736 9.1 0.4 1:37.53
736 4.5 0.4 1:37.61
736 5.6 0.4 1:37.67
736 11.1 0.4 1:37.75
736 11.1 0.4 1:37.82
736 5.3 0.4 1:37.88
736 11.1 0.4 1:37.96
736 16.7 0.4 1:38.04
736 11.1 0.4 1:38.11
736 16.7 0.4 1:38.19
736 11.1 0.4 1:38.26
736 15.8 0.4 1:38.35
736 5.6 0.4 1:38.41
736 9.5 0.4 1:38.50
736 11.1 0.4 1:38.57
736 22.2 0.4 1:38.66
736 11.1 0.4 1:38.74
736 5.6 0.4 1:38.83
736 3.8 0.4 1:38.89
736 5.3 0.4 1:38.95
736 4.8 0.4 1:39.02
736 5.6 0.4 1:39.09
736 11.8 0.4 1:39.17
736 0.0 0.4 1:39.25
736 5.6 0.4 1:39.32
736 17.6 0.4 1:39.40
736 0.0 0.4 1:39.46
736 5.6 0.4 1:39.54
736 5.3 0.4 1:39.60
736 16.7 0.4 1:39.69
736 11.1 0.4 1:39.77
736 3.7 0.4 1:39.85
736 5.6 0.4 1:39.91
736 11.1 0.4 1:40.01
736 10.5 0.4 1:40.08
736 11.8 0.4 1:40.15
736 5.6 0.4 1:40.22
736 10.5 0.4 1:40.29
736 4.2 0.4 1:40.36
736 10.5 0.4 1:40.44
736 11.1 0.4 1:40.52
736 16.7 0.4 1:40.60
736 11.1 0.4 1:40.67
736 4.2 0.4 1:40.75
736 11.1 0.4 1:40.82
736 11.8 0.4 1:40.90
736 10.0 0.4 1:40.97
736 11.1 0.4 1:41.05
736 5.6 0.4 1:41.13
736 11.1 0.4 1:41.21
736 11.1 0.4 1:41.28
17367 16.7 0.2 0:00.03
736 10.5 0.4 1:41.43
736 10.0 0.4 1:41.51
736 5.6 0.4 1:41.57
736 5.6 0.4 1:41.64
736 16.7 0.4 1:41.73
736 16.7 0.4 1:41.79
736 9.5 0.4 1:41.87
736 5.3 0.4 1:41.93
736 15.0 0.4 1:42.02
736 11.8 0.4 1:42.09
736 5.0 0.4 1:42.18
736 5.3 0.4 1:42.26
736 15.8 0.4 1:42.34
736 4.8 0.4 1:42.41
736 11.1 0.4 1:42.47
736 3.6 0.4 1:42.55
736 16.7 0.4 1:42.61
736 5.6 0.4 1:42.70
736 5.9 0.4 1:42.76
736 0.0 0.4 1:42.83
736 11.8 0.4 1:42.90
736 0.0 0.4 1:42.90
736 0.0 0.4 1:42.90
736 0.0 0.4 1:42.90
736 0.0 0.4 1:42.90
736 0.0 0.4 1:42.90
736 0.0 0.4 1:42.90
736 0.0 0.4 1:42.90
736 0.0 0.4 1:42.90
736 0.0 0.4 1:42.90
736 0.0 0.4 1:42.90
736 0.0 0.4 1:42.90
736 0.0 0.4 1:42.90
736 0.0 0.4 1:42.90
736 0.0 0.4 1:42.90
736 0.0 0.4 1:42.90
736 0.0 0.4 1:42.90
736 0.0 0.4 1:42.90
736 0.0 0.4 1:42.90
736 0.0 0.4 1:42.90
736 0.0 0.4 1:42.90
