736 11.1 0.4 2:35.46
736 5.6 0.4 2:35.51
736 0.0 0.4 2:35.55
736 5.6 0.4 2:35.61
736 10.5 0.4 2:35.67
736 5.3 0.4 2:35.72
736 11.8 0.4 2:35.78
736 5.9 0.4 2:35.83
736 5.0 0.4 2:35.89
736 0.0 0.4 2:35.94
736 5.6 0.4 2:36.00
736 5.6 0.4 2:36.05
736 5.3 0.4 2:36.11
736 5.6 0.4 2:36.17
736 5.3 0.4 2:36.22
736 5.6 0.4 2:36.28
736 5.6 0.4 2:36.32
736 5.3 0.4 2:36.38
736 0.0 0.4 2:36.42
736 0.0 0.4 2:36.48
736 5.6 0.4 2:36.53
736 11.1 0.4 2:36.59
736 5.6 0.4 2:36.65
736 5.9 0.4 2:36.70
736 5.6 0.4 2:36.76
736 0.0 0.4 2:36.81
736 11.1 0.4 2:36.88
736 11.1 0.4 2:36.93
736 10.0 0.4 2:36.99
736 10.5 0.4 2:37.05
736 5.9 0.4 2:37.10
736 4.3 0.4 2:37.15
736 11.1 0.4 2:37.21
736 5.3 0.4 2:37.25
736 5.6 0.4 2:37.31
736 5.6 0.4 2:37.36
736 5.9 0.4 2:37.42
736 5.6 0.4 2:37.47
736 0.0 0.4 2:37.52
736 5.6 0.4 2:37.57
736 5.3 0.4 2:37.62
736 0.0 0.4 2:37.68
736 0.0 0.4 2:37.72
736 11.1 0.4 2:37.79
736 11.1 0.4 2:37.86
736 5.6 0.4 2:37.91
736 5.6 0.4 2:37.97
736 0.0 0.4 2:38.01
736 11.1 0.4 2:38.07
736 11.1 0.4 2:38.13
736 8.0 0.4 2:38.20
736 11.1 0.4 2:38.25
736 11.1 0.4 2:38.31
736 8.3 0.4 2:38.37
736 5.6 0.4 2:38.43
736 5.6 0.4 2:38.47
736 5.6 0.4 2:38.53
736 5.6 0.4 2:38.59
736 0.0 0.4 2:38.64
736 5.6 0.4 2:38.69
736 4.3 0.4 2:38.74
736 5.6 0.4 2:38.78
736 5.3 0.4 2:38.82
736 0.0 0.4 2:38.86
736 5.9 0.4 2:38.91
736 5.6 0.4 2:38.97
736 4.5 0.4 2:39.02
736 4.8 0.4 2:39.07
736 4.3 0.4 2:39.12
736 5.6 0.4 2:39.18
736 4.3 0.4 2:39.25
736 5.6 0.4 2:39.30
736 5.3 0.4 2:39.35
736 11.1 0.4 2:39.41
736 5.6 0.4 2:39.46
736 5.6 0.4 2:39.51
736 5.3 0.4 2:39.57
736 5.6 0.4 2:39.63
736 5.0 0.4 2:39.67
27366 16.7 0.2 0:00.03
736 0.0 0.4 2:39.67
