736 16.7 0.4 2:03.31
736 11.1 0.4 2:03.39
736 11.1 0.4 2:03.46
736 11.1 0.4 2:03.54
736 11.1 0.4 2:03.61
736 10.5 0.4 2:03.69
736 16.7 0.4 2:03.78
736 11.1 0.4 2:03.85
736 5.6 0.4 2:03.92
736 10.5 0.4 2:04.00
736 16.7 0.4 2:04.09
736 10.0 0.4 2:04.17
736 16.7 0.4 2:04.26
736 9.5 0.4 2:04.35
736 11.1 0.4 2:04.43
736 11.1 0.4 2:04.52
736 10.5 0.4 2:04.60
736 11.1 0.4 2:04.69
736 23.5 0.4 2:04.78
736 27.8 0.4 2:04.87
736 5.6 0.4 2:04.95
736 22.2 0.4 2:05.05
736 5.0 0.4 2:05.13
736 16.7 0.4 2:05.23
736 10.5 0.4 2:05.31
736 11.1 0.4 2:05.39
736 5.6 0.4 2:05.46
736 10.5 0.4 2:05.54
736 5.6 0.4 2:05.60
736 9.5 0.4 2:05.70
736 5.3 0.4 2:05.77
736 5.3 0.4 2:05.83
736 5.6 0.4 2:05.89
736 5.0 0.4 2:05.97
736 16.7 0.4 2:06.07
736 3.7 0.4 2:06.14
736 10.5 0.4 2:06.23
736 11.1 0.4 2:06.30
736 11.1 0.4 2:06.38
736 10.5 0.4 2:06.49
736 5.3 0.4 2:06.56
736 5.9 0.4 2:06.64
736 5.6 0.4 2:06.75
736 17.6 0.4 2:06.84
736 10.0 0.4 2:06.93
736 8.7 0.4 2:07.01
736 5.3 0.4 2:07.09
736 5.6 0.4 2:07.17
736 15.0 0.4 2:07.26
736 5.6 0.4 2:07.32
736 11.8 0.4 2:07.39
736 11.1 0.4 2:07.47
736 5.3 0.4 2:07.54
736 5.6 0.4 2:07.61
736 11.1 0.4 2:07.70
736 3.7 0.4 2:07.78
736 11.1 0.4 2:07.86
736 11.1 0.4 2:07.95
736 11.1 0.4 2:08.03
736 4.5 0.4 2:08.12
736 11.1 0.4 2:08.19
736 11.1 0.4 2:08.26
736 11.1 0.4 2:08.34
736 5.3 0.4 2:08.42
736 11.1 0.4 2:08.49
736 5.6 0.4 2:08.56
736 0.0 0.4 2:08.66
736 5.6 0.4 2:08.73
736 5.0 0.4 2:08.82
736 16.7 0.4 2:08.89
736 10.0 0.4 2:08.96
736 10.5 0.4 2:09.04
736 10.5 0.4 2:09.11
736 11.1 0.4 2:09.19
736 11.8 0.4 2:09.27
KiB used, 407736 buff/cache
KiB used, 407776 buff/cache
736 0.0 0.4 2:09.43
736 0.0 0.4 2:09.43
