720 0.0 0.4 0:12.09
720 0.0 0.4 0:12.11
720 0.0 0.4 0:12.12
720 0.0 0.4 0:12.14
720 5.3 0.4 0:12.17
720 0.0 0.4 0:12.18
720 5.6 0.4 0:12.20
720 0.0 0.4 0:12.21
720 0.0 0.4 0:12.24
720 0.0 0.4 0:12.24
720 0.0 0.4 0:12.26
720 5.3 0.4 0:12.28
720 0.0 0.4 0:12.29
720 0.0 0.4 0:12.31
720 0.0 0.4 0:12.33
720 0.0 0.4 0:12.34
720 0.0 0.4 0:12.36
720 0.0 0.4 0:12.38
720 5.3 0.4 0:12.40
720 5.6 0.4 0:12.42
720 5.6 0.4 0:12.44
720 0.0 0.4 0:12.45
720 0.0 0.4 0:12.46
720 0.0 0.4 0:12.48
720 0.0 0.4 0:12.50
720 0.0 0.4 0:12.52
720 0.0 0.4 0:12.54
720 0.0 0.4 0:12.56
720 0.0 0.4 0:12.58
720 0.0 0.4 0:12.61
720 0.0 0.4 0:12.61
720 0.0 0.4 0:12.63
720 5.3 0.4 0:12.64
720 5.6 0.4 0:12.66
KiB used, 267848 buff/cache
720 0.0 0.4 0:12.69
720 0.0 0.4 0:12.72
720 0.0 0.4 0:12.73
720 5.3 0.4 0:12.75
720 0.0 0.4 0:12.76
720 0.0 0.4 0:12.79
720 16.7 0.4 0:12.82
720 0.0 0.4 0:12.82
720 0.0 0.4 0:12.84
720 0.0 0.4 0:12.86
720 0.0 0.4 0:12.88
720 0.0 0.4 0:12.88
720 5.6 0.4 0:12.90
720 5.6 0.4 0:12.92
720 0.0 0.4 0:12.94
720 0.0 0.4 0:12.96
720 5.3 0.4 0:12.97
720 0.0 0.4 0:12.98
720 5.6 0.4 0:13.00
720 0.0 0.4 0:13.01
720 0.0 0.4 0:13.03
720 5.3 0.4 0:13.05
720 5.3 0.4 0:13.07
720 0.0 0.4 0:13.08
720 0.0 0.4 0:13.10
720 5.6 0.4 0:13.12
720 0.0 0.4 0:13.13
720 0.0 0.4 0:13.15
720 5.6 0.4 0:13.17
720 5.6 0.4 0:13.19
720 5.6 0.4 0:13.21
720 0.0 0.4 0:13.22
720 0.0 0.4 0:13.24
720 0.0 0.4 0:13.26
720 0.0 0.4 0:13.28
720 0.0 0.4 0:13.30
720 0.0 0.4 0:13.31
720 0.0 0.4 0:13.33
720 5.6 0.4 0:13.35
720 0.0 0.4 0:13.36
720 0.0 0.4 0:13.38
720 0.0 0.4 0:13.40
720 5.3 0.4 0:13.42
720 0.0 0.4 0:13.44
720 0.0 0.4 0:13.45
720 0.0 0.4 0:13.45
720 0.0 0.4 0:13.45
720 0.0 0.4 0:13.45
720 0.0 0.4 0:13.45
720 0.0 0.4 0:13.45
720 0.0 0.4 0:13.45
720 0.0 0.4 0:13.45
720 0.0 0.4 0:13.45
