721 6.5 0.4 0:00.04
721 3.4 0.4 0:00.05
721 7.1 0.4 0:00.05
721 5.0 0.4 0:00.06
721 0.0 0.4 0:00.10
721 0.0 0.4 0:00.14
721 5.3 0.4 0:00.18
721 5.0 0.4 0:00.22
721 5.3 0.4 0:00.26
721 5.6 0.4 0:00.30
721 5.6 0.4 0:00.33
1721 22.2 0.2 0:00.04
721 5.6 0.4 0:00.39
721 5.0 0.4 0:00.42
721 4.8 0.4 0:00.46
721 5.6 0.4 0:00.49
721 5.3 0.4 0:00.52
721 5.6 0.4 0:00.55
721 5.3 0.4 0:00.58
721 5.0 0.4 0:00.62
721 0.0 0.4 0:00.64
721 11.1 0.4 0:00.69
721 5.0 0.4 0:00.72
721 5.6 0.4 0:00.75
721 5.0 0.4 0:00.78
721 0.0 0.4 0:00.81
721 5.3 0.4 0:00.85
721 0.0 0.4 0:00.88
721 5.6 0.4 0:00.92
721 5.6 0.4 0:00.96
721 5.6 0.4 0:00.99
721 0.0 0.4 0:01.02
721 0.0 0.4 0:01.06
721 5.3 0.4 0:01.09
721 5.6 0.4 0:01.12
721 0.0 0.4 0:01.15
721 5.3 0.4 0:01.19
721 11.1 0.4 0:01.23
721 0.0 0.4 0:01.26
721 0.0 0.4 0:01.29
721 5.0 0.4 0:01.32
KiB used, 254204 buff/cache
721 5.6 0.4 0:01.39
721 10.0 0.4 0:01.44
721 0.0 0.4 0:01.45
721 0.0 0.4 0:01.50
721 0.0 0.4 0:01.53
721 5.0 0.4 0:01.57
721 0.0 0.4 0:01.60
721 5.6 0.4 0:01.63
721 0.0 0.4 0:01.66
721 5.3 0.4 0:01.69
721 5.6 0.4 0:01.72
721 0.0 0.4 0:01.75
721 0.0 0.4 0:01.78
721 0.0 0.4 0:01.81
721 10.0 0.4 0:01.86
721 4.8 0.4 0:01.88
721 5.9 0.4 0:01.91
721 5.6 0.4 0:01.94
721 5.0 0.4 0:01.98
721 16.7 0.4 0:02.03
721 4.8 0.4 0:02.04
721 0.0 0.4 0:02.07
721 10.0 0.4 0:02.12
721 0.0 0.4 0:02.13
721 0.0 0.4 0:02.16
721 0.0 0.4 0:02.20
721 5.6 0.4 0:02.24
721 5.6 0.4 0:02.27
721 5.6 0.4 0:02.30
721 5.3 0.4 0:02.33
721 0.0 0.4 0:02.36
721 0.0 0.4 0:02.39
721 5.3 0.4 0:02.43
721 5.6 0.4 0:02.46
721 5.6 0.4 0:02.49
721 5.0 0.4 0:02.53
721 5.6 0.4 0:02.56
721 0.0 0.4 0:02.59
721 0.0 0.4 0:02.60
721 0.0 0.4 0:02.60
721 0.0 0.4 0:02.60
721 0.0 0.4 0:02.60
721 0.0 0.4 0:02.60
721 0.0 0.4 0:02.60
721 0.0 0.4 0:02.60
721 0.0 0.4 0:02.60
721 0.0 0.4 0:02.60
721 0.0 0.4 0:02.60
721 0.0 0.4 0:02.60
721 0.0 0.4 0:02.60
721 0.0 0.4 0:02.60
721 0.0 0.4 0:02.60
721 0.0 0.4 0:02.60
721 0.0 0.4 0:02.60
721 0.0 0.4 0:02.60
721 0.0 0.4 0:02.60
721 0.0 0.4 0:02.60
721 0.0 0.4 0:02.60
