722 11.1 0.4 0:14.48
722 0.0 0.4 0:14.51
722 0.0 0.4 0:14.53
722 5.3 0.4 0:14.55
722 5.9 0.4 0:14.57
722 5.0 0.4 0:14.59
722 0.0 0.4 0:14.61
722 0.0 0.4 0:14.64
722 5.6 0.4 0:14.66
722 5.6 0.4 0:14.68
722 0.0 0.4 0:14.70
722 0.0 0.4 0:14.72
722 0.0 0.4 0:14.74
722 5.0 0.4 0:14.77
722 0.0 0.4 0:14.79
722 0.0 0.4 0:14.81
722 0.0 0.4 0:14.83
722 5.6 0.4 0:14.86
722 0.0 0.4 0:14.88
722 0.0 0.4 0:14.91
722 0.0 0.4 0:14.92
722 0.0 0.4 0:14.94
722 0.0 0.4 0:14.96
722 0.0 0.4 0:14.99
722 0.0 0.4 0:15.00
722 0.0 0.4 0:15.03
722 0.0 0.4 0:15.06
722 5.6 0.4 0:15.08
722 0.0 0.4 0:15.09
722 0.0 0.4 0:15.11
722 0.0 0.4 0:15.14
722 0.0 0.4 0:15.17
722 5.3 0.4 0:15.20
722 0.0 0.4 0:15.22
722 0.0 0.4 0:15.24
722 0.0 0.4 0:15.26
722 5.3 0.4 0:15.29
722 0.0 0.4 0:15.31
722 5.6 0.4 0:15.33
722 0.0 0.4 0:15.35
722 0.0 0.4 0:15.38
722 5.3 0.4 0:15.40
722 5.6 0.4 0:15.42
722 0.0 0.4 0:15.44
722 5.0 0.4 0:15.47
722 0.0 0.4 0:15.49
722 0.0 0.4 0:15.53
722 0.0 0.4 0:15.55
722 0.0 0.4 0:15.57
722 0.0 0.4 0:15.59
722 0.0 0.4 0:15.60
722 11.1 0.4 0:15.64
722 0.0 0.4 0:15.65
722 0.0 0.4 0:15.67
722 5.6 0.4 0:15.70
722 0.0 0.4 0:15.72
722 0.0 0.4 0:15.73
722 0.0 0.4 0:15.75
722 0.0 0.4 0:15.77
722 0.0 0.4 0:15.79
722 0.0 0.4 0:15.81
722 5.6 0.4 0:15.84
722 0.0 0.4 0:15.87
722 0.0 0.4 0:15.88
722 0.0 0.4 0:15.90
722 0.0 0.4 0:15.92
722 0.0 0.4 0:15.94
722 0.0 0.4 0:15.96
722 0.0 0.4 0:15.98
722 0.0 0.4 0:15.99
722 5.3 0.4 0:16.02
722 0.0 0.4 0:16.04
722 0.0 0.4 0:16.06
722 0.0 0.4 0:16.08
722 0.0 0.4 0:16.10
722 5.3 0.4 0:16.13
722 0.0 0.4 0:16.15
722 0.0 0.4 0:16.17
722 0.0 0.4 0:16.19
722 0.0 0.4 0:16.21
722 0.0 0.4 0:16.21
722 0.0 0.4 0:16.21
722 0.0 0.4 0:16.21
722 0.0 0.4 0:16.21
722 0.0 0.4 0:16.21
722 0.0 0.4 0:16.21
722 0.0 0.4 0:16.21
722 0.0 0.4 0:16.21
