726 0.0 0.4 3:10.27
726 0.0 0.4 3:10.30
726 5.3 0.4 3:10.32
726 0.0 0.4 3:10.34
726 5.3 0.4 3:10.37
726 0.0 0.4 3:10.39
726 0.0 0.4 3:10.42
726 0.0 0.4 3:10.44
726 0.0 0.4 3:10.46
726 0.0 0.4 3:10.48
726 0.0 0.4 3:10.50
726 0.0 0.4 3:10.52
726 5.6 0.4 3:10.55
726 5.6 0.4 3:10.57
726 0.0 0.4 3:10.59
726 0.0 0.4 3:10.61
726 0.0 0.4 3:10.63
726 0.0 0.4 3:10.66
726 0.0 0.4 3:10.68
726 5.3 0.4 3:10.71
726 0.0 0.4 3:10.73
726 0.0 0.4 3:10.75
726 0.0 0.4 3:10.77
726 0.0 0.4 3:10.79
726 5.6 0.4 3:10.82
726 5.6 0.4 3:10.85
726 0.0 0.4 3:10.86
726 0.0 0.4 3:10.88
726 0.0 0.4 3:10.90
726 0.0 0.4 3:10.92
726 5.3 0.4 3:10.95
726 5.6 0.4 3:10.98
726 5.6 0.4 3:11.00
726 5.3 0.4 3:11.02
726 0.0 0.4 3:11.04
726 5.6 0.4 3:11.07
726 0.0 0.4 3:11.08
726 0.0 0.4 3:11.10
726 0.0 0.4 3:11.12
726 0.0 0.4 3:11.14
726 5.6 0.4 3:11.17
726 0.0 0.4 3:11.20
726 0.0 0.4 3:11.22
726 0.0 0.4 3:11.24
726 0.0 0.4 3:11.26
726 0.0 0.4 3:11.29
726 0.0 0.4 3:11.31
726 5.6 0.4 3:11.34
726 5.6 0.4 3:11.36
726 5.6 0.4 3:11.38
726 10.0 0.4 3:11.42
726 0.0 0.4 3:11.42
726 5.6 0.4 3:11.45
726 0.0 0.4 3:11.47
726 0.0 0.4 3:11.49
726 0.0 0.4 3:11.52
726 0.0 0.4 3:11.54
726 0.0 0.4 3:11.56
726 0.0 0.4 3:11.57
726 5.6 0.4 3:11.60
726 5.6 0.4 3:11.63
726 0.0 0.4 3:11.65
726 5.6 0.4 3:11.68
726 5.3 0.4 3:11.71
726 0.0 0.4 3:11.73
726 5.6 0.4 3:11.76
726 0.0 0.4 3:11.78
726 5.3 0.4 3:11.80
726 0.0 0.4 3:11.82
726 0.0 0.4 3:11.84
726 0.0 0.4 3:11.87
726 5.6 0.4 3:11.90
726 5.0 0.4 3:11.92
726 0.0 0.4 3:11.94
726 0.0 0.4 3:11.96
726 0.0 0.4 3:11.99
726 0.0 0.4 3:12.01
726 5.6 0.4 3:12.04
726 0.0 0.4 3:12.05
726 0.0 0.4 3:12.08
726 0.0 0.4 3:12.08
726 0.0 0.4 3:12.08
726 0.0 0.4 3:12.08
726 0.0 0.4 3:12.08
726 0.0 0.4 3:12.08
726 0.0 0.4 3:12.08
726 0.0 0.4 3:12.08
726 0.0 0.4 3:12.08
726 0.0 0.4 3:12.08
726 0.0 0.4 3:12.08
726 0.0 0.4 3:12.08
726 0.0 0.4 3:12.08
726 0.0 0.4 3:12.08
