727 5.6 0.4 0:47.15
727 10.0 0.4 0:47.24
727 5.3 0.4 0:47.31
727 5.3 0.4 0:47.39
727 10.5 0.4 0:47.48
727 4.8 0.4 0:47.58
727 11.1 0.4 0:47.68
727 10.5 0.4 0:47.77
727 5.3 0.4 0:47.85
727 5.3 0.4 0:47.93
727 15.8 0.4 0:48.03
727 5.6 0.4 0:48.11
727 5.3 0.4 0:48.20
727 5.3 0.4 0:48.28
727 5.3 0.4 0:48.37
727 10.0 0.4 0:48.46
727 5.6 0.4 0:48.53
727 5.3 0.4 0:48.61
727 10.5 0.4 0:48.70
727 11.1 0.4 0:48.78
727 5.6 0.4 0:48.86
727 10.0 0.4 0:48.95
727 4.5 0.4 0:49.03
727 5.3 0.4 0:49.12
727 5.3 0.4 0:49.20
727 10.5 0.4 0:49.29
727 5.3 0.4 0:49.38
727 10.5 0.4 0:49.50
727 11.1 0.4 0:49.59
727 5.6 0.4 0:49.67
727 4.8 0.4 0:49.75
727 4.8 0.4 0:49.83
727 5.3 0.4 0:49.92
727 9.5 0.4 0:50.01
727 5.6 0.4 0:50.07
727 4.8 0.4 0:50.16
727 11.1 0.4 0:50.26
727 0.0 0.4 0:50.34
727 10.0 0.4 0:50.43
727 10.5 0.4 0:50.53
727 10.5 0.4 0:50.62
727 10.0 0.4 0:50.71
727 16.7 0.4 0:50.79
727 11.1 0.4 0:50.87
727 15.8 0.4 0:50.97
727 15.8 0.4 0:51.07
727 5.3 0.4 0:51.15
727 10.0 0.4 0:51.24
727 9.5 0.4 0:51.34
727 10.0 0.4 0:51.43
727 5.3 0.4 0:51.51
727 5.3 0.4 0:51.60
727 11.1 0.4 0:51.69
727 5.3 0.4 0:51.77
727 11.1 0.4 0:51.85
727 10.0 0.4 0:51.93
727 5.3 0.4 0:52.01
727 21.1 0.4 0:52.12
727 10.5 0.4 0:52.22
727 5.6 0.4 0:52.29
727 5.6 0.4 0:52.38
727 5.3 0.4 0:52.46
727 10.5 0.4 0:52.56
727 10.5 0.4 0:52.65
727 10.0 0.4 0:52.75
727 5.3 0.4 0:52.83
727 22.2 0.4 0:52.96
727 10.5 0.4 0:53.04
727 10.5 0.4 0:53.12
727 5.6 0.4 0:53.20
727 5.6 0.4 0:53.28
727 10.5 0.4 0:53.38
727 5.3 0.4 0:53.47
727 5.3 0.4 0:53.55
727 5.6 0.4 0:53.64
727 11.1 0.4 0:53.72
727 5.3 0.4 0:53.80
727 4.8 0.4 0:53.90
727 5.6 0.4 0:53.99
727 5.0 0.4 0:54.08
727 9.5 0.4 0:54.18
727 15.0 0.4 0:54.28
727 10.0 0.4 0:54.36
727 9.5 0.4 0:54.45
727 9.5 0.4 0:54.56
727 10.5 0.4 0:54.66
727 5.3 0.4 0:54.73
727 5.3 0.4 0:54.85
727 5.0 0.4 0:54.93
727 15.0 0.4 0:55.03
727 5.0 0.4 0:55.10
727 5.0 0.4 0:55.18
727 15.0 0.4 0:55.32
727 10.5 0.4 0:55.41
727 5.0 0.4 0:55.50
727 5.3 0.4 0:55.59
727 5.6 0.4 0:55.67
727 10.5 0.4 0:55.76
727 10.0 0.4 0:55.85
727 5.3 0.4 0:55.94
727 10.5 0.4 0:56.04
727 5.3 0.4 0:56.13
727 5.6 0.4 0:56.21
727 5.0 0.4 0:56.30
727 5.6 0.4 0:56.38
727 11.1 0.4 0:56.48
727 5.3 0.4 0:56.55
727 10.5 0.4 0:56.63
727 5.3 0.4 0:56.71
727 5.6 0.4 0:56.79
727 21.1 0.4 0:56.90
727 10.5 0.4 0:56.98
727 10.5 0.4 0:57.07
727 5.6 0.4 0:57.14
727 10.0 0.4 0:57.24
727 5.0 0.4 0:57.32
727 11.1 0.4 0:57.41
727 5.6 0.4 0:57.50
727 10.5 0.4 0:57.58
727 15.8 0.4 0:57.69
727 11.1 0.4 0:57.77
727 5.6 0.4 0:57.86
727 5.3 0.4 0:57.94
727 10.5 0.4 0:58.04
727 5.3 0.4 0:58.11
727 10.0 0.4 0:58.21
727 10.0 0.4 0:58.31
727 10.0 0.4 0:58.39
727 20.0 0.4 0:58.51
727 5.6 0.4 0:58.60
727 5.6 0.4 0:58.69
727 10.5 0.4 0:58.78
727 5.3 0.4 0:58.86
727 10.0 0.4 0:58.97
727 5.0 0.4 0:59.05
727 22.2 0.4 0:59.16
727 5.0 0.4 0:59.24
727 5.0 0.4 0:59.34
727 5.0 0.4 0:59.44
727 10.0 0.4 0:59.54
727 5.0 0.4 0:59.62
727 5.3 0.4 0:59.73
727 10.5 0.4 0:59.82
727 5.3 0.4 0:59.91
727 10.5 0.4 1:00.00
727 10.5 0.4 1:00.11
727 10.5 0.4 1:00.21
727 5.0 0.4 1:00.30
727 5.3 0.4 1:00.38
727 5.3 0.4 1:00.46
727 5.3 0.4 1:00.55
727 5.3 0.4 1:00.64
31727 14.3 0.2 0:00.03
727 5.6 0.4 1:00.81
727 11.1 0.4 1:00.91
727 11.1 0.4 1:01.00
727 5.3 0.4 1:01.10
727 11.1 0.4 1:01.19
727 5.3 0.4 1:01.27
727 10.0 0.4 1:01.36
727 10.5 0.4 1:01.44
727 10.0 0.4 1:01.54
727 5.6 0.4 1:01.64
727 5.0 0.4 1:01.74
727 5.6 0.4 1:01.83
727 5.3 0.4 1:01.91
727 10.0 0.4 1:02.02
727 11.1 0.4 1:02.12
727 10.5 0.4 1:02.20
727 10.0 0.4 1:02.29
727 10.0 0.4 1:02.38
727 10.5 0.4 1:02.46
727 10.5 0.4 1:02.55
727 10.5 0.4 1:02.63
727 0.0 0.4 1:02.69
727 0.0 0.4 1:02.71
727 0.0 0.4 1:02.72
727 0.0 0.4 1:02.72
727 0.0 0.4 1:02.72
727 0.0 0.4 1:02.72
727 0.0 0.4 1:02.72
727 0.0 0.4 1:02.72
727 0.0 0.4 1:02.72
727 0.0 0.4 1:02.72
727 0.0 0.4 1:02.72
727 0.0 0.4 1:02.72
727 0.0 0.4 1:02.72
727 0.0 0.4 1:02.72
