727 5.3 0.4 3:09.37
727 5.3 0.4 3:09.40
727 5.9 0.4 3:09.43
727 0.0 0.4 3:09.46
727 5.6 0.4 3:09.48
727 10.5 0.4 3:09.52
727 0.0 0.4 3:09.53
727 0.0 0.4 3:09.55
727 0.0 0.4 3:09.59
727 0.0 0.4 3:09.61
727 0.0 0.4 3:09.63
727 5.6 0.4 3:09.66
727 0.0 0.4 3:09.68
727 0.0 0.4 3:09.71
727 5.3 0.4 3:09.74
727 0.0 0.4 3:09.77
727 5.0 0.4 3:09.80
727 0.0 0.4 3:09.82
727 0.0 0.4 3:09.85
727 0.0 0.4 3:09.87
727 5.3 0.4 3:09.90
727 5.3 0.4 3:09.93
727 0.0 0.4 3:09.95
727 5.6 0.4 3:09.99
727 0.0 0.4 3:10.02
727 0.0 0.4 3:10.03
727 0.0 0.4 3:10.06
727 0.0 0.4 3:10.08
727 5.6 0.4 3:10.12
727 0.0 0.4 3:10.14
727 5.6 0.4 3:10.17
727 0.0 0.4 3:10.19
727 0.0 0.4 3:10.22
727 0.0 0.4 3:10.25
727 5.6 0.4 3:10.28
727 5.0 0.4 3:10.30
727 5.3 0.4 3:10.32
727 0.0 0.4 3:10.35
727 5.3 0.4 3:10.38
727 0.0 0.4 3:10.40
727 0.0 0.4 3:10.43
727 5.6 0.4 3:10.46
727 0.0 0.4 3:10.48
727 5.3 0.4 3:10.52
727 0.0 0.4 3:10.54
727 0.0 0.4 3:10.57
727 0.0 0.4 3:10.59
727 5.6 0.4 3:10.62
727 0.0 0.4 3:10.64
727 0.0 0.4 3:10.67
727 0.0 0.4 3:10.70
727 5.3 0.4 3:10.73
727 5.0 0.4 3:10.76
727 5.3 0.4 3:10.79
727 5.3 0.4 3:10.82
727 5.0 0.4 3:10.85
727 5.6 0.4 3:10.87
727 5.6 0.4 3:10.90
727 5.0 0.4 3:10.93
727 5.6 0.4 3:10.96
727 5.3 0.4 3:10.99
727 0.0 0.4 3:11.01
727 0.0 0.4 3:11.04
727 0.0 0.4 3:11.07
727 5.3 0.4 3:11.10
727 5.6 0.4 3:11.13
727 5.6 0.4 3:11.15
727 0.0 0.4 3:11.18
727 0.0 0.4 3:11.21
727 5.6 0.4 3:11.23
727 0.0 0.4 3:11.25
727 0.0 0.4 3:11.27
727 0.0 0.4 3:11.30
727 5.3 0.4 3:11.33
727 5.6 0.4 3:11.36
727 5.6 0.4 3:11.38
727 0.0 0.4 3:11.40
727 0.0 0.4 3:11.42
727 0.0 0.4 3:11.45
727 0.0 0.4 3:11.47
727 0.0 0.4 3:11.49
727 0.0 0.4 3:11.49
727 0.0 0.4 3:11.49
727 0.0 0.4 3:11.49
727 0.0 0.4 3:11.49
727 0.0 0.4 3:11.49
727 0.0 0.4 3:11.49
727 0.0 0.4 3:11.49
727 0.0 0.4 3:11.49
727 0.0 0.4 3:11.49
727 0.0 0.4 3:11.49
727 0.0 0.4 3:11.49
727 0.0 0.4 3:11.49
727 0.0 0.4 3:11.49
727 0.0 0.4 3:11.49
727 0.0 0.4 3:11.49
22727 16.7 0.2 0:00.03
727 0.0 0.4 3:11.49
