727 11.1 0.4 3:11.51
727 0.0 0.4 3:11.53
727 0.0 0.4 3:11.56
727 0.0 0.4 3:11.59
727 0.0 0.4 3:11.62
727 0.0 0.4 3:11.64
727 5.0 0.4 3:11.67
727 0.0 0.4 3:11.69
727 5.6 0.4 3:11.72
727 0.0 0.4 3:11.74
727 0.0 0.4 3:11.77
727 0.0 0.4 3:11.80
727 5.6 0.4 3:11.83
727 0.0 0.4 3:11.85
727 0.0 0.4 3:11.88
727 0.0 0.4 3:11.90
727 0.0 0.4 3:11.94
727 5.6 0.4 3:11.96
727 5.0 0.4 3:11.99
727 0.0 0.4 3:12.01
727 5.6 0.4 3:12.04
727 5.6 0.4 3:12.07
727 10.5 0.4 3:12.11
727 0.0 0.4 3:12.12
727 5.3 0.4 3:12.15
727 0.0 0.4 3:12.17
727 0.0 0.4 3:12.20
727 5.3 0.4 3:12.23
727 5.6 0.4 3:12.25
727 5.3 0.4 3:12.27
727 0.0 0.4 3:12.29
727 5.3 0.4 3:12.32
727 5.3 0.4 3:12.35
727 0.0 0.4 3:12.37
727 0.0 0.4 3:12.40
727 5.3 0.4 3:12.43
727 5.0 0.4 3:12.45
727 0.0 0.4 3:12.47
727 0.0 0.4 3:12.49
727 5.0 0.4 3:12.52
727 0.0 0.4 3:12.54
727 5.6 0.4 3:12.57
727 5.6 0.4 3:12.60
727 0.0 0.4 3:12.62
727 0.0 0.4 3:12.64
727 0.0 0.4 3:12.66
727 0.0 0.4 3:12.69
727 0.0 0.4 3:12.72
727 5.0 0.4 3:12.75
727 5.6 0.4 3:12.78
727 0.0 0.4 3:12.81
727 5.3 0.4 3:12.84
727 0.0 0.4 3:12.86
727 0.0 0.4 3:12.89
727 0.0 0.4 3:12.92
727 5.0 0.4 3:12.95
727 0.0 0.4 3:12.97
727 5.3 0.4 3:13.00
727 0.0 0.4 3:13.02
727 0.0 0.4 3:13.05
727 0.0 0.4 3:13.08
727 5.6 0.4 3:13.11
727 0.0 0.4 3:13.13
727 0.0 0.4 3:13.15
727 5.6 0.4 3:13.18
727 0.0 0.4 3:13.20
727 0.0 0.4 3:13.22
727 5.6 0.4 3:13.25
727 0.0 0.4 3:13.28
727 0.0 0.4 3:13.30
727 5.0 0.4 3:13.33
727 5.6 0.4 3:13.35
727 0.0 0.4 3:13.37
727 5.6 0.4 3:13.41
727 0.0 0.4 3:13.43
727 0.0 0.4 3:13.46
727 5.3 0.4 3:13.49
727 5.3 0.4 3:13.52
727 5.6 0.4 3:13.55
727 0.0 0.4 3:13.57
727 0.0 0.4 3:13.57
727 0.0 0.4 3:13.57
727 0.0 0.4 3:13.57
727 0.0 0.4 3:13.57
727 0.0 0.4 3:13.57
727 0.0 0.4 3:13.57
727 0.0 0.4 3:13.57
727 0.0 0.4 3:13.57
727 0.0 0.4 3:13.57
727 0.0 0.4 3:13.57
727 0.0 0.4 3:13.57
727 0.0 0.4 3:13.57
727 0.0 0.4 3:13.57
727 0.0 0.4 3:13.57
727 0.0 0.4 3:13.57
727 0.0 0.4 3:13.57
727 0.0 0.4 3:13.57
727 0.0 0.4 3:13.57
727 0.0 0.4 3:13.57
