727 0.0 0.4 3:36.82
727 5.0 0.4 3:36.84
727 0.0 0.4 3:36.85
727 0.0 0.4 3:36.87
727 5.0 0.4 3:36.89
727 0.0 0.4 3:36.90
727 0.0 0.4 3:36.92
727 5.3 0.4 3:36.94
727 5.6 0.4 3:36.96
727 5.3 0.4 3:36.98
727 5.6 0.4 3:37.00
727 5.6 0.4 3:37.02
727 5.6 0.4 3:37.05
727 0.0 0.4 3:37.06
727 0.0 0.4 3:37.08
727 5.0 0.4 3:37.11
727 0.0 0.4 3:37.13
727 0.0 0.4 3:37.14
727 4.8 0.4 3:37.17
727 0.0 0.4 3:37.18
727 0.0 0.4 3:37.20
727 5.3 0.4 3:37.22
13727 16.7 0.2 0:00.03
727 0.0 0.4 3:37.25
727 0.0 0.4 3:37.26
727 0.0 0.4 3:37.28
727 5.6 0.4 3:37.30
727 5.3 0.4 3:37.32
727 0.0 0.4 3:37.33
727 0.0 0.4 3:37.35
727 0.0 0.4 3:37.37
727 0.0 0.4 3:37.39
727 5.0 0.4 3:37.42
727 5.3 0.4 3:37.44
727 0.0 0.4 3:37.45
727 0.0 0.4 3:37.47
727 0.0 0.4 3:37.49
727 0.0 0.4 3:37.51
727 5.3 0.4 3:37.53
727 0.0 0.4 3:37.54
727 0.0 0.4 3:37.56
727 5.3 0.4 3:37.58
727 0.0 0.4 3:37.60
727 5.3 0.4 3:37.62
727 5.0 0.4 3:37.64
727 5.3 0.4 3:37.66
727 5.0 0.4 3:37.68
727 0.0 0.4 3:37.69
727 0.0 0.4 3:37.71
727 0.0 0.4 3:37.73
727 0.0 0.4 3:37.75
727 0.0 0.4 3:37.77
727 0.0 0.4 3:37.79
727 0.0 0.4 3:37.81
727 0.0 0.4 3:37.83
727 0.0 0.4 3:37.85
727 0.0 0.4 3:37.87
727 0.0 0.4 3:37.89
727 0.0 0.4 3:37.91
727 5.3 0.4 3:37.93
727 5.3 0.4 3:37.95
727 0.0 0.4 3:37.97
727 0.0 0.4 3:37.98
727 0.0 0.4 3:38.00
727 5.3 0.4 3:38.02
727 0.0 0.4 3:38.04
727 0.0 0.4 3:38.06
727 0.0 0.4 3:38.07
727 0.0 0.4 3:38.08
727 0.0 0.4 3:38.10
727 5.6 0.4 3:38.12
727 5.9 0.4 3:38.14
727 5.6 0.4 3:38.16
727 0.0 0.4 3:38.17
727 0.0 0.4 3:38.19
727 0.0 0.4 3:38.21
727 0.0 0.4 3:38.23
727 0.0 0.4 3:38.25
727 0.0 0.4 3:38.27
727 0.0 0.4 3:38.29
727 0.0 0.4 3:38.29
727 0.0 0.4 3:38.29
727 0.0 0.4 3:38.29
727 0.0 0.4 3:38.29
727 0.0 0.4 3:38.29
727 0.0 0.4 3:38.29
