728 0.0 0.4 4:11.52
728 5.6 0.4 4:11.55
728 5.3 0.4 4:11.59
728 0.0 0.4 4:11.63
728 5.9 0.4 4:11.67
728 4.8 0.4 4:11.71
728 0.0 0.4 4:11.74
728 4.5 0.4 4:11.78
728 0.0 0.4 4:11.81
728 5.6 0.4 4:11.85
728 0.0 0.4 4:11.89
728 0.0 0.4 4:11.92
728 0.0 0.4 4:11.96
KiB used, 450232 buff/cache
KiB used, 450252 buff/cache
728 5.3 0.4 4:12.09
728 10.5 0.4 4:12.14
728 5.3 0.4 4:12.18
728 0.0 0.4 4:12.22
728 5.3 0.4 4:12.25
728 5.9 0.4 4:12.29
728 5.0 0.4 4:12.33
728 5.0 0.4 4:12.37
728 4.8 0.4 4:12.41
728 0.0 0.4 4:12.45
728 5.3 0.4 4:12.48
728 0.0 0.4 4:12.51
728 0.0 0.4 4:12.54
728 0.0 0.4 4:12.58
728 5.6 0.4 4:12.62
728 5.3 0.4 4:12.66
728 11.1 0.4 4:12.71
728 5.6 0.4 4:12.75
728 10.0 0.4 4:12.79
728 4.8 0.4 4:12.82
728 5.3 0.4 4:12.86
728 5.3 0.4 4:12.90
728 0.0 0.4 4:12.94
728 10.0 0.4 4:12.99
728 5.6 0.4 4:13.02
728 5.3 0.4 4:13.06
728 0.0 0.4 4:13.09
728 5.6 0.4 4:13.13
728 11.1 0.4 4:13.18
728 0.0 0.4 4:13.22
728 5.6 0.4 4:13.25
728 5.3 0.4 4:13.30
728 5.0 0.4 4:13.33
728 0.0 0.4 4:13.37
728 0.0 0.4 4:13.41
728 5.6 0.4 4:13.45
728 5.6 0.4 4:13.49
728 4.5 0.4 4:13.52
728 0.0 0.4 4:13.55
728 5.6 0.4 4:13.59
728 5.6 0.4 4:13.63
728 4.8 0.4 4:13.68
728 5.6 0.4 4:13.71
728 5.6 0.4 4:13.75
728 5.6 0.4 4:13.78
728 4.5 0.4 4:13.82
728 5.6 0.4 4:13.86
728 5.6 0.4 4:13.90
728 4.8 0.4 4:13.94
728 0.0 0.4 4:13.98
728 4.5 0.4 4:14.02
728 5.6 0.4 4:14.06
728 0.0 0.4 4:14.11
728 5.3 0.4 4:14.14
728 0.0 0.4 4:14.19
728 0.0 0.4 4:14.22
728 5.0 0.4 4:14.27
728 5.3 0.4 4:14.31
728 5.6 0.4 4:14.35
728 10.0 0.4 4:14.39
728 5.6 0.4 4:14.43
728 5.0 0.4 4:14.47
728 5.6 0.4 4:14.50
728 11.1 0.4 4:14.54
728 0.0 0.4 4:14.56
728 0.0 0.4 4:14.57
728 0.0 0.4 4:14.57
728 0.0 0.4 4:14.57
728 0.0 0.4 4:14.57
728 0.0 0.4 4:14.57
728 0.0 0.4 4:14.57
728 0.0 0.4 4:14.57
728 0.0 0.4 4:14.57
728 0.0 0.4 4:14.57
728 0.0 0.4 4:14.57
728 0.0 0.4 4:14.57
728 0.0 0.4 4:14.57
728 0.0 0.4 4:14.57
KiB used, 451484 buff/cache
728 0.0 0.4 4:14.57
728 0.0 0.4 4:14.57
728 0.0 0.4 4:14.57
728 0.0 0.4 4:14.57
728 0.0 0.4 4:14.57
