728 0.0 0.4 2:13.38
728 5.0 0.4 2:13.48
728 15.0 0.4 2:13.60
728 15.8 0.4 2:13.72
728 21.1 0.4 2:13.84
728 15.8 0.4 2:13.96
728 10.0 0.4 2:14.07
728 11.1 0.4 2:14.17
728 10.5 0.4 2:14.30
KiB used, 386728 buff/cache
728 9.1 0.4 2:14.54
728 11.1 0.4 2:14.63
728 4.8 0.4 2:14.73
728 5.6 0.4 2:14.83
728 11.1 0.4 2:14.94
728 11.1 0.4 2:15.04
728 11.1 0.4 2:15.14
728 11.1 0.4 2:15.24
728 16.7 0.4 2:15.36
728 17.6 0.4 2:15.49
728 11.1 0.4 2:15.60
728 10.0 0.4 2:15.70
728 11.1 0.4 2:15.79
728 11.1 0.4 2:15.90
728 16.7 0.4 2:16.01
728 16.7 0.4 2:16.12
728 15.8 0.4 2:16.24
728 11.1 0.4 2:16.34
728 10.5 0.4 2:16.44
728 5.6 0.4 2:16.53
728 15.0 0.4 2:16.66
30368 22.2 0.1 0:00.04
728 11.1 0.4 2:16.86
728 11.1 0.4 2:16.97
728 16.7 0.4 2:17.08
728 10.0 0.4 2:17.19
728 16.7 0.4 2:17.30
728 9.1 0.4 2:17.41
728 11.1 0.4 2:17.51
728 11.1 0.4 2:17.62
728 11.1 0.4 2:17.73
728 10.0 0.4 2:17.85
728 11.1 0.4 2:17.95
728 10.5 0.4 2:18.06
728 11.1 0.4 2:18.15
728 5.3 0.4 2:18.26
728 21.1 0.4 2:18.40
728 5.3 0.4 2:18.50
728 11.1 0.4 2:18.59
728 5.6 0.4 2:18.69
728 22.2 0.4 2:18.81
KiB used, 389256 buff/cache
728 10.5 0.4 2:19.02
728 11.1 0.4 2:19.13
728 15.8 0.4 2:19.26
728 11.1 0.4 2:19.36
728 16.7 0.4 2:19.48
728 11.1 0.4 2:19.58
728 10.5 0.4 2:19.70
728 0.0 0.4 2:19.80
728 5.6 0.4 2:19.91
728 10.5 0.4 2:20.02
728 10.5 0.4 2:20.13
728 5.3 0.4 2:20.25
728 11.1 0.4 2:20.35
728 15.0 0.4 2:20.46
728 10.5 0.4 2:20.55
728 10.0 0.4 2:20.67
728 11.1 0.4 2:20.78
728 10.5 0.4 2:20.89
728 11.1 0.4 2:20.99
728 10.5 0.4 2:21.10
728 15.8 0.4 2:21.22
728 9.1 0.4 2:21.32
728 11.1 0.4 2:21.41
728 22.2 0.4 2:21.54
728 22.2 0.4 2:21.67
728 10.5 0.4 2:21.77
KiB used, 390880 buff/cache
728 11.8 0.4 2:21.99
728 5.9 0.4 2:22.09
728 15.8 0.4 2:22.20
728 11.1 0.4 2:22.31
728 10.5 0.4 2:22.42
728 15.8 0.4 2:22.54
728 15.0 0.4 2:22.64
728 0.0 0.4 2:22.70
728 0.0 0.4 2:22.70
728 0.0 0.4 2:22.70
728 0.0 0.4 2:22.70
728 0.0 0.4 2:22.70
728 0.0 0.4 2:22.70
728 0.0 0.4 2:22.70
728 0.0 0.4 2:22.70
728 0.0 0.4 2:22.70
728 0.0 0.4 2:22.70
728 0.0 0.4 2:22.70
728 0.0 0.4 2:22.70
728 0.0 0.4 2:22.70
728 0.0 0.4 2:22.70
728 0.0 0.4 2:22.70
728 0.0 0.4 2:22.70
728 0.0 0.4 2:22.70
728 0.0 0.4 2:22.70
728 0.0 0.4 2:22.70
728 0.0 0.4 2:22.70
728 0.0 0.4 2:22.70
728 0.0 0.4 2:22.70
728 0.0 0.4 2:22.70
728 0.0 0.4 2:22.70
728 0.0 0.4 2:22.70
728 0.0 0.4 2:22.70
728 0.0 0.4 2:22.70
728 0.0 0.4 2:22.70
728 0.0 0.4 2:22.70
728 0.0 0.4 2:22.70
728 0.0 0.4 2:22.70
728 0.0 0.4 2:22.70
728 0.0 0.4 2:22.70
728 0.0 0.4 2:22.70
728 0.0 0.4 2:22.70
728 0.0 0.4 2:22.70
728 0.0 0.4 2:22.70
