728 5.3 0.4 4:39.40
728 5.6 0.4 4:39.43
728 5.6 0.4 4:39.48
728 5.6 0.4 4:39.51
728 5.3 0.4 4:39.55
728 0.0 0.4 4:39.58
728 5.6 0.4 4:39.62
728 5.0 0.4 4:39.65
728 5.3 0.4 4:39.69
728 5.3 0.4 4:39.72
728 0.0 0.4 4:39.75
728 5.6 0.4 4:39.79
728 0.0 0.4 4:39.81
728 0.0 0.4 4:39.83
728 10.0 0.4 4:39.88
728 0.0 0.4 4:39.91
728 5.6 0.4 4:39.93
728 5.6 0.4 4:39.96
728 5.3 0.4 4:40.00
728 5.3 0.4 4:40.03
728 5.6 0.4 4:40.07
728 0.0 0.4 4:40.10
728 5.3 0.4 4:40.13
728 5.6 0.4 4:40.16
728 0.0 0.4 4:40.19
728 5.6 0.4 4:40.22
728 0.0 0.4 4:40.25
728 0.0 0.4 4:40.28
728 5.3 0.4 4:40.31
728 5.6 0.4 4:40.34
728 0.0 0.4 4:40.37
728 5.3 0.4 4:40.40
728 0.0 0.4 4:40.43
728 5.9 0.4 4:40.46
728 5.0 0.4 4:40.50
728 0.0 0.4 4:40.52
728 5.3 0.4 4:40.55
728 5.6 0.4 4:40.58
728 5.6 0.4 4:40.61
728 5.9 0.4 4:40.64
728 5.3 0.4 4:40.67
728 5.6 0.4 4:40.70
728 5.6 0.4 4:40.73
728 0.0 0.4 4:40.76
728 0.0 0.4 4:40.79
KiB 1523728 avail Mem
728 0.0 0.4 4:40.85
728 0.0 0.4 4:40.88
728 5.6 0.4 4:40.92
728 0.0 0.4 4:40.95
728 5.6 0.4 4:40.99
728 5.3 0.4 4:41.02
728 5.6 0.4 4:41.05
728 5.9 0.4 4:41.09
728 5.6 0.4 4:41.11
728 0.0 0.4 4:41.14
728 5.6 0.4 4:41.17
728 5.6 0.4 4:41.20
728 0.0 0.4 4:41.23
728 0.0 0.4 4:41.25
728 5.0 0.4 4:41.28
728 0.0 0.4 4:41.31
728 5.6 0.4 4:41.35
728 5.0 0.4 4:41.38
728 5.3 0.4 4:41.42
728 5.6 0.4 4:41.45
728 5.6 0.4 4:41.48
728 5.6 0.4 4:41.51
728 11.1 0.4 4:41.55
728 5.6 0.4 4:41.57
728 0.0 0.4 4:41.60
728 5.6 0.4 4:41.66
728 5.6 0.4 4:41.69
728 5.6 0.4 4:41.72
728 5.3 0.4 4:41.75
728 5.6 0.4 4:41.79
728 0.0 0.4 4:41.82
728 0.0 0.4 4:41.86
728 5.6 0.4 4:41.89
728 0.0 0.4 4:41.90
728 0.0 0.4 4:41.91
728 0.0 0.4 4:41.91
728 0.0 0.4 4:41.91
728 0.0 0.4 4:41.91
728 0.0 0.4 4:41.91
728 0.0 0.4 4:41.91
728 0.0 0.4 4:41.91
728 0.0 0.4 4:41.91
