729 5.9 0.4 3:33.25
729 5.6 0.4 3:33.27
729 0.0 0.4 3:33.29
729 0.0 0.4 3:33.31
729 0.0 0.4 3:33.34
729 5.6 0.4 3:33.37
729 0.0 0.4 3:33.39
729 5.6 0.4 3:33.42
729 0.0 0.4 3:33.44
729 0.0 0.4 3:33.47
729 0.0 0.4 3:33.50
729 0.0 0.4 3:33.52
729 0.0 0.4 3:33.55
729 0.0 0.4 3:33.57
729 5.6 0.4 3:33.60
729 0.0 0.4 3:33.63
729 0.0 0.4 3:33.66
729 0.0 0.4 3:33.68
729 0.0 0.4 3:33.70
729 5.6 0.4 3:33.73
729 0.0 0.4 3:33.76
729 0.0 0.4 3:33.79
729 0.0 0.4 3:33.81
729 5.6 0.4 3:33.84
729 0.0 0.4 3:33.86
729 5.3 0.4 3:33.89
729 0.0 0.4 3:33.91
729 0.0 0.4 3:33.93
729 0.0 0.4 3:33.95
729 5.6 0.4 3:33.98
729 0.0 0.4 3:34.01
729 5.6 0.4 3:34.05
729 5.6 0.4 3:34.08
729 11.1 0.4 3:34.12
729 0.0 0.4 3:34.13
729 4.5 0.4 3:34.16
729 5.6 0.4 3:34.18
729 5.6 0.4 3:34.20
729 0.0 0.4 3:34.22
729 0.0 0.4 3:34.25
729 5.3 0.4 3:34.28
729 5.0 0.4 3:34.31
729 0.0 0.4 3:34.33
729 0.0 0.4 3:34.36
729 5.9 0.4 3:34.38
729 0.0 0.4 3:34.40
729 0.0 0.4 3:34.42
729 0.0 0.4 3:34.44
729 0.0 0.4 3:34.47
729 5.3 0.4 3:34.51
729 5.0 0.4 3:34.54
729 0.0 0.4 3:34.56
729 4.8 0.4 3:34.59
729 0.0 0.4 3:34.61
729 0.0 0.4 3:34.64
729 5.3 0.4 3:34.67
729 5.6 0.4 3:34.70
729 5.6 0.4 3:34.72
729 0.0 0.4 3:34.75
729 0.0 0.4 3:34.77
729 0.0 0.4 3:34.79
729 0.0 0.4 3:34.81
729 5.6 0.4 3:34.84
729 0.0 0.4 3:34.87
729 0.0 0.4 3:34.91
729 5.6 0.4 3:34.93
729 5.6 0.4 3:34.95
729 0.0 0.4 3:34.97
729 0.0 0.4 3:34.99
729 0.0 0.4 3:35.02
729 0.0 0.4 3:35.04
729 0.0 0.4 3:35.07
729 5.6 0.4 3:35.11
729 5.6 0.4 3:35.13
729 0.0 0.4 3:35.15
729 0.0 0.4 3:35.17
729 5.6 0.4 3:35.20
729 5.6 0.4 3:35.23
729 5.6 0.4 3:35.26
729 0.0 0.4 3:35.28
729 0.0 0.4 3:35.28
729 0.0 0.4 3:35.28
729 0.0 0.4 3:35.28
729 0.0 0.4 3:35.28
729 0.0 0.4 3:35.28
729 0.0 0.4 3:35.28
729 0.0 0.4 3:35.28
729 0.0 0.4 3:35.28
729 0.0 0.4 3:35.28
729 0.0 0.4 3:35.28
729 0.0 0.4 3:35.28
