729 0.0 0.4 3:52.69
729 0.0 0.4 3:52.71
729 5.0 0.4 3:52.74
729 0.0 0.4 3:52.76
729 0.0 0.4 3:52.78
729 5.6 0.4 3:52.80
729 5.3 0.4 3:52.82
729 5.3 0.4 3:52.84
729 5.6 0.4 3:52.86
729 0.0 0.4 3:52.88
729 0.0 0.4 3:52.91
729 5.6 0.4 3:52.93
729 0.0 0.4 3:52.95
729 5.6 0.4 3:52.98
729 5.6 0.4 3:53.00
729 5.9 0.4 3:53.02
729 0.0 0.4 3:53.04
729 0.0 0.4 3:53.06
729 0.0 0.4 3:53.08
729 0.0 0.4 3:53.10
729 0.0 0.4 3:53.12
729 0.0 0.4 3:53.14
729 0.0 0.4 3:53.16
729 0.0 0.4 3:53.17
729 5.6 0.4 3:53.20
729 0.0 0.4 3:53.21
729 5.6 0.4 3:53.24
729 0.0 0.4 3:53.26
729 0.0 0.4 3:53.28
729 0.0 0.4 3:53.30
729 5.0 0.4 3:53.33
729 0.0 0.4 3:53.35
729 0.0 0.4 3:53.37
729 0.0 0.4 3:53.39
729 0.0 0.4 3:53.41
729 0.0 0.4 3:53.43
729 0.0 0.4 3:53.46
729 0.0 0.4 3:53.47
729 0.0 0.4 3:53.49
729 5.6 0.4 3:53.51
729 0.0 0.4 3:53.52
729 0.0 0.4 3:53.54
729 0.0 0.4 3:53.56
729 0.0 0.4 3:53.58
729 0.0 0.4 3:53.60
729 5.6 0.4 3:53.63
729 0.0 0.4 3:53.65
10729 11.1 0.2 0:00.04
729 0.0 0.4 3:53.69
729 5.0 0.4 3:53.72
729 0.0 0.4 3:53.74
729 0.0 0.4 3:53.76
729 5.6 0.4 3:53.78
729 5.6 0.4 3:53.80
729 4.5 0.4 3:53.82
729 5.6 0.4 3:53.84
729 0.0 0.4 3:53.86
729 0.0 0.4 3:53.88
729 5.3 0.4 3:53.91
729 0.0 0.4 3:53.92
729 5.6 0.4 3:53.95
729 5.6 0.4 3:53.97
729 5.0 0.4 3:53.99
729 5.6 0.4 3:54.01
729 5.9 0.4 3:54.03
729 0.0 0.4 3:54.05
729 0.0 0.4 3:54.07
729 5.6 0.4 3:54.10
729 5.6 0.4 3:54.12
729 4.8 0.4 3:54.15
729 5.3 0.4 3:54.17
11729 22.2 0.2 0:00.04
729 0.0 0.4 3:54.22
729 4.5 0.4 3:54.24
729 0.0 0.4 3:54.26
729 0.0 0.4 3:54.28
729 5.9 0.4 3:54.30
729 5.6 0.4 3:54.32
729 5.3 0.4 3:54.34
729 0.0 0.4 3:54.36
729 0.0 0.4 3:54.36
729 0.0 0.4 3:54.36
729 0.0 0.4 3:54.36
729 0.0 0.4 3:54.36
729 0.0 0.4 3:54.36
729 0.0 0.4 3:54.36
729 0.0 0.4 3:54.36
729 0.0 0.4 3:54.36
729 0.0 0.4 3:54.36
729 0.0 0.4 3:54.36
729 0.0 0.4 3:54.36
729 0.0 0.4 3:54.36
729 0.0 0.4 3:54.36
729 0.0 0.4 3:54.36
729 0.0 0.4 3:54.36
