729 4.8 0.4 3:16.29
729 0.0 0.4 3:16.32
729 4.8 0.4 3:16.35
729 4.5 0.4 3:16.39
729 0.0 0.4 3:16.42
729 4.8 0.4 3:16.45
729 0.0 0.4 3:16.48
729 4.2 0.4 3:16.52
729 11.1 0.4 3:16.56
729 10.0 0.4 3:16.60
729 11.1 0.4 3:16.63
729 4.8 0.4 3:16.66
729 0.0 0.4 3:16.69
729 5.0 0.4 3:16.73
729 0.0 0.4 3:16.76
729 0.0 0.4 3:16.79
729 5.6 0.4 3:16.83
729 5.3 0.4 3:16.86
729 5.6 0.4 3:16.89
729 0.0 0.4 3:16.92
729 5.6 0.4 3:16.96
729 5.6 0.4 3:17.00
729 5.6 0.4 3:17.04
729 0.0 0.4 3:17.07
729 5.6 0.4 3:17.11
729 0.0 0.4 3:17.15
729 0.0 0.4 3:17.18
729 5.6 0.4 3:17.22
729 0.0 0.4 3:17.25
729 5.6 0.4 3:17.29
729 5.6 0.4 3:17.33
729 0.0 0.4 3:17.36
729 10.5 0.4 3:17.41
7292 16.7 0.2 0:00.03
729 0.0 0.4 3:17.46
729 5.6 0.4 3:17.49
729 0.0 0.4 3:17.52
729 5.3 0.4 3:17.56
729 0.0 0.4 3:17.59
729 0.0 0.4 3:17.62
729 0.0 0.4 3:17.65
729 0.0 0.4 3:17.69
729 5.9 0.4 3:17.73
729 0.0 0.4 3:17.76
729 4.5 0.4 3:17.79
729 5.6 0.4 3:17.83
729 0.0 0.4 3:17.85
729 0.0 0.4 3:17.88
729 0.0 0.4 3:17.92
729 5.6 0.4 3:17.95
729 4.8 0.4 3:17.99
729 0.0 0.4 3:18.02
729 5.6 0.4 3:18.05
729 0.0 0.4 3:18.08
729 0.0 0.4 3:18.11
729 5.9 0.4 3:18.15
729 0.0 0.4 3:18.18
729 5.3 0.4 3:18.22
729 0.0 0.4 3:18.25
729 0.0 0.4 3:18.28
729 5.3 0.4 3:18.31
729 0.0 0.4 3:18.34
729 5.6 0.4 3:18.38
729 5.9 0.4 3:18.41
729 0.0 0.4 3:18.44
729 0.0 0.4 3:18.48
729 4.8 0.4 3:18.52
729 5.9 0.4 3:18.55
8729 16.7 0.2 0:00.03
729 0.0 0.4 3:18.62
729 5.6 0.4 3:18.66
729 5.6 0.4 3:18.70
729 5.6 0.4 3:18.74
729 0.0 0.4 3:18.78
729 0.0 0.4 3:18.82
729 0.0 0.4 3:18.85
729 5.0 0.4 3:18.89
729 5.6 0.4 3:18.92
729 0.0 0.4 3:18.95
729 0.0 0.4 3:18.97
729 0.0 0.4 3:18.97
729 0.0 0.4 3:18.97
729 0.0 0.4 3:18.97
729 0.0 0.4 3:18.97
729 0.0 0.4 3:18.97
729 0.0 0.4 3:18.97
729 0.0 0.4 3:18.97
729 0.0 0.4 3:18.97
729 0.0 0.4 3:18.97
729 0.0 0.4 3:18.97
729 0.0 0.4 3:18.97
729 0.0 0.4 3:18.97
729 0.0 0.4 3:18.97
729 0.0 0.4 3:18.97
729 0.0 0.4 3:18.97
729 0.0 0.4 3:18.97
