729 0.0 0.4 2:24.42
729 16.7 0.4 2:24.51
729 11.1 0.4 2:24.59
729 5.6 0.4 2:24.66
729 22.2 0.4 2:24.75
729 10.5 0.4 2:24.82
729 5.6 0.4 2:24.88
729 10.5 0.4 2:24.97
729 11.1 0.4 2:25.02
729 10.5 0.4 2:25.10
729 5.3 0.4 2:25.17
729 8.0 0.4 2:25.25
729 11.1 0.4 2:25.31
729 11.1 0.4 2:25.40
729 0.0 0.4 2:25.45
729 5.6 0.4 2:25.53
729 11.1 0.4 2:25.61
729 11.1 0.4 2:25.69
729 11.1 0.4 2:25.77
729 11.1 0.4 2:25.86
729 11.1 0.4 2:25.94
729 11.1 0.4 2:26.01
729 5.6 0.4 2:26.07
729 10.5 0.4 2:26.15
729 11.1 0.4 2:26.21
729 10.5 0.4 2:26.29
729 10.5 0.4 2:26.38
729 11.1 0.4 2:26.49
729 5.6 0.4 2:26.55
729 11.1 0.4 2:26.63
729 5.6 0.4 2:26.70
729 17.6 0.4 2:26.79
729 5.3 0.4 2:26.86
729 7.7 0.4 2:26.96
729 10.0 0.4 2:27.03
729 11.1 0.4 2:27.11
729 16.7 0.4 2:27.19
729 16.7 0.4 2:27.27
729 5.6 0.4 2:27.34
729 11.1 0.4 2:27.41
729 10.5 0.4 2:27.48
729 5.6 0.4 2:27.55
729 11.1 0.4 2:27.63
729 11.1 0.4 2:27.71
729 11.1 0.4 2:27.78
729 5.3 0.4 2:27.86
729 5.3 0.4 2:27.94
729 11.1 0.4 2:28.01
729 16.7 0.4 2:28.09
729 5.3 0.4 2:28.17
729 11.1 0.4 2:28.24
729 5.6 0.4 2:28.31
729 10.5 0.4 2:28.39
729 10.5 0.4 2:28.47
729 5.6 0.4 2:28.55
729 11.1 0.4 2:28.63
729 16.7 0.4 2:28.72
729 5.3 0.4 2:28.80
729 11.1 0.4 2:28.88
729 11.1 0.4 2:28.97
729 10.5 0.4 2:29.07
729 16.7 0.4 2:29.15
729 5.6 0.4 2:29.22
729 15.8 0.4 2:29.32
729 5.3 0.4 2:29.39
729 9.5 0.4 2:29.46
729 10.0 0.4 2:29.53
729 5.3 0.4 2:29.63
729 11.1 0.4 2:29.70
729 10.5 0.4 2:29.78
729 11.1 0.4 2:29.86
729 5.3 0.4 2:29.95
729 5.9 0.4 2:30.03
729 11.1 0.4 2:30.11
729 10.5 0.4 2:30.20
729 11.1 0.4 2:30.28
729 15.8 0.4 2:30.36
729 0.0 0.4 2:30.37
729 0.0 0.4 2:30.37
729 0.0 0.4 2:30.37
729 0.0 0.4 2:30.37
729 0.0 0.4 2:30.37
729 0.0 0.4 2:30.37
729 0.0 0.4 2:30.37
729 0.0 0.4 2:30.37
729 0.0 0.4 2:30.37
729 0.0 0.4 2:30.37
