729 11.1 0.4 3:59.36
729 0.0 0.4 3:59.39
729 0.0 0.4 3:59.40
729 0.0 0.4 3:59.42
729 0.0 0.4 3:59.44
729 0.0 0.4 3:59.46
729 0.0 0.4 3:59.48
729 5.0 0.4 3:59.50
729 5.3 0.4 3:59.52
729 0.0 0.4 3:59.53
729 5.6 0.4 3:59.55
729 5.3 0.4 3:59.57
729 0.0 0.4 3:59.59
729 5.6 0.4 3:59.61
729 0.0 0.4 3:59.63
729 5.0 0.4 3:59.66
729 0.0 0.4 3:59.68
729 0.0 0.4 3:59.70
729 5.0 0.4 3:59.73
729 0.0 0.4 3:59.75
729 0.0 0.4 3:59.76
729 5.3 0.4 3:59.79
729 0.0 0.4 3:59.80
729 0.0 0.4 3:59.83
729 5.6 0.4 3:59.86
729 0.0 0.4 3:59.88
729 0.0 0.4 3:59.90
729 0.0 0.4 3:59.92
729 0.0 0.4 3:59.95
729 0.0 0.4 3:59.97
729 0.0 0.4 3:59.98
729 0.0 0.4 4:00.00
729 5.6 0.4 4:00.03
729 5.6 0.4 4:00.05
729 0.0 0.4 4:00.06
729 0.0 0.4 4:00.08
729 5.3 0.4 4:00.10
729 0.0 0.4 4:00.12
729 5.9 0.4 4:00.14
729 0.0 0.4 4:00.16
729 0.0 0.4 4:00.18
729 0.0 0.4 4:00.20
729 0.0 0.4 4:00.22
729 5.6 0.4 4:00.24
729 0.0 0.4 4:00.25
729 5.3 0.4 4:00.28
729 5.6 0.4 4:00.30
729 0.0 0.4 4:00.31
729 0.0 0.4 4:00.33
729 0.0 0.4 4:00.35
729 0.0 0.4 4:00.37
729 0.0 0.4 4:00.40
729 0.0 0.4 4:00.42
729 5.6 0.4 4:00.44
729 5.6 0.4 4:00.46
729 11.1 0.4 4:00.49
729 5.6 0.4 4:00.50
729 0.0 0.4 4:00.51
729 0.0 0.4 4:00.53
729 0.0 0.4 4:00.55
729 0.0 0.4 4:00.57
729 0.0 0.4 4:00.59
729 5.9 0.4 4:00.61
729 4.8 0.4 4:00.63
729 5.3 0.4 4:00.65
729 0.0 0.4 4:00.66
729 5.3 0.4 4:00.68
729 0.0 0.4 4:00.70
729 5.6 0.4 4:00.72
729 5.3 0.4 4:00.74
729 5.6 0.4 4:00.76
729 0.0 0.4 4:00.77
729 0.0 0.4 4:00.79
27294 11.1 0.2 0:00.02
729 0.0 0.4 4:00.83
729 4.5 0.4 4:00.85
729 5.0 0.4 4:00.87
729 0.0 0.4 4:00.88
729 0.0 0.4 4:00.90
729 5.6 0.4 4:00.92
729 0.0 0.4 4:00.92
729 0.0 0.4 4:00.92
729 0.0 0.4 4:00.92
729 0.0 0.4 4:00.92
27729 10.5 0.2 0:00.04
729 0.0 0.4 4:00.92
729 0.0 0.4 4:00.92
