731 10.0 0.4 1:44.44
731 10.0 0.4 1:44.50
731 0.0 0.4 1:44.50
731 0.0 0.4 1:44.50
731 0.0 0.4 1:44.50
731 0.0 0.4 1:44.50
731 0.0 0.4 1:44.50
731 0.0 0.4 1:44.50
731 0.0 0.4 1:44.50
731 0.0 0.4 1:44.50
731 0.0 0.4 1:44.50
731 0.0 0.4 1:44.50
731 0.0 0.4 1:44.50
731 0.0 0.4 1:44.50
731 0.0 0.4 1:44.50
731 0.0 0.4 1:44.50
731 0.0 0.4 1:44.50
731 0.0 0.4 1:44.50
731 0.0 0.4 1:44.50
731 0.0 0.4 1:44.54
731 0.0 0.4 1:44.55
731 0.0 0.4 1:44.55
731 0.0 0.4 1:44.55
731 0.0 0.4 1:44.55
731 0.0 0.4 1:44.55
731 0.0 0.4 1:44.55
731 0.0 0.4 1:44.55
731 0.0 0.4 1:44.55
731 0.0 0.4 1:44.55
731 0.0 0.4 1:44.55
731 0.0 0.4 1:44.55
731 0.0 0.4 1:44.55
731 0.0 0.4 1:44.55
731 0.0 0.4 1:44.56
731 0.0 0.4 1:44.56
731 0.0 0.4 1:44.56
731 0.0 0.4 1:44.56
731 4.8 0.4 1:44.59
731 0.0 0.4 1:44.61
731 0.0 0.4 1:44.61
731 0.0 0.4 1:44.61
731 0.0 0.4 1:44.61
731 0.0 0.4 1:44.61
731 0.0 0.4 1:44.61
731 0.0 0.4 1:44.61
731 0.0 0.4 1:44.61
731 0.0 0.4 1:44.61
731 0.0 0.4 1:44.61
731 0.0 0.4 1:44.61
731 0.0 0.4 1:44.61
731 0.0 0.4 1:44.61
731 0.0 0.4 1:44.61
731 0.0 0.4 1:44.61
731 0.0 0.4 1:44.61
731 0.0 0.4 1:44.62
731 5.9 0.4 1:44.63
731 0.0 0.4 1:44.66
731 0.0 0.4 1:44.68
731 0.0 0.4 1:44.68
731 0.0 0.4 1:44.68
731 0.0 0.4 1:44.68
731 0.0 0.4 1:44.68
731 0.0 0.4 1:44.68
731 0.0 0.4 1:44.68
731 0.0 0.4 1:44.68
731 0.0 0.4 1:44.68
731 0.0 0.4 1:44.68
731 0.0 0.4 1:44.68
731 0.0 0.4 1:44.68
731 0.0 0.4 1:44.68
731 0.0 0.4 1:44.68
731 0.0 0.4 1:44.68
731 0.0 0.4 1:44.68
731 0.0 0.4 1:44.70
731 5.3 0.4 1:44.74
731 0.0 0.4 1:44.74
731 0.0 0.4 1:44.74
731 0.0 0.4 1:44.74
731 0.0 0.4 1:44.74
731 0.0 0.4 1:44.74
731 0.0 0.4 1:44.74
731 0.0 0.4 1:44.74
731 0.0 0.4 1:44.74
731 0.0 0.4 1:44.74
731 0.0 0.4 1:44.75
731 0.0 0.4 1:44.75
731 0.0 0.4 1:44.75
731 0.0 0.4 1:44.75
731 0.0 0.4 1:44.75
731 0.0 0.4 1:44.75
731 0.0 0.4 1:44.75
731 5.6 0.4 1:44.77
731 5.0 0.4 1:44.80
731 5.6 0.4 1:44.82
731 0.0 0.4 1:44.82
731 0.0 0.4 1:44.82
731 0.0 0.4 1:44.82
731 0.0 0.4 1:44.82
731 0.0 0.4 1:44.82
731 0.0 0.4 1:44.82
731 0.0 0.4 1:44.82
731 0.0 0.4 1:44.82
731 0.0 0.4 1:44.82
731 0.0 0.4 1:44.82
731 0.0 0.4 1:44.82
731 0.0 0.4 1:44.82
731 0.0 0.4 1:44.82
731 0.0 0.4 1:44.83
731 0.0 0.4 1:44.83
731 5.6 0.4 1:44.84
731 0.0 0.4 1:44.84
731 0.0 0.4 1:44.87
731 0.0 0.4 1:44.88
731 0.0 0.4 1:44.88
731 0.0 0.4 1:44.88
731 0.0 0.4 1:44.88
731 0.0 0.4 1:44.88
731 0.0 0.4 1:44.88
731 0.0 0.4 1:44.88
731 0.0 0.4 1:44.88
731 0.0 0.4 1:44.88
731 0.0 0.4 1:44.88
731 0.0 0.4 1:44.88
731 0.0 0.4 1:44.90
731 0.0 0.4 1:44.90
731 0.0 0.4 1:44.90
731 0.0 0.4 1:44.90
731 0.0 0.4 1:44.90
731 0.0 0.4 1:44.91
731 10.5 0.4 1:44.95
731 0.0 0.4 1:44.95
731 0.0 0.4 1:44.95
731 0.0 0.4 1:44.95
731 0.0 0.4 1:44.95
731 0.0 0.4 1:44.95
731 0.0 0.4 1:44.95
731 0.0 0.4 1:44.95
731 0.0 0.4 1:44.95
731 0.0 0.4 1:44.95
731 0.0 0.4 1:44.95
731 0.0 0.4 1:44.95
731 0.0 0.4 1:44.96
731 0.0 0.4 1:44.96
731 0.0 0.4 1:44.96
731 0.0 0.4 1:44.97
731 0.0 0.4 1:44.98
731 0.0 0.4 1:44.98
731 0.0 0.4 1:45.00
731 5.6 0.4 1:45.04
731 0.0 0.4 1:45.04
731 0.0 0.4 1:45.04
731 0.0 0.4 1:45.04
731 0.0 0.4 1:45.04
731 0.0 0.4 1:45.04
731 0.0 0.4 1:45.04
731 0.0 0.4 1:45.04
731 0.0 0.4 1:45.05
731 0.0 0.4 1:45.05
731 0.0 0.4 1:45.05
731 0.0 0.4 1:45.06
731 0.0 0.4 1:45.06
731 0.0 0.4 1:45.06
731 0.0 0.4 1:45.08
731 0.0 0.4 1:45.08
731 0.0 0.4 1:45.09
731 0.0 0.4 1:45.11
731 0.0 0.4 1:45.14
731 0.0 0.4 1:45.14
731 0.0 0.4 1:45.14
731 0.0 0.4 1:45.14
731 0.0 0.4 1:45.14
731 0.0 0.4 1:45.14
731 0.0 0.4 1:45.14
731 0.0 0.4 1:45.14
731 0.0 0.4 1:45.14
731 0.0 0.4 1:45.14
731 0.0 0.4 1:45.14
731 0.0 0.4 1:45.14
731 0.0 0.4 1:45.14
731 0.0 0.4 1:45.14
731 0.0 0.4 1:45.14
731 0.0 0.4 1:45.14
731 0.0 0.4 1:45.14
731 0.0 0.4 1:45.14
731 0.0 0.4 1:45.14
731 0.0 0.4 1:45.14
731 0.0 0.4 1:45.14
