731 26.3 0.3 0:12.83
731 36.8 0.3 0:13.14
731 23.8 0.3 0:13.45
731 31.6 0.3 0:13.85
731 23.8 0.3 0:14.17
731 36.8 0.3 0:14.50
731 28.6 0.3 0:14.91
731 21.7 0.3 0:15.25
731 20.0 0.3 0:15.59
731 30.0 0.3 0:15.94
731 22.7 0.3 0:16.32
731 19.0 0.3 0:16.69
731 31.6 0.3 0:17.06
731 38.1 0.3 0:17.40
731 20.8 0.3 0:17.74
731 22.7 0.3 0:18.06
731 0.0 0.3 0:18.33
731 0.0 0.3 0:18.33
731 0.0 0.3 0:18.33
731 0.0 0.3 0:18.33
731 0.0 0.3 0:18.33
731 0.0 0.3 0:18.33
731 0.0 0.3 0:18.33
731 0.0 0.3 0:18.33
731 36.8 0.3 0:18.40
731 31.6 0.3 0:18.78
731 5.3 0.3 0:18.90
731 0.0 0.3 0:18.92
731 0.0 0.3 0:18.92
731 0.0 0.3 0:18.92
4731 5.6 0.2 0:00.04
731 0.0 0.3 0:18.92
731 0.0 0.3 0:18.92
731 0.0 0.3 0:18.92
731 0.0 0.3 0:18.92
731 0.0 0.3 0:18.92
731 0.0 0.3 0:18.92
731 0.0 0.3 0:18.92
731 0.0 0.3 0:18.92
731 0.0 0.3 0:18.92
731 0.0 0.3 0:18.92
