732 27.8 0.4 1:22.08
732 5.3 0.4 1:22.13
732 0.0 0.4 1:22.13
732 0.0 0.4 1:22.13
732 0.0 0.4 1:22.13
17323 17.6 0.2 0:00.03
732 20.0 0.4 1:22.30
732 31.6 0.4 1:22.57
732 14.3 0.4 1:22.81
732 25.0 0.4 1:23.08
732 13.0 0.4 1:23.39
732 16.7 0.4 1:23.63
732 33.3 0.4 1:23.89
732 27.8 0.4 1:24.16
732 0.0 0.4 1:24.20
732 0.0 0.4 1:24.20
732 0.0 0.4 1:24.20
732 0.0 0.4 1:24.20
732 0.0 0.4 1:24.20
732 0.0 0.4 1:24.20
732 0.0 0.4 1:24.20
732 0.0 0.4 1:24.20
732 0.0 0.4 1:24.20
732 0.0 0.4 1:24.20
732 0.0 0.4 1:24.20
732 0.0 0.4 1:24.20
732 0.0 0.4 1:24.20
732 0.0 0.4 1:24.20
KiB used, 423540 buff/cache
732 0.0 0.4 1:24.20
732 0.0 0.4 1:24.20
732 0.0 0.4 1:24.20
732 0.0 0.4 1:24.20
