732 22.2 0.4 1:57.90
732 5.6 0.4 1:57.97
732 0.0 0.4 1:57.98
732 0.0 0.4 1:57.99
732 0.0 0.4 1:57.99
732 0.0 0.4 1:57.99
732 0.0 0.4 1:57.99
732 0.0 0.4 1:57.99
732 0.0 0.4 1:57.99
732 0.0 0.4 1:57.99
732 0.0 0.4 1:57.99
732 0.0 0.4 1:57.99
732 0.0 0.4 1:57.99
KiB 1529732 avail Mem
732 0.0 0.4 1:57.99
732 0.0 0.4 1:57.99
732 0.0 0.4 1:57.99
732 0.0 0.4 1:58.01
732 0.0 0.4 1:58.01
732 0.0 0.4 1:58.06
KiB used, 456752 buff/cache
732 0.0 0.4 1:58.11
732 0.0 0.4 1:58.11
732 0.0 0.4 1:58.11
732 0.0 0.4 1:58.11
732 0.0 0.4 1:58.11
732 0.0 0.4 1:58.11
732 0.0 0.4 1:58.11
732 0.0 0.4 1:58.11
732 0.0 0.4 1:58.11
732 0.0 0.4 1:58.11
732 0.0 0.4 1:58.11
732 0.0 0.4 1:58.11
732 0.0 0.4 1:58.11
732 0.0 0.4 1:58.12
732 5.6 0.4 1:58.13
732 0.0 0.4 1:58.13
732 0.0 0.4 1:58.17
732 0.0 0.4 1:58.19
732 0.0 0.4 1:58.20
732 0.0 0.4 1:58.20
732 0.0 0.4 1:58.20
732 0.0 0.4 1:58.20
732 0.0 0.4 1:58.20
732 0.0 0.4 1:58.20
732 0.0 0.4 1:58.20
732 0.0 0.4 1:58.20
732 0.0 0.4 1:58.20
732 0.0 0.4 1:58.20
732 0.0 0.4 1:58.21
732 0.0 0.4 1:58.21
732 0.0 0.4 1:58.21
732 5.9 0.4 1:58.22
732 0.0 0.4 1:58.23
732 0.0 0.4 1:58.24
732 0.0 0.4 1:58.25
732 5.6 0.4 1:58.28
732 5.6 0.4 1:58.30
732 0.0 0.4 1:58.30
732 0.0 0.4 1:58.30
732 0.0 0.4 1:58.30
732 0.0 0.4 1:58.30
732 0.0 0.4 1:58.30
732 0.0 0.4 1:58.30
732 0.0 0.4 1:58.30
732 0.0 0.4 1:58.30
732 0.0 0.4 1:58.30
732 0.0 0.4 1:58.30
732 0.0 0.4 1:58.31
732 0.0 0.4 1:58.31
732 0.0 0.4 1:58.31
732 0.0 0.4 1:58.33
732 0.0 0.4 1:58.34
732 0.0 0.4 1:58.34
732 5.6 0.4 1:58.37
732 0.0 0.4 1:58.38
732 0.0 0.4 1:58.38
732 0.0 0.4 1:58.38
732 0.0 0.4 1:58.38
732 0.0 0.4 1:58.38
732 0.0 0.4 1:58.38
732 0.0 0.4 1:58.38
732 0.0 0.4 1:58.38
732 0.0 0.4 1:58.38
732 0.0 0.4 1:58.38
732 0.0 0.4 1:58.39
732 0.0 0.4 1:58.39
732 0.0 0.4 1:58.39
732 0.0 0.4 1:58.39
732 0.0 0.4 1:58.40
732 0.0 0.4 1:58.40
732 0.0 0.4 1:58.40
732 5.0 0.4 1:58.42
732 0.0 0.4 1:58.46
732 0.0 0.4 1:58.46
732 0.0 0.4 1:58.46
732 0.0 0.4 1:58.46
732 0.0 0.4 1:58.46
732 0.0 0.4 1:58.46
732 0.0 0.4 1:58.46
732 0.0 0.4 1:58.46
KiB 1529732 avail Mem
732 0.0 0.4 1:58.47
732 0.0 0.4 1:58.48
732 0.0 0.4 1:58.48
732 0.0 0.4 1:58.48
732 0.0 0.4 1:58.48
732 0.0 0.4 1:58.49
732 0.0 0.4 1:58.50
732 0.0 0.4 1:58.50
732 5.3 0.4 1:58.53
732 5.3 0.4 1:58.55
732 0.0 0.4 1:58.57
732 0.0 0.4 1:58.57
732 0.0 0.4 1:58.57
732 0.0 0.4 1:58.57
732 0.0 0.4 1:58.57
732 0.0 0.4 1:58.57
732 0.0 0.4 1:58.57
732 0.0 0.4 1:58.57
732 0.0 0.4 1:58.58
732 0.0 0.4 1:58.58
732 0.0 0.4 1:58.59
732 0.0 0.4 1:58.60
732 0.0 0.4 1:58.61
732 0.0 0.4 1:58.62
732 0.0 0.4 1:58.64
732 0.0 0.4 1:58.65
KiB used, 457320 buff/cache
KiB used, 457328 buff/cache
732 0.0 0.4 1:58.71
732 0.0 0.4 1:58.71
732 0.0 0.4 1:58.71
732 0.0 0.4 1:58.71
732 0.0 0.4 1:58.71
732 0.0 0.4 1:58.71
732 0.0 0.4 1:58.71
732 0.0 0.4 1:58.72
732 0.0 0.4 1:58.72
732 0.0 0.4 1:58.73
732 0.0 0.4 1:58.73
732 5.3 0.4 1:58.74
732 0.0 0.4 1:58.74
732 0.0 0.4 1:58.74
732 0.0 0.4 1:58.76
732 0.0 0.4 1:58.76
732 0.0 0.4 1:58.78
732 5.6 0.4 1:58.80
732 5.6 0.4 1:58.82
732 0.0 0.4 1:58.83
732 0.0 0.4 1:58.83
732 0.0 0.4 1:58.84
732 0.0 0.4 1:58.84
732 0.0 0.4 1:58.84
732 0.0 0.4 1:58.84
732 0.0 0.4 1:58.84
732 0.0 0.4 1:58.84
7322 10.5 0.2 0:00.04
732 0.0 0.4 1:58.85
732 0.0 0.4 1:58.85
732 0.0 0.4 1:58.86
732 0.0 0.4 1:58.86
732 11.1 0.4 1:58.89
732 0.0 0.4 1:58.89
732 0.0 0.4 1:58.89
732 0.0 0.4 1:58.91
732 0.0 0.4 1:58.91
7732 11.8 0.2 0:00.04
732 0.0 0.4 1:58.94
732 0.0 0.4 1:58.94
732 0.0 0.4 1:58.94
732 0.0 0.4 1:58.94
732 0.0 0.4 1:58.94
732 0.0 0.4 1:58.94
732 0.0 0.4 1:58.94
732 0.0 0.4 1:58.95
732 0.0 0.4 1:58.95
732 0.0 0.4 1:58.95
732 5.6 0.4 1:58.96
732 5.0 0.4 1:58.97
732 0.0 0.4 1:58.97
732 0.0 0.4 1:58.98
732 0.0 0.4 1:58.98
732 0.0 0.4 1:58.99
732 0.0 0.4 1:59.00
732 0.0 0.4 1:59.04
732 0.0 0.4 1:59.04
732 0.0 0.4 1:59.04
732 0.0 0.4 1:59.04
732 0.0 0.4 1:59.05
732 0.0 0.4 1:59.05
732 0.0 0.4 1:59.05
732 0.0 0.4 1:59.05
732 0.0 0.4 1:59.05
732 0.0 0.4 1:59.05
732 0.0 0.4 1:59.05
732 0.0 0.4 1:59.05
732 0.0 0.4 1:59.05
732 0.0 0.4 1:59.05
732 0.0 0.4 1:59.05
732 0.0 0.4 1:59.05
732 0.0 0.4 1:59.05
732 0.0 0.4 1:59.05
732 0.0 0.4 1:59.05
732 0.0 0.4 1:59.05
732 0.0 0.4 1:59.05
732 0.0 0.4 1:59.05
732 0.0 0.4 1:59.05
732 0.0 0.4 1:59.05
732 0.0 0.4 1:59.05
732 0.0 0.4 1:59.05
732 0.0 0.4 1:59.05
732 0.0 0.4 1:59.05
