705 15.0 0.3 0:24.92
705 5.6 0.3 0:24.95
705 0.0 0.3 0:24.97
705 0.0 0.3 0:24.97
705 0.0 0.3 0:24.97
705 0.0 0.3 0:24.97
705 0.0 0.3 0:24.97
705 0.0 0.3 0:24.97
705 0.0 0.3 0:24.97
705 0.0 0.3 0:24.97
705 0.0 0.3 0:24.97
705 0.0 0.3 0:24.97
705 0.0 0.3 0:24.97
705 0.0 0.3 0:24.97
705 0.0 0.3 0:24.99
705 0.0 0.3 0:24.99
705 0.0 0.3 0:24.99
705 0.0 0.3 0:24.99
705 0.0 0.3 0:24.99
705 0.0 0.3 0:25.01
705 0.0 0.3 0:25.03
705 0.0 0.3 0:25.03
705 0.0 0.3 0:25.03
705 0.0 0.3 0:25.03
705 0.0 0.3 0:25.03
705 0.0 0.3 0:25.03
705 0.0 0.3 0:25.03
705 0.0 0.3 0:25.03
705 0.0 0.3 0:25.03
705 0.0 0.3 0:25.03
705 0.0 0.3 0:25.03
705 0.0 0.3 0:25.03
705 0.0 0.3 0:25.03
705 0.0 0.3 0:25.03
705 0.0 0.3 0:25.05
705 0.0 0.3 0:25.05
705 0.0 0.3 0:25.05
18705 16.7 0.2 0:00.03
705 0.0 0.3 0:25.08
705 0.0 0.3 0:25.09
705 0.0 0.3 0:25.09
705 0.0 0.3 0:25.09
705 0.0 0.3 0:25.09
705 0.0 0.3 0:25.09
705 0.0 0.3 0:25.09
705 0.0 0.3 0:25.09
705 0.0 0.3 0:25.09
705 0.0 0.3 0:25.09
705 0.0 0.3 0:25.09
705 0.0 0.3 0:25.09
705 0.0 0.3 0:25.09
705 0.0 0.3 0:25.10
705 0.0 0.3 0:25.10
705 0.0 0.3 0:25.10
705 0.0 0.3 0:25.11
705 0.0 0.3 0:25.13
KiB 1537052 avail Mem
705 0.0 0.3 0:25.17
705 0.0 0.3 0:25.18
705 0.0 0.3 0:25.18
705 0.0 0.3 0:25.18
705 0.0 0.3 0:25.18
705 0.0 0.3 0:25.18
705 0.0 0.3 0:25.18
705 0.0 0.3 0:25.18
705 0.0 0.3 0:25.18
705 0.0 0.3 0:25.18
705 0.0 0.3 0:25.18
705 0.0 0.3 0:25.18
705 0.0 0.3 0:25.19
705 0.0 0.3 0:25.20
705 0.0 0.3 0:25.20
705 0.0 0.3 0:25.20
705 10.5 0.3 0:25.23
705 0.0 0.3 0:25.24
705 0.0 0.3 0:25.26
705 0.0 0.3 0:25.26
705 0.0 0.3 0:25.26
705 0.0 0.3 0:25.26
705 0.0 0.3 0:25.26
705 0.0 0.3 0:25.26
705 0.0 0.3 0:25.26
705 0.0 0.3 0:25.26
705 0.0 0.3 0:25.26
705 0.0 0.3 0:25.26
705 0.0 0.3 0:25.26
705 0.0 0.3 0:25.26
705 0.0 0.3 0:25.26
705 0.0 0.3 0:25.26
705 0.0 0.3 0:25.27
705 0.0 0.3 0:25.28
705 0.0 0.3 0:25.28
705 0.0 0.3 0:25.30
705 0.0 0.3 0:25.32
705 0.0 0.3 0:25.32
705 0.0 0.3 0:25.32
705 0.0 0.3 0:25.32
705 0.0 0.3 0:25.32
705 0.0 0.3 0:25.32
705 0.0 0.3 0:25.32
705 0.0 0.3 0:25.32
705 0.0 0.3 0:25.33
705 0.0 0.3 0:25.33
705 0.0 0.3 0:25.33
705 0.0 0.3 0:25.33
705 0.0 0.3 0:25.33
705 0.0 0.3 0:25.33
705 0.0 0.3 0:25.34
705 0.0 0.3 0:25.35
705 0.0 0.3 0:25.35
705 0.0 0.3 0:25.37
705 0.0 0.3 0:25.39
705 0.0 0.3 0:25.39
705 0.0 0.3 0:25.39
705 0.0 0.3 0:25.39
705 0.0 0.3 0:25.39
705 0.0 0.3 0:25.39
705 0.0 0.3 0:25.39
705 0.0 0.3 0:25.39
705 0.0 0.3 0:25.39
705 0.0 0.3 0:25.39
705 0.0 0.3 0:25.39
705 0.0 0.3 0:25.39
705 5.6 0.3 0:25.40
705 0.0 0.3 0:25.40
705 0.0 0.3 0:25.42
705 0.0 0.3 0:25.42
705 0.0 0.3 0:25.42
705 0.0 0.3 0:25.44
705 0.0 0.3 0:25.45
705 0.0 0.3 0:25.45
705 0.0 0.3 0:25.45
705 0.0 0.3 0:25.45
705 0.0 0.3 0:25.45
705 0.0 0.3 0:25.45
705 0.0 0.3 0:25.45
705 0.0 0.3 0:25.45
705 0.0 0.3 0:25.45
705 0.0 0.3 0:25.45
705 0.0 0.3 0:25.45
705 5.6 0.3 0:25.46
705 0.0 0.3 0:25.46
705 0.0 0.3 0:25.46
705 0.0 0.3 0:25.49
705 0.0 0.3 0:25.49
705 0.0 0.3 0:25.49
705 0.0 0.3 0:25.49
705 0.0 0.3 0:25.53
705 0.0 0.3 0:25.53
705 0.0 0.3 0:25.53
705 0.0 0.3 0:25.53
705 0.0 0.3 0:25.53
705 0.0 0.3 0:25.53
705 0.0 0.3 0:25.53
705 0.0 0.3 0:25.53
705 0.0 0.3 0:25.53
705 0.0 0.3 0:25.53
705 0.0 0.3 0:25.53
705 0.0 0.3 0:25.53
705 0.0 0.3 0:25.54
705 0.0 0.3 0:25.54
705 0.0 0.3 0:25.55
705 0.0 0.3 0:25.55
705 0.0 0.3 0:25.56
705 0.0 0.3 0:25.56
705 0.0 0.3 0:25.57
705 0.0 0.3 0:25.59
705 0.0 0.3 0:25.59
705 0.0 0.3 0:25.59
705 0.0 0.3 0:25.59
705 0.0 0.3 0:25.59
705 0.0 0.3 0:25.59
705 0.0 0.3 0:25.59
705 0.0 0.3 0:25.59
705 0.0 0.3 0:25.59
705 5.6 0.3 0:25.60
705 0.0 0.3 0:25.60
705 0.0 0.3 0:25.60
705 0.0 0.3 0:25.60
705 5.6 0.3 0:25.61
705 0.0 0.3 0:25.62
705 0.0 0.3 0:25.64
705 5.6 0.3 0:25.65
705 0.0 0.3 0:25.66
705 0.0 0.3 0:25.67
705 0.0 0.3 0:25.67
705 0.0 0.3 0:25.67
705 0.0 0.3 0:25.67
705 0.0 0.3 0:25.67
705 0.0 0.3 0:25.67
705 0.0 0.3 0:25.67
705 0.0 0.3 0:25.67
705 5.6 0.3 0:25.68
705 0.0 0.3 0:25.68
705 0.0 0.3 0:25.68
705 0.0 0.3 0:25.68
705 0.0 0.3 0:25.68
705 0.0 0.3 0:25.68
705 0.0 0.3 0:25.68
705 0.0 0.3 0:25.68
705 0.0 0.3 0:25.68
705 0.0 0.3 0:25.68
705 0.0 0.3 0:25.68
705 0.0 0.3 0:25.68
705 0.0 0.3 0:25.68
705 0.0 0.3 0:25.68
705 0.0 0.3 0:25.68
705 0.0 0.3 0:25.68
705 0.0 0.3 0:25.68
705 0.0 0.3 0:25.68
705 0.0 0.3 0:25.68
