706 5.3 0.3 0:34.33
706 0.0 0.3 0:34.37
706 0.0 0.3 0:34.37
706 0.0 0.3 0:34.37
706 0.0 0.3 0:34.37
706 0.0 0.3 0:34.37
706 0.0 0.3 0:34.37
706 0.0 0.3 0:34.37
706 0.0 0.3 0:34.37
706 0.0 0.3 0:34.37
706 0.0 0.3 0:34.37
706 0.0 0.3 0:34.37
706 0.0 0.3 0:34.37
706 0.0 0.3 0:34.37
706 0.0 0.3 0:34.37
706 0.0 0.3 0:34.37
706 0.0 0.3 0:34.37
706 0.0 0.3 0:34.39
706 0.0 0.3 0:34.39
706 5.6 0.3 0:34.44
706 0.0 0.3 0:34.45
706 0.0 0.3 0:34.45
706 0.0 0.3 0:34.45
706 0.0 0.3 0:34.45
706 0.0 0.3 0:34.45
706 0.0 0.3 0:34.45
706 0.0 0.3 0:34.45
706 0.0 0.3 0:34.45
706 0.0 0.3 0:34.45
706 0.0 0.3 0:34.45
706 0.0 0.3 0:34.45
706 0.0 0.3 0:34.45
706 0.0 0.3 0:34.45
706 0.0 0.3 0:34.45
706 0.0 0.3 0:34.45
706 0.0 0.3 0:34.46
706 0.0 0.3 0:34.46
706 0.0 0.3 0:34.49
706 0.0 0.3 0:34.51
706 0.0 0.3 0:34.51
706 0.0 0.3 0:34.51
706 0.0 0.3 0:34.51
706 0.0 0.3 0:34.51
706 0.0 0.3 0:34.51
706 0.0 0.3 0:34.51
706 0.0 0.3 0:34.51
706 0.0 0.3 0:34.51
706 0.0 0.3 0:34.51
706 0.0 0.3 0:34.51
706 0.0 0.3 0:34.51
706 0.0 0.3 0:34.51
706 0.0 0.3 0:34.51
706 0.0 0.3 0:34.51
706 0.0 0.3 0:34.51
706 0.0 0.3 0:34.52
706 5.6 0.3 0:34.57
706 0.0 0.3 0:34.59
706 0.0 0.3 0:34.59
706 0.0 0.3 0:34.59
706 0.0 0.3 0:34.59
706 0.0 0.3 0:34.59
706 0.0 0.3 0:34.59
706 5.3 0.3 0:34.60
706 0.0 0.3 0:34.60
706 0.0 0.3 0:34.60
706 0.0 0.3 0:34.60
706 0.0 0.3 0:34.60
706 0.0 0.3 0:34.60
706 0.0 0.3 0:34.60
706 0.0 0.3 0:34.61
706 0.0 0.3 0:34.61
706 0.0 0.3 0:34.62
706 0.0 0.3 0:34.62
706 11.1 0.3 0:34.66
706 0.0 0.3 0:34.67
706 0.0 0.3 0:34.67
706 0.0 0.3 0:34.67
706 0.0 0.3 0:34.67
706 0.0 0.3 0:34.67
706 0.0 0.3 0:34.67
706 0.0 0.3 0:34.67
706 0.0 0.3 0:34.67
706 0.0 0.3 0:34.67
706 0.0 0.3 0:34.67
706 0.0 0.3 0:34.67
706 0.0 0.3 0:34.67
706 0.0 0.3 0:34.67
706 0.0 0.3 0:34.67
706 0.0 0.3 0:34.68
706 5.6 0.3 0:34.69
706 0.0 0.3 0:34.69
706 5.6 0.3 0:34.71
706 5.6 0.3 0:34.74
706 0.0 0.3 0:34.75
706 0.0 0.3 0:34.75
706 0.0 0.3 0:34.75
706 0.0 0.3 0:34.75
706 0.0 0.3 0:34.75
706 0.0 0.3 0:34.75
706 0.0 0.3 0:34.75
706 5.3 0.3 0:34.76
706 0.0 0.3 0:34.76
706 0.0 0.3 0:34.76
706 0.0 0.3 0:34.76
706 0.0 0.3 0:34.76
706 0.0 0.3 0:34.76
706 0.0 0.3 0:34.77
706 0.0 0.3 0:34.77
706 0.0 0.3 0:34.78
706 0.0 0.3 0:34.79
706 0.0 0.3 0:34.82
706 0.0 0.3 0:34.83
706 0.0 0.3 0:34.84
706 0.0 0.3 0:34.84
706 0.0 0.3 0:34.84
706 0.0 0.3 0:34.84
706 0.0 0.3 0:34.84
706 0.0 0.3 0:34.84
706 0.0 0.3 0:34.84
706 0.0 0.3 0:34.84
706 0.0 0.3 0:34.84
706 0.0 0.3 0:34.84
706 0.0 0.3 0:34.84
706 0.0 0.3 0:34.85
706 0.0 0.3 0:34.86
706 0.0 0.3 0:34.86
706 5.6 0.3 0:34.87
706 0.0 0.3 0:34.87
7063 11.1 0.2 0:00.04
706 0.0 0.3 0:34.92
706 0.0 0.3 0:34.92
706 0.0 0.3 0:34.92
706 0.0 0.3 0:34.92
706 0.0 0.3 0:34.92
706 0.0 0.3 0:34.92
706 0.0 0.3 0:34.92
706 0.0 0.3 0:34.92
706 0.0 0.3 0:34.92
706 0.0 0.3 0:34.92
706 0.0 0.3 0:34.92
706 0.0 0.3 0:34.92
706 0.0 0.3 0:34.93
706 0.0 0.3 0:34.95
706 0.0 0.3 0:34.96
706 0.0 0.3 0:34.96
706 0.0 0.3 0:34.97
706 5.3 0.3 0:35.00
706 0.0 0.3 0:35.01
706 0.0 0.3 0:35.01
706 0.0 0.3 0:35.01
706 0.0 0.3 0:35.01
706 0.0 0.3 0:35.01
706 0.0 0.3 0:35.01
706 0.0 0.3 0:35.01
706 0.0 0.3 0:35.01
706 5.3 0.3 0:35.02
706 0.0 0.3 0:35.02
706 0.0 0.3 0:35.02
706 0.0 0.3 0:35.02
706 0.0 0.3 0:35.02
706 11.1 0.3 0:35.04
706 0.0 0.3 0:35.04
706 0.0 0.3 0:35.04
706 0.0 0.3 0:35.04
706 11.1 0.3 0:35.07
706 0.0 0.3 0:35.07
706 0.0 0.3 0:35.07
706 0.0 0.3 0:35.07
706 0.0 0.3 0:35.07
706 0.0 0.3 0:35.07
706 0.0 0.3 0:35.07
706 0.0 0.3 0:35.07
706 0.0 0.3 0:35.07
706 0.0 0.3 0:35.07
706 0.0 0.3 0:35.07
706 0.0 0.3 0:35.07
706 0.0 0.3 0:35.07
706 0.0 0.3 0:35.07
706 0.0 0.3 0:35.07
706 0.0 0.3 0:35.07
706 0.0 0.3 0:35.07
706 0.0 0.3 0:35.07
706 0.0 0.3 0:35.07
706 0.0 0.3 0:35.07
706 0.0 0.3 0:35.07
