706 10.5 0.3 0:31.15
706 5.6 0.3 0:31.19
706 0.0 0.3 0:31.19
706 0.0 0.3 0:31.19
706 0.0 0.3 0:31.19
706 0.0 0.3 0:31.19
706 0.0 0.3 0:31.19
706 0.0 0.3 0:31.19
706 0.0 0.3 0:31.19
706 0.0 0.3 0:31.19
706 0.0 0.3 0:31.19
706 0.0 0.3 0:31.19
706 0.0 0.3 0:31.19
706 0.0 0.3 0:31.19
KiB 1537068 avail Mem
706 0.0 0.3 0:31.19
706 0.0 0.3 0:31.19
706 0.0 0.3 0:31.20
706 5.3 0.3 0:31.21
706 5.6 0.3 0:31.25
706 5.3 0.3 0:31.26
706 0.0 0.3 0:31.26
706 0.0 0.3 0:31.26
706 0.0 0.3 0:31.26
706 0.0 0.3 0:31.26
706 0.0 0.3 0:31.26
706 0.0 0.3 0:31.26
706 0.0 0.3 0:31.26
706 0.0 0.3 0:31.26
706 0.0 0.3 0:31.26
706 0.0 0.3 0:31.26
706 0.0 0.3 0:31.26
706 0.0 0.3 0:31.26
706 0.0 0.3 0:31.26
706 0.0 0.3 0:31.27
706 5.0 0.3 0:31.28
706 0.0 0.3 0:31.28
706 0.0 0.3 0:31.31
706 0.0 0.3 0:31.32
706 0.0 0.3 0:31.32
706 0.0 0.3 0:31.32
706 0.0 0.3 0:31.32
706 0.0 0.3 0:31.32
706 0.0 0.3 0:31.32
706 0.0 0.3 0:31.32
706 0.0 0.3 0:31.32
706 0.0 0.3 0:31.32
KiB used, 289916 buff/cache
706 0.0 0.3 0:31.32
706 0.0 0.3 0:31.32
706 0.0 0.3 0:31.32
706 0.0 0.3 0:31.33
706 0.0 0.3 0:31.33
706 0.0 0.3 0:31.33
706 0.0 0.3 0:31.35
706 5.3 0.3 0:31.39
706 0.0 0.3 0:31.40
706 0.0 0.3 0:31.40
706 0.0 0.3 0:31.40
706 0.0 0.3 0:31.40
706 0.0 0.3 0:31.40
706 0.0 0.3 0:31.40
706 0.0 0.3 0:31.40
706 0.0 0.3 0:31.40
706 0.0 0.3 0:31.40
706 0.0 0.3 0:31.40
706 0.0 0.3 0:31.40
706 0.0 0.3 0:31.40
706 0.0 0.3 0:31.40
706 0.0 0.3 0:31.41
706 0.0 0.3 0:31.42
706 0.0 0.3 0:31.42
706 0.0 0.3 0:31.42
706 11.1 0.3 0:31.45
706 0.0 0.3 0:31.46
KiB used, 290124 buff/cache
706 0.0 0.3 0:31.46
706 0.0 0.3 0:31.46
706 0.0 0.3 0:31.46
706 0.0 0.3 0:31.46
706 0.0 0.3 0:31.46
KiB used, 290128 buff/cache
706 0.0 0.3 0:31.46
706 0.0 0.3 0:31.46
KiB 1537064 avail Mem
706 0.0 0.3 0:31.47
706 0.0 0.3 0:31.47
706 0.0 0.3 0:31.48
706 0.0 0.3 0:31.49
706 0.0 0.3 0:31.49
706 0.0 0.3 0:31.50
706 5.3 0.3 0:31.51
706 5.6 0.3 0:31.54
706 0.0 0.3 0:31.54
706 0.0 0.3 0:31.54
706 0.0 0.3 0:31.54
706 0.0 0.3 0:31.54
706 0.0 0.3 0:31.54
706 0.0 0.3 0:31.54
706 0.0 0.3 0:31.54
706 0.0 0.3 0:31.54
706 0.0 0.3 0:31.54
706 0.0 0.3 0:31.54
706 0.0 0.3 0:31.54
706 0.0 0.3 0:31.55
706 0.0 0.3 0:31.55
706 0.0 0.3 0:31.57
706 0.0 0.3 0:31.57
706 5.9 0.3 0:31.58
706 0.0 0.3 0:31.58
706 0.0 0.3 0:31.61
706 0.0 0.3 0:31.61
706 0.0 0.3 0:31.61
706 0.0 0.3 0:31.61
706 0.0 0.3 0:31.61
7068 11.1 0.2 0:00.04
706 0.0 0.3 0:31.61
706 0.0 0.3 0:31.61
706 0.0 0.3 0:31.61
706 0.0 0.3 0:31.61
706 0.0 0.3 0:31.61
706 0.0 0.3 0:31.62
706 0.0 0.3 0:31.62
706 0.0 0.3 0:31.62
706 0.0 0.3 0:31.63
706 5.6 0.3 0:31.64
706 0.0 0.3 0:31.64
706 0.0 0.3 0:31.64
706 5.3 0.3 0:31.68
706 0.0 0.3 0:31.68
706 0.0 0.3 0:31.68
706 0.0 0.3 0:31.68
706 0.0 0.3 0:31.68
706 0.0 0.3 0:31.68
KiB used, 290428 buff/cache
706 0.0 0.3 0:31.68
706 0.0 0.3 0:31.68
706 0.0 0.3 0:31.68
706 0.0 0.3 0:31.69
KiB used, 290436 buff/cache
706 0.0 0.3 0:31.69
706 0.0 0.3 0:31.70
706 0.0 0.3 0:31.72
706 0.0 0.3 0:31.72
706 0.0 0.3 0:31.72
706 0.0 0.3 0:31.72
706 15.0 0.3 0:31.77
KiB used, 290540 buff/cache
706 0.0 0.3 0:31.79
706 0.0 0.3 0:31.79
706 0.0 0.3 0:31.79
706 0.0 0.3 0:31.79
706 0.0 0.3 0:31.79
706 0.0 0.3 0:31.79
706 0.0 0.3 0:31.79
706 0.0 0.3 0:31.79
706 0.0 0.3 0:31.79
KiB used, 290552 buff/cache
706 0.0 0.3 0:31.79
706 0.0 0.3 0:31.79
706 11.1 0.3 0:31.82
706 0.0 0.3 0:31.82
706 0.0 0.3 0:31.83
706 0.0 0.3 0:31.83
706 0.0 0.3 0:31.83
706 0.0 0.3 0:31.85
706 0.0 0.3 0:31.85
706 0.0 0.3 0:31.85
706 0.0 0.3 0:31.85
706 5.6 0.3 0:31.86
706 0.0 0.3 0:31.86
706 0.0 0.3 0:31.86
706 0.0 0.3 0:31.86
706 0.0 0.3 0:31.86
706 0.0 0.3 0:31.86
706 0.0 0.3 0:31.86
706 0.0 0.3 0:31.86
706 0.0 0.3 0:31.86
706 0.0 0.3 0:31.87
706 0.0 0.3 0:31.88
706 0.0 0.3 0:31.88
706 0.0 0.3 0:31.88
706 0.0 0.3 0:31.88
706 0.0 0.3 0:31.90
706 0.0 0.3 0:31.90
706 0.0 0.3 0:31.90
706 0.0 0.3 0:31.90
706 0.0 0.3 0:31.91
706 0.0 0.3 0:31.91
706 0.0 0.3 0:31.91
706 0.0 0.3 0:31.91
706 0.0 0.3 0:31.91
706 0.0 0.3 0:31.91
706 0.0 0.3 0:31.91
706 0.0 0.3 0:31.91
706 0.0 0.3 0:31.91
706 0.0 0.3 0:31.91
706 0.0 0.3 0:31.91
706 0.0 0.3 0:31.91
706 0.0 0.3 0:31.91
706 0.0 0.3 0:31.91
706 0.0 0.3 0:31.91
706 0.0 0.3 0:31.91
706 0.0 0.3 0:31.91
706 0.0 0.3 0:31.91
706 0.0 0.3 0:31.91
706 0.0 0.3 0:31.91
706 0.0 0.3 0:31.91
706 0.0 0.3 0:31.91
706 0.0 0.3 0:31.91
706 0.0 0.3 0:31.91
