707 15.8 0.3 0:40.66
707 0.0 0.3 0:40.68
707 0.0 0.3 0:40.68
707 0.0 0.3 0:40.68
707 0.0 0.3 0:40.68
707 0.0 0.3 0:40.68
707 0.0 0.3 0:40.68
707 0.0 0.3 0:40.68
707 0.0 0.3 0:40.68
707 0.0 0.3 0:40.68
707 0.0 0.3 0:40.68
707 0.0 0.3 0:40.68
707 0.0 0.3 0:40.68
707 0.0 0.3 0:40.68
707 0.0 0.3 0:40.68
707 0.0 0.3 0:40.68
707 0.0 0.3 0:40.68
707 0.0 0.3 0:40.70
707 10.0 0.3 0:40.73
707 5.6 0.3 0:40.78
707 0.0 0.3 0:40.78
707 0.0 0.3 0:40.78
707 0.0 0.3 0:40.78
707 0.0 0.3 0:40.78
707 0.0 0.3 0:40.78
707 0.0 0.3 0:40.78
707 0.0 0.3 0:40.78
707 0.0 0.3 0:40.78
707 0.0 0.3 0:40.78
707 0.0 0.3 0:40.78
707 0.0 0.3 0:40.78
707 0.0 0.3 0:40.78
707 0.0 0.3 0:40.78
707 0.0 0.3 0:40.78
707 0.0 0.3 0:40.78
707 0.0 0.3 0:40.79
707 0.0 0.3 0:40.79
707 0.0 0.3 0:40.84
707 0.0 0.3 0:40.86
707 0.0 0.3 0:40.86
707 0.0 0.3 0:40.86
707 0.0 0.3 0:40.86
707 0.0 0.3 0:40.86
707 0.0 0.3 0:40.86
707 0.0 0.3 0:40.86
707 0.0 0.3 0:40.86
707 0.0 0.3 0:40.86
707 0.0 0.3 0:40.86
707 0.0 0.3 0:40.86
27071 16.7 0.2 0:00.03
707 0.0 0.3 0:40.86
707 0.0 0.3 0:40.86
707 5.6 0.3 0:40.87
707 0.0 0.3 0:40.87
707 0.0 0.3 0:40.87
707 0.0 0.3 0:40.90
707 0.0 0.3 0:40.92
707 0.0 0.3 0:40.92
707 0.0 0.3 0:40.92
707 0.0 0.3 0:40.92
707 0.0 0.3 0:40.92
707 0.0 0.3 0:40.92
707 0.0 0.3 0:40.92
707 0.0 0.3 0:40.92
707 0.0 0.3 0:40.92
707 0.0 0.3 0:40.92
707 0.0 0.3 0:40.92
707 0.0 0.3 0:40.92
707 0.0 0.3 0:40.92
707 0.0 0.3 0:40.93
707 0.0 0.3 0:40.93
707 0.0 0.3 0:40.93
707 0.0 0.3 0:40.94
707 9.1 0.3 0:40.97
707 0.0 0.3 0:40.99
707 0.0 0.3 0:40.99
707 0.0 0.3 0:40.99
707 0.0 0.3 0:40.99
707 0.0 0.3 0:40.99
707 0.0 0.3 0:40.99
707 0.0 0.3 0:40.99
707 0.0 0.3 0:40.99
707 0.0 0.3 0:40.99
707 0.0 0.3 0:40.99
707 0.0 0.3 0:40.99
707 0.0 0.3 0:41.00
707 0.0 0.3 0:41.00
707 0.0 0.3 0:41.00
707 0.0 0.3 0:41.00
707 0.0 0.3 0:41.01
707 5.6 0.3 0:41.02
707 10.0 0.3 0:41.06
707 5.9 0.3 0:41.09
707 0.0 0.3 0:41.09
707 0.0 0.3 0:41.09
707 0.0 0.3 0:41.09
707 0.0 0.3 0:41.09
707 0.0 0.3 0:41.09
707 0.0 0.3 0:41.09
707 0.0 0.3 0:41.09
707 0.0 0.3 0:41.09
707 0.0 0.3 0:41.09
707 0.0 0.3 0:41.09
707 0.0 0.3 0:41.09
707 0.0 0.3 0:41.09
707 0.0 0.3 0:41.09
707 0.0 0.3 0:41.10
707 0.0 0.3 0:41.10
707 0.0 0.3 0:41.11
707 0.0 0.3 0:41.13
707 5.6 0.3 0:41.16
707 0.0 0.3 0:41.18
707 0.0 0.3 0:41.18
707 0.0 0.3 0:41.18
707 0.0 0.3 0:41.18
707 0.0 0.3 0:41.18
707 0.0 0.3 0:41.18
707 0.0 0.3 0:41.18
707 0.0 0.3 0:41.18
707 0.0 0.3 0:41.18
707 0.0 0.3 0:41.18
707 0.0 0.3 0:41.18
707 0.0 0.3 0:41.18
707 0.0 0.3 0:41.18
707 0.0 0.3 0:41.18
707 0.0 0.3 0:41.19
707 0.0 0.3 0:41.21
707 0.0 0.3 0:41.21
707 0.0 0.3 0:41.25
707 0.0 0.3 0:41.25
707 0.0 0.3 0:41.26
707 0.0 0.3 0:41.26
707 0.0 0.3 0:41.26
707 0.0 0.3 0:41.26
707 0.0 0.3 0:41.26
707 0.0 0.3 0:41.26
707 0.0 0.3 0:41.26
707 0.0 0.3 0:41.26
707 0.0 0.3 0:41.26
707 0.0 0.3 0:41.26
707 0.0 0.3 0:41.26
707 0.0 0.3 0:41.27
707 0.0 0.3 0:41.27
707 0.0 0.3 0:41.27
707 0.0 0.3 0:41.29
707 0.0 0.3 0:41.29
707 0.0 0.3 0:41.33
707 0.0 0.3 0:41.33
707 0.0 0.3 0:41.33
707 0.0 0.3 0:41.33
707 0.0 0.3 0:41.33
707 0.0 0.3 0:41.33
707 0.0 0.3 0:41.33
707 5.0 0.3 0:41.34
707 0.0 0.3 0:41.34
707 0.0 0.3 0:41.34
707 0.0 0.3 0:41.34
707 0.0 0.3 0:41.34
707 0.0 0.3 0:41.35
707 0.0 0.3 0:41.35
707 0.0 0.3 0:41.35
707 0.0 0.3 0:41.35
707 4.5 0.3 0:41.37
707 0.0 0.3 0:41.37
707 16.7 0.3 0:41.40
707 0.0 0.3 0:41.42
707 0.0 0.3 0:41.42
707 0.0 0.3 0:41.42
707 0.0 0.3 0:41.42
707 0.0 0.3 0:41.42
707 0.0 0.3 0:41.42
707 0.0 0.3 0:41.42
707 0.0 0.3 0:41.42
707 0.0 0.3 0:41.42
707 0.0 0.3 0:41.42
707 0.0 0.3 0:41.42
707 0.0 0.3 0:41.42
707 0.0 0.3 0:41.42
707 0.0 0.3 0:41.42
707 0.0 0.3 0:41.42
707 0.0 0.3 0:41.42
707 0.0 0.3 0:41.42
707 0.0 0.3 0:41.42
707 0.0 0.3 0:41.42
707 0.0 0.3 0:41.42
