707 9.5 0.3 0:36.10
707 5.3 0.3 0:36.15
707 0.0 0.3 0:36.17
707 0.0 0.3 0:36.17
707 0.0 0.3 0:36.17
707 0.0 0.3 0:36.17
707 0.0 0.3 0:36.17
707 0.0 0.3 0:36.17
707 0.0 0.3 0:36.17
707 0.0 0.3 0:36.17
707 0.0 0.3 0:36.17
707 0.0 0.3 0:36.17
707 0.0 0.3 0:36.17
707 0.0 0.3 0:36.17
707 0.0 0.3 0:36.17
707 0.0 0.3 0:36.18
707 0.0 0.3 0:36.18
707 0.0 0.3 0:36.18
707 0.0 0.3 0:36.18
707 0.0 0.3 0:36.23
707 0.0 0.3 0:36.25
707 0.0 0.3 0:36.25
707 0.0 0.3 0:36.25
707 0.0 0.3 0:36.25
707 0.0 0.3 0:36.25
707 0.0 0.3 0:36.25
707 0.0 0.3 0:36.25
707 0.0 0.3 0:36.25
707 0.0 0.3 0:36.25
707 0.0 0.3 0:36.25
707 5.6 0.3 0:36.26
707 0.0 0.3 0:36.26
707 0.0 0.3 0:36.26
707 0.0 0.3 0:36.26
707 0.0 0.3 0:36.27
707 0.0 0.3 0:36.27
707 5.3 0.3 0:36.29
707 5.3 0.3 0:36.33
707 0.0 0.3 0:36.34
707 0.0 0.3 0:36.35
707 0.0 0.3 0:36.35
707 0.0 0.3 0:36.35
707 0.0 0.3 0:36.35
707 0.0 0.3 0:36.35
707 0.0 0.3 0:36.35
707 0.0 0.3 0:36.35
707 0.0 0.3 0:36.35
707 0.0 0.3 0:36.35
707 0.0 0.3 0:36.35
19707 17.6 0.2 0:00.03
707 0.0 0.3 0:36.35
707 0.0 0.3 0:36.36
707 0.0 0.3 0:36.36
707 0.0 0.3 0:36.37
707 0.0 0.3 0:36.37
707 0.0 0.3 0:36.39
707 0.0 0.3 0:36.42
707 0.0 0.3 0:36.42
707 0.0 0.3 0:36.42
707 0.0 0.3 0:36.42
707 0.0 0.3 0:36.42
707 0.0 0.3 0:36.42
707 0.0 0.3 0:36.42
707 0.0 0.3 0:36.42
707 0.0 0.3 0:36.42
707 0.0 0.3 0:36.42
707 0.0 0.3 0:36.42
707 0.0 0.3 0:36.42
707 0.0 0.3 0:36.43
707 0.0 0.3 0:36.43
707 0.0 0.3 0:36.44
707 0.0 0.3 0:36.45
707 0.0 0.3 0:36.45
707 0.0 0.3 0:36.46
707 0.0 0.3 0:36.49
707 0.0 0.3 0:36.49
707 0.0 0.3 0:36.49
707 0.0 0.3 0:36.49
707 0.0 0.3 0:36.49
707 0.0 0.3 0:36.49
707 0.0 0.3 0:36.49
707 0.0 0.3 0:36.49
707 0.0 0.3 0:36.49
707 0.0 0.3 0:36.49
707 0.0 0.3 0:36.49
707 0.0 0.3 0:36.50
707 0.0 0.3 0:36.50
707 0.0 0.3 0:36.50
707 0.0 0.3 0:36.51
707 0.0 0.3 0:36.52
707 0.0 0.3 0:36.52
707 0.0 0.3 0:36.52
707 0.0 0.3 0:36.54
707 0.0 0.3 0:36.55
707 0.0 0.3 0:36.55
707 0.0 0.3 0:36.55
707 0.0 0.3 0:36.55
707 0.0 0.3 0:36.55
707 0.0 0.3 0:36.55
707 0.0 0.3 0:36.56
707 0.0 0.3 0:36.56
707 0.0 0.3 0:36.56
707 0.0 0.3 0:36.56
707 0.0 0.3 0:36.56
707 0.0 0.3 0:36.56
707 5.6 0.3 0:36.57
707 0.0 0.3 0:36.57
707 0.0 0.3 0:36.58
707 0.0 0.3 0:36.58
707 0.0 0.3 0:36.59
707 5.3 0.3 0:36.63
707 0.0 0.3 0:36.63
707 0.0 0.3 0:36.63
707 0.0 0.3 0:36.63
707 0.0 0.3 0:36.63
707 0.0 0.3 0:36.63
707 0.0 0.3 0:36.63
707 0.0 0.3 0:36.63
707 0.0 0.3 0:36.63
707 0.0 0.3 0:36.64
707 0.0 0.3 0:36.64
707 0.0 0.3 0:36.64
707 0.0 0.3 0:36.64
707 0.0 0.3 0:36.64
707 0.0 0.3 0:36.65
707 0.0 0.3 0:36.66
707 0.0 0.3 0:36.66
707 0.0 0.3 0:36.68
707 5.3 0.3 0:36.70
707 0.0 0.3 0:36.71
707 0.0 0.3 0:36.71
707 0.0 0.3 0:36.71
707 0.0 0.3 0:36.71
707 0.0 0.3 0:36.71
707 0.0 0.3 0:36.71
707 0.0 0.3 0:36.71
707 0.0 0.3 0:36.71
707 0.0 0.3 0:36.71
707 0.0 0.3 0:36.71
707 0.0 0.3 0:36.71
707 5.3 0.3 0:36.72
707 0.0 0.3 0:36.72
707 0.0 0.3 0:36.72
707 0.0 0.3 0:36.74
707 0.0 0.3 0:36.74
707 0.0 0.3 0:36.75
707 10.5 0.3 0:36.77
707 10.0 0.3 0:36.81
707 0.0 0.3 0:36.81
707 0.0 0.3 0:36.81
707 0.0 0.3 0:36.81
707 0.0 0.3 0:36.81
707 0.0 0.3 0:36.81
707 0.0 0.3 0:36.81
707 0.0 0.3 0:36.81
707 0.0 0.3 0:36.81
707 0.0 0.3 0:36.81
707 0.0 0.3 0:36.82
707 0.0 0.3 0:36.83
707 0.0 0.3 0:36.83
707 0.0 0.3 0:36.83
707 0.0 0.3 0:36.84
707 5.3 0.3 0:36.86
707 0.0 0.3 0:36.86
707 0.0 0.3 0:36.87
707 0.0 0.3 0:36.88
707 0.0 0.3 0:36.89
707 0.0 0.3 0:36.89
707 0.0 0.3 0:36.89
707 0.0 0.3 0:36.89
707 0.0 0.3 0:36.89
707 0.0 0.3 0:36.89
KiB 1537072 avail Mem
707 0.0 0.3 0:36.89
707 0.0 0.3 0:36.89
707 0.0 0.3 0:36.90
707 11.1 0.3 0:36.93
707 0.0 0.3 0:36.94
707 0.0 0.3 0:36.94
707 0.0 0.3 0:36.96
707 0.0 0.3 0:36.97
707 0.0 0.3 0:36.98
707 5.6 0.3 0:37.00
707 5.3 0.3 0:37.02
707 0.0 0.3 0:37.03
707 0.0 0.3 0:37.03
707 0.0 0.3 0:37.03
707 0.0 0.3 0:37.03
707 0.0 0.3 0:37.03
707 0.0 0.3 0:37.03
707 0.0 0.3 0:37.03
707 0.0 0.3 0:37.03
707 0.0 0.3 0:37.03
707 0.0 0.3 0:37.03
707 0.0 0.3 0:37.04
707 0.0 0.3 0:37.04
707 0.0 0.3 0:37.04
707 0.0 0.3 0:37.04
707 0.0 0.3 0:37.04
707 0.0 0.3 0:37.04
707 0.0 0.3 0:37.04
707 0.0 0.3 0:37.04
707 0.0 0.3 0:37.04
707 0.0 0.3 0:37.04
707 0.0 0.3 0:37.04
707 0.0 0.3 0:37.04
707 0.0 0.3 0:37.04
707 0.0 0.3 0:37.04
707 0.0 0.3 0:37.04
707 0.0 0.3 0:37.04
707 0.0 0.3 0:37.04
707 0.0 0.3 0:37.04
