708 20.0 0.3 0:42.42
708 15.0 0.3 0:42.49
708 0.0 0.3 0:42.51
708 0.0 0.3 0:42.51
708 0.0 0.3 0:42.51
708 0.0 0.3 0:42.51
708 0.0 0.3 0:42.51
708 0.0 0.3 0:42.51
708 0.0 0.3 0:42.51
708 0.0 0.3 0:42.51
708 0.0 0.3 0:42.51
708 0.0 0.3 0:42.51
708 0.0 0.3 0:42.51
708 0.0 0.3 0:42.51
27080 16.7 0.2 0:00.03
27089 11.1 0.2 0:00.04
708 0.0 0.3 0:42.52
KiB 1537080 avail Mem
708 5.9 0.3 0:42.53
708 5.6 0.3 0:42.56
708 4.8 0.3 0:42.62
708 0.0 0.3 0:42.62
708 0.0 0.3 0:42.62
708 0.0 0.3 0:42.62
708 0.0 0.3 0:42.62
708 0.0 0.3 0:42.62
708 0.0 0.3 0:42.62
708 0.0 0.3 0:42.62
708 0.0 0.3 0:42.62
708 0.0 0.3 0:42.62
708 0.0 0.3 0:42.62
708 0.0 0.3 0:42.62
708 0.0 0.3 0:42.62
708 0.0 0.3 0:42.62
708 0.0 0.3 0:42.63
708 0.0 0.3 0:42.63
708 0.0 0.3 0:42.64
708 0.0 0.3 0:42.67
708 5.6 0.3 0:42.71
708 0.0 0.3 0:42.71
708 0.0 0.3 0:42.71
708 0.0 0.3 0:42.71
708 0.0 0.3 0:42.71
708 0.0 0.3 0:42.71
708 0.0 0.3 0:42.71
708 0.0 0.3 0:42.71
708 0.0 0.3 0:42.71
708 0.0 0.3 0:42.71
708 0.0 0.3 0:42.71
708 0.0 0.3 0:42.71
KiB used, 293516 buff/cache
708 0.0 0.3 0:42.71
708 0.0 0.3 0:42.72
708 0.0 0.3 0:42.72
708 0.0 0.3 0:42.74
708 0.0 0.3 0:42.77
708 0.0 0.3 0:42.80
708 0.0 0.3 0:42.81
708 0.0 0.3 0:42.81
708 0.0 0.3 0:42.81
708 0.0 0.3 0:42.81
708 0.0 0.3 0:42.81
708 0.0 0.3 0:42.81
708 0.0 0.3 0:42.81
708 0.0 0.3 0:42.81
708 0.0 0.3 0:42.81
708 0.0 0.3 0:42.81
708 0.0 0.3 0:42.81
708 0.0 0.3 0:42.81
708 0.0 0.3 0:42.81
708 0.0 0.3 0:42.84
708 0.0 0.3 0:42.85
708 0.0 0.3 0:42.86
KiB used, 293652 buff/cache
708 0.0 0.3 0:42.92
708 0.0 0.3 0:42.94
708 0.0 0.3 0:42.94
708 0.0 0.3 0:42.94
708 0.0 0.3 0:42.94
708 0.0 0.3 0:42.94
708 0.0 0.3 0:42.94
708 0.0 0.3 0:42.94
708 0.0 0.3 0:42.94
708 0.0 0.3 0:42.94
708 0.0 0.3 0:42.94
708 0.0 0.3 0:42.94
708 0.0 0.3 0:42.94
708 0.0 0.3 0:42.94
708 5.6 0.3 0:42.95
708 0.0 0.3 0:42.95
708 0.0 0.3 0:42.96
708 5.6 0.3 0:42.98
708 5.0 0.3 0:43.02
708 0.0 0.3 0:43.06
708 0.0 0.3 0:43.06
708 0.0 0.3 0:43.06
708 0.0 0.3 0:43.06
708 0.0 0.3 0:43.06
708 0.0 0.3 0:43.06
708 0.0 0.3 0:43.06
708 0.0 0.3 0:43.06
708 0.0 0.3 0:43.07
708 0.0 0.3 0:43.07
708 0.0 0.3 0:43.07
708 0.0 0.3 0:43.07
708 0.0 0.3 0:43.07
708 0.0 0.3 0:43.07
KiB 1535708 avail Mem
708 0.0 0.3 0:43.09
708 0.0 0.3 0:43.09
708 0.0 0.3 0:43.12
708 0.0 0.3 0:43.14
708 0.0 0.3 0:43.15
708 0.0 0.3 0:43.15
708 0.0 0.3 0:43.15
708 0.0 0.3 0:43.15
708 0.0 0.3 0:43.15
708 0.0 0.3 0:43.15
708 0.0 0.3 0:43.15
708 0.0 0.3 0:43.15
708 0.0 0.3 0:43.15
708 5.9 0.3 0:43.16
708 5.6 0.3 0:43.17
708 0.0 0.3 0:43.17
708 0.0 0.3 0:43.18
708 0.0 0.3 0:43.21
708 0.0 0.3 0:43.21
708 0.0 0.3 0:43.22
708 10.5 0.3 0:43.26
708 0.0 0.3 0:43.29
708 0.0 0.3 0:43.29
708 0.0 0.3 0:43.29
708 0.0 0.3 0:43.29
708 0.0 0.3 0:43.29
708 0.0 0.3 0:43.29
708 0.0 0.3 0:43.29
708 0.0 0.3 0:43.29
708 0.0 0.3 0:43.29
708 0.0 0.3 0:43.29
708 0.0 0.3 0:43.29
708 11.1 0.3 0:43.31
708 0.0 0.3 0:43.31
708 0.0 0.3 0:43.31
708 5.6 0.3 0:43.34
708 0.0 0.3 0:43.35
708 0.0 0.3 0:43.37
708 0.0 0.3 0:43.38
708 5.9 0.3 0:43.40
708 0.0 0.3 0:43.41
708 0.0 0.3 0:43.41
708 0.0 0.3 0:43.41
708 0.0 0.3 0:43.41
708 0.0 0.3 0:43.41
708 0.0 0.3 0:43.41
708 0.0 0.3 0:43.41
708 0.0 0.3 0:43.41
708 5.6 0.3 0:43.42
708 5.6 0.3 0:43.43
708 0.0 0.3 0:43.43
708 0.0 0.3 0:43.43
708 5.6 0.3 0:43.44
708 5.6 0.3 0:43.46
708 5.6 0.3 0:43.47
708 0.0 0.3 0:43.48
708 5.6 0.3 0:43.50
708 5.6 0.3 0:43.53
708 0.0 0.3 0:43.53
708 0.0 0.3 0:43.53
708 0.0 0.3 0:43.53
708 0.0 0.3 0:43.53
708 0.0 0.3 0:43.53
708 0.0 0.3 0:43.53
708 0.0 0.3 0:43.53
708 0.0 0.3 0:43.53
708 0.0 0.3 0:43.53
708 0.0 0.3 0:43.53
708 0.0 0.3 0:43.53
708 0.0 0.3 0:43.53
708 0.0 0.3 0:43.53
708 0.0 0.3 0:43.53
708 0.0 0.3 0:43.53
708 0.0 0.3 0:43.53
708 0.0 0.3 0:43.53
708 0.0 0.3 0:43.53
708 0.0 0.3 0:43.53
