708 13.0 0.3 0:39.96
708 11.8 0.3 0:40.03
708 0.0 0.3 0:40.03
708 0.0 0.3 0:40.03
708 0.0 0.3 0:40.03
708 0.0 0.3 0:40.03
708 0.0 0.3 0:40.03
708 0.0 0.3 0:40.03
708 0.0 0.3 0:40.03
708 0.0 0.3 0:40.03
708 0.0 0.3 0:40.03
708 0.0 0.3 0:40.03
708 0.0 0.3 0:40.03
708 0.0 0.3 0:40.03
708 0.0 0.3 0:40.03
11708 10.5 0.2 0:00.04
708 0.0 0.3 0:40.03
708 0.0 0.3 0:40.04
708 0.0 0.3 0:40.04
708 5.6 0.3 0:40.10
708 0.0 0.3 0:40.13
708 0.0 0.3 0:40.13
708 0.0 0.3 0:40.13
708 0.0 0.3 0:40.13
708 0.0 0.3 0:40.13
708 0.0 0.3 0:40.13
708 0.0 0.3 0:40.13
708 0.0 0.3 0:40.13
708 0.0 0.3 0:40.13
708 0.0 0.3 0:40.13
708 0.0 0.3 0:40.13
708 0.0 0.3 0:40.13
708 0.0 0.3 0:40.13
708 0.0 0.3 0:40.13
708 0.0 0.3 0:40.13
708 0.0 0.3 0:40.14
708 0.0 0.3 0:40.16
708 0.0 0.3 0:40.23
708 0.0 0.3 0:40.25
12708 15.8 0.2 0:00.03
708 0.0 0.3 0:40.25
708 0.0 0.3 0:40.25
708 0.0 0.3 0:40.25
708 0.0 0.3 0:40.25
708 0.0 0.3 0:40.25
708 0.0 0.3 0:40.25
708 0.0 0.3 0:40.25
708 0.0 0.3 0:40.25
708 0.0 0.3 0:40.26
708 0.0 0.3 0:40.26
708 0.0 0.3 0:40.26
708 0.0 0.3 0:40.27
708 0.0 0.3 0:40.27
708 5.6 0.3 0:40.28
708 0.0 0.3 0:40.28
708 5.3 0.3 0:40.33
708 5.6 0.3 0:40.36
708 0.0 0.3 0:40.36
708 0.0 0.3 0:40.36
708 0.0 0.3 0:40.36
708 0.0 0.3 0:40.36
708 0.0 0.3 0:40.36
708 0.0 0.3 0:40.36
13708 17.6 0.2 0:00.03
708 0.0 0.3 0:40.36
708 0.0 0.3 0:40.36
708 0.0 0.3 0:40.36
708 0.0 0.3 0:40.36
708 0.0 0.3 0:40.37
708 0.0 0.3 0:40.37
708 0.0 0.3 0:40.37
708 0.0 0.3 0:40.39
708 0.0 0.3 0:40.39
708 5.6 0.3 0:40.44
708 5.6 0.3 0:40.47
708 0.0 0.3 0:40.47
708 0.0 0.3 0:40.47
708 0.0 0.3 0:40.47
708 0.0 0.3 0:40.47
708 0.0 0.3 0:40.47
708 0.0 0.3 0:40.47
708 0.0 0.3 0:40.47
708 0.0 0.3 0:40.47
708 0.0 0.3 0:40.47
708 0.0 0.3 0:40.47
708 0.0 0.3 0:40.47
708 0.0 0.3 0:40.48
708 5.3 0.3 0:40.51
708 0.0 0.3 0:40.51
708 0.0 0.3 0:40.51
708 0.0 0.3 0:40.53
708 0.0 0.3 0:40.53
708 0.0 0.3 0:40.60
708 0.0 0.3 0:40.60
708 0.0 0.3 0:40.60
708 0.0 0.3 0:40.60
708 0.0 0.3 0:40.60
708 0.0 0.3 0:40.60
708 0.0 0.3 0:40.60
708 0.0 0.3 0:40.60
708 0.0 0.3 0:40.60
708 0.0 0.3 0:40.60
708 0.0 0.3 0:40.61
708 0.0 0.3 0:40.63
708 0.0 0.3 0:40.63
708 0.0 0.3 0:40.63
708 0.0 0.3 0:40.64
708 0.0 0.3 0:40.65
708 0.0 0.3 0:40.67
708 0.0 0.3 0:40.67
708 0.0 0.3 0:40.74
708 0.0 0.3 0:40.75
708 0.0 0.3 0:40.75
708 0.0 0.3 0:40.75
708 0.0 0.3 0:40.75
708 0.0 0.3 0:40.75
708 0.0 0.3 0:40.75
708 0.0 0.3 0:40.75
708 0.0 0.3 0:40.75
708 0.0 0.3 0:40.75
708 0.0 0.3 0:40.76
708 0.0 0.3 0:40.78
708 0.0 0.3 0:40.78
708 0.0 0.3 0:40.78
708 0.0 0.3 0:40.78
708 0.0 0.3 0:40.79
708 0.0 0.3 0:40.80
708 0.0 0.3 0:40.80
708 0.0 0.3 0:40.84
708 0.0 0.3 0:40.87
KiB 1536708 avail Mem
708 0.0 0.3 0:40.87
708 0.0 0.3 0:40.87
708 0.0 0.3 0:40.87
708 0.0 0.3 0:40.87
708 5.6 0.3 0:40.88
708 0.0 0.3 0:40.88
708 0.0 0.3 0:40.88
708 0.0 0.3 0:40.88
708 0.0 0.3 0:40.88
708 0.0 0.3 0:40.89
708 0.0 0.3 0:40.91
708 0.0 0.3 0:40.91
708 0.0 0.3 0:40.91
708 9.5 0.3 0:40.93
708 0.0 0.3 0:40.94
17089 21.1 0.2 0:00.04
708 0.0 0.3 0:40.99
708 0.0 0.3 0:40.99
708 0.0 0.3 0:40.99
708 0.0 0.3 0:40.99
708 0.0 0.3 0:40.99
708 0.0 0.3 0:40.99
708 5.6 0.3 0:41.00
708 0.0 0.3 0:41.00
708 0.0 0.3 0:41.00
708 0.0 0.3 0:41.00
708 0.0 0.3 0:41.00
