708 15.8 0.3 0:43.59
708 5.0 0.3 0:43.65
708 0.0 0.3 0:43.65
708 0.0 0.3 0:43.65
708 0.0 0.3 0:43.65
708 0.0 0.3 0:43.65
708 0.0 0.3 0:43.65
708 0.0 0.3 0:43.65
708 0.0 0.3 0:43.65
708 0.0 0.3 0:43.65
708 0.0 0.3 0:43.65
708 0.0 0.3 0:43.65
708 0.0 0.3 0:43.65
708 0.0 0.3 0:43.65
708 0.0 0.3 0:43.66
708 0.0 0.3 0:43.66
708 0.0 0.3 0:43.66
708 0.0 0.3 0:43.66
708 5.6 0.3 0:43.67
708 0.0 0.3 0:43.73
708 0.0 0.3 0:43.76
708 0.0 0.3 0:43.76
708 0.0 0.3 0:43.76
708 0.0 0.3 0:43.76
708 0.0 0.3 0:43.76
708 0.0 0.3 0:43.76
708 0.0 0.3 0:43.76
708 0.0 0.3 0:43.76
708 0.0 0.3 0:43.76
708 0.0 0.3 0:43.76
708 0.0 0.3 0:43.76
708 0.0 0.3 0:43.76
708 10.5 0.3 0:43.78
708 0.0 0.3 0:43.78
KiB used, 294528 buff/cache
708 0.0 0.3 0:43.78
708 0.0 0.3 0:43.78
708 0.0 0.3 0:43.87
708 0.0 0.3 0:43.87
708 0.0 0.3 0:43.87
708 0.0 0.3 0:43.87
708 0.0 0.3 0:43.87
708 0.0 0.3 0:43.87
708 0.0 0.3 0:43.87
708 0.0 0.3 0:43.87
708 0.0 0.3 0:43.87
708 0.0 0.3 0:43.87
708 0.0 0.3 0:43.87
708 0.0 0.3 0:43.87
708 0.0 0.3 0:43.87
708 0.0 0.3 0:43.87
708 0.0 0.3 0:43.89
708 0.0 0.3 0:43.89
708 0.0 0.3 0:43.89
708 0.0 0.3 0:43.91
708 10.5 0.3 0:43.97
708 0.0 0.3 0:43.99
708 0.0 0.3 0:43.99
708 0.0 0.3 0:43.99
708 0.0 0.3 0:43.99
708 0.0 0.3 0:43.99
708 0.0 0.3 0:43.99
708 0.0 0.3 0:43.99
708 0.0 0.3 0:43.99
708 0.0 0.3 0:43.99
708 0.0 0.3 0:43.99
708 0.0 0.3 0:43.99
708 0.0 0.3 0:43.99
708 0.0 0.3 0:43.99
708 0.0 0.3 0:44.01
708 0.0 0.3 0:44.01
708 0.0 0.3 0:44.01
708 0.0 0.3 0:44.03
708 4.8 0.3 0:44.08
708 0.0 0.3 0:44.11
708 0.0 0.3 0:44.11
708 0.0 0.3 0:44.11
708 0.0 0.3 0:44.11
708 0.0 0.3 0:44.11
708 0.0 0.3 0:44.11
708 0.0 0.3 0:44.11
708 0.0 0.3 0:44.12
708 0.0 0.3 0:44.12
708 0.0 0.3 0:44.12
708 0.0 0.3 0:44.13
708 0.0 0.3 0:44.13
708 0.0 0.3 0:44.13
708 0.0 0.3 0:44.13
708 0.0 0.3 0:44.14
708 5.6 0.3 0:44.15
708 5.3 0.3 0:44.16
708 0.0 0.3 0:44.17
708 11.1 0.3 0:44.23
708 0.0 0.3 0:44.23
708 0.0 0.3 0:44.23
708 0.0 0.3 0:44.23
708 0.0 0.3 0:44.23
708 0.0 0.3 0:44.23
708 0.0 0.3 0:44.23
708 0.0 0.3 0:44.23
708 0.0 0.3 0:44.23
708 0.0 0.3 0:44.23
708 0.0 0.3 0:44.23
708 0.0 0.3 0:44.23
708 0.0 0.3 0:44.23
708 0.0 0.3 0:44.23
708 0.0 0.3 0:44.25
708 0.0 0.3 0:44.25
708 0.0 0.3 0:44.26
708 0.0 0.3 0:44.26
708 0.0 0.3 0:44.30
708 0.0 0.3 0:44.31
708 0.0 0.3 0:44.31
708 0.0 0.3 0:44.31
708 0.0 0.3 0:44.31
708 0.0 0.3 0:44.31
708 0.0 0.3 0:44.31
708 0.0 0.3 0:44.32
708 0.0 0.3 0:44.32
708 0.0 0.3 0:44.32
708 0.0 0.3 0:44.32
708 0.0 0.3 0:44.32
708 0.0 0.3 0:44.32
708 0.0 0.3 0:44.33
708 0.0 0.3 0:44.34
708 0.0 0.3 0:44.34
708 0.0 0.3 0:44.35
708 5.6 0.3 0:44.38
708 0.0 0.3 0:44.40
7088 11.1 0.2 0:00.04
708 0.0 0.3 0:44.41
708 0.0 0.3 0:44.41
708 0.0 0.3 0:44.41
708 0.0 0.3 0:44.41
708 0.0 0.3 0:44.41
708 0.0 0.3 0:44.42
708 0.0 0.3 0:44.42
708 0.0 0.3 0:44.42
708 0.0 0.3 0:44.42
708 0.0 0.3 0:44.42
708 0.0 0.3 0:44.42
708 0.0 0.3 0:44.44
708 0.0 0.3 0:44.46
708 0.0 0.3 0:44.47
708 0.0 0.3 0:44.48
708 0.0 0.3 0:44.48
708 14.3 0.3 0:44.55
708 0.0 0.3 0:44.57
708 0.0 0.3 0:44.57
708 0.0 0.3 0:44.57
708 0.0 0.3 0:44.57
708 0.0 0.3 0:44.57
708 0.0 0.3 0:44.57
708 0.0 0.3 0:44.57
708 0.0 0.3 0:44.59
708 0.0 0.3 0:44.59
708 0.0 0.3 0:44.59
708 0.0 0.3 0:44.59
708 0.0 0.3 0:44.60
708 0.0 0.3 0:44.63
708 0.0 0.3 0:44.63
708 0.0 0.3 0:44.63
708 5.6 0.3 0:44.64
708 0.0 0.3 0:44.65
708 0.0 0.3 0:44.67
708 5.6 0.3 0:44.71
708 0.0 0.3 0:44.72
708 0.0 0.3 0:44.72
708 0.0 0.3 0:44.72
708 0.0 0.3 0:44.72
708 0.0 0.3 0:44.72
708 0.0 0.3 0:44.72
708 0.0 0.3 0:44.72
708 0.0 0.3 0:44.72
708 0.0 0.3 0:44.72
708 0.0 0.3 0:44.72
708 0.0 0.3 0:44.72
708 0.0 0.3 0:44.72
708 0.0 0.3 0:44.72
708 0.0 0.3 0:44.72
708 0.0 0.3 0:44.72
708 0.0 0.3 0:44.72
708 0.0 0.3 0:44.72
708 0.0 0.3 0:44.72
708 0.0 0.3 0:44.72
