2925 0.0 0.2 0:07.58
2925 0.0 0.2 0:07.59
2925 0.0 0.2 0:07.59
2925 0.0 0.2 0:07.59
2925 0.0 0.2 0:07.61
2925 0.0 0.2 0:07.61
2925 0.0 0.2 0:07.63
2925 0.0 0.2 0:07.65
2925 0.0 0.2 0:07.65
2925 0.0 0.2 0:07.67
2925 0.0 0.2 0:07.67
2925 0.0 0.2 0:07.68
2925 0.0 0.2 0:07.68
2925 0.0 0.2 0:07.68
2925 5.3 0.2 0:07.69
2925 0.0 0.2 0:07.70
2925 5.3 0.2 0:07.71
2925 0.0 0.2 0:07.71
2925 0.0 0.2 0:07.71
2925 0.0 0.2 0:07.72
2925 0.0 0.2 0:07.73
2925 5.3 0.2 0:07.74
2925 0.0 0.2 0:07.74
2925 0.0 0.2 0:07.74
2925 0.0 0.2 0:07.75
2925 0.0 0.2 0:07.75
2925 0.0 0.2 0:07.76
2925 0.0 0.2 0:07.78
2925 0.0 0.2 0:07.80
2925 0.0 0.2 0:07.81
2925 0.0 0.2 0:07.82
2925 0.0 0.2 0:07.83
2925 5.3 0.2 0:07.84
2925 0.0 0.2 0:07.85
2925 3.7 0.2 0:07.86
2925 0.0 0.2 0:07.87
2925 5.0 0.2 0:07.88
2925 0.0 0.2 0:07.89
2925 0.0 0.2 0:07.90
2925 0.0 0.2 0:07.90
2925 0.0 0.2 0:07.91
2925 0.0 0.2 0:07.91
2925 0.0 0.2 0:07.91
2925 0.0 0.2 0:07.94
2925 0.0 0.2 0:07.97
2925 0.0 0.2 0:07.98
2925 5.3 0.2 0:07.99
2925 0.0 0.2 0:08.01
2925 0.0 0.2 0:08.02
2925 0.0 0.2 0:08.02
2925 0.0 0.2 0:08.02
2925 0.0 0.2 0:08.03
2925 0.0 0.2 0:08.06
2925 5.3 0.2 0:08.08
2925 0.0 0.2 0:08.08
2925 0.0 0.2 0:08.08
2925 5.6 0.2 0:08.10
2925 0.0 0.2 0:08.10
2925 0.0 0.2 0:08.12
2925 0.0 0.2 0:08.13
2925 0.0 0.2 0:08.13
2925 0.0 0.2 0:08.13
2925 0.0 0.2 0:08.14
2925 0.0 0.2 0:08.14
2925 0.0 0.2 0:08.15
2925 0.0 0.2 0:08.16
2925 0.0 0.2 0:08.16
2925 0.0 0.2 0:08.17
2925 5.3 0.2 0:08.19
2925 0.0 0.2 0:08.19
2925 0.0 0.2 0:08.20
2925 0.0 0.2 0:08.21
2925 0.0 0.2 0:08.22
2925 0.0 0.2 0:08.22
2925 0.0 0.2 0:08.23
2925 0.0 0.2 0:08.23
