2926 5.3 0.2 0:37.96
2926 10.5 0.2 0:38.06
2926 10.0 0.2 0:38.20
2926 21.1 0.2 0:38.34
2926 13.0 0.2 0:38.45
2926 15.8 0.2 0:38.58
2926 23.8 0.2 0:38.74
2926 10.5 0.2 0:38.87
2926 10.0 0.2 0:39.00
2926 20.0 0.2 0:39.15
2926 10.5 0.2 0:39.30
2926 9.5 0.2 0:39.45
2926 22.2 0.2 0:39.61
2926 14.3 0.2 0:39.78
2926 15.0 0.2 0:39.94
2926 9.5 0.2 0:40.09
2926 10.0 0.2 0:40.25
2926 26.3 0.2 0:40.42
2926 16.7 0.2 0:40.58
2926 15.0 0.2 0:40.74
2926 15.8 0.2 0:40.92
2926 10.5 0.2 0:41.07
2926 15.8 0.2 0:41.24
2926 15.0 0.2 0:41.44
2926 15.0 0.2 0:41.62
2926 15.8 0.2 0:41.80
2926 9.5 0.2 0:41.98
2926 22.2 0.2 0:42.18
2926 15.0 0.2 0:42.34
2926 23.8 0.2 0:42.51
2926 15.8 0.2 0:42.67
2926 13.6 0.2 0:42.85
2926 15.8 0.2 0:43.01
2926 10.0 0.2 0:43.16
2926 16.7 0.2 0:43.33
2926 15.8 0.2 0:43.48
2926 16.7 0.2 0:43.65
2926 16.7 0.2 0:43.81
2926 15.0 0.2 0:43.97
2926 15.8 0.2 0:44.12
2926 14.3 0.2 0:44.28
2926 15.0 0.2 0:44.46
2926 14.3 0.2 0:44.64
2926 14.3 0.2 0:44.80
2926 11.1 0.2 0:44.95
2926 15.8 0.2 0:45.12
2926 22.7 0.2 0:45.30
2926 16.7 0.2 0:45.46
2926 20.0 0.2 0:45.63
2926 21.1 0.2 0:45.80
2926 16.7 0.2 0:45.95
2926 13.6 0.2 0:46.13
2926 10.5 0.2 0:46.29
2926 15.8 0.2 0:46.45
2926 26.3 0.2 0:46.62
2926 15.8 0.2 0:46.78
2926 15.8 0.2 0:46.94
2926 10.0 0.2 0:47.12
2926 9.5 0.2 0:47.28
2926 16.7 0.2 0:47.45
2926 9.1 0.2 0:47.61
2926 10.5 0.2 0:47.76
2926 14.3 0.2 0:47.93
2926 14.3 0.2 0:48.09
2926 10.5 0.2 0:48.24
2926 15.8 0.2 0:48.39
2926 15.8 0.2 0:48.57
12926 0.0 0.0 0:00.01
2926 20.0 0.2 0:48.90
2926 14.3 0.2 0:49.05
2926 15.8 0.2 0:49.22
2926 10.5 0.2 0:49.38
2926 15.8 0.2 0:49.55
2926 10.5 0.2 0:49.72
2926 21.1 0.2 0:49.91
2926 0.0 0.2 0:50.05
