2927 0.0 0.2 0:00.33
2927 0.0 0.2 0:00.34
2927 0.0 0.2 0:00.34
2927 0.0 0.2 0:00.34
2927 0.0 0.2 0:00.34
2927 0.0 0.2 0:00.34
2927 0.0 0.2 0:00.34
2927 0.0 0.2 0:00.34
2927 0.0 0.2 0:00.34
2927 0.0 0.2 0:00.34
2927 0.0 0.2 0:00.34
2927 0.0 0.2 0:00.34
2927 0.0 0.2 0:00.34
2927 0.0 0.2 0:00.34
2927 0.0 0.2 0:00.34
2927 0.0 0.2 0:00.34
2927 0.0 0.2 0:00.34
2927 0.0 0.2 0:00.34
2927 0.0 0.2 0:00.34
2927 0.0 0.2 0:00.34
2927 0.0 0.2 0:00.34
2927 0.0 0.2 0:00.34
2927 0.0 0.2 0:00.34
2927 0.0 0.2 0:00.34
2927 0.0 0.2 0:00.34
2927 0.0 0.2 0:00.34
2927 0.0 0.2 0:00.34
2927 0.0 0.2 0:00.34
2927 0.0 0.2 0:00.34
2927 0.0 0.2 0:00.34
2927 0.0 0.2 0:00.34
2927 0.0 0.2 0:00.34
2927 0.0 0.2 0:00.34
2927 0.0 0.2 0:00.34
2927 0.0 0.2 0:00.34
2927 0.0 0.2 0:00.34
2927 0.0 0.2 0:00.34
2927 0.0 0.2 0:00.34
2927 0.0 0.2 0:00.34
2927 0.0 0.2 0:00.34
2927 0.0 0.2 0:00.34
2927 0.0 0.2 0:00.34
2927 0.0 0.2 0:00.34
2927 0.0 0.2 0:00.34
2927 0.0 0.2 0:00.34
2927 0.0 0.2 0:00.34
2927 0.0 0.2 0:00.34
2927 0.0 0.2 0:00.34
2927 0.0 0.2 0:00.34
2927 0.0 0.2 0:00.34
2927 0.0 0.2 0:00.34
2927 0.0 0.2 0:00.34
2927 0.0 0.2 0:00.34
2927 0.0 0.2 0:00.34
2927 0.0 0.2 0:00.34
2927 0.0 0.2 0:00.34
2927 0.0 0.2 0:00.34
2927 0.0 0.2 0:00.34
2927 0.0 0.2 0:00.34
2927 0.0 0.2 0:00.34
2927 0.0 0.2 0:00.34
2927 0.0 0.2 0:00.34
2927 0.0 0.2 0:00.34
2927 0.0 0.2 0:00.34
2927 0.0 0.2 0:00.34
2927 0.0 0.2 0:00.34
2927 0.0 0.2 0:00.34
2927 0.0 0.2 0:00.34
2927 0.0 0.2 0:00.34
2927 0.0 0.2 0:00.34
2927 0.0 0.2 0:00.34
2927 0.0 0.2 0:00.34
2927 0.0 0.2 0:00.34
2927 0.0 0.2 0:00.34
2927 0.0 0.2 0:00.34
2927 0.0 0.2 0:00.34
