700 0.0 0.1 0:00.00
700 0.0 0.1 0:00.00
700 0.0 0.1 0:00.00
700 0.0 0.1 0:00.00
700 0.0 0.1 0:00.00
700 0.0 0.1 0:00.00
700 0.0 0.1 0:00.00
700 0.0 0.1 0:00.00
700 0.0 0.1 0:00.00
700 0.0 0.1 0:00.00
700 0.0 0.1 0:00.00
700 0.0 0.1 0:00.00
700 0.0 0.1 0:00.00
700 0.0 0.1 0:00.00
700 0.0 0.1 0:00.00
700 0.0 0.1 0:00.00
700 0.0 0.1 0:00.00
700 0.0 0.1 0:00.00
700 0.0 0.1 0:00.00
700 0.0 0.1 0:00.00
700 0.0 0.1 0:00.00
700 0.0 0.1 0:00.00
700 0.0 0.1 0:00.00
700 0.0 0.1 0:00.00
700 0.0 0.1 0:00.00
700 0.0 0.1 0:00.00
KiB used, 254268 buff/cache
700 0.0 0.1 0:00.00
700 0.0 0.1 0:00.00
700 0.0 0.1 0:00.00
700 0.0 0.1 0:00.00
700 0.0 0.1 0:00.00
700 0.0 0.1 0:00.00
KiB used, 254260 buff/cache
700 0.0 0.1 0:00.00
700 0.0 0.1 0:00.00
700 0.0 0.1 0:00.00
700 0.0 0.1 0:00.00
700 0.0 0.1 0:00.00
700 0.0 0.1 0:00.00
KiB used, 254328 buff/cache
700 0.0 0.1 0:00.00
700 0.0 0.1 0:00.00
700 0.0 0.1 0:00.00
700 0.0 0.1 0:00.00
700 0.0 0.1 0:00.00
700 0.0 0.1 0:00.00
700 0.0 0.1 0:00.00
700 0.0 0.1 0:00.00
700 0.0 0.1 0:00.00
700 0.0 0.1 0:00.00
700 0.0 0.1 0:00.00
700 0.0 0.1 0:00.00
700 0.0 0.1 0:00.00
700 0.0 0.1 0:00.00
700 0.0 0.1 0:00.00
700 0.0 0.1 0:00.00
700 0.0 0.1 0:00.00
KiB used, 254360 buff/cache
KiB 1540700 avail Mem
700 0.0 0.1 0:00.00
700 0.0 0.1 0:00.00
700 0.0 0.1 0:00.00
700 0.0 0.1 0:00.00
700 0.0 0.1 0:00.00
700 0.0 0.1 0:00.00
700 0.0 0.1 0:00.00
KiB used, 254368 buff/cache
700 0.0 0.1 0:00.00
700 0.0 0.1 0:00.00
700 0.0 0.1 0:00.00
700 0.0 0.1 0:00.00
700 0.0 0.1 0:00.00
700 0.0 0.1 0:00.00
700 0.0 0.1 0:00.00
700 0.0 0.1 0:00.00
700 0.0 0.1 0:00.00
700 0.0 0.1 0:00.00
700 0.0 0.1 0:00.00
700 0.0 0.1 0:00.00
700 0.0 0.1 0:00.00
700 0.0 0.1 0:00.00
700 0.0 0.1 0:00.00
700 0.0 0.1 0:00.00
700 0.0 0.1 0:00.00
700 0.0 0.1 0:00.00
700 0.0 0.1 0:00.00
700 0.0 0.1 0:00.00
700 0.0 0.1 0:00.00
700 0.0 0.1 0:00.00
700 0.0 0.1 0:00.00
700 0.0 0.1 0:00.00
700 0.0 0.1 0:00.00
700 0.0 0.1 0:00.00
700 0.0 0.1 0:00.00
700 0.0 0.1 0:00.00
700 0.0 0.1 0:00.00
700 0.0 0.1 0:00.00
700 0.0 0.1 0:00.00
700 0.0 0.1 0:00.00
700 0.0 0.1 0:00.00
700 0.0 0.1 0:00.00
700 0.0 0.1 0:00.00
700 0.0 0.1 0:00.00
700 0.0 0.1 0:00.00
700 0.0 0.1 0:00.00
700 0.0 0.1 0:00.00
700 0.0 0.1 0:00.00
700 0.0 0.1 0:00.00
700 0.0 0.1 0:00.00
700 0.0 0.1 0:00.00
700 0.0 0.1 0:00.00
700 0.0 0.1 0:00.00
700 0.0 0.1 0:00.00
700 0.0 0.1 0:00.00
700 0.0 0.1 0:00.00
700 0.0 0.1 0:00.00
700 0.0 0.1 0:00.00
700 0.0 0.1 0:00.00
700 0.0 0.1 0:00.00
700 0.0 0.1 0:00.00
700 0.0 0.1 0:00.00
700 0.0 0.1 0:00.00
700 0.0 0.1 0:00.00
700 0.0 0.1 0:00.00
700 0.0 0.1 0:00.00
700 0.0 0.1 0:00.00
700 0.0 0.1 0:00.00
700 0.0 0.1 0:00.00
700 0.0 0.1 0:00.00
700 0.0 0.1 0:00.00
KiB 1540700 avail Mem
700 0.0 0.1 0:00.00
700 0.0 0.1 0:00.00
700 0.0 0.1 0:00.00
700 0.0 0.1 0:00.00
700 0.0 0.1 0:00.00
700 0.0 0.1 0:00.00
700 0.0 0.1 0:00.00
700 0.0 0.1 0:00.00
KiB 1540700 avail Mem
700 0.0 0.1 0:00.00
700 0.0 0.1 0:00.00
700 0.0 0.1 0:00.00
700 0.0 0.1 0:00.00
700 0.0 0.1 0:00.00
700 0.0 0.1 0:00.00
700 0.0 0.1 0:00.00
700 0.0 0.1 0:00.00
700 0.0 0.1 0:00.00
700 0.0 0.1 0:00.00
700 0.0 0.1 0:00.00
700 0.0 0.1 0:00.00
700 0.0 0.1 0:00.00
700 0.0 0.1 0:00.00
700 0.0 0.1 0:00.00
700 0.0 0.1 0:00.00
700 0.0 0.1 0:00.00
700 0.0 0.1 0:00.00
700 0.0 0.1 0:00.00
700 0.0 0.1 0:00.00
700 0.0 0.1 0:00.00
KiB used, 254652 buff/cache
700 0.0 0.1 0:00.00
700 0.0 0.1 0:00.00
700 0.0 0.1 0:00.00
700 0.0 0.1 0:00.00
700 0.0 0.1 0:00.00
700 0.0 0.1 0:00.00
700 0.0 0.1 0:00.00
700 0.0 0.1 0:00.00
700 0.0 0.1 0:00.00
700 0.0 0.1 0:00.00
700 0.0 0.1 0:00.00
700 0.0 0.1 0:00.00
700 0.0 0.1 0:00.00
700 0.0 0.1 0:00.00
700 0.0 0.1 0:00.00
700 0.0 0.1 0:00.00
KiB used, 254700 buff/cache
KiB used, 254700 buff/cache
700 0.0 0.1 0:00.00
700 0.0 0.1 0:00.00
700 0.0 0.1 0:00.00
700 0.0 0.1 0:00.00
700 0.0 0.1 0:00.00
700 0.0 0.1 0:00.00
700 0.0 0.1 0:00.00
700 0.0 0.1 0:00.00
700 0.0 0.1 0:00.00
700 0.0 0.1 0:00.00
700 0.0 0.1 0:00.00
700 0.0 0.1 0:00.00
700 0.0 0.1 0:00.00
700 0.0 0.1 0:00.00
700 0.0 0.1 0:00.00
700 0.0 0.1 0:00.00
700 0.0 0.1 0:00.00
700 0.0 0.1 0:00.00
700 0.0 0.1 0:00.00
700 0.0 0.1 0:00.00
700 0.0 0.1 0:00.00
700 0.0 0.1 0:00.00
700 0.0 0.1 0:00.00
700 0.0 0.1 0:00.00
700 0.0 0.1 0:00.00
700 0.0 0.1 0:00.00
700 0.0 0.1 0:00.00
700 0.0 0.1 0:00.00
700 0.0 0.1 0:00.00
700 0.0 0.1 0:00.00
700 0.0 0.1 0:00.00
700 0.0 0.1 0:00.00
700 0.0 0.1 0:00.00
700 0.0 0.1 0:00.00
700 0.0 0.1 0:00.00
700 0.0 0.1 0:00.00
700 0.0 0.1 0:00.00
700 0.0 0.1 0:00.00
700 0.0 0.1 0:00.00
700 0.0 0.1 0:00.00
700 0.0 0.1 0:00.00
700 0.0 0.1 0:00.00
700 0.0 0.1 0:00.00
700 0.0 0.1 0:00.00
700 0.0 0.1 0:00.00
700 0.0 0.1 0:00.00
700 0.0 0.1 0:00.00
700 0.0 0.1 0:00.00
700 0.0 0.1 0:00.00
700 0.0 0.1 0:00.00
700 0.0 0.1 0:00.00
700 0.0 0.1 0:00.00
700 0.0 0.1 0:00.00
700 0.0 0.1 0:00.00
700 0.0 0.1 0:00.00
700 0.0 0.1 0:00.00
700 0.0 0.1 0:00.00
700 0.0 0.1 0:00.00
700 0.0 0.1 0:00.00
700 0.0 0.1 0:00.00
700 0.0 0.1 0:00.00
700 0.0 0.1 0:00.00
700 0.0 0.1 0:00.00
700 0.0 0.1 0:00.00
700 0.0 0.1 0:00.00
700 0.0 0.1 0:00.00
700 0.0 0.1 0:00.00
700 0.0 0.1 0:00.00
700 0.0 0.1 0:00.00
700 0.0 0.1 0:00.00
700 0.0 0.1 0:00.00
700 0.0 0.1 0:00.00
700 0.0 0.1 0:00.00
700 0.0 0.1 0:00.00
700 0.0 0.1 0:00.00
700 0.0 0.1 0:00.00
700 0.0 0.1 0:00.00
700 0.0 0.1 0:00.00
700 0.0 0.1 0:00.00
KiB used, 254944 buff/cache
700 0.0 0.1 0:00.00
700 0.0 0.1 0:00.00
700 0.0 0.1 0:00.00
700 0.0 0.1 0:00.00
700 0.0 0.1 0:00.00
700 0.0 0.1 0:00.00
700 0.0 0.1 0:00.00
700 0.0 0.1 0:00.00
700 0.0 0.1 0:00.00
700 0.0 0.1 0:00.00
700 0.0 0.1 0:00.00
700 0.0 0.1 0:00.00
700 0.0 0.1 0:00.00
700 0.0 0.1 0:00.00
700 0.0 0.1 0:00.00
700 0.0 0.1 0:00.00
700 0.0 0.1 0:00.00
700 0.0 0.1 0:00.00
700 0.0 0.1 0:00.00
700 0.0 0.1 0:00.00
700 0.0 0.1 0:00.00
700 0.0 0.1 0:00.00
700 0.0 0.1 0:00.00
700 0.0 0.1 0:00.00
700 0.0 0.1 0:00.00
700 0.0 0.1 0:00.00
700 0.0 0.1 0:00.00
700 0.0 0.1 0:00.00
700 0.0 0.1 0:00.00
700 0.0 0.1 0:00.00
700 0.0 0.1 0:00.00
700 0.0 0.1 0:00.00
700 0.0 0.1 0:00.00
700 0.0 0.1 0:00.00
700 0.0 0.1 0:00.00
700 0.0 0.1 0:00.00
700 0.0 0.1 0:00.00
700 0.0 0.1 0:00.00
700 0.0 0.1 0:00.00
700 0.0 0.1 0:00.00
700 0.0 0.1 0:00.00
700 0.0 0.1 0:00.00
700 0.0 0.1 0:00.00
700 0.0 0.1 0:00.00
700 0.0 0.1 0:00.00
700 0.0 0.1 0:00.00
700 0.0 0.1 0:00.00
700 0.0 0.1 0:00.00
700 0.0 0.1 0:00.00
700 0.0 0.1 0:00.00
27007 5.6 0.2 0:00.04
700 0.0 0.1 0:00.00
700 0.0 0.1 0:00.00
700 0.0 0.1 0:00.00
700 0.0 0.1 0:00.00
700 0.0 0.1 0:00.00
700 0.0 0.1 0:00.00
700 0.0 0.1 0:00.00
700 0.0 0.1 0:00.00
700 0.0 0.1 0:00.00
700 0.0 0.1 0:00.00
700 0.0 0.1 0:00.00
700 0.0 0.1 0:00.00
700 0.0 0.1 0:00.00
700 0.0 0.1 0:00.00
700 0.0 0.1 0:00.00
700 0.0 0.1 0:00.00
700 0.0 0.1 0:00.00
700 0.0 0.1 0:00.00
700 0.0 0.1 0:00.00
700 0.0 0.1 0:00.00
700 0.0 0.1 0:00.00
700 0.0 0.1 0:00.00
700 0.0 0.1 0:00.00
700 0.0 0.1 0:00.00
700 0.0 0.1 0:00.00
700 0.0 0.1 0:00.00
700 0.0 0.1 0:00.00
700 0.0 0.1 0:00.00
700 0.0 0.1 0:00.00
700 0.0 0.1 0:00.00
700 0.0 0.1 0:00.00
700 0.0 0.1 0:00.00
700 0.0 0.1 0:00.00
700 0.0 0.1 0:00.00
700 0.0 0.1 0:00.00
700 0.0 0.1 0:00.00
700 0.0 0.1 0:00.00
700 0.0 0.1 0:00.00
700 0.0 0.1 0:00.00
700 0.0 0.1 0:00.00
700 0.0 0.1 0:00.00
700 0.0 0.1 0:00.00
700 0.0 0.1 0:00.00
700 0.0 0.1 0:00.00
700 0.0 0.1 0:00.00
700 0.0 0.1 0:00.00
700 0.0 0.1 0:00.00
700 0.0 0.1 0:00.00
700 0.0 0.1 0:00.00
700 0.0 0.1 0:00.00
KiB 1540700 avail Mem
700 0.0 0.1 0:00.00
700 0.0 0.1 0:00.00
700 0.0 0.1 0:00.00
700 0.0 0.1 0:00.00
