701 10.0 0.3 0:01.89
701 0.0 0.3 0:01.89
701 0.0 0.3 0:01.89
701 0.0 0.3 0:01.89
701 0.0 0.3 0:01.89
701 0.0 0.3 0:01.89
701 0.0 0.3 0:01.89
701 0.0 0.3 0:01.89
701 0.0 0.3 0:01.89
701 0.0 0.3 0:01.89
701 0.0 0.3 0:01.89
701 0.0 0.3 0:01.89
701 0.0 0.3 0:01.89
701 0.0 0.3 0:01.89
701 0.0 0.3 0:01.89
701 0.0 0.3 0:01.89
701 0.0 0.3 0:01.89
701 0.0 0.3 0:01.89
701 0.0 0.3 0:01.89
701 0.0 0.3 0:01.91
701 0.0 0.3 0:01.91
701 0.0 0.3 0:01.91
701 0.0 0.3 0:01.91
701 0.0 0.3 0:01.91
701 0.0 0.3 0:01.91
701 0.0 0.3 0:01.91
701 0.0 0.3 0:01.91
701 0.0 0.3 0:01.91
701 0.0 0.3 0:01.91
701 0.0 0.3 0:01.91
701 0.0 0.3 0:01.91
701 0.0 0.3 0:01.91
701 0.0 0.3 0:01.91
701 0.0 0.3 0:01.91
701 0.0 0.3 0:01.91
701 0.0 0.3 0:01.91
701 0.0 0.3 0:01.93
701 0.0 0.3 0:01.93
701 0.0 0.3 0:01.93
701 0.0 0.3 0:01.93
701 0.0 0.3 0:01.93
701 0.0 0.3 0:01.93
701 0.0 0.3 0:01.93
701 0.0 0.3 0:01.93
701 0.0 0.3 0:01.93
701 0.0 0.3 0:01.93
701 0.0 0.3 0:01.93
701 0.0 0.3 0:01.93
701 0.0 0.3 0:01.93
701 0.0 0.3 0:01.93
701 0.0 0.3 0:01.93
701 0.0 0.3 0:01.94
701 0.0 0.3 0:01.95
701 0.0 0.3 0:01.95
701 0.0 0.3 0:01.95
701 5.6 0.3 0:01.96
701 0.0 0.3 0:01.96
701 0.0 0.3 0:01.96
701 0.0 0.3 0:01.96
701 0.0 0.3 0:01.96
701 0.0 0.3 0:01.96
701 0.0 0.3 0:01.96
701 0.0 0.3 0:01.96
701 0.0 0.3 0:01.96
701 0.0 0.3 0:01.96
701 0.0 0.3 0:01.96
701 0.0 0.3 0:01.96
701 0.0 0.3 0:01.96
701 0.0 0.3 0:01.97
701 0.0 0.3 0:01.97
701 0.0 0.3 0:01.97
701 0.0 0.3 0:01.97
701 5.6 0.3 0:01.98
701 0.0 0.3 0:01.98
701 0.0 0.3 0:01.99
701 0.0 0.3 0:01.99
701 0.0 0.3 0:01.99
701 0.0 0.3 0:01.99
701 0.0 0.3 0:01.99
701 0.0 0.3 0:01.99
701 0.0 0.3 0:01.99
701 0.0 0.3 0:01.99
701 0.0 0.3 0:01.99
701 0.0 0.3 0:01.99
701 0.0 0.3 0:01.99
701 0.0 0.3 0:01.99
701 0.0 0.3 0:01.99
701 0.0 0.3 0:01.99
701 0.0 0.3 0:01.99
701 5.6 0.3 0:02.00
701 0.0 0.3 0:02.00
701 0.0 0.3 0:02.00
701 0.0 0.3 0:02.01
701 0.0 0.3 0:02.01
701 0.0 0.3 0:02.01
701 0.0 0.3 0:02.01
701 0.0 0.3 0:02.01
701 0.0 0.3 0:02.01
701 0.0 0.3 0:02.01
701 0.0 0.3 0:02.01
701 0.0 0.3 0:02.01
701 0.0 0.3 0:02.01
701 0.0 0.3 0:02.01
701 0.0 0.3 0:02.01
701 0.0 0.3 0:02.03
701 0.0 0.3 0:02.03
701 0.0 0.3 0:02.03
701 0.0 0.3 0:02.03
701 0.0 0.3 0:02.03
701 0.0 0.3 0:02.03
701 0.0 0.3 0:02.03
701 0.0 0.3 0:02.04
701 0.0 0.3 0:02.04
701 0.0 0.3 0:02.04
701 0.0 0.3 0:02.04
701 0.0 0.3 0:02.04
701 0.0 0.3 0:02.04
701 0.0 0.3 0:02.04
701 0.0 0.3 0:02.04
701 0.0 0.3 0:02.04
701 0.0 0.3 0:02.04
701 0.0 0.3 0:02.04
701 0.0 0.3 0:02.06
701 0.0 0.3 0:02.06
701 0.0 0.3 0:02.06
701 0.0 0.3 0:02.06
701 10.5 0.3 0:02.08
701 0.0 0.3 0:02.08
701 0.0 0.3 0:02.08
701 0.0 0.3 0:02.08
701 0.0 0.3 0:02.08
701 0.0 0.3 0:02.08
701 0.0 0.3 0:02.08
701 0.0 0.3 0:02.08
701 0.0 0.3 0:02.08
701 0.0 0.3 0:02.08
701 0.0 0.3 0:02.08
701 0.0 0.3 0:02.08
701 0.0 0.3 0:02.08
701 0.0 0.3 0:02.08
701 0.0 0.3 0:02.08
701 0.0 0.3 0:02.09
701 0.0 0.3 0:02.09
701 0.0 0.3 0:02.09
701 0.0 0.3 0:02.09
701 0.0 0.3 0:02.10
701 0.0 0.3 0:02.10
701 0.0 0.3 0:02.11
701 0.0 0.3 0:02.11
701 0.0 0.3 0:02.11
701 0.0 0.3 0:02.11
701 0.0 0.3 0:02.11
701 0.0 0.3 0:02.11
701 0.0 0.3 0:02.11
701 0.0 0.3 0:02.11
701 0.0 0.3 0:02.11
701 0.0 0.3 0:02.12
701 0.0 0.3 0:02.12
701 0.0 0.3 0:02.12
701 0.0 0.3 0:02.13
701 0.0 0.3 0:02.13
701 0.0 0.3 0:02.13
701 0.0 0.3 0:02.13
701 0.0 0.3 0:02.13
701 0.0 0.3 0:02.13
701 0.0 0.3 0:02.14
701 0.0 0.3 0:02.14
701 0.0 0.3 0:02.14
701 0.0 0.3 0:02.14
701 0.0 0.3 0:02.14
701 0.0 0.3 0:02.14
701 0.0 0.3 0:02.14
701 0.0 0.3 0:02.14
701 0.0 0.3 0:02.14
701 0.0 0.3 0:02.15
701 0.0 0.3 0:02.15
701 0.0 0.3 0:02.15
701 0.0 0.3 0:02.17
701 0.0 0.3 0:02.17
701 0.0 0.3 0:02.17
701 0.0 0.3 0:02.17
701 0.0 0.3 0:02.17
701 0.0 0.3 0:02.17
701 0.0 0.3 0:02.17
701 0.0 0.3 0:02.17
701 0.0 0.3 0:02.17
701 0.0 0.3 0:02.19
701 0.0 0.3 0:02.19
701 0.0 0.3 0:02.19
701 0.0 0.3 0:02.19
701 0.0 0.3 0:02.19
701 0.0 0.3 0:02.19
701 0.0 0.3 0:02.19
701 0.0 0.3 0:02.19
701 0.0 0.3 0:02.19
701 0.0 0.3 0:02.19
701 0.0 0.3 0:02.19
701 0.0 0.3 0:02.19
701 0.0 0.3 0:02.19
701 0.0 0.3 0:02.19
701 0.0 0.3 0:02.21
701 0.0 0.3 0:02.21
701 0.0 0.3 0:02.21
701 0.0 0.3 0:02.21
701 0.0 0.3 0:02.21
701 0.0 0.3 0:02.21
701 0.0 0.3 0:02.21
701 0.0 0.3 0:02.21
701 0.0 0.3 0:02.21
701 0.0 0.3 0:02.21
701 0.0 0.3 0:02.21
701 0.0 0.3 0:02.21
701 0.0 0.3 0:02.21
701 0.0 0.3 0:02.21
701 0.0 0.3 0:02.21
701 0.0 0.3 0:02.21
701 0.0 0.3 0:02.21
701 0.0 0.3 0:02.21
701 0.0 0.3 0:02.21
701 0.0 0.3 0:02.21
701 0.0 0.3 0:02.21
701 0.0 0.3 0:02.21
701 0.0 0.3 0:02.21
701 0.0 0.3 0:02.21
701 0.0 0.3 0:02.21
701 0.0 0.3 0:02.22
701 0.0 0.3 0:02.22
701 0.0 0.3 0:02.22
701 0.0 0.3 0:02.22
701 0.0 0.3 0:02.22
701 0.0 0.3 0:02.22
701 0.0 0.3 0:02.23
701 0.0 0.3 0:02.23
701 0.0 0.3 0:02.23
701 0.0 0.3 0:02.23
701 0.0 0.3 0:02.23
701 0.0 0.3 0:02.23
701 0.0 0.3 0:02.23
701 5.3 0.3 0:02.24
701 0.0 0.3 0:02.24
701 0.0 0.3 0:02.24
701 0.0 0.3 0:02.24
701 0.0 0.3 0:02.24
701 0.0 0.3 0:02.24
701 0.0 0.3 0:02.24
701 0.0 0.3 0:02.24
701 0.0 0.3 0:02.24
701 0.0 0.3 0:02.24
701 0.0 0.3 0:02.25
701 0.0 0.3 0:02.25
701 0.0 0.3 0:02.25
701 0.0 0.3 0:02.26
701 0.0 0.3 0:02.26
701 0.0 0.3 0:02.26
701 0.0 0.3 0:02.26
701 0.0 0.3 0:02.26
701 0.0 0.3 0:02.26
701 0.0 0.3 0:02.26
701 0.0 0.3 0:02.26
701 0.0 0.3 0:02.26
701 0.0 0.3 0:02.26
701 0.0 0.3 0:02.26
701 0.0 0.3 0:02.26
701 0.0 0.3 0:02.27
701 0.0 0.3 0:02.27
701 0.0 0.3 0:02.28
701 0.0 0.3 0:02.28
701 5.6 0.3 0:02.30
701 0.0 0.3 0:02.30
701 0.0 0.3 0:02.30
701 0.0 0.3 0:02.31
701 0.0 0.3 0:02.31
701 0.0 0.3 0:02.31
701 0.0 0.3 0:02.31
701 0.0 0.3 0:02.31
701 0.0 0.3 0:02.31
701 0.0 0.3 0:02.31
701 0.0 0.3 0:02.31
701 0.0 0.3 0:02.31
701 0.0 0.3 0:02.31
701 0.0 0.3 0:02.31
701 0.0 0.3 0:02.31
701 0.0 0.3 0:02.31
701 0.0 0.3 0:02.31
701 0.0 0.3 0:02.32
701 0.0 0.3 0:02.32
701 0.0 0.3 0:02.32
701 0.0 0.3 0:02.33
701 0.0 0.3 0:02.33
701 0.0 0.3 0:02.33
701 0.0 0.3 0:02.33
701 0.0 0.3 0:02.34
701 0.0 0.3 0:02.34
701 0.0 0.3 0:02.34
701 0.0 0.3 0:02.34
701 0.0 0.3 0:02.34
701 0.0 0.3 0:02.34
701 0.0 0.3 0:02.35
701 0.0 0.3 0:02.35
701 0.0 0.3 0:02.35
701 0.0 0.3 0:02.35
701 5.6 0.3 0:02.36
701 0.0 0.3 0:02.36
701 0.0 0.3 0:02.37
701 0.0 0.3 0:02.38
701 0.0 0.3 0:02.38
701 0.0 0.3 0:02.39
701 5.3 0.3 0:02.40
701 0.0 0.3 0:02.40
701 0.0 0.3 0:02.40
701 0.0 0.3 0:02.42
701 0.0 0.3 0:02.42
701 0.0 0.3 0:02.42
701 0.0 0.3 0:02.42
701 0.0 0.3 0:02.42
701 0.0 0.3 0:02.42
701 0.0 0.3 0:02.42
701 0.0 0.3 0:02.42
701 0.0 0.3 0:02.42
701 0.0 0.3 0:02.42
701 0.0 0.3 0:02.42
701 0.0 0.3 0:02.42
701 0.0 0.3 0:02.42
701 0.0 0.3 0:02.44
701 0.0 0.3 0:02.44
701 0.0 0.3 0:02.44
701 0.0 0.3 0:02.44
701 0.0 0.3 0:02.44
701 0.0 0.3 0:02.44
701 0.0 0.3 0:02.44
701 0.0 0.3 0:02.44
701 0.0 0.3 0:02.44
701 0.0 0.3 0:02.44
701 0.0 0.3 0:02.44
701 0.0 0.3 0:02.45
701 0.0 0.3 0:02.45
701 0.0 0.3 0:02.45
701 0.0 0.3 0:02.45
701 0.0 0.3 0:02.45
701 0.0 0.3 0:02.45
701 0.0 0.3 0:02.46
701 0.0 0.3 0:02.46
701 0.0 0.3 0:02.46
701 0.0 0.3 0:02.46
701 0.0 0.3 0:02.46
701 0.0 0.3 0:02.46
701 0.0 0.3 0:02.46
701 0.0 0.3 0:02.46
701 0.0 0.3 0:02.47
701 0.0 0.3 0:02.47
701 0.0 0.3 0:02.47
701 0.0 0.3 0:02.47
701 0.0 0.3 0:02.47
701 0.0 0.3 0:02.47
701 0.0 0.3 0:02.47
701 0.0 0.3 0:02.47
701 0.0 0.3 0:02.47
701 0.0 0.3 0:02.47
701 0.0 0.3 0:02.47
701 0.0 0.3 0:02.47
701 0.0 0.3 0:02.47
701 0.0 0.3 0:02.47
701 0.0 0.3 0:02.47
701 0.0 0.3 0:02.47
701 0.0 0.3 0:02.47
701 0.0 0.3 0:02.47
701 0.0 0.3 0:02.47
