705 5.6 0.4 0:31.64
705 0.0 0.4 0:31.66
705 0.0 0.4 0:31.68
705 5.6 0.4 0:31.71
705 0.0 0.4 0:31.73
705 0.0 0.4 0:31.76
705 5.6 0.4 0:31.79
705 0.0 0.4 0:31.83
705 0.0 0.4 0:31.84
705 5.6 0.4 0:31.87
705 0.0 0.4 0:31.89
705 0.0 0.4 0:31.91
705 5.6 0.4 0:31.94
705 5.3 0.4 0:31.97
705 0.0 0.4 0:31.98
705 0.0 0.4 0:32.01
705 0.0 0.4 0:32.03
705 5.3 0.4 0:32.06
705 0.0 0.4 0:32.08
705 10.0 0.4 0:32.12
705 5.6 0.4 0:32.14
705 5.3 0.4 0:32.17
705 5.3 0.4 0:32.20
705 0.0 0.4 0:32.22
705 0.0 0.4 0:32.24
705 0.0 0.4 0:32.27
705 5.6 0.4 0:32.30
705 0.0 0.4 0:32.32
705 5.3 0.4 0:32.35
705 0.0 0.4 0:32.37
705 5.3 0.4 0:32.40
705 0.0 0.4 0:32.42
705 0.0 0.4 0:32.45
705 5.6 0.4 0:32.47
705 0.0 0.4 0:32.49
705 5.0 0.4 0:32.52
705 0.0 0.4 0:32.54
705 5.9 0.4 0:32.57
705 0.0 0.4 0:32.59
705 0.0 0.4 0:32.61
705 0.0 0.4 0:32.63
705 0.0 0.4 0:32.65
705 0.0 0.4 0:32.68
705 0.0 0.4 0:32.71
705 5.6 0.4 0:32.74
705 0.0 0.4 0:32.76
705 0.0 0.4 0:32.79
705 0.0 0.4 0:32.81
705 5.3 0.4 0:32.84
705 0.0 0.4 0:32.87
705 5.6 0.4 0:32.90
705 0.0 0.4 0:32.92
705 0.0 0.4 0:32.95
705 0.0 0.4 0:32.97
705 0.0 0.4 0:33.00
705 0.0 0.4 0:33.02
705 0.0 0.4 0:33.05
705 5.3 0.4 0:33.08
705 0.0 0.4 0:33.10
705 5.3 0.4 0:33.13
705 0.0 0.4 0:33.15
705 0.0 0.4 0:33.17
705 5.6 0.4 0:33.20
705 0.0 0.4 0:33.22
705 5.3 0.4 0:33.25
705 0.0 0.4 0:33.28
705 5.6 0.4 0:33.30
705 0.0 0.4 0:33.32
705 0.0 0.4 0:33.34
705 5.6 0.4 0:33.37
705 0.0 0.4 0:33.39
705 0.0 0.4 0:33.42
705 0.0 0.4 0:33.43
705 5.0 0.4 0:33.46
705 0.0 0.4 0:33.48
705 0.0 0.4 0:33.51
705 5.6 0.4 0:33.54
705 0.0 0.4 0:33.55
705 5.6 0.4 0:33.58
705 0.0 0.4 0:33.60
705 0.0 0.4 0:33.60
705 0.0 0.4 0:33.60
705 0.0 0.4 0:33.60
705 0.0 0.4 0:33.60
705 0.0 0.4 0:33.60
705 0.0 0.4 0:33.60
705 0.0 0.4 0:33.60
705 0.0 0.4 0:33.60
705 0.0 0.4 0:33.60
705 0.0 0.4 0:33.60
705 0.0 0.4 0:33.60
705 0.0 0.4 0:33.60
705 0.0 0.4 0:33.60
705 0.0 0.4 0:33.60
705 0.0 0.4 0:33.60
705 0.0 0.4 0:33.60
705 0.0 0.4 0:33.60
705 0.0 0.4 0:33.60
705 0.0 0.4 0:33.60
705 0.0 0.4 0:33.60
