705 0.0 0.4 0:57.98
705 5.3 0.4 0:58.00
705 0.0 0.4 0:58.02
705 0.0 0.4 0:58.04
705 0.0 0.4 0:58.05
705 0.0 0.4 0:58.06
705 5.6 0.4 0:58.09
705 5.6 0.4 0:58.11
705 0.0 0.4 0:58.12
705 0.0 0.4 0:58.14
705 0.0 0.4 0:58.16
705 0.0 0.4 0:58.18
705 5.6 0.4 0:58.20
705 5.3 0.4 0:58.22
705 5.3 0.4 0:58.24
705 0.0 0.4 0:58.25
705 0.0 0.4 0:58.27
705 5.3 0.4 0:58.29
705 0.0 0.4 0:58.30
705 0.0 0.4 0:58.32
705 0.0 0.4 0:58.34
705 0.0 0.4 0:58.36
705 0.0 0.4 0:58.38
705 0.0 0.4 0:58.40
705 0.0 0.4 0:58.41
705 0.0 0.4 0:58.43
705 0.0 0.4 0:58.44
705 0.0 0.4 0:58.46
705 0.0 0.4 0:58.48
705 0.0 0.4 0:58.50
705 0.0 0.4 0:58.52
705 0.0 0.4 0:58.53
705 0.0 0.4 0:58.55
705 0.0 0.4 0:58.57
705 5.6 0.4 0:58.60
705 5.6 0.4 0:58.62
705 0.0 0.4 0:58.63
705 0.0 0.4 0:58.65
705 5.3 0.4 0:58.67
705 0.0 0.4 0:58.68
705 5.6 0.4 0:58.70
705 5.3 0.4 0:58.72
705 0.0 0.4 0:58.73
705 0.0 0.4 0:58.74
705 0.0 0.4 0:58.76
705 0.0 0.4 0:58.78
705 0.0 0.4 0:58.80
705 0.0 0.4 0:58.82
705 0.0 0.4 0:58.84
705 0.0 0.4 0:58.86
705 0.0 0.4 0:58.87
705 0.0 0.4 0:58.89
705 0.0 0.4 0:58.91
705 0.0 0.4 0:58.93
705 5.6 0.4 0:58.95
705 5.3 0.4 0:58.97
705 0.0 0.4 0:58.99
705 5.3 0.4 0:59.01
705 0.0 0.4 0:59.02
705 0.0 0.4 0:59.04
705 0.0 0.4 0:59.07
705 0.0 0.4 0:59.09
705 0.0 0.4 0:59.09
705 0.0 0.4 0:59.11
705 5.6 0.4 0:59.13
705 0.0 0.4 0:59.14
705 0.0 0.4 0:59.16
705 5.3 0.4 0:59.19
705 0.0 0.4 0:59.20
705 0.0 0.4 0:59.23
705 5.3 0.4 0:59.25
705 0.0 0.4 0:59.26
705 0.0 0.4 0:59.29
705 0.0 0.4 0:59.30
705 0.0 0.4 0:59.32
705 0.0 0.4 0:59.35
705 10.5 0.4 0:59.37
705 0.0 0.4 0:59.37
705 0.0 0.4 0:59.39
705 0.0 0.4 0:59.40
705 0.0 0.4 0:59.40
705 0.0 0.4 0:59.40
705 0.0 0.4 0:59.40
705 0.0 0.4 0:59.40
705 0.0 0.4 0:59.40
705 0.0 0.4 0:59.40
705 0.0 0.4 0:59.40
