705 2.9 0.4 0:00.03
705 3.6 0.4 0:00.03
705 5.3 0.4 0:00.04
705 5.3 0.4 0:00.05
705 10.5 0.4 0:00.13
705 5.3 0.4 0:00.17
705 0.0 0.4 0:00.21
705 5.6 0.4 0:00.26
705 0.0 0.4 0:00.30
705 10.5 0.4 0:00.35
705 0.0 0.4 0:00.37
1705 15.8 0.2 0:00.03
705 0.0 0.4 0:00.45
705 5.6 0.4 0:00.50
705 0.0 0.4 0:00.53
705 5.3 0.4 0:00.57
705 5.6 0.4 0:00.60
705 0.0 0.4 0:00.63
705 5.6 0.4 0:00.68
705 5.3 0.4 0:00.71
705 5.6 0.4 0:00.74
705 5.6 0.4 0:00.78
705 5.6 0.4 0:00.81
705 0.0 0.4 0:00.84
705 5.3 0.4 0:00.88
705 0.0 0.4 0:00.91
705 0.0 0.4 0:00.95
705 10.5 0.4 0:00.99
705 4.8 0.4 0:01.03
705 11.1 0.4 0:01.08
705 0.0 0.4 0:01.11
705 5.0 0.4 0:01.15
705 0.0 0.4 0:01.18
705 5.6 0.4 0:01.22
705 5.6 0.4 0:01.25
705 0.0 0.4 0:01.28
705 0.0 0.4 0:01.31
705 0.0 0.4 0:01.35
705 0.0 0.4 0:01.38
705 0.0 0.4 0:01.41
705 0.0 0.4 0:01.45
705 5.6 0.4 0:01.49
705 0.0 0.4 0:01.52
705 5.6 0.4 0:01.57
705 0.0 0.4 0:01.61
705 5.3 0.4 0:01.65
705 5.3 0.4 0:01.69
705 0.0 0.4 0:01.72
705 5.3 0.4 0:01.76
705 0.0 0.4 0:01.80
705 0.0 0.4 0:01.84
705 5.6 0.4 0:01.89
705 5.6 0.4 0:01.92
705 5.3 0.4 0:01.96
705 0.0 0.4 0:02.00
705 4.8 0.4 0:02.04
705 5.3 0.4 0:02.08
705 5.3 0.4 0:02.12
705 0.0 0.4 0:02.15
705 5.3 0.4 0:02.19
705 0.0 0.4 0:02.22
705 0.0 0.4 0:02.26
705 9.5 0.4 0:02.32
705 5.3 0.4 0:02.35
705 0.0 0.4 0:02.38
705 0.0 0.4 0:02.42
705 0.0 0.4 0:02.47
705 10.5 0.4 0:02.52
705 9.5 0.4 0:02.56
705 0.0 0.4 0:02.58
KiB used, 253724 buff/cache
705 0.0 0.4 0:02.65
705 5.3 0.4 0:02.69
705 5.3 0.4 0:02.73
705 0.0 0.4 0:02.76
705 5.6 0.4 0:02.80
705 5.6 0.4 0:02.84
705 0.0 0.4 0:02.87
705 0.0 0.4 0:02.90
705 0.0 0.4 0:02.91
705 0.0 0.4 0:02.91
705 0.0 0.4 0:02.91
705 0.0 0.4 0:02.91
705 0.0 0.4 0:02.91
705 0.0 0.4 0:02.91
705 0.0 0.4 0:02.91
705 0.0 0.4 0:02.91
