705 10.5 0.4 0:55.14
705 0.0 0.4 0:55.14
705 5.6 0.4 0:55.16
705 0.0 0.4 0:55.17
705 0.0 0.4 0:55.19
705 5.9 0.4 0:55.21
705 0.0 0.4 0:55.22
705 0.0 0.4 0:55.24
705 0.0 0.4 0:55.26
705 5.6 0.4 0:55.28
705 0.0 0.4 0:55.29
705 0.0 0.4 0:55.31
705 5.6 0.4 0:55.33
705 5.6 0.4 0:55.35
705 0.0 0.4 0:55.36
705 0.0 0.4 0:55.38
705 5.3 0.4 0:55.40
705 0.0 0.4 0:55.41
705 0.0 0.4 0:55.43
705 5.6 0.4 0:55.45
705 0.0 0.4 0:55.46
705 0.0 0.4 0:55.48
705 5.6 0.4 0:55.50
705 0.0 0.4 0:55.51
705 0.0 0.4 0:55.53
705 0.0 0.4 0:55.55
705 5.3 0.4 0:55.57
705 0.0 0.4 0:55.58
705 5.3 0.4 0:55.60
705 0.0 0.4 0:55.61
705 5.6 0.4 0:55.63
705 0.0 0.4 0:55.64
705 0.0 0.4 0:55.66
705 5.6 0.4 0:55.68
705 0.0 0.4 0:55.70
705 0.0 0.4 0:55.71
705 0.0 0.4 0:55.73
705 0.0 0.4 0:55.75
705 0.0 0.4 0:55.77
705 0.0 0.4 0:55.79
705 0.0 0.4 0:55.81
705 5.6 0.4 0:55.83
KiB used, 356724 buff/cache
705 0.0 0.4 0:55.86
705 5.3 0.4 0:55.88
705 0.0 0.4 0:55.89
705 0.0 0.4 0:55.91
705 5.0 0.4 0:55.93
705 5.0 0.4 0:55.95
705 0.0 0.4 0:55.97
705 0.0 0.4 0:55.98
705 0.0 0.4 0:56.00
705 5.6 0.4 0:56.02
705 0.0 0.4 0:56.03
705 0.0 0.4 0:56.06
705 0.0 0.4 0:56.06
705 0.0 0.4 0:56.08
705 0.0 0.4 0:56.10
705 0.0 0.4 0:56.12
705 0.0 0.4 0:56.13
705 0.0 0.4 0:56.15
705 5.6 0.4 0:56.18
705 5.3 0.4 0:56.20
705 0.0 0.4 0:56.21
705 5.3 0.4 0:56.23
705 0.0 0.4 0:56.24
705 0.0 0.4 0:56.27
705 5.3 0.4 0:56.29
705 0.0 0.4 0:56.30
KiB used, 357056 buff/cache
705 5.6 0.4 0:56.34
705 0.0 0.4 0:56.36
705 0.0 0.4 0:56.38
705 0.0 0.4 0:56.40
705 0.0 0.4 0:56.41
705 0.0 0.4 0:56.42
705 5.6 0.4 0:56.45
705 0.0 0.4 0:56.46
705 0.0 0.4 0:56.48
705 5.3 0.4 0:56.50
705 0.0 0.4 0:56.50
705 0.0 0.4 0:56.50
705 0.0 0.4 0:56.50
705 0.0 0.4 0:56.50
705 0.0 0.4 0:56.50
705 0.0 0.4 0:56.50
705 0.0 0.4 0:56.50
705 0.0 0.4 0:56.50
705 0.0 0.4 0:56.50
705 0.0 0.4 0:56.50
705 0.0 0.4 0:56.50
705 0.0 0.4 0:56.50
705 0.0 0.4 0:56.50
705 0.0 0.4 0:56.50
705 0.0 0.4 0:56.50
705 0.0 0.4 0:56.50
705 0.0 0.4 0:56.50
705 0.0 0.4 0:56.50
705 0.0 0.4 0:56.50
705 0.0 0.4 0:56.50
