706 0.0 0.4 0:41.50
706 5.3 0.4 0:41.52
706 0.0 0.4 0:41.54
706 0.0 0.4 0:41.57
706 5.3 0.4 0:41.60
706 5.9 0.4 0:41.62
706 5.3 0.4 0:41.64
706 0.0 0.4 0:41.66
706 0.0 0.4 0:41.68
706 4.8 0.4 0:41.72
706 0.0 0.4 0:41.74
706 0.0 0.4 0:41.76
706 0.0 0.4 0:41.80
706 0.0 0.4 0:41.81
706 0.0 0.4 0:41.83
706 0.0 0.4 0:41.85
706 0.0 0.4 0:41.88
706 0.0 0.4 0:41.91
706 5.3 0.4 0:41.93
706 0.0 0.4 0:41.95
706 5.6 0.4 0:41.97
706 0.0 0.4 0:41.99
706 0.0 0.4 0:42.01
706 0.0 0.4 0:42.03
706 0.0 0.4 0:42.06
706 5.3 0.4 0:42.09
706 0.0 0.4 0:42.11
706 10.0 0.4 0:42.15
706 0.0 0.4 0:42.16
706 0.0 0.4 0:42.18
706 10.5 0.4 0:42.22
706 0.0 0.4 0:42.23
706 5.6 0.4 0:42.26
706 5.0 0.4 0:42.29
706 5.6 0.4 0:42.31
706 0.0 0.4 0:42.33
706 0.0 0.4 0:42.35
706 5.3 0.4 0:42.38
706 5.3 0.4 0:42.40
706 0.0 0.4 0:42.42
706 5.6 0.4 0:42.44
706 0.0 0.4 0:42.46
706 0.0 0.4 0:42.48
706 5.6 0.4 0:42.51
706 5.6 0.4 0:42.54
706 0.0 0.4 0:42.55
706 5.6 0.4 0:42.58
706 5.6 0.4 0:42.60
706 0.0 0.4 0:42.61
706 0.0 0.4 0:42.63
706 0.0 0.4 0:42.66
706 0.0 0.4 0:42.68
706 0.0 0.4 0:42.70
706 0.0 0.4 0:42.72
706 0.0 0.4 0:42.74
706 0.0 0.4 0:42.76
706 0.0 0.4 0:42.78
706 10.5 0.4 0:42.82
706 5.3 0.4 0:42.83
706 0.0 0.4 0:42.85
706 5.3 0.4 0:42.88
706 0.0 0.4 0:42.90
706 0.0 0.4 0:42.92
706 5.0 0.4 0:42.95
706 0.0 0.4 0:42.97
706 0.0 0.4 0:43.00
706 0.0 0.4 0:43.03
706 0.0 0.4 0:43.03
706 0.0 0.4 0:43.06
706 0.0 0.4 0:43.08
706 5.6 0.4 0:43.11
706 0.0 0.4 0:43.12
706 0.0 0.4 0:43.15
706 0.0 0.4 0:43.17
706 5.3 0.4 0:43.20
706 0.0 0.4 0:43.23
706 5.3 0.4 0:43.25
706 0.0 0.4 0:43.27
706 0.0 0.4 0:43.29
706 0.0 0.4 0:43.30
706 0.0 0.4 0:43.31
706 0.0 0.4 0:43.31
706 0.0 0.4 0:43.31
706 0.0 0.4 0:43.31
706 0.0 0.4 0:43.31
706 0.0 0.4 0:43.31
706 0.0 0.4 0:43.31
706 0.0 0.4 0:43.31
706 0.0 0.4 0:43.31
706 0.0 0.4 0:43.31
706 0.0 0.4 0:43.31
706 0.0 0.4 0:43.31
706 0.0 0.4 0:43.31
