706 11.1 0.4 0:27.37
706 5.3 0.4 0:27.39
706 0.0 0.4 0:27.42
706 0.0 0.4 0:27.45
706 0.0 0.4 0:27.48
706 0.0 0.4 0:27.48
706 0.0 0.4 0:27.48
706 0.0 0.4 0:27.48
706 0.0 0.4 0:27.48
706 0.0 0.4 0:27.48
706 0.0 0.4 0:27.48
706 0.0 0.4 0:27.48
706 0.0 0.4 0:27.48
706 0.0 0.4 0:27.48
706 0.0 0.4 0:27.48
706 0.0 0.4 0:27.48
706 0.0 0.4 0:27.48
706 0.0 0.4 0:27.48
706 0.0 0.4 0:27.48
706 0.0 0.4 0:27.49
706 0.0 0.4 0:27.51
706 0.0 0.4 0:27.54
706 5.6 0.4 0:27.57
706 0.0 0.4 0:27.59
706 0.0 0.4 0:27.62
706 0.0 0.4 0:27.64
706 0.0 0.4 0:27.67
706 0.0 0.4 0:27.69
706 0.0 0.4 0:27.71
706 5.3 0.4 0:27.74
706 0.0 0.4 0:27.76
706 0.0 0.4 0:27.79
706 0.0 0.4 0:27.81
706 0.0 0.4 0:27.84
706 0.0 0.4 0:27.87
706 10.0 0.4 0:27.91
706 4.8 0.4 0:27.92
706 0.0 0.4 0:27.95
706 0.0 0.4 0:27.97
706 0.0 0.4 0:27.99
706 5.6 0.4 0:28.02
706 0.0 0.4 0:28.04
706 5.6 0.4 0:28.07
706 5.0 0.4 0:28.10
706 0.0 0.4 0:28.12
706 0.0 0.4 0:28.14
706 0.0 0.4 0:28.17
706 0.0 0.4 0:28.20
706 0.0 0.4 0:28.22
706 0.0 0.4 0:28.24
706 5.3 0.4 0:28.27
706 0.0 0.4 0:28.29
706 0.0 0.4 0:28.31
706 5.6 0.4 0:28.34
706 5.0 0.4 0:28.36
706 0.0 0.4 0:28.38
706 0.0 0.4 0:28.40
706 0.0 0.4 0:28.43
706 0.0 0.4 0:28.46
706 5.9 0.4 0:28.49
706 0.0 0.4 0:28.52
706 0.0 0.4 0:28.54
706 5.6 0.4 0:28.57
706 0.0 0.4 0:28.60
706 5.9 0.4 0:28.63
706 0.0 0.4 0:28.65
706 0.0 0.4 0:28.68
706 0.0 0.4 0:28.70
706 5.3 0.4 0:28.73
706 5.0 0.4 0:28.75
706 0.0 0.4 0:28.77
706 0.0 0.4 0:28.80
706 0.0 0.4 0:28.83
706 0.0 0.4 0:28.86
706 0.0 0.4 0:28.90
706 0.0 0.4 0:28.92
706 0.0 0.4 0:28.94
706 0.0 0.4 0:28.98
706 5.0 0.4 0:29.00
706 5.3 0.4 0:29.03
706 0.0 0.4 0:29.05
706 5.0 0.4 0:29.09
706 5.3 0.4 0:29.11
706 0.0 0.4 0:29.13
706 5.0 0.4 0:29.16
706 0.0 0.4 0:29.18
706 5.3 0.4 0:29.21
706 5.0 0.4 0:29.24
706 5.6 0.4 0:29.27
706 0.0 0.4 0:29.29
706 0.0 0.4 0:29.31
706 5.3 0.4 0:29.34
706 0.0 0.4 0:29.36
706 0.0 0.4 0:29.36
706 0.0 0.4 0:29.36
706 0.0 0.4 0:29.36
706 0.0 0.4 0:29.36
706 0.0 0.4 0:29.36
706 0.0 0.4 0:29.36
706 0.0 0.4 0:29.36
706 0.0 0.4 0:29.36
706 0.0 0.4 0:29.36
706 0.0 0.4 0:29.36
706 0.0 0.4 0:29.36
706 0.0 0.4 0:29.36
706 0.0 0.4 0:29.36
706 0.0 0.4 0:29.36
706 0.0 0.4 0:29.36
706 0.0 0.4 0:29.36
706 0.0 0.4 0:29.36
706 0.0 0.4 0:29.36
706 0.0 0.4 0:29.36
