706 5.3 0.4 0:48.61
706 0.0 0.4 0:48.63
706 0.0 0.4 0:48.65
706 5.3 0.4 0:48.68
706 0.0 0.4 0:48.70
706 0.0 0.4 0:48.72
706 0.0 0.4 0:48.74
706 0.0 0.4 0:48.76
706 5.6 0.4 0:48.79
706 5.6 0.4 0:48.81
706 5.6 0.4 0:48.83
706 0.0 0.4 0:48.84
706 0.0 0.4 0:48.86
706 5.6 0.4 0:48.88
706 0.0 0.4 0:48.90
706 5.3 0.4 0:48.92
706 0.0 0.4 0:48.94
706 0.0 0.4 0:48.97
706 0.0 0.4 0:48.99
706 5.3 0.4 0:49.01
706 0.0 0.4 0:49.02
706 0.0 0.4 0:49.05
706 0.0 0.4 0:49.06
706 5.6 0.4 0:49.09
706 5.6 0.4 0:49.11
706 5.6 0.4 0:49.13
706 5.6 0.4 0:49.15
706 5.6 0.4 0:49.17
706 5.6 0.4 0:49.19
706 5.6 0.4 0:49.21
706 5.6 0.4 0:49.23
706 5.6 0.4 0:49.25
706 5.6 0.4 0:49.27
706 5.0 0.4 0:49.29
706 0.0 0.4 0:49.31
706 0.0 0.4 0:49.33
706 0.0 0.4 0:49.35
706 0.0 0.4 0:49.37
706 0.0 0.4 0:49.39
706 5.9 0.4 0:49.41
706 0.0 0.4 0:49.42
706 0.0 0.4 0:49.44
706 0.0 0.4 0:49.46
706 0.0 0.4 0:49.48
706 0.0 0.4 0:49.51
706 0.0 0.4 0:49.52
706 5.3 0.4 0:49.54
706 0.0 0.4 0:49.56
706 0.0 0.4 0:49.58
706 0.0 0.4 0:49.61
706 0.0 0.4 0:49.63
706 0.0 0.4 0:49.65
706 0.0 0.4 0:49.67
706 0.0 0.4 0:49.69
706 5.3 0.4 0:49.71
706 0.0 0.4 0:49.72
706 0.0 0.4 0:49.74
706 5.3 0.4 0:49.77
706 0.0 0.4 0:49.78
706 5.6 0.4 0:49.80
706 0.0 0.4 0:49.82
706 0.0 0.4 0:49.84
706 0.0 0.4 0:49.85
706 5.6 0.4 0:49.88
706 0.0 0.4 0:49.90
706 0.0 0.4 0:49.92
706 0.0 0.4 0:49.94
706 0.0 0.4 0:49.96
706 0.0 0.4 0:49.98
706 5.0 0.4 0:50.01
706 0.0 0.4 0:50.02
706 0.0 0.4 0:50.04
706 5.6 0.4 0:50.07
23706 16.7 0.2 0:00.03
706 0.0 0.4 0:50.11
706 0.0 0.4 0:50.13
706 0.0 0.4 0:50.15
706 0.0 0.4 0:50.17
706 0.0 0.4 0:50.19
706 0.0 0.4 0:50.21
706 0.0 0.4 0:50.22
706 0.0 0.4 0:50.22
706 0.0 0.4 0:50.22
706 0.0 0.4 0:50.22
706 0.0 0.4 0:50.22
706 0.0 0.4 0:50.22
