707 5.3 0.4 1:28.80
707 5.6 0.4 1:28.83
707 5.3 0.4 1:28.86
707 0.0 0.4 1:28.89
707 0.0 0.4 1:28.92
707 4.8 0.4 1:28.95
707 5.6 0.4 1:28.97
707 0.0 0.4 1:28.99
707 5.3 0.4 1:29.02
707 5.0 0.4 1:29.05
707 5.6 0.4 1:29.08
707 5.6 0.4 1:29.10
707 11.1 0.4 1:29.14
707 0.0 0.4 1:29.15
707 5.6 0.4 1:29.19
707 5.6 0.4 1:29.22
707 5.6 0.4 1:29.25
707 0.0 0.4 1:29.28
707 0.0 0.4 1:29.31
707 0.0 0.4 1:29.34
707 5.6 0.4 1:29.37
707 0.0 0.4 1:29.38
707 0.0 0.4 1:29.42
707 5.6 0.4 1:29.44
707 0.0 0.4 1:29.46
707 5.3 0.4 1:29.50
707 5.6 0.4 1:29.53
707 0.0 0.4 1:29.56
707 5.3 0.4 1:29.58
707 0.0 0.4 1:29.60
707 0.0 0.4 1:29.63
707 5.3 0.4 1:29.65
707 5.3 0.4 1:29.69
707 5.6 0.4 1:29.71
707 4.5 0.4 1:29.73
707 5.6 0.4 1:29.76
707 0.0 0.4 1:29.78
707 5.3 0.4 1:29.81
707 5.6 0.4 1:29.84
707 10.5 0.4 1:29.88
707 0.0 0.4 1:29.89
707 5.6 0.4 1:29.92
707 0.0 0.4 1:29.95
707 5.6 0.4 1:29.98
707 0.0 0.4 1:30.00
707 5.6 0.4 1:30.04
707 0.0 0.4 1:30.06
707 0.0 0.4 1:30.08
707 5.3 0.4 1:30.11
707 0.0 0.4 1:30.13
707 5.3 0.4 1:30.16
707 0.0 0.4 1:30.19
707 0.0 0.4 1:30.21
707 0.0 0.4 1:30.24
707 5.6 0.4 1:30.27
17075 11.1 0.2 0:00.04
707 0.0 0.4 1:30.33
707 5.6 0.4 1:30.37
707 0.0 0.4 1:30.40
707 0.0 0.4 1:30.43
707 0.0 0.4 1:30.45
707 0.0 0.4 1:30.47
707 5.9 0.4 1:30.50
707 0.0 0.4 1:30.52
707 0.0 0.4 1:30.56
707 0.0 0.4 1:30.58
707 5.6 0.4 1:30.61
707 0.0 0.4 1:30.64
707 11.1 0.4 1:30.68
707 5.3 0.4 1:30.71
707 0.0 0.4 1:30.73
707 5.3 0.4 1:30.77
707 0.0 0.4 1:30.80
707 0.0 0.4 1:30.82
707 10.5 0.4 1:30.86
707 0.0 0.4 1:30.87
707 0.0 0.4 1:30.90
707 0.0 0.4 1:30.92
707 5.0 0.4 1:30.96
707 0.0 0.4 1:30.98
707 0.0 0.4 1:30.99
707 0.0 0.4 1:30.99
707 0.0 0.4 1:30.99
707 0.0 0.4 1:30.99
707 0.0 0.4 1:30.99
