707 0.0 0.4 0:58.92
707 0.0 0.4 0:58.96
707 0.0 0.4 0:58.99
707 0.0 0.4 0:59.03
707 0.0 0.4 0:59.06
707 5.3 0.4 0:59.10
707 0.0 0.4 0:59.13
707 5.6 0.4 0:59.17
707 11.1 0.4 0:59.21
707 5.0 0.4 0:59.24
707 0.0 0.4 0:59.27
707 5.3 0.4 0:59.30
707 0.0 0.4 0:59.33
707 4.8 0.4 0:59.37
707 5.6 0.4 0:59.41
707 5.6 0.4 0:59.44
707 0.0 0.4 0:59.47
707 5.6 0.4 0:59.51
707 5.6 0.4 0:59.54
707 0.0 0.4 0:59.57
707 5.9 0.4 0:59.61
707 0.0 0.4 0:59.64
707 0.0 0.4 0:59.67
707 5.6 0.4 0:59.71
707 5.3 0.4 0:59.74
707 5.6 0.4 0:59.78
707 5.6 0.4 0:59.81
707 11.8 0.4 0:59.86
707 0.0 0.4 0:59.88
707 5.6 0.4 0:59.92
707 5.3 0.4 0:59.95
707 5.3 0.4 0:59.99
707 5.6 0.4 1:00.03
707 5.6 0.4 1:00.06
707 5.6 0.4 1:00.09
707 5.3 0.4 1:00.13
707 5.3 0.4 1:00.16
707 4.8 0.4 1:00.20
707 5.6 0.4 1:00.24
707 5.6 0.4 1:00.28
707 0.0 0.4 1:00.31
707 5.3 0.4 1:00.36
707 5.6 0.4 1:00.40
707 0.0 0.4 1:00.44
707 5.6 0.4 1:00.48
707 0.0 0.4 1:00.51
707 0.0 0.4 1:00.54
707 0.0 0.4 1:00.57
707 5.0 0.4 1:00.61
707 5.6 0.4 1:00.65
707 5.3 0.4 1:00.69
707 10.0 0.4 1:00.73
707 4.5 0.4 1:00.77
707 4.8 0.4 1:00.82
707 0.0 0.4 1:00.85
707 0.0 0.4 1:00.88
707 11.1 0.4 1:00.92
707 0.0 0.4 1:00.95
707 0.0 0.4 1:00.97
707 0.0 0.4 1:01.01
707 0.0 0.4 1:01.04
707 0.0 0.4 1:01.07
707 5.6 0.4 1:01.10
707 0.0 0.4 1:01.13
707 11.1 0.4 1:01.18
707 0.0 0.4 1:01.20
707 0.0 0.4 1:01.23
707 0.0 0.4 1:01.26
707 5.6 0.4 1:01.30
707 5.6 0.4 1:01.34
707 4.8 0.4 1:01.38
707 10.5 0.4 1:01.42
707 5.0 0.4 1:01.44
707 0.0 0.4 1:01.47
707 0.0 0.4 1:01.51
707 5.6 0.4 1:01.55
707 5.6 0.4 1:01.60
707 0.0 0.4 1:01.63
707 0.0 0.4 1:01.66
707 0.0 0.4 1:01.70
707 0.0 0.4 1:01.70
707 0.0 0.4 1:01.70
707 0.0 0.4 1:01.70
707 0.0 0.4 1:01.70
707 0.0 0.4 1:01.70
707 0.0 0.4 1:01.70
707 0.0 0.4 1:01.70
707 0.0 0.4 1:01.70
707 0.0 0.4 1:01.70
707 0.0 0.4 1:01.70
