708 5.6 0.4 0:06.77
708 5.6 0.4 0:06.82
708 5.6 0.4 0:06.86
708 5.3 0.4 0:06.91
708 5.6 0.4 0:06.96
708 0.0 0.4 0:07.00
708 5.9 0.4 0:07.04
708 5.9 0.4 0:07.08
708 5.6 0.4 0:07.12
KiB used, 314708 buff/cache
708 4.5 0.4 0:07.22
708 0.0 0.4 0:07.27
708 5.3 0.4 0:07.31
708 11.1 0.4 0:07.37
708 0.0 0.4 0:07.40
708 0.0 0.4 0:07.44
708 5.3 0.4 0:07.49
708 4.5 0.4 0:07.54
708 10.5 0.4 0:07.59
708 0.0 0.4 0:07.61
708 5.3 0.4 0:07.65
708 5.6 0.4 0:07.70
708 5.6 0.4 0:07.73
708 0.0 0.4 0:07.76
708 5.6 0.4 0:07.81
708 5.6 0.4 0:07.86
708 5.6 0.4 0:07.90
708 0.0 0.4 0:07.94
708 0.0 0.4 0:07.97
KiB used, 315240 buff/cache
708 0.0 0.4 0:08.04
708 4.5 0.4 0:08.09
708 0.0 0.4 0:08.12
708 4.3 0.4 0:08.17
708 5.6 0.4 0:08.21
708 4.3 0.4 0:08.26
708 0.0 0.4 0:08.30
708 5.0 0.4 0:08.35
708 0.0 0.4 0:08.38
708 11.8 0.4 0:08.44
708 0.0 0.4 0:08.48
708 11.1 0.4 0:08.53
708 4.0 0.4 0:08.58
708 4.0 0.4 0:08.63
708 5.0 0.4 0:08.67
708 4.3 0.4 0:08.72
708 5.3 0.4 0:08.77
708 4.5 0.4 0:08.81
708 0.0 0.4 0:08.85
708 5.6 0.4 0:08.90
708 4.8 0.4 0:08.94
708 11.1 0.4 0:08.99
708 5.6 0.4 0:09.02
708 0.0 0.4 0:09.06
708 0.0 0.4 0:09.10
708 5.6 0.4 0:09.15
708 0.0 0.4 0:09.19
708 10.5 0.4 0:09.25
708 0.0 0.4 0:09.28
708 0.0 0.4 0:09.32
708 0.0 0.4 0:09.37
708 11.1 0.4 0:09.42
708 5.6 0.4 0:09.45
708 0.0 0.4 0:09.50
708 4.8 0.4 0:09.55
708 0.0 0.4 0:09.59
708 5.6 0.4 0:09.63
708 4.3 0.4 0:09.68
708 5.6 0.4 0:09.72
708 5.0 0.4 0:09.76
708 0.0 0.4 0:09.80
708 5.6 0.4 0:09.84
708 0.0 0.4 0:09.87
708 5.6 0.4 0:09.92
708 5.3 0.4 0:09.96
708 9.5 0.4 0:10.02
708 4.2 0.4 0:10.06
708 5.6 0.4 0:10.09
708 0.0 0.4 0:10.13
708 0.0 0.4 0:10.13
708 0.0 0.4 0:10.13
708 0.0 0.4 0:10.13
708 0.0 0.4 0:10.13
708 0.0 0.4 0:10.13
708 0.0 0.4 0:10.13
708 0.0 0.4 0:10.13
708 0.0 0.4 0:10.13
