708 5.6 0.4 0:25.22
708 5.6 0.4 0:25.26
708 5.6 0.4 0:25.29
708 5.6 0.4 0:25.33
708 0.0 0.4 0:25.37
708 0.0 0.4 0:25.40
708 0.0 0.4 0:25.43
708 5.6 0.4 0:25.46
708 0.0 0.4 0:25.49
708 5.6 0.4 0:25.53
708 0.0 0.4 0:25.55
708 5.6 0.4 0:25.59
708 5.3 0.4 0:25.62
708 5.3 0.4 0:25.67
708 0.0 0.4 0:25.69
708 5.0 0.4 0:25.73
708 5.6 0.4 0:25.76
708 5.6 0.4 0:25.79
708 0.0 0.4 0:25.83
708 0.0 0.4 0:25.86
708 0.0 0.4 0:25.89
708 0.0 0.4 0:25.93
708 0.0 0.4 0:25.96
708 5.6 0.4 0:26.00
708 0.0 0.4 0:26.03
708 5.6 0.4 0:26.07
708 0.0 0.4 0:26.09
708 5.6 0.4 0:26.13
708 11.1 0.4 0:26.18
708 0.0 0.4 0:26.20
KiB used, 328776 buff/cache
708 0.0 0.4 0:26.28
708 0.0 0.4 0:26.33
708 0.0 0.4 0:26.36
708 0.0 0.4 0:26.39
708 0.0 0.4 0:26.43
708 0.0 0.4 0:26.47
708 4.3 0.4 0:26.51
708 0.0 0.4 0:26.53
708 0.0 0.4 0:26.56
708 5.6 0.4 0:26.60
708 0.0 0.4 0:26.63
708 0.0 0.4 0:26.66
708 5.9 0.4 0:26.70
708 5.6 0.4 0:26.74
KiB used, 329088 buff/cache
708 0.0 0.4 0:26.79
708 11.1 0.4 0:26.84
708 0.0 0.4 0:26.87
708 5.3 0.4 0:26.91
708 0.0 0.4 0:26.94
708 10.0 0.4 0:26.99
708 0.0 0.4 0:27.02
708 5.3 0.4 0:27.05
708 5.6 0.4 0:27.08
708 5.6 0.4 0:27.12
708 4.8 0.4 0:27.16
708 0.0 0.4 0:27.19
708 5.6 0.4 0:27.23
708 5.6 0.4 0:27.26
2578 5.3 0.1 0:00.01
708 0.0 0.4 0:27.32
708 10.0 0.4 0:27.37
708 0.0 0.4 0:27.40
708 0.0 0.4 0:27.44
708 5.3 0.4 0:27.47
708 5.6 0.4 0:27.51
708 5.9 0.4 0:27.54
708 0.0 0.4 0:27.57
708 5.3 0.4 0:27.60
708 5.0 0.4 0:27.64
708 5.6 0.4 0:27.67
708 11.1 0.4 0:27.71
708 5.3 0.4 0:27.73
708 0.0 0.4 0:27.76
708 11.1 0.4 0:27.81
708 5.3 0.4 0:27.84
KiB used, 329820 buff/cache
708 5.9 0.4 0:27.91
708 0.0 0.4 0:27.93
708 0.0 0.4 0:27.93
708 0.0 0.4 0:27.93
708 0.0 0.4 0:27.93
708 0.0 0.4 0:27.93
708 0.0 0.4 0:27.93
708 0.0 0.4 0:27.93
708 0.0 0.4 0:27.93
708 0.0 0.4 0:27.93
708 0.0 0.4 0:27.93
708 0.0 0.4 0:27.93
708 0.0 0.4 0:27.93
708 0.0 0.4 0:27.93
708 0.0 0.4 0:27.93
708 0.0 0.4 0:27.93
708 0.0 0.4 0:27.93
708 0.0 0.4 0:27.93
