708 5.6 0.4 0:46.39
708 0.0 0.4 0:46.42
708 0.0 0.4 0:46.44
708 0.0 0.4 0:46.47
708 5.6 0.4 0:46.50
708 5.6 0.4 0:46.52
708 4.8 0.4 0:46.55
708 0.0 0.4 0:46.57
708 0.0 0.4 0:46.60
708 0.0 0.4 0:46.62
708 5.9 0.4 0:46.65
708 0.0 0.4 0:46.67
708 0.0 0.4 0:46.70
708 0.0 0.4 0:46.72
708 0.0 0.4 0:46.74
708 4.5 0.4 0:46.77
708 0.0 0.4 0:46.79
708 5.6 0.4 0:46.82
708 5.3 0.4 0:46.85
708 0.0 0.4 0:46.87
708 0.0 0.4 0:46.91
708 5.3 0.4 0:46.93
708 5.6 0.4 0:46.96
708 5.6 0.4 0:46.99
708 0.0 0.4 0:47.01
708 0.0 0.4 0:47.03
708 0.0 0.4 0:47.05
708 0.0 0.4 0:47.08
708 0.0 0.4 0:47.10
708 0.0 0.4 0:47.13
708 11.1 0.4 0:47.17
708 5.6 0.4 0:47.19
708 5.6 0.4 0:47.22
708 0.0 0.4 0:47.24
708 5.0 0.4 0:47.27
708 0.0 0.4 0:47.29
708 5.6 0.4 0:47.32
708 5.6 0.4 0:47.35
KiB 1531708 avail Mem
708 5.0 0.4 0:47.40
708 0.0 0.4 0:47.43
KiB 1531708 avail Mem
708 0.0 0.4 0:47.49
708 5.6 0.4 0:47.52
708 0.0 0.4 0:47.54
708 0.0 0.4 0:47.57
708 5.6 0.4 0:47.60
708 5.9 0.4 0:47.63
KiB used, 343708 buff/cache
708 4.5 0.4 0:47.68
708 0.0 0.4 0:47.69
708 5.3 0.4 0:47.72
708 0.0 0.4 0:47.74
708 5.6 0.4 0:47.78
7081 22.2 0.2 0:00.04
708 5.6 0.4 0:47.84
708 5.9 0.4 0:47.87
708 5.6 0.4 0:47.90
708 5.3 0.4 0:47.93
708 0.0 0.4 0:47.95
708 5.6 0.4 0:47.98
708 0.0 0.4 0:48.00
708 0.0 0.4 0:48.03
708 0.0 0.4 0:48.05
708 5.0 0.4 0:48.08
708 5.6 0.4 0:48.11
708 0.0 0.4 0:48.13
708 0.0 0.4 0:48.16
708 0.0 0.4 0:48.19
708 5.6 0.4 0:48.21
708 5.9 0.4 0:48.24
708 5.3 0.4 0:48.26
708 0.0 0.4 0:48.28
KiB 1531708 avail Mem
708 5.3 0.4 0:48.34
708 0.0 0.4 0:48.36
708 0.0 0.4 0:48.40
708 0.0 0.4 0:48.43
708 0.0 0.4 0:48.44
708 0.0 0.4 0:48.46
708 0.0 0.4 0:48.46
708 0.0 0.4 0:48.46
708 0.0 0.4 0:48.46
708 0.0 0.4 0:48.46
708 0.0 0.4 0:48.46
KiB 1532708 avail Mem
708 0.0 0.4 0:48.46
708 0.0 0.4 0:48.46
708 0.0 0.4 0:48.46
708 0.0 0.4 0:48.46
708 0.0 0.4 0:48.46
708 0.0 0.4 0:48.46
708 0.0 0.4 0:48.46
