708 0.0 0.4 0:54.44
708 0.0 0.4 0:54.46
708 0.0 0.4 0:54.48
708 0.0 0.4 0:54.50
708 0.0 0.4 0:54.53
708 0.0 0.4 0:54.55
708 5.3 0.4 0:54.57
708 5.9 0.4 0:54.60
708 5.3 0.4 0:54.62
708 0.0 0.4 0:54.64
708 0.0 0.4 0:54.66
KiB used, 348588 buff/cache
708 0.0 0.4 0:54.71
708 0.0 0.4 0:54.73
708 4.5 0.4 0:54.76
708 0.0 0.4 0:54.78
708 0.0 0.4 0:54.80
708 5.0 0.4 0:54.83
708 5.6 0.4 0:54.85
708 0.0 0.4 0:54.89
708 0.0 0.4 0:54.89
KiB used, 348708 buff/cache
708 0.0 0.4 0:54.94
708 0.0 0.4 0:54.96
708 0.0 0.4 0:54.98
708 0.0 0.4 0:55.01
708 5.6 0.4 0:55.04
708 5.6 0.4 0:55.06
708 0.0 0.4 0:55.08
708 5.0 0.4 0:55.11
708 5.6 0.4 0:55.13
708 5.6 0.4 0:55.15
708 5.6 0.4 0:55.17
708 0.0 0.4 0:55.19
708 0.0 0.4 0:55.21
708 5.6 0.4 0:55.25
708 0.0 0.4 0:55.27
708 5.6 0.4 0:55.30
708 0.0 0.4 0:55.32
708 5.6 0.4 0:55.35
708 0.0 0.4 0:55.38
708 0.0 0.4 0:55.40
708 0.0 0.4 0:55.42
708 0.0 0.4 0:55.45
708 0.0 0.4 0:55.47
708 0.0 0.4 0:55.50
708 0.0 0.4 0:55.52
708 5.6 0.4 0:55.55
708 0.0 0.4 0:55.57
708 0.0 0.4 0:55.60
708 0.0 0.4 0:55.63
708 0.0 0.4 0:55.66
708 5.3 0.4 0:55.69
708 5.6 0.4 0:55.71
708 5.9 0.4 0:55.73
708 0.0 0.4 0:55.74
708 5.3 0.4 0:55.77
708 0.0 0.4 0:55.79
708 0.0 0.4 0:55.82
708 0.0 0.4 0:55.84
708 5.6 0.4 0:55.86
708 0.0 0.4 0:55.88
708 5.6 0.4 0:55.91
708 0.0 0.4 0:55.93
708 0.0 0.4 0:55.95
708 0.0 0.4 0:55.97
708 0.0 0.4 0:55.99
708 0.0 0.4 0:56.02
708 0.0 0.4 0:56.04
708 5.3 0.4 0:56.07
708 0.0 0.4 0:56.08
708 0.0 0.4 0:56.10
708 0.0 0.4 0:56.13
708 5.0 0.4 0:56.15
708 5.6 0.4 0:56.18
708 5.3 0.4 0:56.20
708 0.0 0.4 0:56.22
708 5.6 0.4 0:56.25
708 0.0 0.4 0:56.26
708 5.3 0.4 0:56.29
708 0.0 0.4 0:56.29
708 0.0 0.4 0:56.29
708 0.0 0.4 0:56.29
708 0.0 0.4 0:56.29
708 0.0 0.4 0:56.29
708 0.0 0.4 0:56.29
