708 0.0 0.4 1:08.37
708 0.0 0.4 1:08.39
708 0.0 0.4 1:08.42
708 0.0 0.4 1:08.44
708 0.0 0.4 1:08.46
708 0.0 0.4 1:08.48
708 0.0 0.4 1:08.50
708 0.0 0.4 1:08.52
708 0.0 0.4 1:08.54
708 0.0 0.4 1:08.55
708 0.0 0.4 1:08.57
708 0.0 0.4 1:08.59
708 0.0 0.4 1:08.61
708 0.0 0.4 1:08.63
708 0.0 0.4 1:08.65
708 5.6 0.4 1:08.67
708 0.0 0.4 1:08.69
708 0.0 0.4 1:08.71
708 5.6 0.4 1:08.74
708 5.6 0.4 1:08.76
708 0.0 0.4 1:08.78
708 0.0 0.4 1:08.80
708 5.0 0.4 1:08.83
708 5.0 0.4 1:08.85
708 5.6 0.4 1:08.87
708 0.0 0.4 1:08.89
708 0.0 0.4 1:08.90
708 0.0 0.4 1:08.92
708 0.0 0.4 1:08.94
708 5.6 0.4 1:08.97
708 5.0 0.4 1:08.99
708 0.0 0.4 1:09.00
708 0.0 0.4 1:09.02
708 0.0 0.4 1:09.04
708 0.0 0.4 1:09.07
708 0.0 0.4 1:09.08
708 5.6 0.4 1:09.10
708 5.9 0.4 1:09.12
708 0.0 0.4 1:09.14
708 0.0 0.4 1:09.16
708 0.0 0.4 1:09.18
708 0.0 0.4 1:09.20
708 0.0 0.4 1:09.22
708 0.0 0.4 1:09.23
708 0.0 0.4 1:09.25
708 0.0 0.4 1:09.28
708 0.0 0.4 1:09.30
708 0.0 0.4 1:09.32
708 0.0 0.4 1:09.34
708 5.6 0.4 1:09.36
708 5.6 0.4 1:09.38
708 0.0 0.4 1:09.40
708 0.0 0.4 1:09.41
708 5.6 0.4 1:09.44
708 0.0 0.4 1:09.45
708 0.0 0.4 1:09.47
708 0.0 0.4 1:09.49
708 0.0 0.4 1:09.51
708 0.0 0.4 1:09.53
708 5.6 0.4 1:09.56
708 0.0 0.4 1:09.58
708 0.0 0.4 1:09.61
708 9.5 0.4 1:09.63
708 5.6 0.4 1:09.64
708 0.0 0.4 1:09.66
708 0.0 0.4 1:09.69
708 0.0 0.4 1:09.71
708 5.9 0.4 1:09.73
708 0.0 0.4 1:09.74
708 5.3 0.4 1:09.76
708 0.0 0.4 1:09.78
708 0.0 0.4 1:09.80
708 0.0 0.4 1:09.82
708 0.0 0.4 1:09.83
708 5.6 0.4 1:09.86
708 0.0 0.4 1:09.88
708 5.3 0.4 1:09.90
708 4.8 0.4 1:09.92
708 5.3 0.4 1:09.94
708 0.0 0.4 1:09.95
708 0.0 0.4 1:09.96
708 0.0 0.4 1:09.96
708 0.0 0.4 1:09.96
708 0.0 0.4 1:09.96
708 0.0 0.4 1:09.96
708 0.0 0.4 1:09.96
708 0.0 0.4 1:09.96
