708 5.6 0.4 0:17.00
708 5.0 0.4 0:17.04
708 5.3 0.4 0:17.06
708 0.0 0.4 0:17.09
708 5.6 0.4 0:17.13
708 5.6 0.4 0:17.17
708 5.6 0.4 0:17.20
708 0.0 0.4 0:17.23
708 0.0 0.4 0:17.27
708 5.6 0.4 0:17.30
708 0.0 0.4 0:17.33
708 5.0 0.4 0:17.37
708 0.0 0.4 0:17.40
708 0.0 0.4 0:17.44
708 0.0 0.4 0:17.47
708 0.0 0.4 0:17.50
708 5.3 0.4 0:17.55
708 5.3 0.4 0:17.59
708 5.9 0.4 0:17.62
708 5.3 0.4 0:17.66
708 5.6 0.4 0:17.70
708 5.6 0.4 0:17.74
708 5.3 0.4 0:17.78
708 5.6 0.4 0:17.81
708 5.3 0.4 0:17.84
708 0.0 0.4 0:17.87
708 10.5 0.4 0:17.92
708 0.0 0.4 0:17.94
708 0.0 0.4 0:17.97
708 5.6 0.4 0:18.01
708 5.6 0.4 0:18.05
708 5.6 0.4 0:18.08
708 5.6 0.4 0:18.11
708 5.0 0.4 0:18.15
708 0.0 0.4 0:18.18
708 5.6 0.4 0:18.22
708 0.0 0.4 0:18.25
708 5.6 0.4 0:18.29
708 0.0 0.4 0:18.32
708 0.0 0.4 0:18.36
708 5.3 0.4 0:18.40
708 5.3 0.4 0:18.43
708 0.0 0.4 0:18.47
708 5.6 0.4 0:18.51
708 5.6 0.4 0:18.56
708 0.0 0.4 0:18.59
708 5.6 0.4 0:18.63
708 5.6 0.4 0:18.67
708 0.0 0.4 0:18.69
708 0.0 0.4 0:18.73
708 0.0 0.4 0:18.76
708 0.0 0.4 0:18.80
708 0.0 0.4 0:18.83
708 5.6 0.4 0:18.87
708 5.6 0.4 0:18.90
708 0.0 0.4 0:18.93
708 0.0 0.4 0:18.96
708 4.8 0.4 0:19.01
708 5.6 0.4 0:19.05
708 4.5 0.4 0:19.09
708 5.9 0.4 0:19.12
KiB 1531708 avail Mem
708 5.9 0.4 0:19.19
708 5.6 0.4 0:19.22
708 5.6 0.4 0:19.26
708 11.1 0.4 0:19.31
708 4.5 0.4 0:19.34
708 5.6 0.4 0:19.37
KiB used, 323676 buff/cache
KiB used, 323708 buff/cache
708 0.0 0.4 0:19.47
708 5.6 0.4 0:19.51
708 0.0 0.4 0:19.53
708 0.0 0.4 0:19.57
708 0.0 0.4 0:19.61
708 4.8 0.4 0:19.64
708 5.6 0.4 0:19.68
708 9.5 0.4 0:19.73
708 0.0 0.4 0:19.74
708 0.0 0.4 0:19.76
708 0.0 0.4 0:19.77
708 0.0 0.4 0:19.77
708 0.0 0.4 0:19.77
708 0.0 0.4 0:19.77
708 0.0 0.4 0:19.77
708 0.0 0.4 0:19.77
708 0.0 0.4 0:19.77
708 0.0 0.4 0:19.77
708 0.0 0.4 0:19.77
708 0.0 0.4 0:19.77
708 0.0 0.4 0:19.77
708 0.0 0.4 0:19.77
708 0.0 0.4 0:19.77
708 0.0 0.4 0:19.77
708 0.0 0.4 0:19.77
708 0.0 0.4 0:19.77
