708 5.6 0.4 0:59.94
708 4.8 0.4 0:59.96
708 5.6 0.4 0:59.98
708 0.0 0.4 1:00.01
708 4.8 0.4 1:00.03
708 5.6 0.4 1:00.05
708 0.0 0.4 1:00.07
708 0.0 0.4 1:00.10
708 0.0 0.4 1:00.12
708 5.6 0.4 1:00.15
708 5.6 0.4 1:00.17
708 0.0 0.4 1:00.19
708 0.0 0.4 1:00.22
708 0.0 0.4 1:00.25
708 4.5 0.4 1:00.28
708 0.0 0.4 1:00.30
708 5.6 0.4 1:00.33
708 0.0 0.4 1:00.35
708 0.0 0.4 1:00.37
708 0.0 0.4 1:00.39
708 0.0 0.4 1:00.41
708 5.6 0.4 1:00.44
708 0.0 0.4 1:00.46
708 5.6 0.4 1:00.48
708 0.0 0.4 1:00.50
708 0.0 0.4 1:00.52
708 5.6 0.4 1:00.55
708 5.3 0.4 1:00.57
708 5.6 0.4 1:00.59
708 0.0 0.4 1:00.61
708 0.0 0.4 1:00.63
708 5.3 0.4 1:00.66
708 0.0 0.4 1:00.68
708 0.0 0.4 1:00.70
708 0.0 0.4 1:00.72
708 5.9 0.4 1:00.76
708 0.0 0.4 1:00.78
708 5.6 0.4 1:00.81
708 0.0 0.4 1:00.83
708 0.0 0.4 1:00.85
708 0.0 0.4 1:00.88
708 0.0 0.4 1:00.90
708 5.6 0.4 1:00.93
708 0.0 0.4 1:00.95
708 0.0 0.4 1:00.98
708 0.0 0.4 1:01.00
708 5.6 0.4 1:01.02
708 0.0 0.4 1:01.04
708 0.0 0.4 1:01.07
708 0.0 0.4 1:01.09
708 5.6 0.4 1:01.11
708 0.0 0.4 1:01.13
708 0.0 0.4 1:01.15
708 5.6 0.4 1:01.18
708 0.0 0.4 1:01.20
708 5.3 0.4 1:01.23
708 5.6 0.4 1:01.26
708 0.0 0.4 1:01.28
708 5.3 0.4 1:01.31
708 0.0 0.4 1:01.33
708 5.6 0.4 1:01.35
708 0.0 0.4 1:01.37
708 0.0 0.4 1:01.39
708 5.6 0.4 1:01.42
708 0.0 0.4 1:01.44
708 5.6 0.4 1:01.46
708 0.0 0.4 1:01.48
708 5.6 0.4 1:01.51
708 5.6 0.4 1:01.54
708 5.6 0.4 1:01.56
708 5.3 0.4 1:01.58
708 0.0 0.4 1:01.60
708 0.0 0.4 1:01.62
708 5.6 0.4 1:01.65
708 0.0 0.4 1:01.67
708 0.0 0.4 1:01.69
708 9.5 0.4 1:01.73
708 0.0 0.4 1:01.73
708 5.3 0.4 1:01.76
708 0.0 0.4 1:01.78
708 0.0 0.4 1:01.78
708 0.0 0.4 1:01.78
KiB used, 353332 buff/cache
708 0.0 0.4 1:01.78
708 0.0 0.4 1:01.78
708 0.0 0.4 1:01.78
