710 709 708 707 706
710 709 708 707 706
710 709 708 707 706
710 709 708 707 706
710 709 708 707 706
710 709 708 707 706
710 709 708 707 706
710 709 708 707 706
710 709 708 707 706
710 709 708 707 706
710 709 708 707 706
710 709 708 707 706
710 709 708 707 706
710 709 708 707 706
710 709 708 707 706
710 709 708 707 706
710 709 708 707 706
710 709 708 707 706
710 709 708 707 706
710 709 708 707 706
710 709 708 707 706
710 709 708 707 706
710 709 708 707 706
710 709 708 707 706
710 709 708 707 706
710 709 708 707 706
710 709 708 707 706
710 709 708 707 706
710 709 708 707 706
710 709 708 707 706
