2923 0.0 0.2 0:10.61
2923 0.0 0.2 0:10.66
2923 5.3 0.2 0:10.68
2923 0.0 0.2 0:10.69
2923 0.0 0.2 0:10.71
2923 0.0 0.2 0:10.71
2923 0.0 0.2 0:10.73
2923 0.0 0.2 0:10.73
2923 0.0 0.2 0:10.75
2923 0.0 0.2 0:10.76
2923 5.6 0.2 0:10.77
2923 0.0 0.2 0:10.80
2923 0.0 0.2 0:10.80
2923 0.0 0.2 0:10.81
2923 0.0 0.2 0:10.83
2923 5.0 0.2 0:10.85
2923 0.0 0.2 0:10.85
2923 0.0 0.2 0:10.85
2923 0.0 0.2 0:10.86
2923 0.0 0.2 0:10.87
2923 0.0 0.2 0:10.89
2923 0.0 0.2 0:10.89
2923 0.0 0.2 0:10.90
2923 0.0 0.2 0:10.90
2923 0.0 0.2 0:10.91
2923 0.0 0.2 0:10.92
2923 0.0 0.2 0:10.93
2923 0.0 0.2 0:10.93
2923 5.6 0.2 0:10.94
2923 0.0 0.2 0:10.95
2923 0.0 0.2 0:10.95
2923 0.0 0.2 0:10.98
2923 0.0 0.2 0:10.98
2923 5.6 0.2 0:10.99
2923 0.0 0.2 0:10.99
2923 5.6 0.2 0:11.00
2923 0.0 0.2 0:11.00
2923 10.5 0.2 0:11.02
2923 0.0 0.2 0:11.02
2923 0.0 0.2 0:11.02
2923 0.0 0.2 0:11.03
2923 0.0 0.2 0:11.04
2923 0.0 0.2 0:11.04
2923 0.0 0.2 0:11.05
2923 0.0 0.2 0:11.05
2923 0.0 0.2 0:11.06
2923 5.3 0.2 0:11.08
2923 5.3 0.2 0:11.09
2923 0.0 0.2 0:11.09
2923 0.0 0.2 0:11.10
2923 0.0 0.2 0:11.10
2923 0.0 0.2 0:11.11
2923 0.0 0.2 0:11.12
2923 0.0 0.2 0:11.13
2923 0.0 0.2 0:11.14
2923 4.8 0.2 0:11.15
2923 0.0 0.2 0:11.16
2923 0.0 0.2 0:11.16
2923 5.3 0.2 0:11.18
2923 11.1 0.2 0:11.20
2923 0.0 0.2 0:11.20
2923 5.6 0.2 0:11.21
2923 0.0 0.2 0:11.21
2923 0.0 0.2 0:11.21
2923 0.0 0.2 0:11.22
2923 4.8 0.2 0:11.24
2923 0.0 0.2 0:11.25
2923 0.0 0.2 0:11.25
2923 5.3 0.2 0:11.27
2923 0.0 0.2 0:11.27
2923 0.0 0.2 0:11.28
2923 0.0 0.2 0:11.29
2923 0.0 0.2 0:11.29
2923 0.0 0.2 0:11.30
2923 0.0 0.2 0:11.31
2923 0.0 0.2 0:11.31
