2923 0.0 0.2 0:17.82
2923 0.0 0.2 0:17.84
2923 0.0 0.2 0:17.84
2923 0.0 0.2 0:17.85
2923 0.0 0.2 0:17.86
2923 0.0 0.2 0:17.86
2923 0.0 0.2 0:17.87
2923 0.0 0.2 0:17.87
2923 0.0 0.2 0:17.87
2923 0.0 0.2 0:17.88
2923 5.3 0.2 0:17.89
2923 0.0 0.2 0:17.89
2923 0.0 0.2 0:17.89
2923 10.5 0.2 0:17.91
2923 0.0 0.2 0:17.92
2923 0.0 0.2 0:17.92
2923 0.0 0.2 0:17.92
2923 0.0 0.2 0:17.92
2923 0.0 0.2 0:17.92
2923 0.0 0.2 0:17.93
2923 0.0 0.2 0:17.94
2923 0.0 0.2 0:17.94
2923 0.0 0.2 0:17.95
2923 0.0 0.2 0:17.95
2923 0.0 0.2 0:17.95
2923 0.0 0.2 0:17.96
2923 0.0 0.2 0:17.97
2923 0.0 0.2 0:17.98
2923 0.0 0.2 0:17.99
2923 0.0 0.2 0:18.00
2923 0.0 0.2 0:18.02
2923 0.0 0.2 0:18.03
2923 0.0 0.2 0:18.04
2923 0.0 0.2 0:18.04
2923 0.0 0.2 0:18.04
2923 0.0 0.2 0:18.05
2923 0.0 0.2 0:18.05
2923 0.0 0.2 0:18.05
2923 5.3 0.2 0:18.06
2923 5.6 0.2 0:18.07
2923 0.0 0.2 0:18.08
2923 5.3 0.2 0:18.10
2923 10.5 0.2 0:18.12
2923 0.0 0.2 0:18.14
2923 0.0 0.2 0:18.14
2923 0.0 0.2 0:18.15
2923 0.0 0.2 0:18.15
2923 0.0 0.2 0:18.15
2923 5.3 0.2 0:18.18
2923 0.0 0.2 0:18.18
2923 0.0 0.2 0:18.18
2923 0.0 0.2 0:18.19
2923 0.0 0.2 0:18.19
2923 0.0 0.2 0:18.19
2923 0.0 0.2 0:18.20
2923 0.0 0.2 0:18.21
2923 5.6 0.2 0:18.22
2923 0.0 0.2 0:18.22
2923 5.3 0.2 0:18.23
2923 0.0 0.2 0:18.24
2923 0.0 0.2 0:18.24
2923 0.0 0.2 0:18.25
2923 0.0 0.2 0:18.25
2923 0.0 0.2 0:18.26
2923 0.0 0.2 0:18.28
2923 0.0 0.2 0:18.28
2923 0.0 0.2 0:18.28
2923 0.0 0.2 0:18.29
2923 0.0 0.2 0:18.30
2923 0.0 0.2 0:18.30
2923 0.0 0.2 0:18.30
2923 0.0 0.2 0:18.30
2923 0.0 0.2 0:18.31
2923 5.3 0.2 0:18.33
2923 0.0 0.2 0:18.34
2923 0.0 0.2 0:18.34
