2923 0.0 0.2 0:15.58
2923 5.3 0.2 0:15.60
2923 0.0 0.2 0:15.60
2923 0.0 0.2 0:15.60
2923 0.0 0.2 0:15.60
2923 0.0 0.2 0:15.61
2923 0.0 0.2 0:15.61
2923 0.0 0.2 0:15.61
2923 0.0 0.2 0:15.61
2923 0.0 0.2 0:15.62
2923 0.0 0.2 0:15.62
2923 5.3 0.2 0:15.64
2923 0.0 0.2 0:15.64
2923 0.0 0.2 0:15.65
2923 0.0 0.2 0:15.65
2923 0.0 0.2 0:15.66
2923 0.0 0.2 0:15.66
2923 0.0 0.2 0:15.66
2923 0.0 0.2 0:15.67
2923 0.0 0.2 0:15.68
2923 0.0 0.2 0:15.69
2923 0.0 0.2 0:15.69
2923 0.0 0.2 0:15.70
2923 0.0 0.2 0:15.70
2923 0.0 0.2 0:15.71
2923 0.0 0.2 0:15.72
2923 0.0 0.2 0:15.73
2923 0.0 0.2 0:15.74
2923 0.0 0.2 0:15.74
2923 0.0 0.2 0:15.75
2923 0.0 0.2 0:15.76
2923 0.0 0.2 0:15.76
2923 0.0 0.2 0:15.76
2923 0.0 0.2 0:15.76
2923 0.0 0.2 0:15.78
2923 4.8 0.2 0:15.79
2923 0.0 0.2 0:15.79
2923 0.0 0.2 0:15.79
2923 0.0 0.2 0:15.81
2923 0.0 0.2 0:15.81
2923 5.3 0.2 0:15.82
2923 0.0 0.2 0:15.83
2923 0.0 0.2 0:15.84
2923 0.0 0.2 0:15.84
2923 0.0 0.2 0:15.85
2923 0.0 0.2 0:15.85
2923 0.0 0.2 0:15.87
2923 0.0 0.2 0:15.87
2923 0.0 0.2 0:15.88
2923 0.0 0.2 0:15.89
2923 0.0 0.2 0:15.89
2923 0.0 0.2 0:15.89
2923 5.6 0.2 0:15.90
2923 0.0 0.2 0:15.90
2923 0.0 0.2 0:15.91
2923 0.0 0.2 0:15.92
2923 0.0 0.2 0:15.93
2923 5.3 0.2 0:15.94
22923 0.0 0.0 0:00.00
2923 0.0 0.2 0:15.95
2923 0.0 0.2 0:15.95
2923 0.0 0.2 0:15.95
2923 0.0 0.2 0:15.96
2923 0.0 0.2 0:15.98
2923 0.0 0.2 0:15.98
2923 0.0 0.2 0:15.99
2923 0.0 0.2 0:16.00
2923 0.0 0.2 0:16.01
2923 5.6 0.2 0:16.02
2923 0.0 0.2 0:16.02
2923 0.0 0.2 0:16.02
2923 11.1 0.2 0:16.08
2923 0.0 0.2 0:16.08
2923 5.3 0.2 0:16.09
2923 0.0 0.2 0:16.10
2923 0.0 0.2 0:16.10
