2924 0.0 0.2 4:42.26
2924 0.0 0.2 4:42.34
2924 15.8 0.2 4:42.47
2924 11.1 0.2 4:42.62
2924 5.3 0.2 4:42.72
2924 10.5 0.2 4:42.85
2924 10.5 0.2 4:42.98
2924 5.3 0.2 4:43.10
2924 11.1 0.2 4:43.24
2924 16.7 0.2 4:43.45
2924 10.5 0.2 4:43.59
2924 11.1 0.2 4:43.71
2924 10.5 0.2 4:43.84
2924 15.8 0.2 4:43.99
2924 10.5 0.2 4:44.13
2924 11.1 0.2 4:44.27
2924 10.0 0.2 4:44.41
2924 9.1 0.2 4:44.58
2924 9.1 0.2 4:44.75
2924 9.1 0.2 4:44.89
2924 21.1 0.2 4:45.06
2924 10.5 0.2 4:45.18
2924 15.0 0.2 4:45.35
2924 15.0 0.2 4:45.47
2924 10.0 0.2 4:45.59
2924 21.1 0.2 4:45.74
2924 16.7 0.2 4:45.90
2924 15.8 0.2 4:46.04
2924 11.1 0.2 4:46.19
2924 10.5 0.2 4:46.32
2924 11.1 0.2 4:46.54
2924 15.8 0.2 4:46.68
2924 14.3 0.2 4:46.81
2924 15.8 0.2 4:46.95
2924 11.1 0.2 4:47.07
2924 5.3 0.2 4:47.19
2924 10.5 0.2 4:47.33
2924 10.5 0.2 4:47.47
2924 15.8 0.2 4:47.60
2924 11.1 0.2 4:47.74
2924 11.1 0.2 4:47.87
2924 5.3 0.2 4:47.99
2924 15.8 0.2 4:48.13
2924 27.8 0.2 4:48.32
2924 19.0 0.2 4:48.47
2924 5.6 0.2 4:48.60
2924 11.1 0.2 4:48.73
2924 15.8 0.2 4:48.86
2924 15.8 0.2 4:48.99
2924 11.1 0.2 4:49.11
2924 5.0 0.2 4:49.24
2924 15.8 0.2 4:49.39
2924 16.7 0.2 4:49.51
2924 10.5 0.2 4:49.63
2924 10.5 0.2 4:49.78
2924 15.8 0.2 4:49.91
2924 10.5 0.2 4:50.04
2924 15.0 0.2 4:50.17
2924 10.5 0.2 4:50.29
2924 10.0 0.2 4:50.43
2924 10.0 0.2 4:50.57
2924 11.1 0.2 4:50.69
2924 11.1 0.2 4:50.82
2924 11.1 0.2 4:50.94
2924 27.8 0.2 4:51.11
2924 5.3 0.2 4:51.23
2924 5.0 0.2 4:51.36
2924 9.5 0.2 4:51.52
2924 15.8 0.2 4:51.67
2924 8.3 0.2 4:51.85
2924 5.0 0.2 4:51.97
2924 15.0 0.2 4:52.11
2924 15.8 0.2 4:52.26
2924 5.3 0.2 4:52.37
2924 10.5 0.2 4:52.50
2924 0.0 0.2 4:52.65
