2925 0.0 0.2 0:00.01
2925 0.0 0.2 0:00.02
2925 0.0 0.2 0:00.02
2925 0.0 0.2 0:00.02
2925 0.0 0.2 0:00.02
2925 0.0 0.2 0:00.02
2925 5.6 0.2 0:00.03
2925 0.0 0.2 0:00.03
2925 0.0 0.2 0:00.03
2925 0.0 0.2 0:00.03
2925 0.0 0.2 0:00.03
2925 0.0 0.2 0:00.03
2925 0.0 0.2 0:00.03
2925 0.0 0.2 0:00.03
2925 0.0 0.2 0:00.03
2925 0.0 0.2 0:00.03
2925 0.0 0.2 0:00.03
2925 0.0 0.2 0:00.03
2925 0.0 0.2 0:00.03
2925 0.0 0.2 0:00.03
2925 0.0 0.2 0:00.03
2925 0.0 0.2 0:00.03
2925 0.0 0.2 0:00.03
2925 0.0 0.2 0:00.03
2925 0.0 0.2 0:00.03
2925 0.0 0.2 0:00.03
2925 0.0 0.2 0:00.03
2925 0.0 0.2 0:00.03
2925 0.0 0.2 0:00.03
2925 0.0 0.2 0:00.03
2925 0.0 0.2 0:00.03
2925 0.0 0.2 0:00.03
2925 0.0 0.2 0:00.03
2925 0.0 0.2 0:00.03
2925 0.0 0.2 0:00.03
2925 0.0 0.2 0:00.03
2925 0.0 0.2 0:00.03
2925 0.0 0.2 0:00.03
2925 0.0 0.2 0:00.03
2925 0.0 0.2 0:00.03
2925 0.0 0.2 0:00.03
2925 0.0 0.2 0:00.03
2925 0.0 0.2 0:00.03
2925 0.0 0.2 0:00.03
2925 0.0 0.2 0:00.03
2925 0.0 0.2 0:00.03
2925 0.0 0.2 0:00.03
2925 0.0 0.2 0:00.03
2925 0.0 0.2 0:00.03
2925 0.0 0.2 0:00.03
2925 0.0 0.2 0:00.03
2925 0.0 0.2 0:00.03
2925 0.0 0.2 0:00.03
2925 0.0 0.2 0:00.03
2925 0.0 0.2 0:00.03
2925 0.0 0.2 0:00.03
2925 0.0 0.2 0:00.03
2925 0.0 0.2 0:00.03
2925 0.0 0.2 0:00.03
2925 0.0 0.2 0:00.03
2925 0.0 0.2 0:00.03
2925 0.0 0.2 0:00.03
2925 0.0 0.2 0:00.03
2925 0.0 0.2 0:00.03
2925 0.0 0.2 0:00.03
2925 0.0 0.2 0:00.03
2925 0.0 0.2 0:00.03
2925 0.0 0.2 0:00.03
2925 0.0 0.2 0:00.03
2925 0.0 0.2 0:00.03
2925 0.0 0.2 0:00.03
2925 0.0 0.2 0:00.03
2925 0.0 0.2 0:00.03
2925 0.0 0.2 0:00.03
2925 0.0 0.2 0:00.03
2925 0.0 0.2 0:00.03
2925 0.0 0.2 0:00.03
2925 0.0 0.2 0:00.03
2925 0.0 0.2 0:00.03
2925 0.0 0.2 0:00.03
2925 0.0 0.2 0:00.03
2925 0.0 0.2 0:00.03
2925 0.0 0.2 0:00.03
2925 0.0 0.2 0:00.03
2925 0.0 0.2 0:00.03
2925 0.0 0.2 0:00.03
2925 0.0 0.2 0:00.03
2925 0.0 0.2 0:00.03
2925 0.0 0.2 0:00.03
2925 0.0 0.2 0:00.03
