717 10.5 0.4 1:22.58
717 0.0 0.4 1:22.59
717 5.6 0.4 1:22.62
717 5.6 0.4 1:22.64
717 0.0 0.4 1:22.66
717 0.0 0.4 1:22.68
717 0.0 0.4 1:22.70
717 5.6 0.4 1:22.72
717 0.0 0.4 1:22.74
717 5.6 0.4 1:22.77
717 0.0 0.4 1:22.79
717 0.0 0.4 1:22.82
717 5.0 0.4 1:22.85
717 5.6 0.4 1:22.87
717 0.0 0.4 1:22.89
717 0.0 0.4 1:22.91
717 0.0 0.4 1:22.93
717 0.0 0.4 1:22.95
717 5.6 0.4 1:22.98
717 0.0 0.4 1:23.00
717 0.0 0.4 1:23.02
717 0.0 0.4 1:23.04
717 0.0 0.4 1:23.06
717 0.0 0.4 1:23.08
717 5.6 0.4 1:23.10
717 0.0 0.4 1:23.12
717 5.6 0.4 1:23.15
717 5.6 0.4 1:23.17
717 5.6 0.4 1:23.19
717 0.0 0.4 1:23.21
717 0.0 0.4 1:23.24
717 5.6 0.4 1:23.27
717 0.0 0.4 1:23.29
717 0.0 0.4 1:23.31
7177 15.8 0.2 0:00.03
717 5.3 0.4 1:23.36
717 5.6 0.4 1:23.39
717 5.6 0.4 1:23.41
717 5.3 0.4 1:23.43
717 0.0 0.4 1:23.46
717 0.0 0.4 1:23.50
717 5.3 0.4 1:23.53
717 0.0 0.4 1:23.55
717 5.6 0.4 1:23.59
717 0.0 0.4 1:23.61
717 0.0 0.4 1:23.64
717 0.0 0.4 1:23.67
717 5.6 0.4 1:23.70
717 10.0 0.4 1:23.74
717 0.0 0.4 1:23.76
717 0.0 0.4 1:23.79
717 5.6 0.4 1:23.83
717 0.0 0.4 1:23.85
717 0.0 0.4 1:23.88
717 0.0 0.4 1:23.90
717 5.3 0.4 1:23.92
717 0.0 0.4 1:23.94
717 0.0 0.4 1:23.96
717 0.0 0.4 1:23.98
717 5.6 0.4 1:24.01
717 0.0 0.4 1:24.03
717 0.0 0.4 1:24.06
717 0.0 0.4 1:24.07
717 0.0 0.4 1:24.09
717 0.0 0.4 1:24.11
717 0.0 0.4 1:24.13
717 0.0 0.4 1:24.16
717 0.0 0.4 1:24.18
8717 15.8 0.2 0:00.05
717 5.3 0.4 1:24.23
717 5.6 0.4 1:24.25
717 5.6 0.4 1:24.27
717 0.0 0.4 1:24.29
717 5.3 0.4 1:24.32
717 0.0 0.4 1:24.34
717 5.3 0.4 1:24.37
717 0.0 0.4 1:24.40
717 5.3 0.4 1:24.41
717 0.0 0.4 1:24.43
717 0.0 0.4 1:24.44
717 0.0 0.4 1:24.44
717 0.0 0.4 1:24.44
717 0.0 0.4 1:24.44
717 0.0 0.4 1:24.44
717 0.0 0.4 1:24.44
717 0.0 0.4 1:24.44
717 0.0 0.4 1:24.44
717 0.0 0.4 1:24.44
717 0.0 0.4 1:24.44
717 0.0 0.4 1:24.44
