718 0.0 0.4 1:18.38
718 0.0 0.4 1:18.40
718 0.0 0.4 1:18.43
718 0.0 0.4 1:18.45
718 0.0 0.4 1:18.48
718 0.0 0.4 1:18.50
718 0.0 0.4 1:18.53
718 0.0 0.4 1:18.56
718 5.0 0.4 1:18.59
718 5.6 0.4 1:18.62
718 0.0 0.4 1:18.64
718 5.6 0.4 1:18.67
718 0.0 0.4 1:18.69
718 0.0 0.4 1:18.71
718 5.6 0.4 1:18.75
718 0.0 0.4 1:18.77
718 0.0 0.4 1:18.79
718 5.0 0.4 1:18.82
718 5.3 0.4 1:18.85
718 0.0 0.4 1:18.87
718 0.0 0.4 1:18.90
718 0.0 0.4 1:18.91
718 5.6 0.4 1:18.94
718 5.3 0.4 1:18.97
718 0.0 0.4 1:18.99
718 5.0 0.4 1:19.02
718 5.6 0.4 1:19.05
718 0.0 0.4 1:19.07
718 0.0 0.4 1:19.09
718 5.3 0.4 1:19.12
718 5.6 0.4 1:19.15
718 0.0 0.4 1:19.17
718 0.0 0.4 1:19.20
718 0.0 0.4 1:19.23
718 0.0 0.4 1:19.26
718 0.0 0.4 1:19.29
718 0.0 0.4 1:19.32
718 0.0 0.4 1:19.34
718 5.6 0.4 1:19.37
718 5.3 0.4 1:19.39
718 5.6 0.4 1:19.42
718 0.0 0.4 1:19.44
718 0.0 0.4 1:19.47
718 5.3 0.4 1:19.50
718 0.0 0.4 1:19.52
718 5.3 0.4 1:19.55
718 0.0 0.4 1:19.57
718 5.3 0.4 1:19.60
718 0.0 0.4 1:19.62
718 0.0 0.4 1:19.64
718 0.0 0.4 1:19.67
718 5.3 0.4 1:19.70
718 11.1 0.4 1:19.74
718 0.0 0.4 1:19.75
718 0.0 0.4 1:19.78
718 0.0 0.4 1:19.81
718 5.3 0.4 1:19.84
718 0.0 0.4 1:19.87
718 0.0 0.4 1:19.88
718 0.0 0.4 1:19.91
718 0.0 0.4 1:19.94
718 5.6 0.4 1:19.97
718 5.3 0.4 1:20.00
718 0.0 0.4 1:20.02
718 0.0 0.4 1:20.04
718 0.0 0.4 1:20.08
718 0.0 0.4 1:20.10
718 5.6 0.4 1:20.13
718 5.3 0.4 1:20.15
718 0.0 0.4 1:20.18
718 5.6 0.4 1:20.21
718 5.3 0.4 1:20.23
718 5.3 0.4 1:20.26
718 5.6 0.4 1:20.29
718 0.0 0.4 1:20.32
718 0.0 0.4 1:20.35
718 0.0 0.4 1:20.39
718 0.0 0.4 1:20.41
718 0.0 0.4 1:20.44
718 0.0 0.4 1:20.45
718 0.0 0.4 1:20.45
718 0.0 0.4 1:20.45
KiB used, 379100 buff/cache
718 0.0 0.4 1:20.45
718 0.0 0.4 1:20.45
718 0.0 0.4 1:20.45
718 0.0 0.4 1:20.45
718 0.0 0.4 1:20.45
718 0.0 0.4 1:20.45
718 0.0 0.4 1:20.45
718 0.0 0.4 1:20.45
718 0.0 0.4 1:20.45
718 0.0 0.4 1:20.45
718 0.0 0.4 1:20.45
718 0.0 0.4 1:20.45
718 0.0 0.4 1:20.45
718 0.0 0.4 1:20.45
718 0.0 0.4 1:20.45
718 0.0 0.4 1:20.45
718 0.0 0.4 1:20.45
