719 0.0 0.4 2:01.70
719 5.0 0.4 2:01.74
719 10.5 0.4 2:01.78
719 0.0 0.4 2:01.80
719 5.0 0.4 2:01.83
719 0.0 0.4 2:01.86
719 0.0 0.4 2:01.90
719 5.6 0.4 2:01.93
719 0.0 0.4 2:01.96
719 5.6 0.4 2:02.01
719 5.3 0.4 2:02.03
719 5.6 0.4 2:02.06
719 10.0 0.4 2:02.11
719 5.3 0.4 2:02.13
719 4.8 0.4 2:02.16
719 5.3 0.4 2:02.20
719 5.6 0.4 2:02.23
719 5.3 0.4 2:02.26
719 5.6 0.4 2:02.30
719 4.8 0.4 2:02.33
719 5.6 0.4 2:02.37
719 0.0 0.4 2:02.41
719 0.0 0.4 2:02.43
719 5.6 0.4 2:02.47
719 0.0 0.4 2:02.50
719 11.1 0.4 2:02.54
719 10.5 0.4 2:02.58
719 0.0 0.4 2:02.60
719 0.0 0.4 2:02.63
719 5.0 0.4 2:02.67
719 5.6 0.4 2:02.71
719 5.6 0.4 2:02.74
719 11.1 0.4 2:02.78
719 5.6 0.4 2:02.81
719 5.6 0.4 2:02.84
719 5.6 0.4 2:02.88
719 0.0 0.4 2:02.92
719 10.5 0.4 2:02.97
719 5.6 0.4 2:03.00
719 10.5 0.4 2:03.04
719 0.0 0.4 2:03.06
719 5.0 0.4 2:03.10
KiB used, 617196 buff/cache
719 5.0 0.4 2:03.18
719 0.0 0.4 2:03.20
719 0.0 0.4 2:03.24
719 5.0 0.4 2:03.28
719 5.3 0.4 2:03.31
719 0.0 0.4 2:03.34
719 5.3 0.4 2:03.38
719 5.6 0.4 2:03.41
719 10.5 0.4 2:03.45
719 0.0 0.4 2:03.47
719 4.8 0.4 2:03.52
719 5.3 0.4 2:03.55
719 5.6 0.4 2:03.58
719 0.0 0.4 2:03.62
719 5.3 0.4 2:03.65
719 5.6 0.4 2:03.68
719 0.0 0.4 2:03.71
719 0.0 0.4 2:03.75
719 11.1 0.4 2:03.79
719 5.9 0.4 2:03.82
719 5.6 0.4 2:03.86
719 5.3 0.4 2:03.89
719 5.6 0.4 2:03.93
719 0.0 0.4 2:03.95
719 0.0 0.4 2:03.98
719 0.0 0.4 2:04.00
719 0.0 0.4 2:04.03
719 5.6 0.4 2:04.07
719 5.6 0.4 2:04.10
719 5.3 0.4 2:04.13
719 5.6 0.4 2:04.16
719 5.6 0.4 2:04.19
719 0.0 0.4 2:04.22
719 5.6 0.4 2:04.26
719 5.0 0.4 2:04.29
719 11.1 0.4 2:04.33
719 5.3 0.4 2:04.35
719 0.0 0.4 2:04.35
719 0.0 0.4 2:04.35
719 0.0 0.4 2:04.35
719 0.0 0.4 2:04.35
719 0.0 0.4 2:04.35
719 0.0 0.4 2:04.35
719 0.0 0.4 2:04.35
719 0.0 0.4 2:04.35
719 0.0 0.4 2:04.35
719 0.0 0.4 2:04.35
