720 0.0 0.4 1:40.21
720 0.0 0.4 1:40.23
720 5.6 0.4 1:40.26
720 0.0 0.4 1:40.28
720 0.0 0.4 1:40.31
720 5.3 0.4 1:40.34
720 5.6 0.4 1:40.36
720 5.6 0.4 1:40.39
720 0.0 0.4 1:40.41
720 5.6 0.4 1:40.44
720 5.3 0.4 1:40.47
720 5.6 0.4 1:40.49
720 0.0 0.4 1:40.51
720 0.0 0.4 1:40.53
720 0.0 0.4 1:40.55
720 5.0 0.4 1:40.58
720 5.0 0.4 1:40.60
720 0.0 0.4 1:40.62
720 4.5 0.4 1:40.65
720 0.0 0.4 1:40.67
720 5.6 0.4 1:40.70
720 11.1 0.4 1:40.74
720 0.0 0.4 1:40.75
720 5.3 0.4 1:40.78
720 0.0 0.4 1:40.80
720 5.6 0.4 1:40.83
KiB used, 619720 buff/cache
720 0.0 0.4 1:40.88
720 11.1 0.4 1:40.92
720 5.3 0.4 1:40.93
720 0.0 0.4 1:40.95
720 0.0 0.4 1:40.98
720 5.6 0.4 1:41.01
720 5.6 0.4 1:41.04
720 4.8 0.4 1:41.06
720 5.0 0.4 1:41.08
720 0.0 0.4 1:41.10
720 0.0 0.4 1:41.13
720 0.0 0.4 1:41.15
720 0.0 0.4 1:41.17
720 10.5 0.4 1:41.21
720 5.6 0.4 1:41.23
720 0.0 0.4 1:41.25
720 5.6 0.4 1:41.28
720 0.0 0.4 1:41.30
720 5.6 0.4 1:41.33
720 0.0 0.4 1:41.35
720 0.0 0.4 1:41.37
720 0.0 0.4 1:41.40
720 5.6 0.4 1:41.43
720 0.0 0.4 1:41.45
720 0.0 0.4 1:41.47
720 5.6 0.4 1:41.50
720 4.8 0.4 1:41.53
720 0.0 0.4 1:41.55
720 0.0 0.4 1:41.58
720 5.9 0.4 1:41.61
720 5.6 0.4 1:41.64
720 5.9 0.4 1:41.67
720 5.9 0.4 1:41.69
720 5.6 0.4 1:41.72
KiB 1527720 avail Mem
720 0.0 0.4 1:41.77
720 0.0 0.4 1:41.79
720 5.9 0.4 1:41.82
720 4.8 0.4 1:41.85
720 0.0 0.4 1:41.87
720 0.0 0.4 1:41.90
720 5.6 0.4 1:41.93
720 0.0 0.4 1:41.95
720 5.6 0.4 1:41.98
720 0.0 0.4 1:42.01
720 0.0 0.4 1:42.03
720 0.0 0.4 1:42.06
720 0.0 0.4 1:42.09
720 5.6 0.4 1:42.12
720 4.8 0.4 1:42.15
720 0.0 0.4 1:42.17
720 4.8 0.4 1:42.20
720 0.0 0.4 1:42.22
720 0.0 0.4 1:42.22
720 0.0 0.4 1:42.22
720 0.0 0.4 1:42.22
720 0.0 0.4 1:42.22
720 0.0 0.4 1:42.22
720 0.0 0.4 1:42.22
720 0.0 0.4 1:42.22
720 0.0 0.4 1:42.22
720 0.0 0.4 1:42.22
720 0.0 0.4 1:42.22
720 0.0 0.4 1:42.22
720 0.0 0.4 1:42.22
720 0.0 0.4 1:42.22
720 0.0 0.4 1:42.22
720 0.0 0.4 1:42.22
720 0.0 0.4 1:42.22
720 0.0 0.4 1:42.22
720 0.0 0.4 1:42.22
