720 11.1 0.4 1:12.07
720 5.0 0.4 1:12.10
720 5.9 0.4 1:12.13
720 0.0 0.4 1:12.17
720 0.0 0.4 1:12.20
720 5.6 0.4 1:12.24
720 5.6 0.4 1:12.27
720 5.6 0.4 1:12.30
720 5.9 0.4 1:12.33
720 0.0 0.4 1:12.36
720 5.6 0.4 1:12.40
720 4.8 0.4 1:12.43
720 0.0 0.4 1:12.46
720 0.0 0.4 1:12.49
720 5.3 0.4 1:12.53
720 0.0 0.4 1:12.55
720 0.0 0.4 1:12.58
720 0.0 0.4 1:12.62
720 0.0 0.4 1:12.65
720 0.0 0.4 1:12.68
720 5.6 0.4 1:12.72
720 0.0 0.4 1:12.76
720 5.3 0.4 1:12.79
720 5.3 0.4 1:12.82
720 0.0 0.4 1:12.85
720 5.3 0.4 1:12.89
720 5.6 0.4 1:12.93
720 5.3 0.4 1:12.97
720 5.9 0.4 1:13.01
720 5.6 0.4 1:13.05
720 0.0 0.4 1:13.08
720 5.3 0.4 1:13.12
720 0.0 0.4 1:13.15
720 0.0 0.4 1:13.18
720 5.6 0.4 1:13.22
720 0.0 0.4 1:13.25
720 0.0 0.4 1:13.28
720 5.9 0.4 1:13.31
720 5.6 0.4 1:13.34
720 0.0 0.4 1:13.37
720 5.6 0.4 1:13.41
720 5.6 0.4 1:13.45
720 0.0 0.4 1:13.48
720 0.0 0.4 1:13.51
720 5.6 0.4 1:13.54
720 0.0 0.4 1:13.57
720 4.5 0.4 1:13.61
720 0.0 0.4 1:13.64
720 0.0 0.4 1:13.68
720 9.1 0.4 1:13.74
720 0.0 0.4 1:13.76
720 5.0 0.4 1:13.80
720 0.0 0.4 1:13.83
720 0.0 0.4 1:13.86
720 4.3 0.4 1:13.90
720 5.6 0.4 1:13.93
720 5.9 0.4 1:13.97
720 5.6 0.4 1:13.99
720 5.6 0.4 1:14.02
720 4.8 0.4 1:14.05
720 5.6 0.4 1:14.08
720 5.3 0.4 1:14.12
720 5.3 0.4 1:14.15
720 5.9 0.4 1:14.18
720 0.0 0.4 1:14.21
720 5.6 0.4 1:14.25
720 5.6 0.4 1:14.29
720 0.0 0.4 1:14.32
720 0.0 0.4 1:14.35
720 5.6 0.4 1:14.38
720 0.0 0.4 1:14.41
720 0.0 0.4 1:14.44
720 0.0 0.4 1:14.47
720 0.0 0.4 1:14.50
720 0.0 0.4 1:14.53
720 5.0 0.4 1:14.57
720 5.6 0.4 1:14.61
720 5.0 0.4 1:14.65
720 5.6 0.4 1:14.68
720 0.0 0.4 1:14.70
720 0.0 0.4 1:14.71
720 0.0 0.4 1:14.71
720 0.0 0.4 1:14.71
720 0.0 0.4 1:14.71
720 0.0 0.4 1:14.71
KiB used, 370164 buff/cache
720 0.0 0.4 1:14.71
720 0.0 0.4 1:14.71
720 0.0 0.4 1:14.71
720 0.0 0.4 1:14.71
