711 10.0 0.3 0:16.45
711 0.0 0.3 0:16.46
711 0.0 0.3 0:16.46
711 0.0 0.3 0:16.46
711 0.0 0.3 0:16.46
711 0.0 0.3 0:16.46
711 0.0 0.3 0:16.46
711 0.0 0.3 0:16.46
711 0.0 0.3 0:16.46
711 0.0 0.3 0:16.46
711 0.0 0.3 0:16.46
711 0.0 0.3 0:16.46
711 0.0 0.3 0:16.46
711 0.0 0.3 0:16.46
711 0.0 0.3 0:16.46
711 0.0 0.3 0:16.47
711 0.0 0.3 0:16.47
711 0.0 0.3 0:16.47
711 0.0 0.3 0:16.47
711 0.0 0.3 0:16.51
711 0.0 0.3 0:16.51
711 0.0 0.3 0:16.51
711 0.0 0.3 0:16.51
711 0.0 0.3 0:16.51
711 0.0 0.3 0:16.51
711 0.0 0.3 0:16.51
711 0.0 0.3 0:16.51
711 0.0 0.3 0:16.51
711 0.0 0.3 0:16.51
711 0.0 0.3 0:16.51
711 0.0 0.3 0:16.51
711 0.0 0.3 0:16.51
711 0.0 0.3 0:16.51
711 0.0 0.3 0:16.51
711 5.6 0.3 0:16.52
711 0.0 0.3 0:16.52
711 0.0 0.3 0:16.52
711 0.0 0.3 0:16.56
711 0.0 0.3 0:16.56
711 0.0 0.3 0:16.56
711 0.0 0.3 0:16.56
711 0.0 0.3 0:16.56
711 0.0 0.3 0:16.56
711 0.0 0.3 0:16.56
711 0.0 0.3 0:16.56
711 0.0 0.3 0:16.56
711 0.0 0.3 0:16.56
711 0.0 0.3 0:16.56
711 0.0 0.3 0:16.56
711 0.0 0.3 0:16.56
711 0.0 0.3 0:16.56
711 0.0 0.3 0:16.56
711 0.0 0.3 0:16.56
711 0.0 0.3 0:16.57
711 5.6 0.3 0:16.58
711 11.1 0.3 0:16.60
711 0.0 0.3 0:16.61
711 0.0 0.3 0:16.61
711 0.0 0.3 0:16.61
711 0.0 0.3 0:16.61
711 0.0 0.3 0:16.61
711 0.0 0.3 0:16.61
711 0.0 0.3 0:16.61
711 0.0 0.3 0:16.61
711 0.0 0.3 0:16.61
711 0.0 0.3 0:16.61
711 0.0 0.3 0:16.61
711 0.0 0.3 0:16.61
711 0.0 0.3 0:16.61
711 0.0 0.3 0:16.61
711 0.0 0.3 0:16.61
711 0.0 0.3 0:16.63
711 0.0 0.3 0:16.63
711 0.0 0.3 0:16.63
711 0.0 0.3 0:16.66
711 0.0 0.3 0:16.66
711 0.0 0.3 0:16.66
711 0.0 0.3 0:16.66
711 0.0 0.3 0:16.66
711 0.0 0.3 0:16.66
711 0.0 0.3 0:16.66
711 0.0 0.3 0:16.66
711 0.0 0.3 0:16.66
711 0.0 0.3 0:16.66
711 0.0 0.3 0:16.66
711 0.0 0.3 0:16.66
711 0.0 0.3 0:16.67
711 0.0 0.3 0:16.68
711 0.0 0.3 0:16.68
711 0.0 0.3 0:16.68
711 5.0 0.3 0:16.69
711 0.0 0.3 0:16.69
711 0.0 0.3 0:16.75
711 0.0 0.3 0:16.75
711 0.0 0.3 0:16.75
711 0.0 0.3 0:16.75
711 0.0 0.3 0:16.75
711 0.0 0.3 0:16.75
711 0.0 0.3 0:16.75
711 0.0 0.3 0:16.75
711 0.0 0.3 0:16.75
711 0.0 0.3 0:16.75
711 0.0 0.3 0:16.75
711 0.0 0.3 0:16.75
711 0.0 0.3 0:16.75
711 0.0 0.3 0:16.75
711 0.0 0.3 0:16.75
711 0.0 0.3 0:16.75
711 0.0 0.3 0:16.75
711 0.0 0.3 0:16.75
711 11.1 0.3 0:16.78
711 0.0 0.3 0:16.80
711 0.0 0.3 0:16.80
711 0.0 0.3 0:16.80
711 0.0 0.3 0:16.80
711 0.0 0.3 0:16.80
711 0.0 0.3 0:16.80
711 0.0 0.3 0:16.80
711 0.0 0.3 0:16.80
711 0.0 0.3 0:16.80
711 0.0 0.3 0:16.80
711 0.0 0.3 0:16.80
711 0.0 0.3 0:16.80
711 0.0 0.3 0:16.80
711 0.0 0.3 0:16.80
711 0.0 0.3 0:16.81
711 0.0 0.3 0:16.81
711 0.0 0.3 0:16.82
711 0.0 0.3 0:16.83
711 0.0 0.3 0:16.85
711 0.0 0.3 0:16.85
711 0.0 0.3 0:16.85
711 0.0 0.3 0:16.85
711 0.0 0.3 0:16.85
711 0.0 0.3 0:16.85
711 0.0 0.3 0:16.85
711 0.0 0.3 0:16.85
711 0.0 0.3 0:16.85
711 0.0 0.3 0:16.85
711 0.0 0.3 0:16.85
711 0.0 0.3 0:16.85
711 0.0 0.3 0:16.85
711 5.6 0.3 0:16.86
711 0.0 0.3 0:16.86
711 5.3 0.3 0:16.88
711 0.0 0.3 0:16.88
711 0.0 0.3 0:16.89
711 0.0 0.3 0:16.94
711 0.0 0.3 0:16.94
711 0.0 0.3 0:16.94
711 0.0 0.3 0:16.94
711 0.0 0.3 0:16.94
711 0.0 0.3 0:16.94
711 0.0 0.3 0:16.94
711 0.0 0.3 0:16.94
711 0.0 0.3 0:16.94
711 0.0 0.3 0:16.94
711 0.0 0.3 0:16.94
711 0.0 0.3 0:16.94
711 0.0 0.3 0:16.94
711 0.0 0.3 0:16.95
711 0.0 0.3 0:16.95
711 0.0 0.3 0:16.95
711 0.0 0.3 0:16.96
711 0.0 0.3 0:16.96
711 10.5 0.3 0:16.98
711 0.0 0.3 0:16.98
711 0.0 0.3 0:16.98
711 0.0 0.3 0:16.98
711 0.0 0.3 0:16.98
711 0.0 0.3 0:16.98
5711 10.5 0.2 0:00.04
711 0.0 0.3 0:16.98
711 0.0 0.3 0:16.98
711 0.0 0.3 0:16.98
711 0.0 0.3 0:16.98
711 0.0 0.3 0:16.98
711 0.0 0.3 0:16.98
711 5.6 0.3 0:16.99
711 0.0 0.3 0:16.99
711 0.0 0.3 0:16.99
711 0.0 0.3 0:17.00
711 0.0 0.3 0:17.01
711 0.0 0.3 0:17.01
711 0.0 0.3 0:17.02
711 0.0 0.3 0:17.02
711 0.0 0.3 0:17.02
711 0.0 0.3 0:17.02
711 0.0 0.3 0:17.02
711 0.0 0.3 0:17.02
711 0.0 0.3 0:17.02
711 0.0 0.3 0:17.02
711 0.0 0.3 0:17.02
711 0.0 0.3 0:17.02
711 0.0 0.3 0:17.02
711 0.0 0.3 0:17.02
711 0.0 0.3 0:17.02
711 0.0 0.3 0:17.02
711 0.0 0.3 0:17.02
711 0.0 0.3 0:17.02
711 0.0 0.3 0:17.02
711 0.0 0.3 0:17.02
711 0.0 0.3 0:17.02
711 0.0 0.3 0:17.02
711 0.0 0.3 0:17.02
7113 11.1 0.2 0:00.04
711 0.0 0.3 0:17.02
711 0.0 0.3 0:17.02
711 0.0 0.3 0:17.02
711 0.0 0.3 0:17.02
711 0.0 0.3 0:17.02
711 0.0 0.3 0:17.02
711 0.0 0.3 0:17.02
