712 22.2 0.3 0:22.51
712 0.0 0.3 0:22.54
712 0.0 0.3 0:22.54
712 0.0 0.3 0:22.54
712 0.0 0.3 0:22.54
712 0.0 0.3 0:22.54
712 0.0 0.3 0:22.54
712 0.0 0.3 0:22.54
712 0.0 0.3 0:22.54
712 0.0 0.3 0:22.54
712 0.0 0.3 0:22.54
712 0.0 0.3 0:22.54
712 0.0 0.3 0:22.54
712 0.0 0.3 0:22.54
712 0.0 0.3 0:22.54
712 0.0 0.3 0:22.54
712 0.0 0.3 0:22.54
712 0.0 0.3 0:22.55
712 0.0 0.3 0:22.55
712 0.0 0.3 0:22.61
712 0.0 0.3 0:22.61
712 0.0 0.3 0:22.61
712 0.0 0.3 0:22.61
712 0.0 0.3 0:22.61
712 0.0 0.3 0:22.61
712 0.0 0.3 0:22.61
712 0.0 0.3 0:22.61
712 0.0 0.3 0:22.61
712 0.0 0.3 0:22.61
712 0.0 0.3 0:22.61
712 0.0 0.3 0:22.61
712 0.0 0.3 0:22.61
712 0.0 0.3 0:22.61
712 0.0 0.3 0:22.61
712 0.0 0.3 0:22.62
712 0.0 0.3 0:22.62
712 0.0 0.3 0:22.62
712 0.0 0.3 0:22.65
712 0.0 0.3 0:22.65
712 0.0 0.3 0:22.65
712 0.0 0.3 0:22.65
712 0.0 0.3 0:22.65
712 0.0 0.3 0:22.65
712 0.0 0.3 0:22.65
712 0.0 0.3 0:22.65
712 0.0 0.3 0:22.66
KiB used, 352436 buff/cache
712 0.0 0.3 0:22.66
712 0.0 0.3 0:22.66
712 0.0 0.3 0:22.66
712 0.0 0.3 0:22.66
712 0.0 0.3 0:22.66
712 0.0 0.3 0:22.66
712 0.0 0.3 0:22.66
712 0.0 0.3 0:22.66
712 5.6 0.3 0:22.68
712 0.0 0.3 0:22.70
KiB 1537120 avail Mem
712 0.0 0.3 0:22.71
712 0.0 0.3 0:22.71
712 0.0 0.3 0:22.71
712 0.0 0.3 0:22.71
712 0.0 0.3 0:22.71
712 0.0 0.3 0:22.71
712 0.0 0.3 0:22.71
712 0.0 0.3 0:22.71
712 0.0 0.3 0:22.71
712 0.0 0.3 0:22.71
712 0.0 0.3 0:22.71
712 5.6 0.3 0:22.72
712 0.0 0.3 0:22.72
712 0.0 0.3 0:22.72
712 0.0 0.3 0:22.72
712 0.0 0.3 0:22.72
712 0.0 0.3 0:22.75
712 0.0 0.3 0:22.75
712 0.0 0.3 0:22.75
712 0.0 0.3 0:22.75
712 0.0 0.3 0:22.75
712 0.0 0.3 0:22.75
712 0.0 0.3 0:22.75
712 0.0 0.3 0:22.75
712 0.0 0.3 0:22.75
712 0.0 0.3 0:22.75
712 0.0 0.3 0:22.75
712 0.0 0.3 0:22.76
712 0.0 0.3 0:22.76
712 0.0 0.3 0:22.76
712 0.0 0.3 0:22.77
712 0.0 0.3 0:22.77
712 0.0 0.3 0:22.77
712 0.0 0.3 0:22.77
712 9.5 0.3 0:22.85
712 0.0 0.3 0:22.85
712 0.0 0.3 0:22.85
712 0.0 0.3 0:22.85
712 0.0 0.3 0:22.85
712 0.0 0.3 0:22.85
712 0.0 0.3 0:22.85
712 0.0 0.3 0:22.85
712 0.0 0.3 0:22.85
712 0.0 0.3 0:22.85
KiB used, 352712 buff/cache
712 0.0 0.3 0:22.85
712 0.0 0.3 0:22.85
712 0.0 0.3 0:22.86
KiB 1537120 avail Mem
712 0.0 0.3 0:22.86
712 0.0 0.3 0:22.87
712 0.0 0.3 0:22.87
712 0.0 0.3 0:22.87
712 0.0 0.3 0:22.88
712 0.0 0.3 0:22.89
712 0.0 0.3 0:22.89
712 0.0 0.3 0:22.89
712 0.0 0.3 0:22.89
712 0.0 0.3 0:22.89
712 0.0 0.3 0:22.89
712 0.0 0.3 0:22.89
KiB 1537124 avail Mem
712 0.0 0.3 0:22.89
712 0.0 0.3 0:22.89
712 0.0 0.3 0:22.89
712 0.0 0.3 0:22.89
712 0.0 0.3 0:22.89
712 0.0 0.3 0:22.90
712 0.0 0.3 0:22.90
712 0.0 0.3 0:22.90
712 0.0 0.3 0:22.90
712 0.0 0.3 0:22.95
712 0.0 0.3 0:22.95
712 0.0 0.3 0:22.95
712 0.0 0.3 0:22.95
712 0.0 0.3 0:22.95
712 0.0 0.3 0:22.95
712 0.0 0.3 0:22.95
712 0.0 0.3 0:22.96
712 0.0 0.3 0:22.96
712 0.0 0.3 0:22.96
712 0.0 0.3 0:22.96
712 0.0 0.3 0:22.96
712 0.0 0.3 0:22.96
712 0.0 0.3 0:22.97
712 0.0 0.3 0:22.98
712 0.0 0.3 0:22.98
712 0.0 0.3 0:22.98
712 0.0 0.3 0:22.98
712 11.1 0.3 0:23.01
712 0.0 0.3 0:23.01
712 0.0 0.3 0:23.01
712 0.0 0.3 0:23.01
712 0.0 0.3 0:23.01
712 0.0 0.3 0:23.01
712 0.0 0.3 0:23.01
712 0.0 0.3 0:23.01
712 0.0 0.3 0:23.02
712 0.0 0.3 0:23.02
712 0.0 0.3 0:23.02
712 0.0 0.3 0:23.02
712 0.0 0.3 0:23.02
712 0.0 0.3 0:23.02
712 5.6 0.3 0:23.03
712 0.0 0.3 0:23.03
712 5.6 0.3 0:23.04
712 0.0 0.3 0:23.04
712 0.0 0.3 0:23.05
712 0.0 0.3 0:23.07
712 0.0 0.3 0:23.07
712 0.0 0.3 0:23.07
712 0.0 0.3 0:23.07
712 0.0 0.3 0:23.07
712 0.0 0.3 0:23.07
712 0.0 0.3 0:23.07
712 0.0 0.3 0:23.07
712 0.0 0.3 0:23.07
712 0.0 0.3 0:23.07
712 0.0 0.3 0:23.07
712 0.0 0.3 0:23.07
712 0.0 0.3 0:23.07
712 0.0 0.3 0:23.07
712 0.0 0.3 0:23.07
712 0.0 0.3 0:23.07
712 0.0 0.3 0:23.07
712 0.0 0.3 0:23.07
KiB 1537124 avail Mem
712 0.0 0.3 0:23.07
