712 22.2 0.3 0:14.27
712 0.0 0.3 0:14.27
712 0.0 0.3 0:14.27
712 0.0 0.3 0:14.27
712 0.0 0.3 0:14.27
712 0.0 0.3 0:14.27
712 0.0 0.3 0:14.27
712 0.0 0.3 0:14.27
712 0.0 0.3 0:14.27
712 0.0 0.3 0:14.27
712 0.0 0.3 0:14.27
712 0.0 0.3 0:14.27
712 0.0 0.3 0:14.27
712 0.0 0.3 0:14.27
712 0.0 0.3 0:14.27
712 0.0 0.3 0:14.27
712 0.0 0.3 0:14.28
712 0.0 0.3 0:14.28
712 0.0 0.3 0:14.28
712 0.0 0.3 0:14.31
712 0.0 0.3 0:14.31
712 0.0 0.3 0:14.31
KiB used, 276756 buff/cache
712 0.0 0.3 0:14.31
712 0.0 0.3 0:14.31
712 0.0 0.3 0:14.31
712 0.0 0.3 0:14.31
712 0.0 0.3 0:14.31
712 0.0 0.3 0:14.31
712 0.0 0.3 0:14.31
712 0.0 0.3 0:14.31
7124 16.7 0.2 0:00.03
712 0.0 0.3 0:14.31
712 0.0 0.3 0:14.31
712 0.0 0.3 0:14.33
712 0.0 0.3 0:14.33
712 0.0 0.3 0:14.33
712 0.0 0.3 0:14.38
712 0.0 0.3 0:14.38
712 0.0 0.3 0:14.38
712 0.0 0.3 0:14.38
712 0.0 0.3 0:14.38
712 0.0 0.3 0:14.38
712 0.0 0.3 0:14.38
712 0.0 0.3 0:14.38
KiB 1537120 avail Mem
712 0.0 0.3 0:14.38
712 0.0 0.3 0:14.38
712 0.0 0.3 0:14.38
712 0.0 0.3 0:14.38
712 0.0 0.3 0:14.38
712 0.0 0.3 0:14.38
712 0.0 0.3 0:14.38
712 0.0 0.3 0:14.39
712 0.0 0.3 0:14.39
712 15.0 0.3 0:14.43
712 0.0 0.3 0:14.44
712 0.0 0.3 0:14.44
712 0.0 0.3 0:14.44
712 0.0 0.3 0:14.44
712 0.0 0.3 0:14.44
712 0.0 0.3 0:14.44
712 0.0 0.3 0:14.44
712 0.0 0.3 0:14.44
712 0.0 0.3 0:14.44
712 0.0 0.3 0:14.44
712 0.0 0.3 0:14.44
KiB used, 276964 buff/cache
712 0.0 0.3 0:14.44
712 0.0 0.3 0:14.45
712 0.0 0.3 0:14.45
712 0.0 0.3 0:14.45
712 0.0 0.3 0:14.46
712 0.0 0.3 0:14.46
712 0.0 0.3 0:14.49
712 0.0 0.3 0:14.49
712 0.0 0.3 0:14.49
712 0.0 0.3 0:14.49
712 0.0 0.3 0:14.49
712 0.0 0.3 0:14.49
712 0.0 0.3 0:14.49
712 0.0 0.3 0:14.49
712 0.0 0.3 0:14.49
712 0.0 0.3 0:14.49
712 0.0 0.3 0:14.49
712 0.0 0.3 0:14.49
712 0.0 0.3 0:14.49
712 0.0 0.3 0:14.49
712 0.0 0.3 0:14.50
712 0.0 0.3 0:14.50
712 0.0 0.3 0:14.50
712 5.3 0.3 0:14.51
712 0.0 0.3 0:14.53
712 0.0 0.3 0:14.53
712 0.0 0.3 0:14.53
712 0.0 0.3 0:14.53
712 0.0 0.3 0:14.53
712 0.0 0.3 0:14.53
712 0.0 0.3 0:14.53
712 0.0 0.3 0:14.53
712 0.0 0.3 0:14.53
712 0.0 0.3 0:14.53
712 0.0 0.3 0:14.53
712 0.0 0.3 0:14.53
712 0.0 0.3 0:14.53
712 0.0 0.3 0:14.53
712 5.6 0.3 0:14.55
712 5.6 0.3 0:14.56
712 0.0 0.3 0:14.56
712 0.0 0.3 0:14.56
712 5.3 0.3 0:14.57
712 0.0 0.3 0:14.60
712 0.0 0.3 0:14.60
712 0.0 0.3 0:14.60
712 0.0 0.3 0:14.60
712 0.0 0.3 0:14.60
712 0.0 0.3 0:14.60
712 0.0 0.3 0:14.60
712 0.0 0.3 0:14.60
712 0.0 0.3 0:14.60
712 0.0 0.3 0:14.60
712 0.0 0.3 0:14.60
712 0.0 0.3 0:14.60
712 0.0 0.3 0:14.60
712 0.0 0.3 0:14.60
KiB 1537120 avail Mem
712 0.0 0.3 0:14.60
712 11.8 0.3 0:14.62
712 0.0 0.3 0:14.62
712 0.0 0.3 0:14.63
712 0.0 0.3 0:14.63
712 0.0 0.3 0:14.63
712 0.0 0.3 0:14.63
712 0.0 0.3 0:14.63
712 0.0 0.3 0:14.63
712 0.0 0.3 0:14.63
712 0.0 0.3 0:14.63
712 0.0 0.3 0:14.63
712 0.0 0.3 0:14.63
712 0.0 0.3 0:14.63
712 0.0 0.3 0:14.63
712 0.0 0.3 0:14.63
712 0.0 0.3 0:14.63
712 0.0 0.3 0:14.63
712 0.0 0.3 0:14.64
KiB 1537128 avail Mem
712 0.0 0.3 0:14.64
712 0.0 0.3 0:14.68
712 0.0 0.3 0:14.68
712 0.0 0.3 0:14.68
712 0.0 0.3 0:14.68
712 0.0 0.3 0:14.68
712 0.0 0.3 0:14.68
712 0.0 0.3 0:14.68
712 0.0 0.3 0:14.68
712 0.0 0.3 0:14.68
712 0.0 0.3 0:14.69
712 0.0 0.3 0:14.69
712 0.0 0.3 0:14.69
712 0.0 0.3 0:14.69
712 5.6 0.3 0:14.70
712 0.0 0.3 0:14.70
712 0.0 0.3 0:14.70
712 0.0 0.3 0:14.71
712 0.0 0.3 0:14.71
712 0.0 0.3 0:14.71
712 0.0 0.3 0:14.74
712 0.0 0.3 0:14.74
712 0.0 0.3 0:14.74
712 0.0 0.3 0:14.74
712 0.0 0.3 0:14.74
712 0.0 0.3 0:14.74
712 0.0 0.3 0:14.74
712 0.0 0.3 0:14.74
712 0.0 0.3 0:14.74
712 0.0 0.3 0:14.74
712 0.0 0.3 0:14.74
712 0.0 0.3 0:14.75
712 0.0 0.3 0:14.75
712 0.0 0.3 0:14.75
KiB 1537128 avail Mem
712 0.0 0.3 0:14.76
712 0.0 0.3 0:14.76
712 0.0 0.3 0:14.76
712 0.0 0.3 0:14.78
712 0.0 0.3 0:14.78
712 0.0 0.3 0:14.78
712 0.0 0.3 0:14.78
712 0.0 0.3 0:14.78
712 0.0 0.3 0:14.78
712 0.0 0.3 0:14.78
712 0.0 0.3 0:14.78
712 0.0 0.3 0:14.78
712 0.0 0.3 0:14.78
712 0.0 0.3 0:14.79
712 0.0 0.3 0:14.80
712 0.0 0.3 0:14.80
712 0.0 0.3 0:14.80
712 0.0 0.3 0:14.81
712 0.0 0.3 0:14.81
712 0.0 0.3 0:14.81
712 0.0 0.3 0:14.81
712 0.0 0.3 0:14.88
712 0.0 0.3 0:14.88
712 0.0 0.3 0:14.88
712 0.0 0.3 0:14.88
712 0.0 0.3 0:14.88
712 0.0 0.3 0:14.88
712 0.0 0.3 0:14.88
712 0.0 0.3 0:14.88
712 0.0 0.3 0:14.88
712 0.0 0.3 0:14.88
712 0.0 0.3 0:14.88
712 0.0 0.3 0:14.88
712 0.0 0.3 0:14.89
712 5.6 0.3 0:14.90
712 0.0 0.3 0:14.91
712 0.0 0.3 0:14.91
712 0.0 0.3 0:14.91
712 0.0 0.3 0:14.91
712 0.0 0.3 0:14.91
712 0.0 0.3 0:14.91
712 0.0 0.3 0:14.91
KiB used, 278580 buff/cache
712 0.0 0.3 0:14.91
712 0.0 0.3 0:14.91
712 0.0 0.3 0:14.91
712 0.0 0.3 0:14.91
712 0.0 0.3 0:14.91
712 0.0 0.3 0:14.91
712 0.0 0.3 0:14.91
712 0.0 0.3 0:14.91
712 0.0 0.3 0:14.91
712 0.0 0.3 0:14.91
712 0.0 0.3 0:14.91
