712 20.0 0.3 0:17.07
712 0.0 0.3 0:17.07
712 0.0 0.3 0:17.07
712 0.0 0.3 0:17.07
712 0.0 0.3 0:17.07
KiB 1537124 avail Mem
712 0.0 0.3 0:17.07
712 0.0 0.3 0:17.07
712 0.0 0.3 0:17.07
712 0.0 0.3 0:17.07
712 0.0 0.3 0:17.07
712 0.0 0.3 0:17.07
712 0.0 0.3 0:17.07
712 0.0 0.3 0:17.07
712 0.0 0.3 0:17.07
712 0.0 0.3 0:17.07
712 0.0 0.3 0:17.07
712 0.0 0.3 0:17.07
712 0.0 0.3 0:17.08
712 0.0 0.3 0:17.13
712 0.0 0.3 0:17.13
712 0.0 0.3 0:17.13
712 0.0 0.3 0:17.13
712 0.0 0.3 0:17.13
712 0.0 0.3 0:17.13
712 0.0 0.3 0:17.13
712 0.0 0.3 0:17.13
712 0.0 0.3 0:17.13
712 0.0 0.3 0:17.13
712 0.0 0.3 0:17.13
712 0.0 0.3 0:17.13
712 0.0 0.3 0:17.13
712 0.0 0.3 0:17.13
712 0.0 0.3 0:17.13
712 0.0 0.3 0:17.13
712 0.0 0.3 0:17.13
712 0.0 0.3 0:17.14
712 0.0 0.3 0:17.18
712 0.0 0.3 0:17.18
712 0.0 0.3 0:17.18
712 0.0 0.3 0:17.18
712 0.0 0.3 0:17.18
712 0.0 0.3 0:17.18
712 0.0 0.3 0:17.18
712 0.0 0.3 0:17.18
712 0.0 0.3 0:17.18
712 0.0 0.3 0:17.18
712 0.0 0.3 0:17.18
712 0.0 0.3 0:17.18
712 0.0 0.3 0:17.18
712 0.0 0.3 0:17.18
712 0.0 0.3 0:17.18
712 0.0 0.3 0:17.18
712 0.0 0.3 0:17.18
712 0.0 0.3 0:17.19
712 11.1 0.3 0:17.21
712 0.0 0.3 0:17.23
712 0.0 0.3 0:17.23
712 0.0 0.3 0:17.23
712 0.0 0.3 0:17.23
712 0.0 0.3 0:17.23
712 0.0 0.3 0:17.23
712 0.0 0.3 0:17.23
712 0.0 0.3 0:17.23
712 0.0 0.3 0:17.23
712 0.0 0.3 0:17.23
712 0.0 0.3 0:17.23
712 0.0 0.3 0:17.23
712 0.0 0.3 0:17.23
712 5.6 0.3 0:17.24
712 0.0 0.3 0:17.24
712 0.0 0.3 0:17.24
712 0.0 0.3 0:17.24
712 0.0 0.3 0:17.25
712 0.0 0.3 0:17.28
712 0.0 0.3 0:17.28
712 0.0 0.3 0:17.28
712 0.0 0.3 0:17.28
712 0.0 0.3 0:17.28
712 0.0 0.3 0:17.28
712 0.0 0.3 0:17.28
712 0.0 0.3 0:17.28
712 0.0 0.3 0:17.28
712 0.0 0.3 0:17.28
712 0.0 0.3 0:17.28
712 0.0 0.3 0:17.28
712 0.0 0.3 0:17.28
712 0.0 0.3 0:17.29
712 0.0 0.3 0:17.29
712 0.0 0.3 0:17.29
712 0.0 0.3 0:17.29
712 0.0 0.3 0:17.30
712 0.0 0.3 0:17.33
712 0.0 0.3 0:17.33
712 0.0 0.3 0:17.33
712 0.0 0.3 0:17.33
712 0.0 0.3 0:17.33
712 0.0 0.3 0:17.33
712 0.0 0.3 0:17.33
712 0.0 0.3 0:17.33
712 0.0 0.3 0:17.33
712 0.0 0.3 0:17.33
712 0.0 0.3 0:17.33
712 0.0 0.3 0:17.34
712 0.0 0.3 0:17.34
712 5.6 0.3 0:17.35
712 0.0 0.3 0:17.35
712 0.0 0.3 0:17.35
712 5.6 0.3 0:17.36
712 0.0 0.3 0:17.37
712 0.0 0.3 0:17.38
17121 17.6 0.2 0:00.03
712 0.0 0.3 0:17.41
712 0.0 0.3 0:17.41
712 0.0 0.3 0:17.41
712 0.0 0.3 0:17.41
712 0.0 0.3 0:17.41
712 0.0 0.3 0:17.41
712 0.0 0.3 0:17.41
712 0.0 0.3 0:17.41
712 0.0 0.3 0:17.41
712 0.0 0.3 0:17.41
712 0.0 0.3 0:17.41
712 5.6 0.3 0:17.42
712 0.0 0.3 0:17.42
712 0.0 0.3 0:17.42
712 0.0 0.3 0:17.42
712 0.0 0.3 0:17.43
712 0.0 0.3 0:17.44
712 0.0 0.3 0:17.47
712 0.0 0.3 0:17.47
712 0.0 0.3 0:17.47
712 0.0 0.3 0:17.47
712 0.0 0.3 0:17.47
712 0.0 0.3 0:17.47
712 0.0 0.3 0:17.47
712 0.0 0.3 0:17.47
712 0.0 0.3 0:17.47
712 0.0 0.3 0:17.47
712 0.0 0.3 0:17.47
KiB 1537128 avail Mem
712 0.0 0.3 0:17.47
712 0.0 0.3 0:17.48
712 0.0 0.3 0:17.48
712 0.0 0.3 0:17.48
712 0.0 0.3 0:17.50
712 0.0 0.3 0:17.50
712 0.0 0.3 0:17.53
712 0.0 0.3 0:17.53
712 0.0 0.3 0:17.53
18712 11.1 0.2 0:00.05
712 0.0 0.3 0:17.53
712 0.0 0.3 0:17.53
712 0.0 0.3 0:17.53
712 11.1 0.3 0:17.55
712 0.0 0.3 0:17.55
712 0.0 0.3 0:17.55
712 0.0 0.3 0:17.55
712 0.0 0.3 0:17.55
712 0.0 0.3 0:17.55
712 0.0 0.3 0:17.55
712 0.0 0.3 0:17.55
KiB used, 283540 buff/cache
712 0.0 0.3 0:17.55
712 0.0 0.3 0:17.56
712 0.0 0.3 0:17.56
KiB used, 283620 buff/cache
712 0.0 0.3 0:17.58
712 0.0 0.3 0:17.58
712 0.0 0.3 0:17.58
712 0.0 0.3 0:17.58
712 0.0 0.3 0:17.58
712 0.0 0.3 0:17.58
712 5.9 0.3 0:17.59
19712 15.8 0.2 0:00.03
712 0.0 0.3 0:17.59
712 0.0 0.3 0:17.60
712 0.0 0.3 0:17.60
712 0.0 0.3 0:17.60
712 0.0 0.3 0:17.60
712 0.0 0.3 0:17.61
712 0.0 0.3 0:17.61
712 0.0 0.3 0:17.61
712 0.0 0.3 0:17.62
712 0.0 0.3 0:17.64
712 0.0 0.3 0:17.64
712 0.0 0.3 0:17.64
712 0.0 0.3 0:17.64
712 0.0 0.3 0:17.64
712 0.0 0.3 0:17.64
712 0.0 0.3 0:17.64
712 0.0 0.3 0:17.65
712 5.6 0.3 0:17.66
712 0.0 0.3 0:17.66
712 0.0 0.3 0:17.66
712 0.0 0.3 0:17.66
712 0.0 0.3 0:17.66
712 0.0 0.3 0:17.66
712 0.0 0.3 0:17.67
712 0.0 0.3 0:17.67
712 0.0 0.3 0:17.68
712 5.6 0.3 0:17.69
712 0.0 0.3 0:17.70
712 0.0 0.3 0:17.70
712 0.0 0.3 0:17.70
712 0.0 0.3 0:17.70
712 0.0 0.3 0:17.70
712 0.0 0.3 0:17.71
712 0.0 0.3 0:17.71
712 0.0 0.3 0:17.71
712 0.0 0.3 0:17.72
712 0.0 0.3 0:17.72
712 0.0 0.3 0:17.72
712 0.0 0.3 0:17.72
712 0.0 0.3 0:17.72
712 0.0 0.3 0:17.73
712 0.0 0.3 0:17.73
712 0.0 0.3 0:17.73
712 0.0 0.3 0:17.73
712 0.0 0.3 0:17.73
712 0.0 0.3 0:17.73
712 0.0 0.3 0:17.73
712 0.0 0.3 0:17.73
712 0.0 0.3 0:17.73
712 0.0 0.3 0:17.73
712 0.0 0.3 0:17.73
712 0.0 0.3 0:17.73
712 0.0 0.3 0:17.73
712 0.0 0.3 0:17.73
712 0.0 0.3 0:17.73
712 0.0 0.3 0:17.73
712 0.0 0.3 0:17.73
712 0.0 0.3 0:17.73
712 0.0 0.3 0:17.73
KiB 1537124 avail Mem
712 0.0 0.3 0:17.73
