713 21.1 0.3 0:27.38
17133 16.7 0.2 0:00.03
713 0.0 0.3 0:27.38
713 0.0 0.3 0:27.38
713 0.0 0.3 0:27.38
713 0.0 0.3 0:27.38
713 0.0 0.3 0:27.38
713 0.0 0.3 0:27.38
713 0.0 0.3 0:27.38
713 0.0 0.3 0:27.38
713 0.0 0.3 0:27.38
713 0.0 0.3 0:27.38
713 0.0 0.3 0:27.38
713 0.0 0.3 0:27.38
713 0.0 0.3 0:27.38
713 0.0 0.3 0:27.38
713 0.0 0.3 0:27.38
713 0.0 0.3 0:27.39
713 5.6 0.3 0:27.40
713 5.6 0.3 0:27.47
713 0.0 0.3 0:27.47
713 0.0 0.3 0:27.47
713 0.0 0.3 0:27.47
713 0.0 0.3 0:27.47
713 0.0 0.3 0:27.47
713 0.0 0.3 0:27.47
713 0.0 0.3 0:27.47
713 0.0 0.3 0:27.47
713 0.0 0.3 0:27.47
713 0.0 0.3 0:27.47
713 0.0 0.3 0:27.47
713 0.0 0.3 0:27.47
713 0.0 0.3 0:27.47
713 0.0 0.3 0:27.48
713 0.0 0.3 0:27.48
713 0.0 0.3 0:27.49
713 0.0 0.3 0:27.49
713 0.0 0.3 0:27.53
713 0.0 0.3 0:27.53
713 0.0 0.3 0:27.53
713 0.0 0.3 0:27.53
713 0.0 0.3 0:27.53
713 0.0 0.3 0:27.53
713 0.0 0.3 0:27.53
713 0.0 0.3 0:27.53
713 0.0 0.3 0:27.53
713 0.0 0.3 0:27.53
713 5.9 0.3 0:27.54
713 0.0 0.3 0:27.54
713 0.0 0.3 0:27.54
713 0.0 0.3 0:27.54
713 0.0 0.3 0:27.54
713 0.0 0.3 0:27.54
713 0.0 0.3 0:27.55
713 0.0 0.3 0:27.55
713 4.2 0.3 0:27.62
713 0.0 0.3 0:27.63
713 0.0 0.3 0:27.63
713 0.0 0.3 0:27.63
713 0.0 0.3 0:27.63
713 0.0 0.3 0:27.63
713 0.0 0.3 0:27.63
713 0.0 0.3 0:27.63
713 0.0 0.3 0:27.63
713 0.0 0.3 0:27.63
713 0.0 0.3 0:27.63
713 0.0 0.3 0:27.63
713 0.0 0.3 0:27.63
713 0.0 0.3 0:27.63
713 0.0 0.3 0:27.63
713 0.0 0.3 0:27.63
713 0.0 0.3 0:27.64
713 0.0 0.3 0:27.64
713 5.6 0.3 0:27.66
713 0.0 0.3 0:27.70
713 0.0 0.3 0:27.70
713 0.0 0.3 0:27.70
713 0.0 0.3 0:27.70
713 0.0 0.3 0:27.70
713 0.0 0.3 0:27.70
713 0.0 0.3 0:27.70
713 0.0 0.3 0:27.70
713 0.0 0.3 0:27.70
713 0.0 0.3 0:27.70
713 0.0 0.3 0:27.70
713 0.0 0.3 0:27.70
713 0.0 0.3 0:27.70
713 0.0 0.3 0:27.70
713 0.0 0.3 0:27.70
713 0.0 0.3 0:27.70
713 0.0 0.3 0:27.71
713 4.8 0.3 0:27.72
713 0.0 0.3 0:27.79
713 0.0 0.3 0:27.79
713 0.0 0.3 0:27.79
713 0.0 0.3 0:27.79
713 0.0 0.3 0:27.79
713 0.0 0.3 0:27.79
713 0.0 0.3 0:27.79
713 0.0 0.3 0:27.79
713 0.0 0.3 0:27.79
713 0.0 0.3 0:27.79
713 0.0 0.3 0:27.79
713 0.0 0.3 0:27.79
713 0.0 0.3 0:27.79
713 0.0 0.3 0:27.79
713 0.0 0.3 0:27.79
713 0.0 0.3 0:27.81
713 0.0 0.3 0:27.81
713 0.0 0.3 0:27.81
713 5.6 0.3 0:27.83
713 0.0 0.3 0:27.85
713 0.0 0.3 0:27.85
713 0.0 0.3 0:27.85
713 0.0 0.3 0:27.85
713 0.0 0.3 0:27.85
713 0.0 0.3 0:27.85
713 0.0 0.3 0:27.85
713 0.0 0.3 0:27.85
713 0.0 0.3 0:27.85
713 0.0 0.3 0:27.85
713 0.0 0.3 0:27.85
713 0.0 0.3 0:27.85
713 0.0 0.3 0:27.85
713 0.0 0.3 0:27.85
713 0.0 0.3 0:27.88
713 0.0 0.3 0:27.88
713 0.0 0.3 0:27.89
713 0.0 0.3 0:27.90
713 0.0 0.3 0:27.94
713 0.0 0.3 0:27.94
713 0.0 0.3 0:27.94
713 0.0 0.3 0:27.94
713 0.0 0.3 0:27.94
713 0.0 0.3 0:27.94
713 0.0 0.3 0:27.94
713 0.0 0.3 0:27.94
713 0.0 0.3 0:27.94
713 0.0 0.3 0:27.94
713 0.0 0.3 0:27.94
713 0.0 0.3 0:27.94
713 5.6 0.3 0:27.95
713 5.3 0.3 0:27.96
713 0.0 0.3 0:27.96
713 0.0 0.3 0:27.97
713 0.0 0.3 0:27.98
713 0.0 0.3 0:27.98
713 5.0 0.3 0:28.03
713 0.0 0.3 0:28.03
713 0.0 0.3 0:28.03
713 0.0 0.3 0:28.03
713 0.0 0.3 0:28.03
713 0.0 0.3 0:28.03
713 0.0 0.3 0:28.03
713 0.0 0.3 0:28.03
713 0.0 0.3 0:28.03
713 11.1 0.3 0:28.05
713 0.0 0.3 0:28.05
713 0.0 0.3 0:28.05
713 0.0 0.3 0:28.05
713 0.0 0.3 0:28.05
713 0.0 0.3 0:28.07
713 0.0 0.3 0:28.07
713 0.0 0.3 0:28.09
713 0.0 0.3 0:28.09
713 11.1 0.3 0:28.11
713 0.0 0.3 0:28.14
713 0.0 0.3 0:28.14
713 0.0 0.3 0:28.14
713 0.0 0.3 0:28.14
713 0.0 0.3 0:28.14
713 0.0 0.3 0:28.14
713 0.0 0.3 0:28.14
713 0.0 0.3 0:28.14
713 0.0 0.3 0:28.14
713 0.0 0.3 0:28.14
713 0.0 0.3 0:28.14
713 0.0 0.3 0:28.14
713 0.0 0.3 0:28.14
713 0.0 0.3 0:28.14
713 0.0 0.3 0:28.14
713 0.0 0.3 0:28.14
713 0.0 0.3 0:28.14
713 0.0 0.3 0:28.14
713 0.0 0.3 0:28.14
