713 21.1 0.3 0:22.97
713 0.0 0.3 0:22.99
713 0.0 0.3 0:22.99
713 0.0 0.3 0:22.99
713 0.0 0.3 0:22.99
713 0.0 0.3 0:22.99
713 0.0 0.3 0:22.99
713 0.0 0.3 0:22.99
713 0.0 0.3 0:22.99
713 0.0 0.3 0:22.99
713 0.0 0.3 0:22.99
713 0.0 0.3 0:22.99
713 0.0 0.3 0:22.99
713 0.0 0.3 0:22.99
713 0.0 0.3 0:22.99
713 0.0 0.3 0:22.99
713 0.0 0.3 0:22.99
713 0.0 0.3 0:23.00
713 0.0 0.3 0:23.00
713 0.0 0.3 0:23.06
713 0.0 0.3 0:23.06
713 0.0 0.3 0:23.06
713 0.0 0.3 0:23.06
713 0.0 0.3 0:23.06
713 0.0 0.3 0:23.06
713 0.0 0.3 0:23.06
713 0.0 0.3 0:23.06
713 0.0 0.3 0:23.06
713 0.0 0.3 0:23.06
713 0.0 0.3 0:23.06
713 0.0 0.3 0:23.06
713 0.0 0.3 0:23.06
713 0.0 0.3 0:23.06
713 0.0 0.3 0:23.06
713 0.0 0.3 0:23.06
713 5.3 0.3 0:23.07
713 0.0 0.3 0:23.07
713 0.0 0.3 0:23.12
713 0.0 0.3 0:23.13
713 0.0 0.3 0:23.13
713 0.0 0.3 0:23.13
713 0.0 0.3 0:23.13
713 0.0 0.3 0:23.13
713 0.0 0.3 0:23.13
713 0.0 0.3 0:23.13
713 0.0 0.3 0:23.13
713 0.0 0.3 0:23.13
713 0.0 0.3 0:23.13
713 0.0 0.3 0:23.13
713 0.0 0.3 0:23.13
KiB 1537136 avail Mem
713 0.0 0.3 0:23.13
713 0.0 0.3 0:23.13
713 0.0 0.3 0:23.13
713 0.0 0.3 0:23.15
713 10.5 0.3 0:23.17
713 0.0 0.3 0:23.19
KiB 1537132 avail Mem
713 0.0 0.3 0:23.19
713 0.0 0.3 0:23.19
713 0.0 0.3 0:23.19
713 0.0 0.3 0:23.19
713 0.0 0.3 0:23.19
713 0.0 0.3 0:23.19
713 0.0 0.3 0:23.19
713 0.0 0.3 0:23.19
713 0.0 0.3 0:23.19
713 0.0 0.3 0:23.19
713 0.0 0.3 0:23.19
713 0.0 0.3 0:23.19
713 5.9 0.3 0:23.21
713 5.6 0.3 0:23.22
713 0.0 0.3 0:23.23
713 0.0 0.3 0:23.23
713 0.0 0.3 0:23.26
713 0.0 0.3 0:23.27
713 0.0 0.3 0:23.27
713 0.0 0.3 0:23.27
713 0.0 0.3 0:23.27
713 0.0 0.3 0:23.27
713 0.0 0.3 0:23.27
713 0.0 0.3 0:23.27
713 0.0 0.3 0:23.27
713 0.0 0.3 0:23.27
713 0.0 0.3 0:23.27
713 0.0 0.3 0:23.27
713 0.0 0.3 0:23.27
713 0.0 0.3 0:23.29
713 0.0 0.3 0:23.29
713 0.0 0.3 0:23.29
713 0.0 0.3 0:23.31
713 0.0 0.3 0:23.32
713 0.0 0.3 0:23.36
713 0.0 0.3 0:23.36
713 0.0 0.3 0:23.36
713 0.0 0.3 0:23.36
713 0.0 0.3 0:23.36
713 0.0 0.3 0:23.36
713 0.0 0.3 0:23.36
713 0.0 0.3 0:23.36
713 0.0 0.3 0:23.36
713 0.0 0.3 0:23.36
713 0.0 0.3 0:23.36
713 0.0 0.3 0:23.36
713 0.0 0.3 0:23.36
713 0.0 0.3 0:23.36
713 0.0 0.3 0:23.37
713 0.0 0.3 0:23.38
713 0.0 0.3 0:23.38
713 0.0 0.3 0:23.40
713 0.0 0.3 0:23.40
713 0.0 0.3 0:23.42
713 0.0 0.3 0:23.44
713 0.0 0.3 0:23.44
713 0.0 0.3 0:23.44
713 0.0 0.3 0:23.44
713 0.0 0.3 0:23.44
713 0.0 0.3 0:23.44
713 0.0 0.3 0:23.44
713 0.0 0.3 0:23.44
713 0.0 0.3 0:23.44
713 0.0 0.3 0:23.44
713 0.0 0.3 0:23.44
713 0.0 0.3 0:23.44
713 11.1 0.3 0:23.46
713 0.0 0.3 0:23.46
713 0.0 0.3 0:23.47
713 0.0 0.3 0:23.47
713 0.0 0.3 0:23.48
713 0.0 0.3 0:23.50
713 0.0 0.3 0:23.50
713 0.0 0.3 0:23.50
713 0.0 0.3 0:23.50
713 0.0 0.3 0:23.50
713 0.0 0.3 0:23.50
713 0.0 0.3 0:23.50
713 0.0 0.3 0:23.50
713 0.0 0.3 0:23.50
713 0.0 0.3 0:23.50
713 0.0 0.3 0:23.50
713 0.0 0.3 0:23.51
713 0.0 0.3 0:23.53
713 0.0 0.3 0:23.53
713 0.0 0.3 0:23.53
713 0.0 0.3 0:23.55
713 0.0 0.3 0:23.55
713 0.0 0.3 0:23.55
713 5.6 0.3 0:23.58
713 0.0 0.3 0:23.59
713 0.0 0.3 0:23.59
713 0.0 0.3 0:23.59
713 0.0 0.3 0:23.59
713 0.0 0.3 0:23.59
713 0.0 0.3 0:23.59
713 0.0 0.3 0:23.59
713 0.0 0.3 0:23.59
713 0.0 0.3 0:23.59
713 0.0 0.3 0:23.59
713 0.0 0.3 0:23.60
713 0.0 0.3 0:23.60
713 0.0 0.3 0:23.62
713 0.0 0.3 0:23.62
713 0.0 0.3 0:23.62
713 0.0 0.3 0:23.63
713 0.0 0.3 0:23.65
713 0.0 0.3 0:23.65
713 0.0 0.3 0:23.68
713 0.0 0.3 0:23.68
713 0.0 0.3 0:23.68
713 0.0 0.3 0:23.68
713 0.0 0.3 0:23.68
713 0.0 0.3 0:23.68
713 0.0 0.3 0:23.68
713 0.0 0.3 0:23.68
713 0.0 0.3 0:23.68
713 0.0 0.3 0:23.68
713 0.0 0.3 0:23.68
713 0.0 0.3 0:23.68
713 0.0 0.3 0:23.69
713 0.0 0.3 0:23.71
713 11.1 0.3 0:23.73
713 0.0 0.3 0:23.73
713 0.0 0.3 0:23.73
713 0.0 0.3 0:23.74
713 0.0 0.3 0:23.76
713 0.0 0.3 0:23.76
713 0.0 0.3 0:23.76
713 0.0 0.3 0:23.76
713 0.0 0.3 0:23.76
713 0.0 0.3 0:23.77
713 0.0 0.3 0:23.77
713 0.0 0.3 0:23.77
713 0.0 0.3 0:23.77
713 0.0 0.3 0:23.77
713 0.0 0.3 0:23.77
713 0.0 0.3 0:23.77
713 0.0 0.3 0:23.77
713 0.0 0.3 0:23.77
713 0.0 0.3 0:23.77
713 0.0 0.3 0:23.77
713 0.0 0.3 0:23.77
713 0.0 0.3 0:23.77
713 0.0 0.3 0:23.77
713 0.0 0.3 0:23.77
713 0.0 0.3 0:23.77
713 0.0 0.3 0:23.77
713 0.0 0.3 0:23.77
713 0.0 0.3 0:23.77
713 0.0 0.3 0:23.77
713 0.0 0.3 0:23.77
713 0.0 0.3 0:23.77
713 0.0 0.3 0:23.77
713 0.0 0.3 0:23.77
