713 15.0 0.3 0:19.16
713 0.0 0.3 0:19.19
713 0.0 0.3 0:19.19
713 0.0 0.3 0:19.19
713 0.0 0.3 0:19.19
713 0.0 0.3 0:19.19
713 0.0 0.3 0:19.19
713 0.0 0.3 0:19.19
713 0.0 0.3 0:19.19
713 0.0 0.3 0:19.19
713 0.0 0.3 0:19.19
713 0.0 0.3 0:19.19
713 0.0 0.3 0:19.19
713 0.0 0.3 0:19.19
713 0.0 0.3 0:19.19
713 0.0 0.3 0:19.19
713 0.0 0.3 0:19.19
713 0.0 0.3 0:19.19
713 0.0 0.3 0:19.20
713 0.0 0.3 0:19.25
713 0.0 0.3 0:19.25
713 0.0 0.3 0:19.25
713 0.0 0.3 0:19.25
713 0.0 0.3 0:19.25
713 0.0 0.3 0:19.25
713 0.0 0.3 0:19.25
713 0.0 0.3 0:19.25
713 0.0 0.3 0:19.25
KiB 1537132 avail Mem
713 0.0 0.3 0:19.25
713 0.0 0.3 0:19.25
713 0.0 0.3 0:19.25
713 0.0 0.3 0:19.25
713 0.0 0.3 0:19.25
713 0.0 0.3 0:19.26
713 0.0 0.3 0:19.27
713 10.5 0.3 0:19.31
713 0.0 0.3 0:19.35
713 0.0 0.3 0:19.35
713 0.0 0.3 0:19.35
713 0.0 0.3 0:19.35
713 0.0 0.3 0:19.35
713 0.0 0.3 0:19.35
713 0.0 0.3 0:19.35
713 0.0 0.3 0:19.35
713 0.0 0.3 0:19.35
713 0.0 0.3 0:19.35
713 0.0 0.3 0:19.35
713 0.0 0.3 0:19.35
713 0.0 0.3 0:19.35
713 0.0 0.3 0:19.36
713 0.0 0.3 0:19.36
713 0.0 0.3 0:19.36
713 0.0 0.3 0:19.36
713 0.0 0.3 0:19.37
713 5.6 0.3 0:19.40
713 0.0 0.3 0:19.43
713 0.0 0.3 0:19.43
713 0.0 0.3 0:19.43
713 0.0 0.3 0:19.43
713 0.0 0.3 0:19.43
713 0.0 0.3 0:19.43
713 0.0 0.3 0:19.43
713 0.0 0.3 0:19.43
713 0.0 0.3 0:19.43
713 0.0 0.3 0:19.43
713 0.0 0.3 0:19.43
713 0.0 0.3 0:19.43
713 0.0 0.3 0:19.43
713 5.6 0.3 0:19.44
713 0.0 0.3 0:19.44
713 0.0 0.3 0:19.44
713 0.0 0.3 0:19.44
713 0.0 0.3 0:19.46
713 0.0 0.3 0:19.48
713 0.0 0.3 0:19.48
KiB 1537132 avail Mem
713 0.0 0.3 0:19.48
713 0.0 0.3 0:19.48
713 0.0 0.3 0:19.48
713 0.0 0.3 0:19.48
713 0.0 0.3 0:19.48
713 0.0 0.3 0:19.48
713 0.0 0.3 0:19.48
713 0.0 0.3 0:19.48
713 0.0 0.3 0:19.48
713 0.0 0.3 0:19.48
713 0.0 0.3 0:19.49
713 0.0 0.3 0:19.50
713 0.0 0.3 0:19.50
713 0.0 0.3 0:19.50
713 0.0 0.3 0:19.51
713 11.1 0.3 0:19.58
713 0.0 0.3 0:19.58
713 0.0 0.3 0:19.58
713 0.0 0.3 0:19.58
713 0.0 0.3 0:19.58
713 0.0 0.3 0:19.58
713 0.0 0.3 0:19.58
713 0.0 0.3 0:19.58
713 0.0 0.3 0:19.58
713 0.0 0.3 0:19.58
713 0.0 0.3 0:19.58
713 5.6 0.3 0:19.59
713 0.0 0.3 0:19.59
713 0.0 0.3 0:19.59
713 0.0 0.3 0:19.59
7130 15.8 0.2 0:00.03
713 0.0 0.3 0:19.61
713 0.0 0.3 0:19.61
713 0.0 0.3 0:19.61
713 0.0 0.3 0:19.65
713 0.0 0.3 0:19.65
713 0.0 0.3 0:19.65
713 0.0 0.3 0:19.65
713 0.0 0.3 0:19.65
713 0.0 0.3 0:19.65
713 0.0 0.3 0:19.65
713 0.0 0.3 0:19.65
713 0.0 0.3 0:19.65
713 0.0 0.3 0:19.67
713 0.0 0.3 0:19.67
713 0.0 0.3 0:19.67
713 0.0 0.3 0:19.67
713 0.0 0.3 0:19.67
713 0.0 0.3 0:19.68
713 0.0 0.3 0:19.68
713 0.0 0.3 0:19.68
713 0.0 0.3 0:19.69
713 0.0 0.3 0:19.72
713 0.0 0.3 0:19.72
713 0.0 0.3 0:19.72
713 0.0 0.3 0:19.72
713 0.0 0.3 0:19.72
713 0.0 0.3 0:19.72
713 0.0 0.3 0:19.72
713 0.0 0.3 0:19.72
713 0.0 0.3 0:19.72
713 0.0 0.3 0:19.73
713 0.0 0.3 0:19.73
713 0.0 0.3 0:19.73
713 0.0 0.3 0:19.73
713 0.0 0.3 0:19.73
713 0.0 0.3 0:19.75
713 0.0 0.3 0:19.75
713 0.0 0.3 0:19.75
8713 11.8 0.2 0:00.04
713 0.0 0.3 0:19.81
713 0.0 0.3 0:19.81
713 0.0 0.3 0:19.81
713 0.0 0.3 0:19.81
713 0.0 0.3 0:19.81
713 0.0 0.3 0:19.81
713 0.0 0.3 0:19.81
713 0.0 0.3 0:19.81
713 0.0 0.3 0:19.81
713 0.0 0.3 0:19.81
713 0.0 0.3 0:19.81
713 0.0 0.3 0:19.83
713 0.0 0.3 0:19.83
713 0.0 0.3 0:19.83
713 0.0 0.3 0:19.83
713 0.0 0.3 0:19.83
713 0.0 0.3 0:19.84
713 0.0 0.3 0:19.84
713 0.0 0.3 0:19.85
713 0.0 0.3 0:19.88
713 0.0 0.3 0:19.88
713 0.0 0.3 0:19.88
713 0.0 0.3 0:19.88
9713 11.1 0.2 0:00.02
713 0.0 0.3 0:19.89
713 0.0 0.3 0:19.89
713 0.0 0.3 0:19.89
713 0.0 0.3 0:19.89
713 0.0 0.3 0:19.90
713 0.0 0.3 0:19.90
713 0.0 0.3 0:19.90
713 0.0 0.3 0:19.90
713 0.0 0.3 0:19.91
KiB 1537132 avail Mem
713 0.0 0.3 0:19.93
713 0.0 0.3 0:19.93
713 0.0 0.3 0:19.95
713 0.0 0.3 0:19.97
713 0.0 0.3 0:19.97
713 0.0 0.3 0:19.97
713 0.0 0.3 0:19.97
713 0.0 0.3 0:19.97
713 5.0 0.3 0:19.98
713 0.0 0.3 0:19.98
713 0.0 0.3 0:19.98
713 0.0 0.3 0:19.98
713 0.0 0.3 0:19.98
713 0.0 0.3 0:19.98
713 0.0 0.3 0:20.00
713 0.0 0.3 0:20.00
713 0.0 0.3 0:20.00
713 0.0 0.3 0:20.00
713 0.0 0.3 0:20.00
713 0.0 0.3 0:20.00
713 0.0 0.3 0:20.02
713 4.8 0.3 0:20.05
713 0.0 0.3 0:20.06
713 0.0 0.3 0:20.06
713 0.0 0.3 0:20.06
713 0.0 0.3 0:20.06
713 0.0 0.3 0:20.06
713 0.0 0.3 0:20.06
713 0.0 0.3 0:20.06
713 5.3 0.3 0:20.07
713 0.0 0.3 0:20.08
713 0.0 0.3 0:20.08
713 0.0 0.3 0:20.09
713 0.0 0.3 0:20.10
713 5.9 0.3 0:20.11
713 0.0 0.3 0:20.11
713 0.0 0.3 0:20.12
713 0.0 0.3 0:20.12
713 0.0 0.3 0:20.12
713 0.0 0.3 0:20.12
713 0.0 0.3 0:20.12
KiB 1537136 avail Mem
713 0.0 0.3 0:20.12
713 0.0 0.3 0:20.12
713 0.0 0.3 0:20.12
713 0.0 0.3 0:20.12
713 0.0 0.3 0:20.12
713 0.0 0.3 0:20.12
713 0.0 0.3 0:20.12
713 0.0 0.3 0:20.12
713 0.0 0.3 0:20.12
713 0.0 0.3 0:20.12
713 0.0 0.3 0:20.12
713 0.0 0.3 0:20.12
713 0.0 0.3 0:20.12
713 0.0 0.3 0:20.12
