708 0.0 0.4 0:10.04
708 0.0 0.4 0:10.06
708 0.0 0.4 0:10.08
708 0.0 0.4 0:10.10
708 0.0 0.4 0:10.12
708 5.3 0.4 0:10.15
708 5.3 0.4 0:10.17
708 5.6 0.4 0:10.19
708 5.6 0.4 0:10.21
708 0.0 0.4 0:10.22
708 0.0 0.4 0:10.24
708 0.0 0.4 0:10.26
708 5.6 0.4 0:10.29
708 5.6 0.4 0:10.31
708 5.6 0.4 0:10.34
708 0.0 0.4 0:10.36
708 0.0 0.4 0:10.39
708 0.0 0.4 0:10.41
708 0.0 0.4 0:10.43
708 0.0 0.4 0:10.45
708 0.0 0.4 0:10.47
708 0.0 0.4 0:10.49
708 0.0 0.4 0:10.51
708 0.0 0.4 0:10.53
708 0.0 0.4 0:10.55
708 0.0 0.4 0:10.57
708 5.6 0.4 0:10.60
708 5.6 0.4 0:10.62
708 0.0 0.4 0:10.64
708 5.3 0.4 0:10.67
708 0.0 0.4 0:10.69
708 5.6 0.4 0:10.72
708 0.0 0.4 0:10.74
KiB used, 474848 buff/cache
708 0.0 0.4 0:10.78
708 5.3 0.4 0:10.80
708 5.3 0.4 0:10.83
708 0.0 0.4 0:10.85
708 0.0 0.4 0:10.87
708 5.3 0.4 0:10.90
708 0.0 0.4 0:10.92
708 5.6 0.4 0:10.95
17087 16.7 0.2 0:00.05
708 0.0 0.4 0:10.99
708 0.0 0.4 0:11.02
708 0.0 0.4 0:11.04
708 0.0 0.4 0:11.06
708 5.3 0.4 0:11.10
708 5.3 0.4 0:11.12
708 0.0 0.4 0:11.14
708 0.0 0.4 0:11.16
708 0.0 0.4 0:11.18
708 0.0 0.4 0:11.20
708 0.0 0.4 0:11.22
708 0.0 0.4 0:11.24
708 0.0 0.4 0:11.27
708 0.0 0.4 0:11.28
708 0.0 0.4 0:11.31
708 0.0 0.4 0:11.33
708 5.3 0.4 0:11.36
708 5.6 0.4 0:11.38
708 0.0 0.4 0:11.40
708 5.3 0.4 0:11.42
708 5.3 0.4 0:11.44
708 5.0 0.4 0:11.46
708 5.6 0.4 0:11.49
708 0.0 0.4 0:11.51
708 5.6 0.4 0:11.54
708 0.0 0.4 0:11.56
708 0.0 0.4 0:11.59
708 0.0 0.4 0:11.61
708 0.0 0.4 0:11.63
708 0.0 0.4 0:11.65
708 0.0 0.4 0:11.67
708 0.0 0.4 0:11.69
708 0.0 0.4 0:11.71
708 5.3 0.4 0:11.74
708 5.6 0.4 0:11.76
708 5.6 0.4 0:11.78
708 0.0 0.4 0:11.79
708 0.0 0.4 0:11.80
708 0.0 0.4 0:11.80
708 0.0 0.4 0:11.80
708 0.0 0.4 0:11.80
708 0.0 0.4 0:11.80
708 0.0 0.4 0:11.80
708 0.0 0.4 0:11.80
708 0.0 0.4 0:11.80
708 0.0 0.4 0:11.80
708 0.0 0.4 0:11.80
708 0.0 0.4 0:11.80
