709 0.0 0.4 0:15.98
709 0.0 0.4 0:16.00
709 0.0 0.4 0:16.02
709 0.0 0.4 0:16.05
709 5.9 0.4 0:16.08
709 0.0 0.4 0:16.10
709 0.0 0.4 0:16.12
709 0.0 0.4 0:16.14
709 0.0 0.4 0:16.16
709 0.0 0.4 0:16.18
709 0.0 0.4 0:16.20
709 0.0 0.4 0:16.23
709 0.0 0.4 0:16.25
709 5.6 0.4 0:16.28
709 0.0 0.4 0:16.31
709 0.0 0.4 0:16.33
709 5.6 0.4 0:16.35
709 0.0 0.4 0:16.37
709 5.6 0.4 0:16.40
709 0.0 0.4 0:16.42
709 0.0 0.4 0:16.44
709 5.6 0.4 0:16.46
709 0.0 0.4 0:16.49
709 0.0 0.4 0:16.51
709 5.3 0.4 0:16.53
709 5.0 0.4 0:16.55
709 5.6 0.4 0:16.57
709 5.6 0.4 0:16.60
709 0.0 0.4 0:16.62
709 0.0 0.4 0:16.64
709 0.0 0.4 0:16.66
709 0.0 0.4 0:16.68
709 0.0 0.4 0:16.70
709 0.0 0.4 0:16.72
709 0.0 0.4 0:16.74
709 10.5 0.4 0:16.78
709 0.0 0.4 0:16.79
709 0.0 0.4 0:16.81
709 0.0 0.4 0:16.84
709 0.0 0.4 0:16.87
709 0.0 0.4 0:16.89
709 5.0 0.4 0:16.92
709 5.6 0.4 0:16.94
709 0.0 0.4 0:16.96
709 5.3 0.4 0:16.99
709 0.0 0.4 0:17.01
709 5.3 0.4 0:17.04
709 0.0 0.4 0:17.06
709 0.0 0.4 0:17.08
709 5.6 0.4 0:17.11
709 0.0 0.4 0:17.13
709 0.0 0.4 0:17.15
709 5.6 0.4 0:17.18
709 0.0 0.4 0:17.20
709 0.0 0.4 0:17.23
709 11.1 0.4 0:17.27
709 0.0 0.4 0:17.28
709 0.0 0.4 0:17.31
709 0.0 0.4 0:17.33
709 0.0 0.4 0:17.35
709 5.0 0.4 0:17.38
709 5.0 0.4 0:17.41
709 0.0 0.4 0:17.43
709 0.0 0.4 0:17.46
709 0.0 0.4 0:17.48
709 4.8 0.4 0:17.50
709 5.6 0.4 0:17.52
709 0.0 0.4 0:17.54
709 5.6 0.4 0:17.57
709 5.3 0.4 0:17.59
709 0.0 0.4 0:17.61
709 5.3 0.4 0:17.64
709 5.0 0.4 0:17.66
709 0.0 0.4 0:17.68
709 5.6 0.4 0:17.70
709 5.6 0.4 0:17.73
709 0.0 0.4 0:17.74
709 5.3 0.4 0:17.77
709 0.0 0.4 0:17.79
709 0.0 0.4 0:17.81
709 0.0 0.4 0:17.81
709 0.0 0.4 0:17.81
709 0.0 0.4 0:17.81
709 0.0 0.4 0:17.81
709 0.0 0.4 0:17.81
709 0.0 0.4 0:17.81
709 0.0 0.4 0:17.81
709 0.0 0.4 0:17.81
709 0.0 0.4 0:17.81
