709 0.0 0.4 0:21.31
709 5.9 0.4 0:21.33
709 0.0 0.4 0:21.34
709 5.3 0.4 0:21.36
709 5.6 0.4 0:21.38
709 0.0 0.4 0:21.40
709 0.0 0.4 0:21.42
709 0.0 0.4 0:21.44
709 5.3 0.4 0:21.46
709 5.6 0.4 0:21.48
709 5.3 0.4 0:21.50
709 5.6 0.4 0:21.52
709 0.0 0.4 0:21.55
709 0.0 0.4 0:21.56
709 0.0 0.4 0:21.59
709 0.0 0.4 0:21.61
709 0.0 0.4 0:21.63
709 0.0 0.4 0:21.65
709 0.0 0.4 0:21.67
709 0.0 0.4 0:21.69
709 0.0 0.4 0:21.71
709 0.0 0.4 0:21.73
709 0.0 0.4 0:21.75
709 5.6 0.4 0:21.77
709 0.0 0.4 0:21.79
709 5.6 0.4 0:21.81
709 5.9 0.4 0:21.83
709 0.0 0.4 0:21.85
709 0.0 0.4 0:21.87
709 5.6 0.4 0:21.90
709 5.6 0.4 0:21.92
709 0.0 0.4 0:21.94
709 0.0 0.4 0:21.95
709 0.0 0.4 0:21.97
709 0.0 0.4 0:21.99
709 5.3 0.4 0:22.02
709 5.9 0.4 0:22.04
709 0.0 0.4 0:22.06
709 5.3 0.4 0:22.09
709 0.0 0.4 0:22.11
709 0.0 0.4 0:22.13
709 0.0 0.4 0:22.15
709 0.0 0.4 0:22.17
709 0.0 0.4 0:22.19
709 5.3 0.4 0:22.21
709 0.0 0.4 0:22.23
709 5.3 0.4 0:22.25
709 0.0 0.4 0:22.28
709 0.0 0.4 0:22.29
709 0.0 0.4 0:22.31
709 0.0 0.4 0:22.33
709 0.0 0.4 0:22.36
709 0.0 0.4 0:22.37
709 0.0 0.4 0:22.39
709 0.0 0.4 0:22.41
709 0.0 0.4 0:22.43
709 0.0 0.4 0:22.45
709 0.0 0.4 0:22.47
709 0.0 0.4 0:22.49
709 0.0 0.4 0:22.51
709 0.0 0.4 0:22.52
709 5.6 0.4 0:22.55
709 5.3 0.4 0:22.57
709 5.3 0.4 0:22.59
709 0.0 0.4 0:22.61
709 0.0 0.4 0:22.63
709 0.0 0.4 0:22.65
709 5.6 0.4 0:22.67
709 0.0 0.4 0:22.69
709 0.0 0.4 0:22.71
709 0.0 0.4 0:22.73
709 0.0 0.4 0:22.75
709 0.0 0.4 0:22.77
709 0.0 0.4 0:22.79
709 5.6 0.4 0:22.81
709 0.0 0.4 0:22.82
709 0.0 0.4 0:22.84
709 0.0 0.4 0:22.86
709 0.0 0.4 0:22.88
709 0.0 0.4 0:22.90
709 0.0 0.4 0:22.90
709 0.0 0.4 0:22.90
709 0.0 0.4 0:22.90
709 0.0 0.4 0:22.90
709 0.0 0.4 0:22.90
709 0.0 0.4 0:22.90
