709 5.0 0.4 0:27.91
709 0.0 0.4 0:27.92
709 0.0 0.4 0:27.94
709 0.0 0.4 0:27.96
709 5.6 0.4 0:27.99
709 0.0 0.4 0:28.01
709 0.0 0.4 0:28.02
709 0.0 0.4 0:28.04
709 0.0 0.4 0:28.07
709 0.0 0.4 0:28.08
709 5.6 0.4 0:28.10
709 0.0 0.4 0:28.11
709 0.0 0.4 0:28.13
709 0.0 0.4 0:28.15
709 0.0 0.4 0:28.17
709 0.0 0.4 0:28.19
709 5.3 0.4 0:28.21
709 0.0 0.4 0:28.23
709 0.0 0.4 0:28.25
709 0.0 0.4 0:28.27
709 0.0 0.4 0:28.29
709 0.0 0.4 0:28.31
709 5.6 0.4 0:28.33
709 0.0 0.4 0:28.34
709 0.0 0.4 0:28.36
709 0.0 0.4 0:28.38
709 0.0 0.4 0:28.40
709 0.0 0.4 0:28.42
709 5.6 0.4 0:28.45
709 0.0 0.4 0:28.47
709 0.0 0.4 0:28.49
709 0.0 0.4 0:28.51
709 5.3 0.4 0:28.54
709 5.3 0.4 0:28.56
709 0.0 0.4 0:28.58
709 5.3 0.4 0:28.60
709 0.0 0.4 0:28.61
709 0.0 0.4 0:28.63
709 0.0 0.4 0:28.65
709 0.0 0.4 0:28.68
709 5.3 0.4 0:28.70
709 0.0 0.4 0:28.72
709 0.0 0.4 0:28.74
709 5.6 0.4 0:28.76
709 5.6 0.4 0:28.78
709 0.0 0.4 0:28.79
709 0.0 0.4 0:28.81
709 0.0 0.4 0:28.83
709 0.0 0.4 0:28.85
709 5.3 0.4 0:28.87
709 0.0 0.4 0:28.88
709 0.0 0.4 0:28.90
709 0.0 0.4 0:28.92
709 0.0 0.4 0:28.94
709 0.0 0.4 0:28.96
709 0.0 0.4 0:28.98
709 5.6 0.4 0:29.01
709 0.0 0.4 0:29.02
709 0.0 0.4 0:29.04
709 0.0 0.4 0:29.06
709 0.0 0.4 0:29.08
709 0.0 0.4 0:29.10
709 0.0 0.4 0:29.11
709 0.0 0.4 0:29.13
709 5.6 0.4 0:29.15
709 5.3 0.4 0:29.17
709 0.0 0.4 0:29.19
709 5.6 0.4 0:29.21
709 0.0 0.4 0:29.22
709 0.0 0.4 0:29.24
709 5.3 0.4 0:29.27
709 0.0 0.4 0:29.29
709 0.0 0.4 0:29.31
709 5.6 0.4 0:29.33
709 0.0 0.4 0:29.34
709 0.0 0.4 0:29.36
709 5.6 0.4 0:29.38
709 5.6 0.4 0:29.40
709 5.6 0.4 0:29.42
709 0.0 0.4 0:29.43
709 0.0 0.4 0:29.43
709 0.0 0.4 0:29.43
709 0.0 0.4 0:29.43
709 0.0 0.4 0:29.43
709 0.0 0.4 0:29.43
709 0.0 0.4 0:29.43
709 0.0 0.4 0:29.43
709 0.0 0.4 0:29.43
709 0.0 0.4 0:29.43
709 0.0 0.4 0:29.43
709 0.0 0.4 0:29.43
709 0.0 0.4 0:29.43
709 0.0 0.4 0:29.43
709 0.0 0.4 0:29.43
709 0.0 0.4 0:29.43
