709 0.0 0.4 0:02.18
709 0.0 0.4 0:02.21
709 0.0 0.4 0:02.23
709 0.0 0.4 0:02.26
709 5.3 0.4 0:02.29
709 5.6 0.4 0:02.32
709 0.0 0.4 0:02.35
709 5.6 0.4 0:02.37
709 0.0 0.4 0:02.40
709 0.0 0.4 0:02.42
709 0.0 0.4 0:02.45
709 5.0 0.4 0:02.49
709 0.0 0.4 0:02.51
709 5.6 0.4 0:02.54
709 10.5 0.4 0:02.58
709 0.0 0.4 0:02.59
709 0.0 0.4 0:02.62
709 0.0 0.4 0:02.65
709 0.0 0.4 0:02.67
709 0.0 0.4 0:02.70
709 0.0 0.4 0:02.73
709 5.6 0.4 0:02.76
709 0.0 0.4 0:02.80
709 0.0 0.4 0:02.81
709 0.0 0.4 0:02.84
709 5.0 0.4 0:02.87
709 0.0 0.4 0:02.90
709 0.0 0.4 0:02.93
709 0.0 0.4 0:02.95
709 5.3 0.4 0:02.98
709 0.0 0.4 0:03.00
709 0.0 0.4 0:03.03
709 0.0 0.4 0:03.05
709 0.0 0.4 0:03.09
709 0.0 0.4 0:03.11
709 0.0 0.4 0:03.13
709 0.0 0.4 0:03.17
709 5.6 0.4 0:03.19
709 0.0 0.4 0:03.21
709 0.0 0.4 0:03.24
709 0.0 0.4 0:03.28
709 0.0 0.4 0:03.30
709 0.0 0.4 0:03.34
709 0.0 0.4 0:03.36
709 0.0 0.4 0:03.38
709 5.6 0.4 0:03.41
709 5.6 0.4 0:03.43
709 5.3 0.4 0:03.46
709 0.0 0.4 0:03.48
709 0.0 0.4 0:03.51
709 5.3 0.4 0:03.54
709 5.3 0.4 0:03.57
709 5.6 0.4 0:03.59
709 0.0 0.4 0:03.61
709 0.0 0.4 0:03.64
709 0.0 0.4 0:03.66
709 0.0 0.4 0:03.71
709 0.0 0.4 0:03.73
709 0.0 0.4 0:03.76
709 5.3 0.4 0:03.79
709 0.0 0.4 0:03.82
709 5.6 0.4 0:03.85
709 0.0 0.4 0:03.88
709 5.3 0.4 0:03.91
709 5.6 0.4 0:03.94
709 0.0 0.4 0:03.96
709 0.0 0.4 0:03.99
709 5.3 0.4 0:04.02
709 0.0 0.4 0:04.04
4709 20.0 0.2 0:00.04
709 0.0 0.4 0:04.10
709 5.6 0.4 0:04.14
709 0.0 0.4 0:04.16
709 0.0 0.4 0:04.20
709 0.0 0.4 0:04.23
709 0.0 0.4 0:04.27
709 0.0 0.4 0:04.29
709 0.0 0.4 0:04.32
709 0.0 0.4 0:04.35
709 0.0 0.4 0:04.36
709 0.0 0.4 0:04.36
709 0.0 0.4 0:04.36
709 0.0 0.4 0:04.36
709 0.0 0.4 0:04.36
709 0.0 0.4 0:04.36
709 0.0 0.4 0:04.36
709 0.0 0.4 0:04.36
709 0.0 0.4 0:04.36
709 0.0 0.4 0:04.36
709 0.0 0.4 0:04.36
709 0.0 0.4 0:04.36
709 0.0 0.4 0:04.36
709 0.0 0.4 0:04.36
709 0.0 0.4 0:04.36
709 0.0 0.4 0:04.36
709 0.0 0.4 0:04.36
709 0.0 0.4 0:04.36
709 0.0 0.4 0:04.36
