521 0.0 0.9 0:00.48
521 0.0 0.9 0:00.48
710 5.3 0.4 0:14.03
521 0.0 0.9 0:00.48
710 5.3 0.4 0:14.08
521 0.0 0.9 0:00.48
710 5.0 0.4 0:14.13
521 0.0 0.9 0:00.48
521 0.0 0.9 0:00.48
710 5.6 0.4 0:14.20
521 0.0 0.9 0:00.48
710 5.6 0.4 0:14.26
710 5.6 0.4 0:14.28
19710 22.2 0.2 0:00.06
521 0.0 0.9 0:00.48
521 0.0 0.9 0:00.48
521 0.0 0.9 0:00.48
710 5.0 0.4 0:14.42
710 5.6 0.4 0:14.44
521 0.0 0.9 0:00.48
521 0.0 0.9 0:00.48
521 0.0 0.9 0:00.48
710 5.6 0.4 0:14.54
710 5.3 0.4 0:14.57
710 5.6 0.4 0:14.60
521 0.0 0.9 0:00.48
521 0.0 0.9 0:00.48
521 0.0 0.9 0:00.48
521 0.0 0.9 0:00.48
710 5.6 0.4 0:14.72
521 0.0 0.9 0:00.48
710 5.3 0.4 0:14.77
521 0.0 0.9 0:00.48
521 0.0 0.9 0:00.48
521 0.0 0.9 0:00.48
521 0.0 0.9 0:00.48
710 5.6 0.4 0:14.90
20710 10.5 0.2 0:00.04
521 0.0 0.9 0:00.48
710 5.6 0.4 0:14.98
710 5.6 0.4 0:15.00
521 0.0 0.9 0:00.48
521 0.0 0.9 0:00.48
521 0.0 0.9 0:00.48
521 0.0 0.9 0:00.48
710 5.6 0.4 0:15.13
521 0.0 0.9 0:00.48
521 0.0 0.9 0:00.48
521 0.0 0.9 0:00.48
710 5.3 0.4 0:15.22
521 0.0 0.9 0:00.48
521 0.0 0.9 0:00.48
521 0.0 0.9 0:00.48
710 5.6 0.4 0:15.32
710 5.6 0.4 0:15.34
710 5.3 0.4 0:15.37
521 0.0 0.9 0:00.48
521 0.0 0.9 0:00.48
521 0.0 0.9 0:00.48
521 0.0 0.9 0:00.48
710 5.6 0.4 0:15.50
21710 15.8 0.2 0:00.03
521 0.0 0.9 0:00.48
521 0.0 0.9 0:00.48
521 0.0 0.9 0:00.48
710 5.3 0.4 0:15.63
710 4.5 0.4 0:15.65
KiB used, 477108 buff/cache
521 0.0 0.9 0:00.48
710 5.3 0.4 0:15.73
710 5.3 0.4 0:15.76
710 5.6 0.4 0:15.79
521 0.0 0.9 0:00.48
710 5.3 0.4 0:15.84
521 0.0 0.9 0:00.48
710 10.0 0.4 0:15.91
710 10.0 0.4 0:15.93
521 0.0 0.9 0:00.48
521 0.0 0.9 0:00.48
710 5.3 0.4 0:16.00
521 0.0 0.9 0:00.48
521 0.0 0.9 0:00.48
521 0.0 0.9 0:00.48
521 0.0 0.9 0:00.48
521 0.0 0.9 0:00.48
521 0.0 0.9 0:00.48
521 0.0 0.9 0:00.48
521 0.0 0.9 0:00.48
521 0.0 0.9 0:00.48
521 0.0 0.9 0:00.48
