521 0.0 0.9 0:00.48
KiB used, 471024 buff/cache
KiB used, 471048 buff/cache
KiB used, 471072 buff/cache
KiB used, 471088 buff/cache
521 0.0 0.9 0:00.48
710 5.3 0.4 0:07.35
710 4.8 0.4 0:07.38
710 4.8 0.4 0:07.41
521 0.0 0.9 0:00.48
521 0.0 0.9 0:00.48
710 5.0 0.4 0:07.50
710 5.0 0.4 0:07.53
710 5.3 0.4 0:07.56
710 5.6 0.4 0:07.59
710 9.5 0.4 0:07.63
521 0.0 0.9 0:00.48
521 0.0 0.9 0:00.48
521 0.0 0.9 0:00.48
710 5.6 0.4 0:07.74
521 0.0 0.9 0:00.48
521 0.0 0.9 0:00.48
710 5.6 0.4 0:07.83
521 0.0 0.9 0:00.48
521 0.0 0.9 0:00.48
710 4.8 0.4 0:07.92
710 5.0 0.4 0:07.95
521 0.0 0.9 0:00.48
521 0.0 0.9 0:00.48
521 0.0 0.9 0:00.48
710 4.5 0.4 0:08.08
521 0.0 0.9 0:00.48
710 5.3 0.4 0:08.13
521 0.0 0.9 0:00.48
710 5.3 0.4 0:08.19
710 5.6 0.4 0:08.22
710 4.5 0.4 0:08.26
521 0.0 0.9 0:00.48
710 5.6 0.4 0:08.33
521 0.0 0.9 0:00.48
710 5.6 0.4 0:08.39
710 4.5 0.4 0:08.43
710 4.8 0.4 0:08.45
710 5.3 0.4 0:08.48
710 5.6 0.4 0:08.51
710 5.3 0.4 0:08.54
710 5.6 0.4 0:08.57
710 11.1 0.4 0:08.61
521 0.0 0.9 0:00.48
710 5.6 0.4 0:08.66
710 5.6 0.4 0:08.69
710 5.9 0.4 0:08.73
710 5.9 0.4 0:08.76
521 0.0 0.9 0:00.48
710 5.3 0.4 0:08.82
521 0.0 0.9 0:00.48
710 5.0 0.4 0:08.88
521 0.0 0.9 0:00.48
521 0.0 0.9 0:00.48
710 5.6 0.4 0:08.98
710 5.0 0.4 0:09.01
710 5.3 0.4 0:09.04
521 0.0 0.9 0:00.48
710 5.3 0.4 0:09.09
710 10.5 0.4 0:09.13
521 0.0 0.9 0:00.48
521 0.0 0.9 0:00.48
710 5.6 0.4 0:09.21
710 5.3 0.4 0:09.25
521 0.0 0.9 0:00.48
710 5.3 0.4 0:09.31
521 0.0 0.9 0:00.48
710 5.3 0.4 0:09.38
521 0.0 0.9 0:00.48
521 0.0 0.9 0:00.48
521 0.0 0.9 0:00.48
521 0.0 0.9 0:00.48
710 5.3 0.4 0:09.52
710 5.6 0.4 0:09.55
521 0.0 0.9 0:00.48
521 0.0 0.9 0:00.48
521 0.0 0.9 0:00.48
521 0.0 0.9 0:00.48
521 0.0 0.9 0:00.48
521 0.0 0.9 0:00.48
521 0.0 0.9 0:00.48
521 0.0 0.9 0:00.48
521 0.0 0.9 0:00.48
521 0.0 0.9 0:00.48
521 0.0 0.9 0:00.48
521 0.0 0.9 0:00.48
521 0.0 0.9 0:00.48
521 0.0 0.9 0:00.48
521 0.0 0.9 0:00.48
521 0.0 0.9 0:00.48
521 0.0 0.9 0:00.48
521 0.0 0.9 0:00.48
521 0.0 0.9 0:00.48
521 0.0 0.9 0:00.48
521 0.0 0.9 0:00.48
