521 0.0 0.9 0:00.48
710 5.6 0.4 0:36.33
521 0.0 0.9 0:00.48
710 5.0 0.4 0:36.38
521 0.0 0.9 0:00.48
710 5.3 0.4 0:36.42
521 0.0 0.9 0:00.48
521 0.0 0.9 0:00.48
521 0.0 0.9 0:00.48
521 0.0 0.9 0:00.48
521 0.0 0.9 0:00.48
521 0.0 0.9 0:00.48
521 0.0 0.9 0:00.48
710 5.6 0.4 0:36.58
521 0.0 0.9 0:00.48
710 5.0 0.4 0:36.62
521 0.0 0.9 0:00.48
521 0.0 0.9 0:00.48
521 0.0 0.9 0:00.48
521 0.0 0.9 0:00.48
521 0.0 0.9 0:00.48
710 5.6 0.4 0:36.74
710 5.0 0.4 0:36.76
521 0.0 0.9 0:00.48
521 0.0 0.9 0:00.48
710 5.0 0.4 0:36.84
521 0.0 0.9 0:00.48
521 0.0 0.9 0:00.48
710 5.3 0.4 0:36.92
521 0.0 0.9 0:00.48
521 0.0 0.9 0:00.48
521 0.0 0.9 0:00.48
710 5.0 0.4 0:37.01
710 5.6 0.4 0:37.03
710 5.0 0.4 0:37.05
521 0.0 0.9 0:00.48
521 0.0 0.9 0:00.48
710 5.3 0.4 0:37.11
710 5.6 0.4 0:37.13
521 0.0 0.9 0:00.48
521 0.0 0.9 0:00.48
710 5.6 0.4 0:37.18
521 0.0 0.9 0:00.48
521 0.0 0.9 0:00.48
521 0.0 0.9 0:00.48
521 0.0 0.9 0:00.48
521 0.0 0.9 0:00.48
521 0.0 0.9 0:00.48
521 0.0 0.9 0:00.48
521 0.0 0.9 0:00.48
521 0.0 0.9 0:00.48
521 0.0 0.9 0:00.48
710 5.6 0.4 0:37.42
521 0.0 0.9 0:00.48
521 0.0 0.9 0:00.48
521 0.0 0.9 0:00.48
521 0.0 0.9 0:00.48
710 10.0 0.4 0:37.54
710 11.1 0.4 0:37.56
521 0.0 0.9 0:00.48
710 5.9 0.4 0:37.59
710 5.6 0.4 0:37.61
521 0.0 0.9 0:00.48
521 0.0 0.9 0:00.48
521 0.0 0.9 0:00.48
521 0.0 0.9 0:00.48
710 10.5 0.4 0:37.74
521 0.0 0.9 0:00.48
521 0.0 0.9 0:00.48
710 5.0 0.4 0:37.79
521 0.0 0.9 0:00.48
521 0.0 0.9 0:00.48
710 5.9 0.4 0:37.86
521 0.0 0.9 0:00.48
521 0.0 0.9 0:00.48
710 5.6 0.4 0:37.91
521 0.0 0.9 0:00.48
521 0.0 0.9 0:00.48
521 0.0 0.9 0:00.48
521 0.0 0.9 0:00.48
521 0.0 0.9 0:00.48
521 0.0 0.9 0:00.48
521 0.0 0.9 0:00.48
521 0.0 0.9 0:00.48
521 0.0 0.9 0:00.48
