710 5.6 0.4 0:34.70
710 5.6 0.4 0:34.72
521 0.0 0.9 0:00.48
521 0.0 0.9 0:00.48
521 0.0 0.9 0:00.48
710 5.3 0.4 0:34.80
710 5.6 0.4 0:34.82
521 0.0 0.9 0:00.48
521 0.0 0.9 0:00.48
521 0.0 0.9 0:00.48
521 0.0 0.9 0:00.48
521 0.0 0.9 0:00.48
521 0.0 0.9 0:00.48
KiB used, 491012 buff/cache
710 5.3 0.4 0:34.99
710 5.3 0.4 0:35.01
521 0.0 0.9 0:00.48
710 10.5 0.4 0:35.06
710 5.6 0.4 0:35.07
521 0.0 0.9 0:00.48
521 0.0 0.9 0:00.48
710 9.5 0.4 0:35.15
521 0.0 0.9 0:00.48
521 0.0 0.9 0:00.48
521 0.0 0.9 0:00.48
521 0.0 0.9 0:00.48
521 0.0 0.9 0:00.48
521 0.0 0.9 0:00.48
521 0.0 0.9 0:00.48
710 5.6 0.4 0:35.29
521 0.0 0.9 0:00.48
521 0.0 0.9 0:00.48
521 0.0 0.9 0:00.48
521 0.0 0.9 0:00.48
521 0.0 0.9 0:00.48
521 0.0 0.9 0:00.48
521 0.0 0.9 0:00.48
521 0.0 0.9 0:00.48
521 0.0 0.9 0:00.48
521 0.0 0.9 0:00.48
521 0.0 0.9 0:00.48
KiB used, 491380 buff/cache
521 0.0 0.9 0:00.48
521 0.0 0.9 0:00.48
521 0.0 0.9 0:00.48
521 0.0 0.9 0:00.48
521 0.0 0.9 0:00.48
521 0.0 0.9 0:00.48
521 0.0 0.9 0:00.48
KiB used, 491488 buff/cache
KiB used, 491504 buff/cache
521 0.0 0.9 0:00.48
521 0.0 0.9 0:00.48
521 0.0 0.9 0:00.48
521 0.0 0.9 0:00.48
521 0.0 0.9 0:00.48
710 5.9 0.4 0:35.83
710 5.3 0.4 0:35.85
710 5.0 0.4 0:35.87
521 0.0 0.9 0:00.48
521 0.0 0.9 0:00.48
521 0.0 0.9 0:00.48
710 5.3 0.4 0:35.95
521 0.0 0.9 0:00.48
710 5.6 0.4 0:35.99
521 0.0 0.9 0:00.48
521 0.0 0.9 0:00.48
521 0.0 0.9 0:00.48
521 0.0 0.9 0:00.48
521 0.0 0.9 0:00.48
521 0.0 0.9 0:00.48
521 0.0 0.9 0:00.48
521 0.0 0.9 0:00.48
521 0.0 0.9 0:00.48
521 0.0 0.9 0:00.48
710 5.3 0.4 0:36.22
521 0.0 0.9 0:00.48
521 0.0 0.9 0:00.48
521 0.0 0.9 0:00.48
521 0.0 0.9 0:00.48
KiB used, 491920 buff/cache
521 0.0 0.9 0:00.48
521 0.0 0.9 0:00.48
521 0.0 0.9 0:00.48
521 0.0 0.9 0:00.48
521 0.0 0.9 0:00.48
521 0.0 0.9 0:00.48
521 0.0 0.9 0:00.48
521 0.0 0.9 0:00.48
521 0.0 0.9 0:00.48
521 0.0 0.9 0:00.48
521 0.0 0.9 0:00.48
521 0.0 0.9 0:00.48
521 0.0 0.9 0:00.48
521 0.0 0.9 0:00.48
521 0.0 0.9 0:00.48
521 0.0 0.9 0:00.48
521 0.0 0.9 0:00.48
521 0.0 0.9 0:00.48
521 0.0 0.9 0:00.48
