711 5.0 0.4 0:33.52
711 0.0 0.4 0:33.55
711 5.6 0.4 0:33.58
711 5.6 0.4 0:33.61
711 11.1 0.4 0:33.64
711 0.0 0.4 0:33.66
711 5.3 0.4 0:33.69
711 5.6 0.4 0:33.72
711 5.9 0.4 0:33.75
711 5.9 0.4 0:33.78
711 5.6 0.4 0:33.81
711 0.0 0.4 0:33.84
711 5.9 0.4 0:33.87
711 0.0 0.4 0:33.90
711 5.0 0.4 0:33.93
711 5.6 0.4 0:33.97
711 0.0 0.4 0:34.00
711 5.6 0.4 0:34.03
711 5.6 0.4 0:34.06
711 11.1 0.4 0:34.11
711 11.1 0.4 0:34.15
711 5.6 0.4 0:34.17
711 0.0 0.4 0:34.19
711 5.6 0.4 0:34.23
711 5.0 0.4 0:34.26
711 0.0 0.4 0:34.28
711 5.3 0.4 0:34.31
711 5.6 0.4 0:34.34
711 5.6 0.4 0:34.36
711 5.3 0.4 0:34.39
711 5.6 0.4 0:34.42
711 5.9 0.4 0:34.45
711 5.9 0.4 0:34.49
711 5.6 0.4 0:34.52
711 5.3 0.4 0:34.55
711 0.0 0.4 0:34.58
711 5.6 0.4 0:34.62
711 5.6 0.4 0:34.65
711 5.6 0.4 0:34.68
711 5.6 0.4 0:34.71
11711 15.8 0.2 0:00.03
711 5.6 0.4 0:34.78
711 5.6 0.4 0:34.81
711 0.0 0.4 0:34.84
711 0.0 0.4 0:34.87
711 5.9 0.4 0:34.91
711 5.6 0.4 0:34.94
711 0.0 0.4 0:34.96
711 5.6 0.4 0:34.99
711 5.6 0.4 0:35.02
711 0.0 0.4 0:35.05
711 0.0 0.4 0:35.08
711 0.0 0.4 0:35.11
711 5.6 0.4 0:35.14
711 0.0 0.4 0:35.17
711 0.0 0.4 0:35.19
711 0.0 0.4 0:35.22
711 5.6 0.4 0:35.25
711 5.6 0.4 0:35.29
711 5.3 0.4 0:35.32
711 5.6 0.4 0:35.35
711 5.6 0.4 0:35.38
711 4.5 0.4 0:35.41
711 4.8 0.4 0:35.44
12711 16.7 0.2 0:00.03
711 0.0 0.4 0:35.49
711 5.6 0.4 0:35.52
711 5.6 0.4 0:35.56
711 5.3 0.4 0:35.59
711 5.6 0.4 0:35.62
711 5.0 0.4 0:35.65
711 5.9 0.4 0:35.68
711 5.6 0.4 0:35.70
711 0.0 0.4 0:35.73
711 5.6 0.4 0:35.76
711 5.6 0.4 0:35.80
711 5.6 0.4 0:35.83
711 5.9 0.4 0:35.86
711 5.3 0.4 0:35.89
711 0.0 0.4 0:35.93
711 0.0 0.4 0:35.93
711 0.0 0.4 0:35.93
711 0.0 0.4 0:35.93
711 0.0 0.4 0:35.93
711 0.0 0.4 0:35.93
711 0.0 0.4 0:35.93
711 0.0 0.4 0:35.93
711 0.0 0.4 0:35.93
