711 5.3 0.4 0:23.21
711 5.6 0.4 0:23.24
711 0.0 0.4 0:23.27
711 0.0 0.4 0:23.30
711 0.0 0.4 0:23.34
27115 15.8 0.2 0:00.03
711 4.5 0.4 0:23.41
711 5.9 0.4 0:23.45
711 0.0 0.4 0:23.47
711 5.9 0.4 0:23.51
711 5.6 0.4 0:23.54
711 4.5 0.4 0:23.58
711 4.8 0.4 0:23.62
711 0.0 0.4 0:23.65
711 5.6 0.4 0:23.68
711 5.9 0.4 0:23.72
711 5.6 0.4 0:23.76
711 5.3 0.4 0:23.80
711 5.3 0.4 0:23.84
711 0.0 0.4 0:23.87
711 0.0 0.4 0:23.90
711 5.6 0.4 0:23.94
711 0.0 0.4 0:23.97
711 5.0 0.4 0:24.01
711 5.9 0.4 0:24.04
711 0.0 0.4 0:24.07
711 5.9 0.4 0:24.11
711 0.0 0.4 0:24.14
711 5.3 0.4 0:24.17
711 5.6 0.4 0:24.22
711 5.6 0.4 0:24.26
711 5.6 0.4 0:24.30
711 5.6 0.4 0:24.34
711 5.6 0.4 0:24.38
711 5.6 0.4 0:24.42
711 5.6 0.4 0:24.46
711 0.0 0.4 0:24.49
711 0.0 0.4 0:24.53
711 5.0 0.4 0:24.55
711 5.6 0.4 0:24.58
711 11.8 0.4 0:24.62
711 5.6 0.4 0:24.65
711 5.3 0.4 0:24.68
711 5.9 0.4 0:24.71
711 0.0 0.4 0:24.76
711 5.6 0.4 0:24.78
711 0.0 0.4 0:24.80
711 4.8 0.4 0:24.84
711 5.6 0.4 0:24.87
711 5.0 0.4 0:24.91
711 5.6 0.4 0:24.93
711 0.0 0.4 0:24.96
711 11.1 0.4 0:25.01
711 0.0 0.4 0:25.05
711 5.6 0.4 0:25.08
711 5.9 0.4 0:25.11
711 5.6 0.4 0:25.14
711 5.3 0.4 0:25.17
711 0.0 0.4 0:25.20
711 5.3 0.4 0:25.24
711 0.0 0.4 0:25.27
711 5.9 0.4 0:25.31
711 5.6 0.4 0:25.34
711 11.8 0.4 0:25.38
711 5.9 0.4 0:25.41
711 5.6 0.4 0:25.44
711 5.6 0.4 0:25.48
KiB used, 480300 buff/cache
711 5.0 0.4 0:25.56
711 5.6 0.4 0:25.59
711 0.0 0.4 0:25.62
711 5.6 0.4 0:25.66
711 0.0 0.4 0:25.69
711 0.0 0.4 0:25.72
711 5.3 0.4 0:25.76
711 5.6 0.4 0:25.79
711 5.6 0.4 0:25.82
711 5.6 0.4 0:25.85
711 0.0 0.4 0:25.88
711 5.3 0.4 0:25.91
711 0.0 0.4 0:25.91
711 0.0 0.4 0:25.91
711 0.0 0.4 0:25.91
711 0.0 0.4 0:25.91
711 0.0 0.4 0:25.91
711 0.0 0.4 0:25.91
711 0.0 0.4 0:25.91
711 0.0 0.4 0:25.91
711 0.0 0.4 0:25.91
