711 5.3 0.4 0:47.36
711 5.9 0.4 0:47.38
711 0.0 0.4 0:47.40
711 5.6 0.4 0:47.43
711 0.0 0.4 0:47.44
711 0.0 0.4 0:47.47
KiB used, 492072 buff/cache
711 0.0 0.4 0:47.53
711 10.5 0.4 0:47.58
711 5.0 0.4 0:47.61
711 5.6 0.4 0:47.64
711 0.0 0.4 0:47.67
711 5.3 0.4 0:47.70
711 5.3 0.4 0:47.73
711 0.0 0.4 0:47.75
711 5.6 0.4 0:47.78
711 5.6 0.4 0:47.81
711 0.0 0.4 0:47.83
711 5.6 0.4 0:47.87
711 0.0 0.4 0:47.89
711 5.6 0.4 0:47.92
711 5.6 0.4 0:47.94
711 0.0 0.4 0:47.96
711 5.6 0.4 0:47.99
711 5.0 0.4 0:48.01
711 0.0 0.4 0:48.04
711 0.0 0.4 0:48.07
711 0.0 0.4 0:48.09
711 0.0 0.4 0:48.11
711 0.0 0.4 0:48.13
711 5.6 0.4 0:48.17
711 0.0 0.4 0:48.20
711 5.0 0.4 0:48.22
711 5.6 0.4 0:48.25
711 5.6 0.4 0:48.27
711 5.6 0.4 0:48.30
711 0.0 0.4 0:48.32
711 0.0 0.4 0:48.34
711 5.6 0.4 0:48.37
711 5.6 0.4 0:48.41
711 5.3 0.4 0:48.44
711 0.0 0.4 0:48.46
711 0.0 0.4 0:48.49
711 5.9 0.4 0:48.52
711 4.8 0.4 0:48.55
711 5.3 0.4 0:48.57
711 5.3 0.4 0:48.60
711 5.3 0.4 0:48.63
711 0.0 0.4 0:48.65
711 0.0 0.4 0:48.67
711 5.6 0.4 0:48.70
711 5.9 0.4 0:48.73
711 5.9 0.4 0:48.77
711 0.0 0.4 0:48.79
711 0.0 0.4 0:48.82
711 5.9 0.4 0:48.86
711 0.0 0.4 0:48.88
711 0.0 0.4 0:48.91
711 5.6 0.4 0:48.95
711 5.6 0.4 0:48.98
711 0.0 0.4 0:49.00
711 5.6 0.4 0:49.04
711 5.6 0.4 0:49.07
711 0.0 0.4 0:49.09
711 5.6 0.4 0:49.12
711 5.6 0.4 0:49.15
711 5.6 0.4 0:49.17
711 5.6 0.4 0:49.20
711 5.6 0.4 0:49.23
711 5.6 0.4 0:49.26
711 5.6 0.4 0:49.29
711 0.0 0.4 0:49.31
711 0.0 0.4 0:49.34
711 5.3 0.4 0:49.37
711 5.6 0.4 0:49.42
711 5.6 0.4 0:49.44
711 5.6 0.4 0:49.47
711 0.0 0.4 0:49.49
711 0.0 0.4 0:49.51
711 0.0 0.4 0:49.53
711 0.0 0.4 0:49.54
711 0.0 0.4 0:49.54
711 0.0 0.4 0:49.54
711 0.0 0.4 0:49.54
711 0.0 0.4 0:49.54
