3549 10.0 0.2 0:19.62
3549 0.0 0.2 0:19.62
3549 0.0 0.2 0:19.63
3549 0.0 0.2 0:19.63
3549 0.0 0.2 0:19.63
3549 0.0 0.2 0:19.63
3549 0.0 0.2 0:19.64
3549 0.0 0.2 0:19.64
3549 0.0 0.2 0:19.65
3549 0.0 0.2 0:19.65
3549 0.0 0.2 0:19.66
3549 0.0 0.2 0:19.66
3549 0.0 0.2 0:19.67
3549 0.0 0.2 0:19.68
3549 0.0 0.2 0:19.68
3549 0.0 0.2 0:19.71
3549 0.0 0.2 0:19.71
3549 0.0 0.2 0:19.73
3549 0.0 0.2 0:19.74
3549 0.0 0.2 0:19.74
3549 0.0 0.2 0:19.75
3549 0.0 0.2 0:19.75
3549 0.0 0.2 0:19.75
3549 5.3 0.2 0:19.76
3549 0.0 0.2 0:19.76
3549 0.0 0.2 0:19.77
3549 0.0 0.2 0:19.77
3549 0.0 0.2 0:19.78
3549 0.0 0.2 0:19.79
3549 0.0 0.2 0:19.79
3549 0.0 0.2 0:19.80
3549 0.0 0.2 0:19.81
3549 0.0 0.2 0:19.81
3549 0.0 0.2 0:19.82
3549 5.0 0.2 0:19.83
3549 5.0 0.2 0:19.84
3549 0.0 0.2 0:19.84
3549 0.0 0.2 0:19.85
3549 0.0 0.2 0:19.85
3549 0.0 0.2 0:19.86
3549 0.0 0.2 0:19.86
3549 5.0 0.2 0:19.90
3549 0.0 0.2 0:19.90
3549 0.0 0.2 0:19.90
3549 0.0 0.2 0:19.91
3549 0.0 0.2 0:19.92
3549 0.0 0.2 0:19.93
3549 10.5 0.2 0:19.98
3549 0.0 0.2 0:19.98
3549 0.0 0.2 0:19.98
3549 5.0 0.2 0:19.99
3549 0.0 0.2 0:19.99
3549 0.0 0.2 0:19.99
3549 0.0 0.2 0:20.00
3549 0.0 0.2 0:20.00
3549 0.0 0.2 0:20.01
3549 5.3 0.2 0:20.02
3549 0.0 0.2 0:20.03
3549 0.0 0.2 0:20.03
3549 0.0 0.2 0:20.04
3549 5.3 0.2 0:20.05
3549 0.0 0.2 0:20.05
3549 0.0 0.2 0:20.05
3549 0.0 0.2 0:20.06
3549 0.0 0.2 0:20.06
3549 0.0 0.2 0:20.07
3549 0.0 0.2 0:20.07
3549 5.0 0.2 0:20.08
3549 0.0 0.2 0:20.08
3549 0.0 0.2 0:20.09
3549 0.0 0.2 0:20.09
3549 0.0 0.2 0:20.10
3549 0.0 0.2 0:20.10
3549 0.0 0.2 0:20.10
3549 0.0 0.2 0:20.11
3549 0.0 0.2 0:20.13
