3549 0.0 0.2 0:10.56
3549 5.6 0.2 0:10.61
3549 0.0 0.2 0:10.66
3549 0.0 0.2 0:10.70
3549 5.0 0.2 0:10.73
3549 0.0 0.2 0:10.75
3549 0.0 0.2 0:10.79
3549 5.3 0.2 0:10.82
3549 0.0 0.2 0:10.83
3549 0.0 0.2 0:10.86
3549 0.0 0.2 0:10.86
3549 0.0 0.2 0:10.87
3549 0.0 0.2 0:10.88
3549 0.0 0.2 0:10.89
3549 10.5 0.2 0:10.91
3549 0.0 0.2 0:10.91
3549 0.0 0.2 0:10.92
3549 0.0 0.2 0:10.93
3549 5.3 0.2 0:10.94
3549 0.0 0.2 0:10.94
3549 0.0 0.2 0:10.95
3549 5.6 0.2 0:10.99
3549 0.0 0.2 0:11.00
3549 0.0 0.2 0:11.02
3549 5.0 0.2 0:11.03
3549 0.0 0.2 0:11.04
3549 0.0 0.2 0:11.05
3549 0.0 0.2 0:11.05
3549 0.0 0.2 0:11.07
3549 0.0 0.2 0:11.09
3549 0.0 0.2 0:11.10
3549 0.0 0.2 0:11.11
3549 0.0 0.2 0:11.12
3549 0.0 0.2 0:11.13
3549 0.0 0.2 0:11.14
3549 0.0 0.2 0:11.15
3549 0.0 0.2 0:11.17
3549 0.0 0.2 0:11.17
3549 0.0 0.2 0:11.18
3549 0.0 0.2 0:11.20
3549 0.0 0.2 0:11.21
3549 0.0 0.2 0:11.23
3549 0.0 0.2 0:11.24
3549 0.0 0.2 0:11.25
3549 4.3 0.2 0:11.27
3549 0.0 0.2 0:11.28
3549 5.0 0.2 0:11.30
3549 0.0 0.2 0:11.31
3549 0.0 0.2 0:11.32
3549 0.0 0.2 0:11.34
3549 5.6 0.2 0:11.35
3549 0.0 0.2 0:11.36
3549 0.0 0.2 0:11.37
3549 4.8 0.2 0:11.39
3549 0.0 0.2 0:11.40
3549 0.0 0.2 0:11.42
3549 0.0 0.2 0:11.43
3549 0.0 0.2 0:11.45
3549 0.0 0.2 0:11.47
3549 0.0 0.2 0:11.48
3549 0.0 0.2 0:11.49
3549 5.6 0.2 0:11.50
3549 0.0 0.2 0:11.51
3549 0.0 0.2 0:11.52
3549 0.0 0.2 0:11.53
3549 0.0 0.2 0:11.55
3549 0.0 0.2 0:11.55
3549 5.0 0.2 0:11.56
3549 0.0 0.2 0:11.57
3549 0.0 0.2 0:11.58
3549 0.0 0.2 0:11.59
3549 0.0 0.2 0:11.60
3549 5.6 0.2 0:11.62
3549 5.3 0.2 0:11.63
3549 0.0 0.2 0:11.63
