3550 0.0 0.2 0:00.69
3550 0.0 0.2 0:00.69
3550 5.3 0.2 0:00.70
3550 0.0 0.2 0:00.70
3550 0.0 0.2 0:00.70
3550 0.0 0.2 0:00.70
3550 0.0 0.2 0:00.70
3550 0.0 0.2 0:00.70
3550 0.0 0.2 0:00.70
3550 0.0 0.2 0:00.70
3550 0.0 0.2 0:00.70
3550 0.0 0.2 0:00.70
3550 0.0 0.2 0:00.70
3550 0.0 0.2 0:00.70
3550 0.0 0.2 0:00.70
3550 0.0 0.2 0:00.70
3550 0.0 0.2 0:00.70
3550 0.0 0.2 0:00.70
3550 0.0 0.2 0:00.70
3550 0.0 0.2 0:00.70
3550 0.0 0.2 0:00.70
3550 0.0 0.2 0:00.70
3550 0.0 0.2 0:00.70
3550 0.0 0.2 0:00.70
3550 0.0 0.2 0:00.70
3550 0.0 0.2 0:00.70
3550 0.0 0.2 0:00.70
3550 0.0 0.2 0:00.70
3550 0.0 0.2 0:00.70
3550 0.0 0.2 0:00.70
3550 0.0 0.2 0:00.70
3550 0.0 0.2 0:00.70
3550 0.0 0.2 0:00.70
3550 0.0 0.2 0:00.70
3550 0.0 0.2 0:00.70
3550 0.0 0.2 0:00.70
3550 0.0 0.2 0:00.70
3550 0.0 0.2 0:00.70
3550 0.0 0.2 0:00.70
3550 0.0 0.2 0:00.70
3550 0.0 0.2 0:00.70
3550 0.0 0.2 0:00.70
3550 0.0 0.2 0:00.70
3550 0.0 0.2 0:00.70
3550 0.0 0.2 0:00.70
3550 0.0 0.2 0:00.70
3550 0.0 0.2 0:00.70
3550 0.0 0.2 0:00.70
3550 0.0 0.2 0:00.70
3550 0.0 0.2 0:00.70
3550 0.0 0.2 0:00.70
3550 0.0 0.2 0:00.70
3550 0.0 0.2 0:00.70
3550 0.0 0.2 0:00.70
3550 0.0 0.2 0:00.70
3550 0.0 0.2 0:00.70
3550 0.0 0.2 0:00.70
3550 0.0 0.2 0:00.70
3550 0.0 0.2 0:00.70
3550 0.0 0.2 0:00.70
3550 0.0 0.2 0:00.70
3550 0.0 0.2 0:00.70
3550 0.0 0.2 0:00.70
3550 0.0 0.2 0:00.70
3550 0.0 0.2 0:00.70
3550 0.0 0.2 0:00.70
3550 0.0 0.2 0:00.70
3550 0.0 0.2 0:00.70
3550 0.0 0.2 0:00.70
3550 0.0 0.2 0:00.70
3550 0.0 0.2 0:00.70
3550 0.0 0.2 0:00.70
3550 0.0 0.2 0:00.70
3550 0.0 0.2 0:00.70
3550 0.0 0.2 0:00.70
3550 0.0 0.2 0:00.70
