3550 10.5 0.2 0:00.39
3550 0.0 0.2 0:00.39
3550 0.0 0.2 0:00.40
3550 0.0 0.2 0:00.40
3550 0.0 0.2 0:00.41
3550 0.0 0.2 0:00.42
3550 0.0 0.2 0:00.42
3550 0.0 0.2 0:00.42
3550 0.0 0.2 0:00.42
3550 0.0 0.2 0:00.42
3550 0.0 0.2 0:00.42
3550 0.0 0.2 0:00.42
3550 0.0 0.2 0:00.42
3550 0.0 0.2 0:00.42
3550 0.0 0.2 0:00.42
3550 0.0 0.2 0:00.42
3550 0.0 0.2 0:00.42
3550 0.0 0.2 0:00.42
3550 0.0 0.2 0:00.42
3550 0.0 0.2 0:00.42
3550 0.0 0.2 0:00.42
3550 0.0 0.2 0:00.42
3550 0.0 0.2 0:00.42
3550 0.0 0.2 0:00.42
3550 0.0 0.2 0:00.42
3550 0.0 0.2 0:00.42
3550 0.0 0.2 0:00.42
3550 0.0 0.2 0:00.42
3550 0.0 0.2 0:00.42
3550 0.0 0.2 0:00.42
3550 0.0 0.2 0:00.42
3550 0.0 0.2 0:00.42
3550 0.0 0.2 0:00.42
3550 0.0 0.2 0:00.42
3550 0.0 0.2 0:00.42
3550 0.0 0.2 0:00.42
3550 0.0 0.2 0:00.42
3550 0.0 0.2 0:00.42
3550 0.0 0.2 0:00.42
3550 0.0 0.2 0:00.42
3550 0.0 0.2 0:00.42
3550 0.0 0.2 0:00.42
3550 0.0 0.2 0:00.42
3550 0.0 0.2 0:00.42
3550 0.0 0.2 0:00.42
3550 0.0 0.2 0:00.42
3550 0.0 0.2 0:00.42
3550 0.0 0.2 0:00.42
3550 0.0 0.2 0:00.42
3550 0.0 0.2 0:00.42
3550 0.0 0.2 0:00.42
3550 0.0 0.2 0:00.42
3550 0.0 0.2 0:00.42
3550 0.0 0.2 0:00.42
3550 0.0 0.2 0:00.42
3550 0.0 0.2 0:00.42
3550 0.0 0.2 0:00.42
3550 0.0 0.2 0:00.42
3550 0.0 0.2 0:00.42
3550 0.0 0.2 0:00.42
3550 0.0 0.2 0:00.42
3550 0.0 0.2 0:00.42
3550 0.0 0.2 0:00.42
3550 0.0 0.2 0:00.42
3550 0.0 0.2 0:00.42
3550 0.0 0.2 0:00.42
3550 0.0 0.2 0:00.42
3550 0.0 0.2 0:00.42
3550 0.0 0.2 0:00.42
3550 0.0 0.2 0:00.42
3550 0.0 0.2 0:00.42
3550 0.0 0.2 0:00.42
3550 0.0 0.2 0:00.42
3550 0.0 0.2 0:00.42
3550 0.0 0.2 0:00.42
3550 0.0 0.2 0:00.42
3550 0.0 0.2 0:00.42
3550 0.0 0.2 0:00.42
3550 0.0 0.2 0:00.42
3550 0.0 0.2 0:00.42
3550 0.0 0.2 0:00.42
3550 0.0 0.2 0:00.42
3550 0.0 0.2 0:00.42
3550 0.0 0.2 0:00.42
3550 0.0 0.2 0:00.42
3550 0.0 0.2 0:00.42
3550 0.0 0.2 0:00.42
3550 0.0 0.2 0:00.42
3550 0.0 0.2 0:00.42
3550 0.0 0.2 0:00.42
3550 0.0 0.2 0:00.42
3550 0.0 0.2 0:00.42
3550 0.0 0.2 0:00.42
3550 0.0 0.2 0:00.42
3550 0.0 0.2 0:00.42
3550 0.0 0.2 0:00.42
3550 0.0 0.2 0:00.42
3550 0.0 0.2 0:00.42
3550 0.0 0.2 0:00.42
3550 0.0 0.2 0:00.42
3550 0.0 0.2 0:00.42
3550 0.0 0.2 0:00.42
3550 0.0 0.2 0:00.42
3550 0.0 0.2 0:00.42
3550 0.0 0.2 0:00.42
3550 0.0 0.2 0:00.42
3550 0.0 0.2 0:00.42
3550 0.0 0.2 0:00.42
3550 0.0 0.2 0:00.42
