720 0.0 0.1 0:00.00
720 0.0 0.1 0:00.00
720 0.0 0.1 0:00.00
720 0.0 0.1 0:00.00
720 0.0 0.1 0:00.00
720 0.0 0.1 0:00.00
720 0.0 0.1 0:00.00
720 0.0 0.1 0:00.00
720 0.0 0.1 0:00.00
720 0.0 0.1 0:00.00
720 0.0 0.1 0:00.00
720 0.0 0.1 0:00.00
720 0.0 0.1 0:00.00
17203 11.1 0.2 0:00.04
720 0.0 0.1 0:00.00
720 0.0 0.1 0:00.00
720 0.0 0.1 0:00.00
720 0.0 0.1 0:00.00
720 0.0 0.1 0:00.00
720 0.0 0.1 0:00.00
720 0.0 0.1 0:00.00
720 0.0 0.1 0:00.00
720 0.0 0.1 0:00.00
KiB used, 462792 buff/cache
720 0.0 0.1 0:00.00
KiB 1527208 avail Mem
720 0.0 0.1 0:00.00
720 0.0 0.1 0:00.00
720 0.0 0.1 0:00.00
720 0.0 0.1 0:00.00
KiB used, 462944 buff/cache
720 0.0 0.1 0:00.00
720 0.0 0.1 0:00.00
720 0.0 0.1 0:00.00
720 0.0 0.1 0:00.00
720 0.0 0.1 0:00.00
720 0.0 0.1 0:00.00
720 0.0 0.1 0:00.00
720 0.0 0.1 0:00.00
720 0.0 0.1 0:00.00
720 0.0 0.1 0:00.00
720 0.0 0.1 0:00.00
720 0.0 0.1 0:00.00
720 0.0 0.1 0:00.00
KiB used, 463180 buff/cache
720 0.0 0.1 0:00.00
720 0.0 0.1 0:00.00
720 0.0 0.1 0:00.00
720 0.0 0.1 0:00.00
720 0.0 0.1 0:00.00
18720 11.1 0.2 0:00.04
720 0.0 0.1 0:00.00
720 0.0 0.1 0:00.00
720 0.0 0.1 0:00.00
720 0.0 0.1 0:00.00
720 0.0 0.1 0:00.00
720 0.0 0.1 0:00.00
720 0.0 0.1 0:00.00
720 0.0 0.1 0:00.00
720 0.0 0.1 0:00.00
720 0.0 0.1 0:00.00
720 0.0 0.1 0:00.00
720 0.0 0.1 0:00.00
720 0.0 0.1 0:00.00
720 0.0 0.1 0:00.00
720 0.0 0.1 0:00.00
720 0.0 0.1 0:00.00
720 0.0 0.1 0:00.00
720 0.0 0.1 0:00.00
720 0.0 0.1 0:00.00
KiB used, 463672 buff/cache
720 0.0 0.1 0:00.00
720 0.0 0.1 0:00.00
720 0.0 0.1 0:00.00
720 0.0 0.1 0:00.00
720 0.0 0.1 0:00.00
720 0.0 0.1 0:00.00
720 0.0 0.1 0:00.00
720 0.0 0.1 0:00.00
720 0.0 0.1 0:00.00
720 0.0 0.1 0:00.00
720 0.0 0.1 0:00.00
720 0.0 0.1 0:00.00
720 0.0 0.1 0:00.00
720 0.0 0.1 0:00.00
720 0.0 0.1 0:00.00
720 0.0 0.1 0:00.00
720 0.0 0.1 0:00.00
720 0.0 0.1 0:00.00
720 0.0 0.1 0:00.00
720 0.0 0.1 0:00.00
720 0.0 0.1 0:00.00
720 0.0 0.1 0:00.00
720 0.0 0.1 0:00.00
720 0.0 0.1 0:00.00
720 0.0 0.1 0:00.00
720 0.0 0.1 0:00.00
720 0.0 0.1 0:00.00
720 0.0 0.1 0:00.00
720 0.0 0.1 0:00.00
