720 0.0 0.1 0:00.00
720 0.0 0.1 0:00.00
720 0.0 0.1 0:00.00
720 0.0 0.1 0:00.00
720 0.0 0.1 0:00.00
720 0.0 0.1 0:00.00
720 0.0 0.1 0:00.00
720 0.0 0.1 0:00.00
720 0.0 0.1 0:00.00
720 0.0 0.1 0:00.00
720 0.0 0.1 0:00.00
720 0.0 0.1 0:00.00
720 0.0 0.1 0:00.00
720 0.0 0.1 0:00.00
720 0.0 0.1 0:00.00
720 0.0 0.1 0:00.00
720 0.0 0.1 0:00.00
720 0.0 0.1 0:00.00
720 0.0 0.1 0:00.00
720 0.0 0.1 0:00.00
720 0.0 0.1 0:00.00
720 0.0 0.1 0:00.00
720 0.0 0.1 0:00.00
720 0.0 0.1 0:00.00
720 0.0 0.1 0:00.00
720 0.0 0.1 0:00.00
720 0.0 0.1 0:00.00
720 0.0 0.1 0:00.00
720 0.0 0.1 0:00.00
720 0.0 0.1 0:00.00
720 0.0 0.1 0:00.00
720 0.0 0.1 0:00.00
720 0.0 0.1 0:00.00
720 0.0 0.1 0:00.00
720 0.0 0.1 0:00.00
720 0.0 0.1 0:00.00
720 0.0 0.1 0:00.00
720 0.0 0.1 0:00.00
720 0.0 0.1 0:00.00
720 0.0 0.1 0:00.00
720 0.0 0.1 0:00.00
720 0.0 0.1 0:00.00
720 0.0 0.1 0:00.00
720 0.0 0.1 0:00.00
720 0.0 0.1 0:00.00
720 0.0 0.1 0:00.00
720 0.0 0.1 0:00.00
720 0.0 0.1 0:00.00
720 0.0 0.1 0:00.00
720 0.0 0.1 0:00.00
720 0.0 0.1 0:00.00
720 0.0 0.1 0:00.00
720 0.0 0.1 0:00.00
720 0.0 0.1 0:00.00
720 0.0 0.1 0:00.00
720 0.0 0.1 0:00.00
720 0.0 0.1 0:00.00
720 0.0 0.1 0:00.00
720 0.0 0.1 0:00.00
720 0.0 0.1 0:00.00
720 0.0 0.1 0:00.00
720 0.0 0.1 0:00.00
720 0.0 0.1 0:00.00
720 0.0 0.1 0:00.00
720 0.0 0.1 0:00.00
720 0.0 0.1 0:00.00
720 0.0 0.1 0:00.00
720 0.0 0.1 0:00.00
720 0.0 0.1 0:00.00
720 0.0 0.1 0:00.00
720 0.0 0.1 0:00.00
720 0.0 0.1 0:00.00
720 0.0 0.1 0:00.00
720 0.0 0.1 0:00.00
720 0.0 0.1 0:00.00
720 0.0 0.1 0:00.00
720 0.0 0.1 0:00.00
720 0.0 0.1 0:00.00
720 0.0 0.1 0:00.00
720 0.0 0.1 0:00.00
720 0.0 0.1 0:00.00
720 0.0 0.1 0:00.00
720 0.0 0.1 0:00.00
720 0.0 0.1 0:00.00
720 0.0 0.1 0:00.00
720 0.0 0.1 0:00.00
720 0.0 0.1 0:00.00
720 0.0 0.1 0:00.00
720 0.0 0.1 0:00.00
720 0.0 0.1 0:00.00
720 0.0 0.1 0:00.00
720 0.0 0.1 0:00.00
720 0.0 0.1 0:00.00
720 0.0 0.1 0:00.00
25720 16.7 0.2 0:00.05
720 0.0 0.1 0:00.00
720 0.0 0.1 0:00.00
720 0.0 0.1 0:00.00
720 0.0 0.1 0:00.00
720 0.0 0.1 0:00.00
720 0.0 0.1 0:00.00
720 0.0 0.1 0:00.00
KiB used, 396620 buff/cache
KiB used, 396620 buff/cache
720 0.0 0.1 0:00.00
720 0.0 0.1 0:00.00
720 0.0 0.1 0:00.00
720 0.0 0.1 0:00.00
720 0.0 0.1 0:00.00
720 0.0 0.1 0:00.00
720 0.0 0.1 0:00.00
720 0.0 0.1 0:00.00
720 0.0 0.1 0:00.00
720 0.0 0.1 0:00.00
720 0.0 0.1 0:00.00
720 0.0 0.1 0:00.00
720 0.0 0.1 0:00.00
720 0.0 0.1 0:00.00
720 0.0 0.1 0:00.00
