720 0.0 0.1 0:00.00
720 0.0 0.1 0:00.00
720 0.0 0.1 0:00.00
720 0.0 0.1 0:00.00
720 0.0 0.1 0:00.00
720 0.0 0.1 0:00.00
720 0.0 0.1 0:00.00
720 0.0 0.1 0:00.00
720 0.0 0.1 0:00.00
720 0.0 0.1 0:00.00
720 0.0 0.1 0:00.00
720 0.0 0.1 0:00.00
720 0.0 0.1 0:00.00
720 0.0 0.1 0:00.00
720 0.0 0.1 0:00.00
720 0.0 0.1 0:00.00
720 0.0 0.1 0:00.00
720 0.0 0.1 0:00.00
720 0.0 0.1 0:00.00
720 0.0 0.1 0:00.00
720 0.0 0.1 0:00.00
720 0.0 0.1 0:00.00
720 0.0 0.1 0:00.00
720 0.0 0.1 0:00.00
720 0.0 0.1 0:00.00
720 0.0 0.1 0:00.00
720 0.0 0.1 0:00.00
720 0.0 0.1 0:00.00
720 0.0 0.1 0:00.00
720 0.0 0.1 0:00.00
720 0.0 0.1 0:00.00
720 0.0 0.1 0:00.00
KiB used, 457208 buff/cache
720 0.0 0.1 0:00.00
720 0.0 0.1 0:00.00
720 0.0 0.1 0:00.00
720 0.0 0.1 0:00.00
720 0.0 0.1 0:00.00
720 0.0 0.1 0:00.00
720 0.0 0.1 0:00.00
720 0.0 0.1 0:00.00
720 0.0 0.1 0:00.00
720 0.0 0.1 0:00.00
720 0.0 0.1 0:00.00
720 0.0 0.1 0:00.00
720 0.0 0.1 0:00.00
720 0.0 0.1 0:00.00
720 0.0 0.1 0:00.00
720 0.0 0.1 0:00.00
720 0.0 0.1 0:00.00
720 0.0 0.1 0:00.00
720 0.0 0.1 0:00.00
720 0.0 0.1 0:00.00
720 0.0 0.1 0:00.00
720 0.0 0.1 0:00.00
720 0.0 0.1 0:00.00
720 0.0 0.1 0:00.00
720 0.0 0.1 0:00.00
720 0.0 0.1 0:00.00
6720 11.1 0.2 0:00.05
720 0.0 0.1 0:00.00
720 0.0 0.1 0:00.00
720 0.0 0.1 0:00.00
720 0.0 0.1 0:00.00
720 0.0 0.1 0:00.00
720 0.0 0.1 0:00.00
720 0.0 0.1 0:00.00
720 0.0 0.1 0:00.00
720 0.0 0.1 0:00.00
720 0.0 0.1 0:00.00
720 0.0 0.1 0:00.00
7204 11.1 0.2 0:00.05
720 0.0 0.1 0:00.00
720 0.0 0.1 0:00.00
720 0.0 0.1 0:00.00
KiB used, 458132 buff/cache
720 0.0 0.1 0:00.00
720 0.0 0.1 0:00.00
720 0.0 0.1 0:00.00
720 0.0 0.1 0:00.00
720 0.0 0.1 0:00.00
720 0.0 0.1 0:00.00
720 0.0 0.1 0:00.00
720 0.0 0.1 0:00.00
720 0.0 0.1 0:00.00
720 0.0 0.1 0:00.00
720 0.0 0.1 0:00.00
720 0.0 0.1 0:00.00
720 0.0 0.1 0:00.00
720 0.0 0.1 0:00.00
720 0.0 0.1 0:00.00
720 0.0 0.1 0:00.00
720 0.0 0.1 0:00.00
720 0.0 0.1 0:00.00
720 0.0 0.1 0:00.00
720 0.0 0.1 0:00.00
720 0.0 0.1 0:00.00
720 0.0 0.1 0:00.00
720 0.0 0.1 0:00.00
720 0.0 0.1 0:00.00
