721 0.0 0.4 4:19.35
721 0.0 0.4 4:19.38
721 0.0 0.4 4:19.42
721 5.6 0.4 4:19.45
721 5.6 0.4 4:19.49
721 5.6 0.4 4:19.52
721 5.3 0.4 4:19.56
721 0.0 0.4 4:19.59
721 5.6 0.4 4:19.63
721 0.0 0.4 4:19.65
721 0.0 0.4 4:19.69
721 0.0 0.4 4:19.72
721 0.0 0.4 4:19.75
721 5.6 0.4 4:19.78
721 5.3 0.4 4:19.81
721 5.6 0.4 4:19.84
721 0.0 0.4 4:19.88
721 5.3 0.4 4:19.91
721 11.1 0.4 4:19.95
721 5.3 0.4 4:19.98
721 5.6 0.4 4:20.01
721 5.6 0.4 4:20.04
721 5.3 0.4 4:20.08
721 5.6 0.4 4:20.11
721 0.0 0.4 4:20.15
721 5.6 0.4 4:20.20
721 5.6 0.4 4:20.23
721 5.6 0.4 4:20.26
721 0.0 0.4 4:20.29
721 5.3 0.4 4:20.33
721 5.0 0.4 4:20.37
721 5.6 0.4 4:20.41
721 5.3 0.4 4:20.45
721 0.0 0.4 4:20.47
721 0.0 0.4 4:20.50
721 0.0 0.4 4:20.54
721 5.3 0.4 4:20.58
721 5.3 0.4 4:20.61
721 5.3 0.4 4:20.64
721 5.3 0.4 4:20.68
721 0.0 0.4 4:20.70
721 0.0 0.4 4:20.74
721 5.6 0.4 4:20.78
721 5.3 0.4 4:20.82
721 0.0 0.4 4:20.85
721 5.3 0.4 4:20.89
721 0.0 0.4 4:20.92
721 5.3 0.4 4:20.96
721 5.3 0.4 4:20.99
721 0.0 0.4 4:21.02
721 5.3 0.4 4:21.06
721 5.6 0.4 4:21.10
721 10.5 0.4 4:21.14
721 5.3 0.4 4:21.17
721 5.3 0.4 4:21.20
721 0.0 0.4 4:21.23
721 0.0 0.4 4:21.26
721 0.0 0.4 4:21.29
721 5.6 0.4 4:21.33
721 0.0 0.4 4:21.36
721 0.0 0.4 4:21.39
721 0.0 0.4 4:21.43
721 5.6 0.4 4:21.47
721 0.0 0.4 4:21.50
14721 11.1 0.2 0:00.04
721 0.0 0.4 4:21.57
721 5.3 0.4 4:21.61
721 5.6 0.4 4:21.66
721 5.3 0.4 4:21.69
721 0.0 0.4 4:21.72
721 5.6 0.4 4:21.76
721 5.6 0.4 4:21.79
721 5.6 0.4 4:21.82
721 5.3 0.4 4:21.86
721 5.3 0.4 4:21.89
721 11.1 0.4 4:21.93
721 0.0 0.4 4:21.95
721 5.9 0.4 4:21.99
721 0.0 0.4 4:22.02
721 0.0 0.4 4:22.04
721 0.0 0.4 4:22.05
721 0.0 0.4 4:22.05
721 0.0 0.4 4:22.05
721 0.0 0.4 4:22.05
721 0.0 0.4 4:22.05
721 0.0 0.4 4:22.05
721 0.0 0.4 4:22.05
721 0.0 0.4 4:22.05
721 0.0 0.4 4:22.05
721 0.0 0.4 4:22.05
721 0.0 0.4 4:22.05
721 0.0 0.4 4:22.05
721 0.0 0.4 4:22.05
721 0.0 0.4 4:22.05
721 0.0 0.4 4:22.05
721 0.0 0.4 4:22.05
721 0.0 0.4 4:22.05
721 0.0 0.4 4:22.05
721 0.0 0.4 4:22.05
