721 0.0 0.4 3:20.19
721 11.1 0.4 3:20.27
721 5.3 0.4 3:20.31
721 5.3 0.4 3:20.37
721 0.0 0.4 3:20.42
721 5.3 0.4 3:20.48
721 5.6 0.4 3:20.53
721 5.6 0.4 3:20.58
721 5.3 0.4 3:20.63
721 4.8 0.4 3:20.69
721 11.1 0.4 3:20.76
721 10.5 0.4 3:20.81
721 5.3 0.4 3:20.87
721 5.6 0.4 3:20.92
721 5.6 0.4 3:20.98
721 10.5 0.4 3:21.05
721 5.6 0.4 3:21.11
721 5.3 0.4 3:21.17
721 0.0 0.4 3:21.22
721 5.3 0.4 3:21.28
721 5.3 0.4 3:21.33
721 5.3 0.4 3:21.39
721 11.1 0.4 3:21.45
721 5.6 0.4 3:21.50
721 5.6 0.4 3:21.55
721 5.6 0.4 3:21.59
721 10.5 0.4 3:21.65
721 0.0 0.4 3:21.70
721 5.3 0.4 3:21.76
721 5.6 0.4 3:21.83
721 0.0 0.4 3:21.88
721 5.3 0.4 3:21.94
721 5.3 0.4 3:22.00
721 5.6 0.4 3:22.05
721 5.6 0.4 3:22.11
721 5.0 0.4 3:22.16
721 11.1 0.4 3:22.23
721 5.3 0.4 3:22.27
721 5.3 0.4 3:22.33
721 0.0 0.4 3:22.38
721 0.0 0.4 3:22.43
721 5.3 0.4 3:22.49
721 10.5 0.4 3:22.56
721 5.3 0.4 3:22.61
721 5.6 0.4 3:22.68
721 5.6 0.4 3:22.74
721 5.6 0.4 3:22.80
721 4.8 0.4 3:22.86
721 5.6 0.4 3:22.91
721 5.3 0.4 3:22.95
721 10.5 0.4 3:23.02
721 0.0 0.4 3:23.07
721 5.3 0.4 3:23.13
721 5.3 0.4 3:23.18
721 0.0 0.4 3:23.22
721 10.5 0.4 3:23.29
721 0.0 0.4 3:23.34
721 5.6 0.4 3:23.40
721 5.6 0.4 3:23.45
721 0.0 0.4 3:23.51
721 5.6 0.4 3:23.56
721 5.3 0.4 3:23.61
721 11.1 0.4 3:23.68
721 5.0 0.4 3:23.73
721 0.0 0.4 3:23.78
721 5.6 0.4 3:23.84
721 0.0 0.4 3:23.89
721 5.0 0.4 3:23.95
721 5.0 0.4 3:24.01
721 5.3 0.4 3:24.08
721 5.6 0.4 3:24.12
721 5.3 0.4 3:24.19
721 5.0 0.4 3:24.24
721 5.6 0.4 3:24.28
721 5.3 0.4 3:24.34
721 0.0 0.4 3:24.41
721 5.3 0.4 3:24.46
721 5.3 0.4 3:24.51
721 5.6 0.4 3:24.55
721 0.0 0.4 3:24.58
721 0.0 0.4 3:24.58
721 0.0 0.4 3:24.58
721 0.0 0.4 3:24.58
721 0.0 0.4 3:24.58
721 0.0 0.4 3:24.58
721 0.0 0.4 3:24.58
721 0.0 0.4 3:24.58
721 0.0 0.4 3:24.58
721 0.0 0.4 3:24.58
