622 0.0 0.6 0:09.10
622 0.0 0.6 0:09.10
622 0.0 0.6 0:09.11
622 0.0 0.6 0:09.11
622 0.0 0.6 0:09.11
622 0.0 0.6 0:09.12
622 0.0 0.6 0:09.12
722 5.3 0.4 3:01.10
722 5.6 0.4 3:01.13
622 0.0 0.6 0:09.12
722 5.0 0.4 3:01.17
722 5.6 0.4 3:01.19
722 5.0 0.4 3:01.21
622 0.0 0.6 0:09.13
622 0.0 0.6 0:09.13
622 0.0 0.6 0:09.14
722 5.6 0.4 3:01.30
622 0.0 0.6 0:09.14
622 0.0 0.6 0:09.14
722 5.6 0.4 3:01.37
622 0.0 0.6 0:09.15
722 5.3 0.4 3:01.41
622 0.0 0.6 0:09.15
622 0.0 0.6 0:09.15
622 0.0 0.6 0:09.16
622 0.0 0.6 0:09.16
622 0.0 0.6 0:09.16
622 0.0 0.6 0:09.16
622 0.0 0.6 0:09.16
722 5.3 0.4 3:01.59
722 5.3 0.4 3:01.61
622 0.0 0.6 0:09.17
722 5.6 0.4 3:01.65
722 10.5 0.4 3:01.69
722 5.3 0.4 3:01.70
722 5.6 0.4 3:01.72
722 5.3 0.4 3:01.74
622 0.0 0.6 0:09.18
622 0.0 0.6 0:09.18
622 5.3 0.6 0:09.19
722 5.3 0.4 3:01.83
722 5.3 0.4 3:01.85
622 0.0 0.6 0:09.19
622 0.0 0.6 0:09.19
622 5.0 0.6 0:09.20
622 0.0 0.6 0:09.20
722 5.6 0.4 3:01.95
722 5.6 0.4 3:01.97
722 5.0 0.4 3:01.99
622 5.3 0.6 0:09.21
622 0.0 0.6 0:09.21
622 0.0 0.6 0:09.21
622 0.0 0.6 0:09.21
722 5.6 0.4 3:02.09
622 5.6 0.6 0:09.22
622 0.0 0.6 0:09.22
722 5.6 0.4 3:02.16
622 5.6 0.6 0:09.23
722 5.6 0.4 3:02.20
622 0.0 0.6 0:09.23
722 5.0 0.4 3:02.25
622 0.0 0.6 0:09.23
622 0.0 0.6 0:09.23
722 5.6 0.4 3:02.32
622 0.0 0.6 0:09.24
622 0.0 0.6 0:09.24
622 0.0 0.6 0:09.24
622 0.0 0.6 0:09.24
722 5.3 0.4 3:02.43
622 0.0 0.6 0:09.25
722 5.6 0.4 3:02.47
722 5.3 0.4 3:02.49
722 5.6 0.4 3:02.51
622 0.0 0.6 0:09.26
622 0.0 0.6 0:09.26
622 0.0 0.6 0:09.26
622 0.0 0.6 0:09.26
622 5.6 0.6 0:09.27
722 5.6 0.4 3:02.64
622 0.0 0.6 0:09.27
622 0.0 0.6 0:09.27
622 0.0 0.6 0:09.27
622 5.6 0.6 0:09.28
622 0.0 0.6 0:09.28
622 0.0 0.6 0:09.28
622 0.0 0.6 0:09.28
622 0.0 0.6 0:09.28
622 5.3 0.6 0:09.29
622 0.0 0.6 0:09.29
622 0.0 0.6 0:09.29
622 0.0 0.6 0:09.29
