723 10.5 0.4 2:28.60
720 0.0 0.1 0:00.00
720 0.0 0.1 0:00.00
720 0.0 0.1 0:00.00
720 0.0 0.1 0:00.00
720 0.0 0.1 0:00.00
720 0.0 0.1 0:00.00
720 0.0 0.1 0:00.00
720 0.0 0.1 0:00.00
720 0.0 0.1 0:00.00
720 0.0 0.1 0:00.00
720 0.0 0.1 0:00.00
723 5.6 0.4 2:28.76
723 5.3 0.4 2:28.79
723 5.6 0.4 2:28.82
723 5.3 0.4 2:28.86
723 5.6 0.4 2:28.89
723 8.7 0.4 2:28.95
720 0.0 0.1 0:00.00
723 5.3 0.4 2:29.01
720 0.0 0.1 0:00.00
723 5.6 0.4 2:29.09
720 0.0 0.1 0:00.00
720 0.0 0.1 0:00.00
723 5.3 0.4 2:29.20
723 5.6 0.4 2:29.24
720 0.0 0.1 0:00.00
720 0.0 0.1 0:00.00
720 0.0 0.1 0:00.00
720 0.0 0.1 0:00.00
723 5.6 0.4 2:29.42
723 5.6 0.4 2:29.46
723 4.5 0.4 2:29.50
720 0.0 0.1 0:00.00
723 5.6 0.4 2:29.58
723 5.6 0.4 2:29.61
723 5.6 0.4 2:29.65
723 5.6 0.4 2:29.69
720 0.0 0.1 0:00.00
723 5.9 0.4 2:29.76
723 5.6 0.4 2:29.80
723 5.3 0.4 2:29.84
720 0.0 0.1 0:00.00
723 5.6 0.4 2:29.92
723 5.0 0.4 2:29.96
723 5.3 0.4 2:30.00
720 0.0 0.1 0:00.00
723 5.6 0.4 2:30.07
720 0.0 0.1 0:00.00
720 0.0 0.1 0:00.00
723 5.6 0.4 2:30.19
723 5.0 0.4 2:30.23
723 5.3 0.4 2:30.27
720 0.0 0.1 0:00.00
723 5.6 0.4 2:30.34
723 5.3 0.4 2:30.38
723 5.3 0.4 2:30.41
723 5.3 0.4 2:30.45
723 5.3 0.4 2:30.48
720 0.0 0.1 0:00.00
723 5.0 0.4 2:30.56
723 5.6 0.4 2:30.59
720 0.0 0.1 0:00.00
723 5.6 0.4 2:30.66
720 0.0 0.1 0:00.00
723 5.6 0.4 2:30.73
723 5.3 0.4 2:30.77
723 4.5 0.4 2:30.80
723 5.3 0.4 2:30.85
723 5.3 0.4 2:30.88
723 5.6 0.4 2:30.92
7237 14.3 0.2 0:00.03
720 0.0 0.1 0:00.00
720 0.0 0.1 0:00.00
723 4.8 0.4 2:31.06
723 4.8 0.4 2:31.10
723 5.3 0.4 2:31.13
720 0.0 0.1 0:00.00
720 0.0 0.1 0:00.00
723 5.6 0.4 2:31.23
723 5.3 0.4 2:31.27
720 0.0 0.1 0:00.00
723 5.6 0.4 2:31.35
720 0.0 0.1 0:00.00
723 4.5 0.4 2:31.43
723 11.1 0.4 2:31.47
720 0.0 0.1 0:00.00
720 0.0 0.1 0:00.00
720 0.0 0.1 0:00.00
720 0.0 0.1 0:00.00
720 0.0 0.1 0:00.00
720 0.0 0.1 0:00.00
720 0.0 0.1 0:00.00
720 0.0 0.1 0:00.00
720 0.0 0.1 0:00.00
720 0.0 0.1 0:00.00
720 0.0 0.1 0:00.00
720 0.0 0.1 0:00.00
720 0.0 0.1 0:00.00
720 0.0 0.1 0:00.00
720 0.0 0.1 0:00.00
720 0.0 0.1 0:00.00
720 0.0 0.1 0:00.00
720 0.0 0.1 0:00.00
