723 11.1 0.4 1:17.07
723 11.1 0.4 1:17.14
723 4.8 0.4 1:17.24
723 10.0 0.4 1:17.32
723 15.8 0.4 1:17.42
723 11.1 0.4 1:17.51
723 5.6 0.4 1:17.57
723 5.6 0.4 1:17.64
723 5.3 0.4 1:17.70
723 11.1 0.4 1:17.78
723 5.0 0.4 1:17.84
720 0.0 0.1 0:00.00
723 5.0 0.4 1:17.98
723 5.6 0.4 1:18.05
723 11.1 0.4 1:18.11
723 9.1 0.4 1:18.19
723 4.3 0.4 1:18.26
723 4.8 0.4 1:18.33
723 11.1 0.4 1:18.41
723 10.5 0.4 1:18.48
723 11.1 0.4 1:18.55
720 0.0 0.1 0:00.00
723 5.6 0.4 1:18.67
723 5.6 0.4 1:18.73
723 4.2 0.4 1:18.82
723 11.1 0.4 1:18.88
723 11.1 0.4 1:18.95
723 10.5 0.4 1:19.02
723 11.1 0.4 1:19.09
723 4.2 0.4 1:19.15
720 0.0 0.1 0:00.00
723 5.3 0.4 1:19.27
723 5.6 0.4 1:19.33
723 5.6 0.4 1:19.39
723 5.6 0.4 1:19.46
723 11.1 0.4 1:19.54
723 11.1 0.4 1:19.60
723 11.1 0.4 1:19.69
723 5.3 0.4 1:19.75
723 5.6 0.4 1:19.82
723 4.3 0.4 1:19.90
723 5.6 0.4 1:19.97
720 0.0 0.1 0:00.00
723 5.6 0.4 1:20.11
723 5.6 0.4 1:20.18
723 5.6 0.4 1:20.24
723 11.1 0.4 1:20.32
723 11.1 0.4 1:20.40
723 11.1 0.4 1:20.49
723 11.1 0.4 1:20.56
723 9.1 0.4 1:20.64
723 5.6 0.4 1:20.68
723 5.3 0.4 1:20.75
723 10.0 0.4 1:20.83
723 4.0 0.4 1:20.90
723 5.0 0.4 1:20.97
723 5.6 0.4 1:21.03
723 5.9 0.4 1:21.10
723 16.7 0.4 1:21.18
KiB 1527232 avail Mem
723 5.9 0.4 1:21.32
723 11.1 0.4 1:21.39
723 5.6 0.4 1:21.46
723 11.1 0.4 1:21.53
723 4.8 0.4 1:21.62
723 10.5 0.4 1:21.68
723 5.6 0.4 1:21.75
723 11.1 0.4 1:21.82
723 5.9 0.4 1:21.87
723 10.0 0.4 1:21.95
723 5.6 0.4 1:22.01
723 11.1 0.4 1:22.08
723 10.5 0.4 1:22.15
723 4.3 0.4 1:22.21
723 5.0 0.4 1:22.28
723 11.1 0.4 1:22.35
723 5.6 0.4 1:22.41
720 0.0 0.1 0:00.00
723 4.8 0.4 1:22.55
723 10.5 0.4 1:22.64
723 10.5 0.4 1:22.71
723 11.1 0.4 1:22.78
723 5.3 0.4 1:22.85
723 11.1 0.4 1:22.93
720 0.0 0.1 0:00.00
723 5.3 0.4 1:23.05
723 5.3 0.4 1:23.11
723 10.5 0.4 1:23.19
723 11.1 0.4 1:23.26
723 5.3 0.4 1:23.32
723 11.1 0.4 1:23.40
723 11.1 0.4 1:23.48
723 16.7 0.4 1:23.56
720 0.0 0.1 0:00.00
720 0.0 0.1 0:00.00
720 0.0 0.1 0:00.00
720 0.0 0.1 0:00.00
720 0.0 0.1 0:00.00
720 0.0 0.1 0:00.00
720 0.0 0.1 0:00.00
720 0.0 0.1 0:00.00
720 0.0 0.1 0:00.00
720 0.0 0.1 0:00.00
720 0.0 0.1 0:00.00
720 0.0 0.1 0:00.00
720 0.0 0.1 0:00.00
720 0.0 0.1 0:00.00
720 0.0 0.1 0:00.00
720 0.0 0.1 0:00.00
720 0.0 0.1 0:00.00
720 0.0 0.1 0:00.00
720 0.0 0.1 0:00.00
720 0.0 0.1 0:00.00
720 0.0 0.1 0:00.00
720 0.0 0.1 0:00.00
720 0.0 0.1 0:00.00
720 0.0 0.1 0:00.00
720 0.0 0.1 0:00.00
720 0.0 0.1 0:00.00
