723 5.6 0.4 1:53.37
723 5.6 0.4 1:53.44
723 11.1 0.4 1:53.52
723 10.5 0.4 1:53.59
723 10.5 0.4 1:53.66
723 15.8 0.4 1:53.75
723 5.0 0.4 1:53.83
723 16.7 0.4 1:53.92
723 5.0 0.4 1:53.97
7233 10.5 0.2 0:00.04
723 11.1 0.4 1:54.11
723 11.1 0.4 1:54.18
723 5.6 0.4 1:54.24
723 5.6 0.4 1:54.30
723 5.3 0.4 1:54.37
723 10.5 0.4 1:54.44
723 10.5 0.4 1:54.51
723 5.0 0.4 1:54.58
723 11.1 0.4 1:54.65
723 5.3 0.4 1:54.72
723 5.3 0.4 1:54.79
723 5.3 0.4 1:54.86
723 11.1 0.4 1:54.93
723 10.5 0.4 1:55.00
723 11.1 0.4 1:55.07
723 11.1 0.4 1:55.14
723 5.0 0.4 1:55.21
723 5.6 0.4 1:55.28
723 5.6 0.4 1:55.35
723 5.6 0.4 1:55.41
723 11.1 0.4 1:55.49
723 5.0 0.4 1:55.57
723 16.7 0.4 1:55.66
723 5.6 0.4 1:55.71
720 0.0 0.1 0:00.00
723 5.3 0.4 1:55.83
723 11.1 0.4 1:55.90
723 5.6 0.4 1:55.97
723 4.3 0.4 1:56.04
723 5.3 0.4 1:56.09
720 0.0 0.1 0:00.00
723 5.3 0.4 1:56.22
723 16.7 0.4 1:56.30
723 4.3 0.4 1:56.37
723 5.6 0.4 1:56.43
723 5.3 0.4 1:56.51
723 10.5 0.4 1:56.58
723 10.5 0.4 1:56.65
723 11.1 0.4 1:56.73
720 0.0 0.1 0:00.00
723 5.6 0.4 1:56.85
723 5.0 0.4 1:56.92
723 5.3 0.4 1:56.98
723 5.6 0.4 1:57.04
723 5.3 0.4 1:57.10
723 5.3 0.4 1:57.17
723 5.3 0.4 1:57.23
723 11.1 0.4 1:57.29
723 5.6 0.4 1:57.35
723 11.1 0.4 1:57.42
723 5.6 0.4 1:57.48
723 11.1 0.4 1:57.55
723 16.7 0.4 1:57.64
723 10.5 0.4 1:57.70
723 5.6 0.4 1:57.78
723 5.6 0.4 1:57.84
723 5.3 0.4 1:57.91
723 5.3 0.4 1:57.98
723 5.3 0.4 1:58.05
723 5.3 0.4 1:58.11
723 9.5 0.4 1:58.19
723 5.6 0.4 1:58.25
723 4.8 0.4 1:58.32
720 0.0 0.1 0:00.00
723 11.1 0.4 1:58.45
723 11.1 0.4 1:58.52
723 5.6 0.4 1:58.59
723 5.3 0.4 1:58.62
720 0.0 0.1 0:00.00
720 0.0 0.1 0:00.00
720 0.0 0.1 0:00.00
720 0.0 0.1 0:00.00
720 0.0 0.1 0:00.00
720 0.0 0.1 0:00.00
720 0.0 0.1 0:00.00
720 0.0 0.1 0:00.00
