723 11.1 0.4 2:04.01
723 11.1 0.4 2:04.08
723 5.3 0.4 2:04.13
723 5.3 0.4 2:04.19
723 5.6 0.4 2:04.25
720 0.0 0.1 0:00.00
723 5.6 0.4 2:04.38
723 5.9 0.4 2:04.44
723 5.0 0.4 2:04.51
723 5.6 0.4 2:04.57
723 11.1 0.4 2:04.64
723 15.8 0.4 2:04.72
723 5.6 0.4 2:04.79
723 5.6 0.4 2:04.86
720 0.0 0.1 0:00.00
720 0.0 0.1 0:00.00
723 5.6 0.4 2:05.06
720 0.0 0.1 0:00.00
723 5.6 0.4 2:05.18
723 11.1 0.4 2:05.26
723 4.5 0.4 2:05.32
720 0.0 0.1 0:00.00
723 5.0 0.4 2:05.47
723 5.0 0.4 2:05.55
723 5.6 0.4 2:05.61
723 5.6 0.4 2:05.68
723 5.3 0.4 2:05.74
723 5.6 0.4 2:05.80
723 5.6 0.4 2:05.86
723 11.1 0.4 2:05.94
723 5.6 0.4 2:06.00
723 5.3 0.4 2:06.06
723 10.5 0.4 2:06.13
723 5.3 0.4 2:06.18
723 11.1 0.4 2:06.26
723 5.6 0.4 2:06.32
723 5.3 0.4 2:06.40
723 5.3 0.4 2:06.46
723 10.5 0.4 2:06.53
723 5.6 0.4 2:06.59
723 5.3 0.4 2:06.65
723 5.3 0.4 2:06.72
723 10.5 0.4 2:06.78
723 5.6 0.4 2:06.84
723 5.6 0.4 2:06.91
723 11.1 0.4 2:06.98
723 5.3 0.4 2:07.04
720 0.0 0.1 0:00.00
723 5.3 0.4 2:07.18
720 0.0 0.1 0:00.00
723 5.6 0.4 2:07.31
723 5.3 0.4 2:07.39
723 5.6 0.4 2:07.45
723 5.6 0.4 2:07.52
723 10.5 0.4 2:07.60
723 5.6 0.4 2:07.67
723 5.6 0.4 2:07.74
723 5.6 0.4 2:07.81
723 11.8 0.4 2:07.89
723 5.6 0.4 2:07.96
723 5.6 0.4 2:08.02
723 15.0 0.4 2:08.10
723 4.8 0.4 2:08.15
723 5.6 0.4 2:08.21
723 5.6 0.4 2:08.28
723 5.3 0.4 2:08.35
720 0.0 0.1 0:00.00
723 16.7 0.4 2:08.48
723 5.0 0.4 2:08.54
723 11.1 0.4 2:08.61
723 5.3 0.4 2:08.68
723 5.0 0.4 2:08.75
723 5.3 0.4 2:08.82
723 10.5 0.4 2:08.90
723 4.8 0.4 2:08.98
723 5.6 0.4 2:09.04
723 5.0 0.4 2:09.11
720 0.0 0.1 0:00.00
720 0.0 0.1 0:00.00
720 0.0 0.1 0:00.00
720 0.0 0.1 0:00.00
