724 5.6 0.4 3:00.72
724 0.0 0.4 3:00.75
724 5.6 0.4 3:00.79
724 5.6 0.4 3:00.83
724 0.0 0.4 3:00.85
724 0.0 0.4 3:00.86
724 0.0 0.4 3:00.86
724 0.0 0.4 3:00.86
724 0.0 0.4 3:00.87
724 9.5 0.4 3:00.89
724 0.0 0.4 3:00.90
724 5.0 0.4 3:00.93
724 0.0 0.4 3:00.95
724 0.0 0.4 3:00.97
724 5.6 0.4 3:01.01
24724 20.0 0.2 0:00.04
724 0.0 0.4 3:01.08
724 5.3 0.4 3:01.12
724 5.6 0.4 3:01.15
724 0.0 0.4 3:01.18
724 5.9 0.4 3:01.22
724 4.8 0.4 3:01.25
724 5.3 0.4 3:01.29
724 5.6 0.4 3:01.33
724 5.6 0.4 3:01.37
724 5.6 0.4 3:01.40
724 0.0 0.4 3:01.43
724 0.0 0.4 3:01.47
724 5.6 0.4 3:01.51
724 0.0 0.4 3:01.54
724 5.3 0.4 3:01.58
724 5.0 0.4 3:01.61
724 5.0 0.4 3:01.65
724 5.6 0.4 3:01.68
724 0.0 0.4 3:01.71
724 0.0 0.4 3:01.74
KiB 1526724 avail Mem
724 5.6 0.4 3:01.81
724 5.9 0.4 3:01.85
724 5.6 0.4 3:01.88
724 0.0 0.4 3:01.91
724 5.3 0.4 3:01.95
724 0.0 0.4 3:01.98
724 0.0 0.4 3:02.01
724 0.0 0.4 3:02.05
724 11.1 0.4 3:02.10
724 5.6 0.4 3:02.12
724 0.0 0.4 3:02.15
724 0.0 0.4 3:02.18
724 5.9 0.4 3:02.23
724 0.0 0.4 3:02.26
724 0.0 0.4 3:02.29
724 5.9 0.4 3:02.33
724 5.6 0.4 3:02.36
724 5.9 0.4 3:02.40
KiB 1525724 avail Mem
724 0.0 0.4 3:02.46
724 5.6 0.4 3:02.50
724 0.0 0.4 3:02.52
724 5.6 0.4 3:02.56
724 5.6 0.4 3:02.59
724 0.0 0.4 3:02.62
724 5.9 0.4 3:02.67
724 0.0 0.4 3:02.70
724 0.0 0.4 3:02.73
724 5.6 0.4 3:02.77
724 0.0 0.4 3:02.80
724 0.0 0.4 3:02.83
724 5.6 0.4 3:02.87
724 5.6 0.4 3:02.90
724 0.0 0.4 3:02.93
724 5.9 0.4 3:02.97
724 5.6 0.4 3:03.00
724 5.3 0.4 3:03.03
724 5.3 0.4 3:03.06
724 5.9 0.4 3:03.10
27243 14.3 0.2 0:00.03
724 0.0 0.4 3:03.16
724 11.1 0.4 3:03.21
724 0.0 0.4 3:03.24
724 5.6 0.4 3:03.28
724 0.0 0.4 3:03.31
724 5.3 0.4 3:03.35
724 5.6 0.4 3:03.38
724 5.6 0.4 3:03.42
724 0.0 0.4 3:03.44
724 0.0 0.4 3:03.44
724 0.0 0.4 3:03.44
724 0.0 0.4 3:03.44
724 0.0 0.4 3:03.44
724 0.0 0.4 3:03.44
724 0.0 0.4 3:03.44
724 0.0 0.4 3:03.44
724 0.0 0.4 3:03.44
724 0.0 0.4 3:03.44
724 0.0 0.4 3:03.44
724 0.0 0.4 3:03.44
724 0.0 0.4 3:03.44
724 0.0 0.4 3:03.44
724 0.0 0.4 3:03.44
724 0.0 0.4 3:03.44
724 0.0 0.4 3:03.44
724 0.0 0.4 3:03.44
724 0.0 0.4 3:03.44
724 0.0 0.4 3:03.44
724 0.0 0.4 3:03.44
724 0.0 0.4 3:03.44
724 0.0 0.4 3:03.44
