2809 0.0 0.0 0:00.00
2809 0.0 0.0 0:00.00
2809 0.0 0.0 0:00.00
2809 0.0 0.0 0:00.00
2809 0.0 0.0 0:00.00
2809 0.0 0.0 0:00.00
2809 0.0 0.0 0:00.00
2809 0.0 0.0 0:00.00
2809 0.0 0.0 0:00.00
2809 0.0 0.0 0:00.00
2809 0.0 0.0 0:00.00
2809 0.0 0.0 0:00.00
2809 0.0 0.0 0:00.00
2809 0.0 0.0 0:00.00
2809 0.0 0.0 0:00.00
2809 0.0 0.0 0:00.00
2809 0.0 0.0 0:00.00
2809 0.0 0.0 0:00.00
2809 0.0 0.0 0:00.00
2809 0.0 0.0 0:00.00
2809 0.0 0.0 0:00.00
2809 0.0 0.0 0:00.00
2809 0.0 0.0 0:00.00
2809 0.0 0.0 0:00.00
2809 0.0 0.0 0:00.00
2809 0.0 0.0 0:00.00
2809 0.0 0.0 0:00.00
2809 0.0 0.0 0:00.00
2809 0.0 0.0 0:00.00
2809 0.0 0.0 0:00.00
2809 0.0 0.0 0:00.00
2809 0.0 0.0 0:00.00
2809 0.0 0.0 0:00.00
2809 0.0 0.0 0:00.00
2809 0.0 0.0 0:00.00
2809 0.0 0.0 0:00.00
2809 0.0 0.0 0:00.00
2809 0.0 0.0 0:00.00
2809 0.0 0.0 0:00.00
2809 0.0 0.0 0:00.00
2809 0.0 0.0 0:00.00
2809 0.0 0.0 0:00.00
2809 0.0 0.0 0:00.00
2809 0.0 0.0 0:00.00
2809 0.0 0.0 0:00.00
2809 0.0 0.0 0:00.00
2809 0.0 0.0 0:00.00
2809 0.0 0.0 0:00.00
28092 5.6 0.0 0:00.01
2809 0.0 0.0 0:00.00
2809 0.0 0.0 0:00.00
2809 0.0 0.0 0:00.00
2809 0.0 0.0 0:00.00
2809 0.0 0.0 0:00.00
2809 0.0 0.0 0:00.00
2809 0.0 0.0 0:00.00
2809 0.0 0.0 0:00.00
2809 0.0 0.0 0:00.00
2809 0.0 0.0 0:00.00
2809 0.0 0.0 0:00.00
2809 0.0 0.0 0:00.00
2809 0.0 0.0 0:00.00
2809 0.0 0.0 0:00.00
2809 0.0 0.0 0:00.00
2809 0.0 0.0 0:00.00
2809 0.0 0.0 0:00.00
2809 0.0 0.0 0:00.00
2809 0.0 0.0 0:00.00
2809 0.0 0.0 0:00.00
2809 0.0 0.0 0:00.00
2809 0.0 0.0 0:00.00
2809 0.0 0.0 0:00.00
2809 0.0 0.0 0:00.00
2809 0.0 0.0 0:00.00
