2810 0.0 0.3 11:45.89
2810 5.3 0.3 11:46.00
2810 21.1 0.3 11:46.18
2810 10.0 0.3 11:46.31
2810 10.5 0.3 11:46.44
2810 15.8 0.3 11:46.58
2810 5.3 0.3 11:46.71
2810 10.5 0.3 11:46.85
2810 15.8 0.3 11:47.00
2810 15.8 0.3 11:47.13
2810 10.5 0.3 11:47.30
2810 15.8 0.3 11:47.44
2810 15.8 0.3 11:47.58
2810 15.8 0.3 11:47.73
2810 11.1 0.3 11:47.87
2810 10.5 0.3 11:48.01
2810 21.1 0.3 11:48.16
2810 10.5 0.3 11:48.30
2810 11.1 0.3 11:48.44
2810 10.0 0.3 11:48.60
2810 11.1 0.3 11:48.74
2810 15.8 0.3 11:48.90
2810 21.1 0.3 11:49.05
2810 15.8 0.3 11:49.23
2810 21.1 0.3 11:49.40
2810 16.7 0.3 11:49.54
2810 15.0 0.3 11:49.68
2810 15.8 0.3 11:49.87
2810 10.5 0.3 11:50.03
2810 15.8 0.3 11:50.18
2810 15.0 0.3 11:50.33
2810 15.8 0.3 11:50.47
2810 15.8 0.3 11:50.61
2810 15.8 0.3 11:50.75
2810 21.1 0.3 11:50.90
2810 15.8 0.3 11:51.05
2810 10.5 0.3 11:51.18
2810 15.8 0.3 11:51.37
2810 10.5 0.3 11:51.51
2810 21.1 0.3 11:51.68
2810 15.8 0.3 11:51.83
2810 15.8 0.3 11:51.96
2810 10.5 0.3 11:52.11
2810 21.1 0.3 11:52.29
2810 15.0 0.3 11:52.47
2810 15.0 0.3 11:52.64
2810 10.5 0.3 11:52.79
2810 10.5 0.3 11:52.95
2810 10.5 0.3 11:53.10
2810 10.5 0.3 11:53.24
2810 16.7 0.3 11:53.38
2810 11.1 0.3 11:53.52
2810 11.1 0.3 11:53.67
2810 15.8 0.3 11:53.82
2810 21.1 0.3 11:53.99
2810 10.5 0.3 11:54.13
2810 15.8 0.3 11:54.27
2810 10.5 0.3 11:54.42
2810 10.0 0.3 11:54.56
2810 33.3 0.3 11:54.74
2810 26.3 0.3 11:54.90
2810 16.7 0.3 11:55.06
2810 10.5 0.3 11:55.20
2810 16.7 0.3 11:55.36
2810 15.8 0.3 11:55.51
2810 11.1 0.3 11:55.66
2810 15.0 0.3 11:55.81
2810 21.1 0.3 11:55.96
2810 5.3 0.3 11:56.09
2810 10.5 0.3 11:56.23
2810 26.3 0.3 11:56.39
2810 22.2 0.3 11:56.54
2810 15.8 0.3 11:56.71
2810 11.1 0.3 11:56.84
2810 11.1 0.3 11:56.97
2810 10.5 0.3 11:57.13
