2810 5.0 0.3 11:57.24
2810 5.3 0.3 11:57.36
2810 5.6 0.3 11:57.48
2810 5.3 0.3 11:57.62
2810 5.6 0.3 11:57.76
2810 16.7 0.3 11:57.89
2810 26.3 0.3 11:58.05
2810 11.1 0.3 11:58.22
2810 15.8 0.3 11:58.38
2810 26.3 0.3 11:58.53
2810 11.1 0.3 11:58.69
2810 5.0 0.3 11:58.81
2810 11.1 0.3 11:58.94
2810 10.0 0.3 11:59.07
2810 26.3 0.3 11:59.25
2810 15.8 0.3 11:59.39
2810 10.0 0.3 11:59.51
2810 15.8 0.3 11:59.67
2810 10.5 0.3 11:59.79
2810 11.1 0.3 11:59.92
2810 21.1 0.3 12:00.08
2810 15.8 0.3 12:00.20
2810 10.0 0.3 12:00.32
2810 19.0 0.3 12:00.47
2810 15.8 0.4 12:00.63
2810 13.6 0.4 12:00.93
2810 10.5 0.4 12:01.07
2810 11.1 0.3 12:01.20
2810 10.5 0.3 12:01.33
12810 5.3 0.0 0:00.01
2810 11.1 0.3 12:01.61
2810 10.5 0.3 12:01.73
2810 10.5 0.2 12:01.87
2810 21.1 0.2 12:02.04
2810 16.7 0.2 12:02.20
2810 10.0 0.2 12:02.33
2810 10.5 0.2 12:02.50
2810 10.0 0.2 12:02.63
2810 15.8 0.2 12:02.77
2810 21.1 0.2 12:02.93
2810 22.2 0.2 12:03.08
2810 10.5 0.2 12:03.25
2810 10.0 0.2 12:03.39
2810 5.0 0.2 12:03.51
2810 15.0 0.2 12:03.65
2810 10.5 0.2 12:03.78
2810 5.3 0.2 12:03.90
2810 11.1 0.2 12:04.04
2810 10.5 0.2 12:04.16
2810 10.0 0.2 12:04.29
2810 10.5 0.2 12:04.41
2810 5.3 0.2 12:04.55
2810 10.0 0.2 12:04.70
2810 10.5 0.2 12:04.86
2810 11.1 0.2 12:04.98
2810 11.1 0.2 12:05.11
2810 10.0 0.2 12:05.24
2810 11.1 0.2 12:05.36
2810 15.8 0.2 12:05.49
2810 26.3 0.2 12:05.64
2810 10.5 0.2 12:05.77
2810 16.7 0.2 12:05.90
2810 31.6 0.2 12:06.11
2810 15.0 0.2 12:06.26
2810 15.8 0.2 12:06.41
2810 26.3 0.2 12:06.57
2810 15.0 0.2 12:06.70
2810 5.6 0.2 12:06.92
2810 10.5 0.2 12:07.05
2810 10.0 0.2 12:07.18
2810 20.0 0.2 12:07.33
2810 5.6 0.2 12:07.48
2810 10.5 0.2 12:07.61
2810 11.1 0.2 12:07.74
2810 10.0 0.2 12:07.89
