2811 0.0 0.2 0:02.03
2811 0.0 0.2 0:02.04
2811 0.0 0.2 0:02.04
2811 0.0 0.2 0:02.04
2811 0.0 0.2 0:02.04
2811 0.0 0.2 0:02.04
2811 0.0 0.2 0:02.04
2811 0.0 0.2 0:02.04
2811 0.0 0.2 0:02.04
2811 0.0 0.2 0:02.04
2811 0.0 0.2 0:02.04
2811 0.0 0.2 0:02.04
2811 0.0 0.2 0:02.04
2811 0.0 0.2 0:02.04
2811 0.0 0.2 0:02.04
2811 0.0 0.2 0:02.04
2811 0.0 0.2 0:02.04
2811 0.0 0.2 0:02.04
2811 0.0 0.2 0:02.04
2811 0.0 0.2 0:02.04
2811 0.0 0.2 0:02.04
2811 0.0 0.2 0:02.04
2811 0.0 0.2 0:02.04
2811 0.0 0.2 0:02.04
2811 0.0 0.2 0:02.04
2811 0.0 0.2 0:02.04
2811 0.0 0.2 0:02.04
2811 0.0 0.2 0:02.04
2811 0.0 0.2 0:02.04
2811 0.0 0.2 0:02.04
2811 0.0 0.2 0:02.04
2811 0.0 0.2 0:02.04
2811 0.0 0.2 0:02.04
2811 0.0 0.2 0:02.04
2811 0.0 0.2 0:02.04
2811 0.0 0.2 0:02.04
2811 0.0 0.2 0:02.04
2811 0.0 0.2 0:02.04
2811 0.0 0.2 0:02.04
2811 0.0 0.2 0:02.04
2811 0.0 0.2 0:02.04
2811 0.0 0.2 0:02.04
2811 0.0 0.2 0:02.04
2811 0.0 0.2 0:02.04
2811 0.0 0.2 0:02.04
2811 0.0 0.2 0:02.04
2811 0.0 0.2 0:02.04
2811 0.0 0.2 0:02.04
2811 0.0 0.2 0:02.04
2811 0.0 0.2 0:02.04
2811 0.0 0.2 0:02.04
2811 0.0 0.2 0:02.04
2811 0.0 0.2 0:02.04
2811 0.0 0.2 0:02.04
2811 0.0 0.2 0:02.04
2811 0.0 0.2 0:02.04
2811 0.0 0.2 0:02.04
2811 0.0 0.2 0:02.04
2811 0.0 0.2 0:02.04
2811 0.0 0.2 0:02.04
2811 0.0 0.2 0:02.04
2811 0.0 0.2 0:02.04
2811 0.0 0.2 0:02.04
2811 0.0 0.2 0:02.04
2811 0.0 0.2 0:02.04
2811 0.0 0.2 0:02.04
2811 0.0 0.2 0:02.04
2811 0.0 0.2 0:02.04
2811 0.0 0.2 0:02.04
2811 0.0 0.2 0:02.04
2811 0.0 0.2 0:02.04
2811 0.0 0.2 0:02.04
2811 0.0 0.2 0:02.04
2811 0.0 0.2 0:02.04
2811 0.0 0.2 0:02.04
2811 0.0 0.2 0:02.04
