2812 5.3 0.2 0:07.22
2812 5.3 0.2 0:07.24
2812 4.3 0.2 0:07.25
2812 0.0 0.2 0:07.26
2812 0.0 0.2 0:07.26
2812 0.0 0.2 0:07.26
2812 0.0 0.2 0:07.26
2812 0.0 0.2 0:07.27
2812 0.0 0.2 0:07.27
2812 0.0 0.2 0:07.27
2812 0.0 0.2 0:07.27
2812 0.0 0.2 0:07.27
2812 0.0 0.2 0:07.27
2812 0.0 0.2 0:07.27
2812 0.0 0.2 0:07.27
2812 0.0 0.2 0:07.27
2812 0.0 0.2 0:07.27
2812 0.0 0.2 0:07.27
2812 0.0 0.2 0:07.27
2812 0.0 0.2 0:07.27
2812 0.0 0.2 0:07.27
2812 0.0 0.2 0:07.28
2812 0.0 0.2 0:07.28
2812 0.0 0.2 0:07.28
2812 0.0 0.2 0:07.28
2812 0.0 0.2 0:07.28
2812 0.0 0.2 0:07.28
2812 0.0 0.2 0:07.28
2812 0.0 0.2 0:07.28
2812 0.0 0.2 0:07.28
2812 0.0 0.2 0:07.28
2812 0.0 0.2 0:07.28
2812 0.0 0.2 0:07.28
2812 0.0 0.2 0:07.28
2812 0.0 0.2 0:07.28
2812 0.0 0.2 0:07.28
2812 0.0 0.2 0:07.28
2812 0.0 0.2 0:07.28
2812 0.0 0.2 0:07.28
2812 0.0 0.2 0:07.28
2812 0.0 0.2 0:07.28
2812 0.0 0.2 0:07.28
2812 0.0 0.2 0:07.28
2812 0.0 0.2 0:07.28
2812 0.0 0.2 0:07.28
2812 0.0 0.2 0:07.28
2812 0.0 0.2 0:07.28
2812 0.0 0.2 0:07.28
2812 0.0 0.2 0:07.28
2812 0.0 0.2 0:07.28
2812 0.0 0.2 0:07.28
2812 0.0 0.2 0:07.28
2812 0.0 0.2 0:07.28
2812 0.0 0.2 0:07.28
2812 0.0 0.2 0:07.28
2812 0.0 0.2 0:07.28
2812 0.0 0.2 0:07.28
2812 0.0 0.2 0:07.28
2812 0.0 0.2 0:07.28
2812 0.0 0.2 0:07.28
2812 0.0 0.2 0:07.28
2812 0.0 0.2 0:07.28
2812 0.0 0.2 0:07.28
2812 0.0 0.2 0:07.28
2812 0.0 0.2 0:07.28
2812 0.0 0.2 0:07.28
2812 0.0 0.2 0:07.28
2812 0.0 0.2 0:07.28
2812 0.0 0.2 0:07.28
2812 0.0 0.2 0:07.28
2812 0.0 0.2 0:07.28
2812 0.0 0.2 0:07.28
2812 0.0 0.2 0:07.28
2812 0.0 0.2 0:07.28
2812 0.0 0.2 0:07.28
