2812 4.8 0.2 0:07.58
2812 0.0 0.2 0:07.59
2812 0.0 0.2 0:07.60
2812 0.0 0.2 0:07.60
2812 0.0 0.2 0:07.60
2812 0.0 0.2 0:07.60
2812 0.0 0.2 0:07.60
2812 0.0 0.2 0:07.60
2812 0.0 0.2 0:07.60
2812 0.0 0.2 0:07.60
2812 0.0 0.2 0:07.60
2812 0.0 0.2 0:07.60
2812 0.0 0.2 0:07.60
2812 0.0 0.2 0:07.60
2812 0.0 0.2 0:07.60
2812 0.0 0.2 0:07.60
2812 0.0 0.2 0:07.60
2812 0.0 0.2 0:07.60
2812 0.0 0.2 0:07.60
2812 0.0 0.2 0:07.60
2812 0.0 0.2 0:07.60
2812 0.0 0.2 0:07.60
2812 0.0 0.2 0:07.60
2812 0.0 0.2 0:07.60
2812 0.0 0.2 0:07.60
2812 0.0 0.2 0:07.60
2812 0.0 0.2 0:07.60
2812 0.0 0.2 0:07.60
2812 0.0 0.2 0:07.60
2812 0.0 0.2 0:07.60
2812 0.0 0.2 0:07.60
2812 0.0 0.2 0:07.60
2812 0.0 0.2 0:07.60
2812 0.0 0.2 0:07.60
2812 0.0 0.2 0:07.60
2812 0.0 0.2 0:07.60
2812 0.0 0.2 0:07.60
2812 0.0 0.2 0:07.60
2812 0.0 0.2 0:07.60
2812 0.0 0.2 0:07.60
2812 0.0 0.2 0:07.60
2812 0.0 0.2 0:07.60
2812 0.0 0.2 0:07.60
2812 0.0 0.2 0:07.60
2812 0.0 0.2 0:07.60
2812 0.0 0.2 0:07.60
2812 0.0 0.2 0:07.60
2812 0.0 0.2 0:07.60
2812 0.0 0.2 0:07.60
2812 0.0 0.2 0:07.60
2812 0.0 0.2 0:07.60
2812 0.0 0.2 0:07.60
2812 0.0 0.2 0:07.60
2812 0.0 0.2 0:07.60
2812 0.0 0.2 0:07.60
2812 0.0 0.2 0:07.60
2812 0.0 0.2 0:07.60
2812 0.0 0.2 0:07.60
2812 0.0 0.2 0:07.60
2812 0.0 0.2 0:07.60
2812 0.0 0.2 0:07.60
2812 0.0 0.2 0:07.60
2812 0.0 0.2 0:07.60
2812 0.0 0.2 0:07.60
2812 0.0 0.2 0:07.60
2812 0.0 0.2 0:07.60
2812 0.0 0.2 0:07.60
2812 0.0 0.2 0:07.60
2812 0.0 0.2 0:07.60
2812 0.0 0.2 0:07.60
2812 0.0 0.2 0:07.60
2812 0.0 0.2 0:07.60
2812 0.0 0.2 0:07.60
2812 0.0 0.2 0:07.60
2812 0.0 0.2 0:07.60
2812 0.0 0.2 0:07.60
