2812 0.0 0.2 0:06.11
2812 0.0 0.2 0:06.14
2812 0.0 0.2 0:06.14
2812 0.0 0.2 0:06.14
2812 0.0 0.2 0:06.14
2812 0.0 0.2 0:06.14
2812 0.0 0.2 0:06.14
2812 0.0 0.2 0:06.14
2812 0.0 0.2 0:06.14
2812 0.0 0.2 0:06.14
2812 0.0 0.2 0:06.14
2812 0.0 0.2 0:06.14
2812 0.0 0.2 0:06.14
2812 0.0 0.2 0:06.14
2812 0.0 0.2 0:06.14
2812 0.0 0.2 0:06.14
2812 0.0 0.2 0:06.14
2812 0.0 0.2 0:06.14
2812 0.0 0.2 0:06.14
2812 0.0 0.2 0:06.14
2812 0.0 0.2 0:06.14
2812 0.0 0.2 0:06.14
2812 0.0 0.2 0:06.14
2812 0.0 0.2 0:06.14
2812 0.0 0.2 0:06.14
2812 0.0 0.2 0:06.14
2812 0.0 0.2 0:06.14
2812 0.0 0.2 0:06.14
2812 0.0 0.2 0:06.14
2812 0.0 0.2 0:06.14
2812 0.0 0.2 0:06.14
2812 0.0 0.2 0:06.14
2812 0.0 0.2 0:06.14
2812 0.0 0.2 0:06.14
2812 0.0 0.2 0:06.14
2812 0.0 0.2 0:06.14
2812 0.0 0.2 0:06.14
2812 0.0 0.2 0:06.14
2812 0.0 0.2 0:06.14
2812 0.0 0.2 0:06.14
2812 0.0 0.2 0:06.14
2812 0.0 0.2 0:06.14
2812 0.0 0.2 0:06.14
2812 0.0 0.2 0:06.14
2812 0.0 0.2 0:06.14
2812 0.0 0.2 0:06.14
2812 0.0 0.2 0:06.14
2812 0.0 0.2 0:06.14
2812 0.0 0.2 0:06.14
2812 0.0 0.2 0:06.14
2812 0.0 0.2 0:06.14
2812 0.0 0.2 0:06.14
2812 0.0 0.2 0:06.14
2812 0.0 0.2 0:06.14
2812 0.0 0.2 0:06.14
2812 0.0 0.2 0:06.14
2812 0.0 0.2 0:06.14
2812 0.0 0.2 0:06.14
2812 0.0 0.2 0:06.14
2812 0.0 0.2 0:06.14
2812 0.0 0.2 0:06.14
2812 0.0 0.2 0:06.14
2812 0.0 0.2 0:06.14
2812 0.0 0.2 0:06.14
2812 0.0 0.2 0:06.14
2812 0.0 0.2 0:06.14
2812 0.0 0.2 0:06.14
2812 0.0 0.2 0:06.14
2812 0.0 0.2 0:06.14
2812 0.0 0.2 0:06.14
2812 0.0 0.2 0:06.14
2812 0.0 0.2 0:06.14
2812 0.0 0.2 0:06.14
2812 0.0 0.2 0:06.14
2812 0.0 0.2 0:06.14
2812 0.0 0.2 0:06.14
2812 0.0 0.2 0:06.14
2812 0.0 0.2 0:06.14
2812 0.0 0.2 0:06.14
2812 0.0 0.2 0:06.14
2812 0.0 0.2 0:06.14
2812 0.0 0.2 0:06.14
2812 0.0 0.2 0:06.14
2812 0.0 0.2 0:06.14
2812 0.0 0.2 0:06.14
2812 0.0 0.2 0:06.14
2812 0.0 0.2 0:06.14
2812 0.0 0.2 0:06.14
2812 0.0 0.2 0:06.14
2812 0.0 0.2 0:06.14
2812 0.0 0.2 0:06.14
2812 0.0 0.2 0:06.14
2812 0.0 0.2 0:06.14
2812 0.0 0.2 0:06.14
2812 0.0 0.2 0:06.14
2812 0.0 0.2 0:06.14
2812 0.0 0.2 0:06.15
2812 0.0 0.2 0:06.15
2812 0.0 0.2 0:06.15
2812 0.0 0.2 0:06.15
2812 0.0 0.2 0:06.15
2812 0.0 0.2 0:06.15
2812 0.0 0.2 0:06.15
2812 0.0 0.2 0:06.15
2812 0.0 0.2 0:06.15
2812 0.0 0.2 0:06.15
2812 0.0 0.2 0:06.15
2812 0.0 0.2 0:06.15
2812 0.0 0.2 0:06.15
2812 0.0 0.2 0:06.15
2812 0.0 0.2 0:06.15
2812 0.0 0.2 0:06.15
2812 0.0 0.2 0:06.15
2812 0.0 0.2 0:06.15
2812 0.0 0.2 0:06.15
2812 0.0 0.2 0:06.15
2812 0.0 0.2 0:06.15
2812 0.0 0.2 0:06.15
2812 0.0 0.2 0:06.15
2812 0.0 0.2 0:06.15
2812 0.0 0.2 0:06.15
2812 0.0 0.2 0:06.15
2812 0.0 0.2 0:06.15
2812 0.0 0.2 0:06.15
2812 0.0 0.2 0:06.15
2812 0.0 0.2 0:06.15
2812 0.0 0.2 0:06.15
2812 0.0 0.2 0:06.15
2812 0.0 0.2 0:06.15
2812 0.0 0.2 0:06.15
2812 0.0 0.2 0:06.15
2812 0.0 0.2 0:06.15
2812 0.0 0.2 0:06.15
2812 0.0 0.2 0:06.15
2812 0.0 0.2 0:06.15
2812 0.0 0.2 0:06.15
