710 5.6 0.3 0:02.45
503 0.0 0.9 0:00.49
503 0.0 0.9 0:00.49
503 0.0 0.9 0:00.49
503 0.0 0.9 0:00.49
503 0.0 0.9 0:00.49
503 0.0 0.9 0:00.49
503 0.0 0.9 0:00.49
503 0.0 0.9 0:00.49
503 0.0 0.9 0:00.49
503 0.0 0.9 0:00.49
503 0.0 0.9 0:00.49
503 0.0 0.9 0:00.49
503 0.0 0.9 0:00.49
503 0.0 0.9 0:00.49
503 0.0 0.9 0:00.49
503 0.0 0.9 0:00.49
503 0.0 0.9 0:00.49
710 11.1 0.3 0:02.54
503 0.0 0.9 0:00.49
503 0.0 0.9 0:00.49
503 0.0 0.9 0:00.49
503 0.0 0.9 0:00.49
503 0.0 0.9 0:00.49
503 0.0 0.9 0:00.49
503 0.0 0.9 0:00.49
503 0.0 0.9 0:00.49
503 0.0 0.9 0:00.49
503 0.0 0.9 0:00.49
503 0.0 0.9 0:00.49
503 0.0 0.9 0:00.49
503 0.0 0.9 0:00.49
503 0.0 0.9 0:00.49
503 0.0 0.9 0:00.49
503 0.0 0.9 0:00.49
503 0.0 0.9 0:00.49
710 16.7 0.3 0:02.66
710 5.6 0.3 0:02.72
503 0.0 0.9 0:00.49
503 0.0 0.9 0:00.49
503 0.0 0.9 0:00.49
503 0.0 0.9 0:00.49
503 0.0 0.9 0:00.49
503 0.0 0.9 0:00.49
503 0.0 0.9 0:00.49
503 0.0 0.9 0:00.49
18710 5.6 0.2 0:00.04
503 0.0 0.9 0:00.49
503 0.0 0.9 0:00.49
503 0.0 0.9 0:00.49
503 0.0 0.9 0:00.49
710 11.1 0.3 0:02.76
503 0.0 0.9 0:00.49
503 0.0 0.9 0:00.49
503 0.0 0.9 0:00.49
503 0.0 0.9 0:00.49
503 0.0 0.9 0:00.49
503 0.0 0.9 0:00.49
503 0.0 0.9 0:00.49
503 0.0 0.9 0:00.49
503 0.0 0.9 0:00.49
503 0.0 0.9 0:00.49
503 0.0 0.9 0:00.49
503 0.0 0.9 0:00.49
503 0.0 0.9 0:00.49
503 0.0 0.9 0:00.49
503 0.0 0.9 0:00.49
503 0.0 0.9 0:00.49
710 5.6 0.3 0:02.87
503 0.0 0.9 0:00.49
503 0.0 0.9 0:00.49
503 0.0 0.9 0:00.49
503 0.0 0.9 0:00.49
503 0.0 0.9 0:00.49
503 0.0 0.9 0:00.49
503 0.0 0.9 0:00.49
503 0.0 0.9 0:00.49
503 0.0 0.9 0:00.49
503 0.0 0.9 0:00.49
503 0.0 0.9 0:00.49
503 0.0 0.9 0:00.49
503 0.0 0.9 0:00.49
503 0.0 0.9 0:00.49
503 0.0 0.9 0:00.49
503 0.0 0.9 0:00.49
503 0.0 0.9 0:00.49
503 0.0 0.9 0:00.49
503 0.0 0.9 0:00.49
503 0.0 0.9 0:00.49
503 0.0 0.9 0:00.49
503 0.0 0.9 0:00.49
710 5.6 0.3 0:03.11
503 0.0 0.9 0:00.49
503 0.0 0.9 0:00.49
503 0.0 0.9 0:00.49
503 0.0 0.9 0:00.49
503 0.0 0.9 0:00.49
503 0.0 0.9 0:00.49
503 0.0 0.9 0:00.49
503 0.0 0.9 0:00.49
503 0.0 0.9 0:00.49
503 0.0 0.9 0:00.49
KiB used, 308476 buff/cache
503 0.0 0.9 0:00.49
503 0.0 0.9 0:00.49
503 0.0 0.9 0:00.49
503 0.0 0.9 0:00.49
503 0.0 0.9 0:00.49
503 0.0 0.9 0:00.49
710 5.3 0.3 0:03.21
710 5.6 0.3 0:03.27
503 0.0 0.9 0:00.49
503 0.0 0.9 0:00.49
503 0.0 0.9 0:00.49
503 0.0 0.9 0:00.49
503 0.0 0.9 0:00.49
503 0.0 0.9 0:00.49
503 0.0 0.9 0:00.49
503 0.0 0.9 0:00.49
503 0.0 0.9 0:00.49
503 0.0 0.9 0:00.49
503 0.0 0.9 0:00.49
503 0.0 0.9 0:00.49
503 0.0 0.9 0:00.49
503 0.0 0.9 0:00.49
503 0.0 0.9 0:00.49
503 0.0 0.9 0:00.49
503 0.0 0.9 0:00.49
710 5.3 0.3 0:03.37
503 0.0 0.9 0:00.49
503 0.0 0.9 0:00.49
503 0.0 0.9 0:00.49
503 0.0 0.9 0:00.49
503 0.0 0.9 0:00.49
503 0.0 0.9 0:00.49
503 0.0 0.9 0:00.49
503 0.0 0.9 0:00.49
503 0.0 0.9 0:00.49
503 0.0 0.9 0:00.49
503 0.0 0.9 0:00.49
503 0.0 0.9 0:00.49
710 5.3 0.3 0:03.40
503 0.0 0.9 0:00.49
503 0.0 0.9 0:00.49
710 5.3 0.3 0:03.45
503 0.0 0.9 0:00.49
710 5.6 0.3 0:03.48
503 0.0 0.9 0:00.49
503 0.0 0.9 0:00.49
503 0.0 0.9 0:00.49
503 0.0 0.9 0:00.49
503 0.0 0.9 0:00.49
503 0.0 0.9 0:00.49
503 0.0 0.9 0:00.49
503 0.0 0.9 0:00.49
503 0.0 0.9 0:00.49
503 0.0 0.9 0:00.49
503 0.0 0.9 0:00.49
503 0.0 0.9 0:00.49
503 0.0 0.9 0:00.49
503 0.0 0.9 0:00.49
503 0.0 0.9 0:00.49
503 0.0 0.9 0:00.49
503 0.0 0.9 0:00.49
710 4.8 0.3 0:03.60
503 0.0 0.9 0:00.49
503 0.0 0.9 0:00.49
503 0.0 0.9 0:00.49
503 0.0 0.9 0:00.49
503 0.0 0.9 0:00.49
503 0.0 0.9 0:00.49
503 0.0 0.9 0:00.49
503 0.0 0.9 0:00.49
503 0.0 0.9 0:00.49
503 0.0 0.9 0:00.49
503 0.0 0.9 0:00.49
503 0.0 0.9 0:00.49
503 0.0 0.9 0:00.49
503 0.0 0.9 0:00.49
503 0.0 0.9 0:00.49
503 0.0 0.9 0:00.49
503 0.0 0.9 0:00.49
503 0.0 0.9 0:00.49
503 0.0 0.9 0:00.49
