2825 21.7 0.1 0:47.02
2825 36.8 0.1 0:47.48
2825 15.2 0.1 0:47.95
2825 33.3 0.1 0:48.37
2825 28.6 0.1 0:48.82
2825 45.0 0.1 0:49.30
2825 36.8 0.1 0:49.83
2825 45.5 0.1 0:50.30
2825 27.3 0.1 0:50.81
2825 40.9 0.1 0:51.36
2825 40.0 0.1 0:51.89
2825 42.1 0.1 0:52.41
2825 34.8 0.1 0:52.99
2825 36.8 0.1 0:53.47
2825 35.0 0.1 0:53.99
2825 42.1 0.1 0:54.51
2825 47.4 0.1 0:54.99
2825 47.4 0.1 0:55.49
2825 30.4 0.1 0:56.01
2825 38.1 0.1 0:56.58
2825 43.5 0.1 0:57.17
2825 42.1 0.1 0:57.66
2825 42.9 0.1 0:58.18
2825 25.0 0.1 0:58.67
2825 35.0 0.1 0:59.19
2825 36.8 0.1 0:59.61
2825 31.6 0.1 1:00.12
2825 45.0 0.1 1:00.61
2825 31.6 0.1 1:01.11
2825 35.0 0.1 1:01.66
2825 36.4 0.1 1:02.18
2825 42.9 0.1 1:02.70
2825 0.0 0.1 1:02.84
