2826 18.2 0.1 1:12.23
2826 33.3 0.1 1:12.52
2826 23.8 0.1 1:12.82
2826 19.0 0.1 1:13.11
2826 17.4 0.1 1:13.45
2826 22.7 0.1 1:13.70
2826 17.4 0.1 1:14.00
2826 17.4 0.1 1:14.21
2826 22.2 0.1 1:14.50
2826 0.0 0.1 1:14.51
2826 0.0 0.1 1:14.51
2826 0.0 0.1 1:14.51
2826 0.0 0.1 1:14.51
2826 0.0 0.1 1:14.51
2826 0.0 0.1 1:14.51
2826 0.0 0.1 1:14.51
2826 0.0 0.1 1:14.51
2826 0.0 0.1 1:14.51
2826 0.0 0.1 1:14.51
2826 0.0 0.1 1:14.51
2826 0.0 0.1 1:14.51
2826 0.0 0.1 1:14.51
2826 0.0 0.1 1:14.51
2826 0.0 0.1 1:14.51
2826 0.0 0.1 1:14.51
2826 0.0 0.1 1:14.51
2826 0.0 0.1 1:14.51
2826 0.0 0.1 1:14.51
2826 0.0 0.1 1:14.51
2826 0.0 0.1 1:14.51
2826 0.0 0.1 1:14.51
2826 0.0 0.1 1:14.51
2826 0.0 0.1 1:14.51
2826 0.0 0.1 1:14.51
2826 0.0 0.1 1:14.51
2826 0.0 0.1 1:14.51
2826 0.0 0.1 1:14.51
2826 0.0 0.1 1:14.51
2826 0.0 0.1 1:14.51
2826 0.0 0.1 1:14.51
2826 0.0 0.1 1:14.51
2826 0.0 0.1 1:14.51
2826 0.0 0.1 1:14.51
2826 0.0 0.1 1:14.51
2826 0.0 0.1 1:14.51
