2827 15.8 0.1 0:24.24
2827 16.7 0.1 0:24.42
2827 15.0 0.1 0:24.62
2827 15.8 0.1 0:24.82
2827 16.7 0.1 0:24.98
2827 9.5 0.1 0:25.15
2827 4.3 0.1 0:25.34
2827 11.1 0.1 0:25.47
2827 20.0 0.1 0:25.63
2827 14.3 0.1 0:25.81
2827 15.8 0.1 0:25.97
2827 9.5 0.1 0:26.14
2827 15.8 0.1 0:26.33
2827 9.1 0.1 0:26.47
2827 15.8 0.1 0:26.65
2827 16.7 0.1 0:26.85
2827 0.0 0.1 0:26.89
2827 0.0 0.1 0:26.89
2827 0.0 0.1 0:26.89
2827 0.0 0.1 0:26.89
2827 0.0 0.1 0:26.89
2827 0.0 0.1 0:26.89
2827 0.0 0.1 0:26.89
2827 0.0 0.1 0:26.89
2827 0.0 0.1 0:26.89
2827 0.0 0.1 0:26.89
2827 0.0 0.1 0:26.89
2827 0.0 0.1 0:26.89
2827 0.0 0.1 0:26.89
2827 0.0 0.1 0:26.89
2827 0.0 0.1 0:26.89
2827 0.0 0.1 0:26.89
2827 0.0 0.1 0:26.89
2827 0.0 0.1 0:26.89
2827 0.0 0.1 0:26.89
2827 0.0 0.1 0:26.89
2827 0.0 0.1 0:26.89
2827 0.0 0.1 0:26.89
2827 0.0 0.1 0:26.89
2827 0.0 0.1 0:26.89
2827 0.0 0.1 0:26.89
2827 0.0 0.1 0:26.89
2827 0.0 0.1 0:26.89
2827 0.0 0.1 0:26.89
2827 0.0 0.1 0:26.89
2827 0.0 0.1 0:26.89
2827 0.0 0.1 0:26.89
