708 10.0 0.3 0:20.00
708 0.0 0.3 0:20.00
708 0.0 0.3 0:20.00
708 0.0 0.3 0:20.01
708 0.0 0.3 0:20.01
708 0.0 0.3 0:20.01
708 0.0 0.3 0:20.01
708 0.0 0.3 0:20.01
708 0.0 0.3 0:20.01
708 0.0 0.3 0:20.01
708 0.0 0.3 0:20.01
708 0.0 0.3 0:20.01
708 0.0 0.3 0:20.01
708 0.0 0.3 0:20.01
708 0.0 0.3 0:20.02
708 0.0 0.3 0:20.02
KiB 1537708 avail Mem
708 0.0 0.3 0:20.02
708 0.0 0.3 0:20.02
708 0.0 0.3 0:20.04
708 0.0 0.3 0:20.04
708 5.0 0.3 0:20.06
708 0.0 0.3 0:20.06
708 0.0 0.3 0:20.06
708 0.0 0.3 0:20.06
708 0.0 0.3 0:20.06
KiB 1539708 avail Mem
708 0.0 0.3 0:20.06
708 0.0 0.3 0:20.06
708 0.0 0.3 0:20.06
708 0.0 0.3 0:20.06
708 0.0 0.3 0:20.06
708 0.0 0.3 0:20.06
708 0.0 0.3 0:20.06
31708 10.5 0.2 0:00.04
708 0.0 0.3 0:20.07
708 0.0 0.3 0:20.07
708 0.0 0.3 0:20.08
708 0.0 0.3 0:20.08
708 0.0 0.3 0:20.08
708 0.0 0.3 0:20.09
708 0.0 0.3 0:20.09
708 0.0 0.3 0:20.09
708 0.0 0.3 0:20.09
708 0.0 0.3 0:20.09
708 0.0 0.3 0:20.09
708 0.0 0.3 0:20.09
708 0.0 0.3 0:20.09
708 0.0 0.3 0:20.09
708 0.0 0.3 0:20.09
708 0.0 0.3 0:20.09
708 0.0 0.3 0:20.09
708 0.0 0.3 0:20.10
708 0.0 0.3 0:20.10
708 0.0 0.3 0:20.10
708 0.0 0.3 0:20.12
708 0.0 0.3 0:20.12
708 0.0 0.3 0:20.12
708 0.0 0.3 0:20.13
708 0.0 0.3 0:20.13
708 0.0 0.3 0:20.13
708 0.0 0.3 0:20.13
708 0.0 0.3 0:20.13
708 0.0 0.3 0:20.13
708 0.0 0.3 0:20.13
708 0.0 0.3 0:20.13
708 0.0 0.3 0:20.13
708 0.0 0.3 0:20.13
708 0.0 0.3 0:20.13
708 0.0 0.3 0:20.13
708 0.0 0.3 0:20.13
708 0.0 0.3 0:20.15
708 0.0 0.3 0:20.15
708 11.1 0.3 0:20.17
708 0.0 0.3 0:20.18
708 0.0 0.3 0:20.18
708 0.0 0.3 0:20.19
708 0.0 0.3 0:20.19
708 0.0 0.3 0:20.19
708 0.0 0.3 0:20.19
708 0.0 0.3 0:20.19
708 0.0 0.3 0:20.19
708 0.0 0.3 0:20.19
708 0.0 0.3 0:20.19
708 0.0 0.3 0:20.19
708 0.0 0.3 0:20.19
708 0.0 0.3 0:20.20
708 0.0 0.3 0:20.20
708 0.0 0.3 0:20.20
708 0.0 0.3 0:20.20
708 0.0 0.3 0:20.21
708 0.0 0.3 0:20.21
708 0.0 0.3 0:20.22
708 0.0 0.3 0:20.22
708 0.0 0.3 0:20.23
708 0.0 0.3 0:20.24
708 0.0 0.3 0:20.24
708 0.0 0.3 0:20.24
708 0.0 0.3 0:20.24
708 0.0 0.3 0:20.24
708 0.0 0.3 0:20.24
708 0.0 0.3 0:20.24
708 0.0 0.3 0:20.24
708 0.0 0.3 0:20.24
708 0.0 0.3 0:20.24
708 0.0 0.3 0:20.24
708 0.0 0.3 0:20.25
708 0.0 0.3 0:20.25
708 0.0 0.3 0:20.26
708 0.0 0.3 0:20.26
708 0.0 0.3 0:20.30
708 0.0 0.3 0:20.30
708 0.0 0.3 0:20.30
708 0.0 0.3 0:20.31
708 0.0 0.3 0:20.31
708 0.0 0.3 0:20.31
708 0.0 0.3 0:20.31
708 0.0 0.3 0:20.31
708 0.0 0.3 0:20.31
708 0.0 0.3 0:20.31
708 0.0 0.3 0:20.31
708 0.0 0.3 0:20.31
708 5.3 0.3 0:20.32
708 0.0 0.3 0:20.32
708 0.0 0.3 0:20.32
708 0.0 0.3 0:20.32
708 0.0 0.3 0:20.33
708 0.0 0.3 0:20.33
708 0.0 0.3 0:20.38
708 0.0 0.3 0:20.38
708 11.1 0.3 0:20.40
708 0.0 0.3 0:20.40
708 0.0 0.3 0:20.40
708 0.0 0.3 0:20.40
708 0.0 0.3 0:20.40
708 0.0 0.3 0:20.40
708 0.0 0.3 0:20.40
708 0.0 0.3 0:20.40
708 0.0 0.3 0:20.40
708 0.0 0.3 0:20.40
708 0.0 0.3 0:20.40
708 0.0 0.3 0:20.40
708 0.0 0.3 0:20.40
708 0.0 0.3 0:20.40
708 0.0 0.3 0:20.42
708 0.0 0.3 0:20.42
708 11.1 0.3 0:20.44
KiB used, 356300 buff/cache
708 0.0 0.3 0:20.44
708 0.0 0.3 0:20.44
708 0.0 0.3 0:20.44
708 0.0 0.3 0:20.44
708 0.0 0.3 0:20.44
708 0.0 0.3 0:20.45
708 0.0 0.3 0:20.45
708 0.0 0.3 0:20.45
708 0.0 0.3 0:20.45
708 0.0 0.3 0:20.45
708 0.0 0.3 0:20.45
708 0.0 0.3 0:20.45
708 0.0 0.3 0:20.45
708 0.0 0.3 0:20.46
708 0.0 0.3 0:20.46
708 0.0 0.3 0:20.47
708 0.0 0.3 0:20.47
708 0.0 0.3 0:20.49
708 0.0 0.3 0:20.49
708 0.0 0.3 0:20.50
708 0.0 0.3 0:20.50
708 0.0 0.3 0:20.50
708 0.0 0.3 0:20.50
708 0.0 0.3 0:20.50
708 0.0 0.3 0:20.50
708 0.0 0.3 0:20.50
708 0.0 0.3 0:20.50
708 0.0 0.3 0:20.50
708 11.1 0.3 0:20.52
708 0.0 0.3 0:20.52
708 0.0 0.3 0:20.52
708 0.0 0.3 0:20.52
708 0.0 0.3 0:20.52
708 0.0 0.3 0:20.52
708 0.0 0.3 0:20.52
708 0.0 0.3 0:20.54
708 0.0 0.3 0:20.55
708 0.0 0.3 0:20.55
708 0.0 0.3 0:20.55
708 0.0 0.3 0:20.55
708 0.0 0.3 0:20.55
708 0.0 0.3 0:20.55
708 0.0 0.3 0:20.55
708 0.0 0.3 0:20.55
708 0.0 0.3 0:20.56
708 0.0 0.3 0:20.56
708 0.0 0.3 0:20.56
708 5.6 0.3 0:20.57
708 0.0 0.3 0:20.57
708 0.0 0.3 0:20.57
708 0.0 0.3 0:20.58
708 0.0 0.3 0:20.58
708 0.0 0.3 0:20.58
708 0.0 0.3 0:20.60
708 0.0 0.3 0:20.60
708 5.3 0.3 0:20.61
708 0.0 0.3 0:20.61
708 0.0 0.3 0:20.61
708 0.0 0.3 0:20.61
708 0.0 0.3 0:20.61
708 0.0 0.3 0:20.61
708 0.0 0.3 0:20.61
708 0.0 0.3 0:20.61
708 5.3 0.3 0:20.62
708 0.0 0.3 0:20.62
708 0.0 0.3 0:20.62
708 5.0 0.3 0:20.64
708 0.0 0.3 0:20.64
708 0.0 0.3 0:20.65
708 0.0 0.3 0:20.66
708 0.0 0.3 0:20.66
708 0.0 0.3 0:20.66
708 0.0 0.3 0:20.66
708 0.0 0.3 0:20.66
708 0.0 0.3 0:20.66
7084 11.1 0.2 0:00.05
708 0.0 0.3 0:20.66
708 0.0 0.3 0:20.66
708 0.0 0.3 0:20.66
708 0.0 0.3 0:20.66
708 0.0 0.3 0:20.66
708 0.0 0.3 0:20.66
708 0.0 0.3 0:20.66
708 0.0 0.3 0:20.66
708 0.0 0.3 0:20.66
708 0.0 0.3 0:20.66
708 0.0 0.3 0:20.66
708 0.0 0.3 0:20.66
