708 10.5 0.3 0:17.70
708 0.0 0.3 0:17.70
708 0.0 0.3 0:17.70
708 0.0 0.3 0:17.70
708 0.0 0.3 0:17.70
708 0.0 0.3 0:17.70
708 0.0 0.3 0:17.70
708 0.0 0.3 0:17.70
708 0.0 0.3 0:17.70
708 0.0 0.3 0:17.70
708 0.0 0.3 0:17.70
708 0.0 0.3 0:17.70
708 0.0 0.3 0:17.70
708 0.0 0.3 0:17.70
708 0.0 0.3 0:17.71
708 0.0 0.3 0:17.71
708 0.0 0.3 0:17.71
708 0.0 0.3 0:17.71
708 0.0 0.3 0:17.71
708 0.0 0.3 0:17.75
708 0.0 0.3 0:17.75
708 0.0 0.3 0:17.75
708 0.0 0.3 0:17.75
708 0.0 0.3 0:17.75
708 0.0 0.3 0:17.75
708 0.0 0.3 0:17.75
708 0.0 0.3 0:17.75
708 0.0 0.3 0:17.75
708 0.0 0.3 0:17.75
708 0.0 0.3 0:17.75
708 0.0 0.3 0:17.76
708 0.0 0.3 0:17.76
708 0.0 0.3 0:17.76
708 0.0 0.3 0:17.76
708 0.0 0.3 0:17.76
708 0.0 0.3 0:17.76
708 0.0 0.3 0:17.76
708 0.0 0.3 0:17.80
708 0.0 0.3 0:17.80
708 0.0 0.3 0:17.80
708 0.0 0.3 0:17.80
708 0.0 0.3 0:17.80
708 0.0 0.3 0:17.80
708 0.0 0.3 0:17.80
708 0.0 0.3 0:17.80
708 0.0 0.3 0:17.80
708 0.0 0.3 0:17.80
708 0.0 0.3 0:17.80
708 0.0 0.3 0:17.80
708 0.0 0.3 0:17.80
708 0.0 0.3 0:17.80
708 0.0 0.3 0:17.81
708 0.0 0.3 0:17.81
708 0.0 0.3 0:17.81
708 0.0 0.3 0:17.81
708 0.0 0.3 0:17.86
708 0.0 0.3 0:17.86
708 0.0 0.3 0:17.86
708 0.0 0.3 0:17.86
KiB used, 350788 buff/cache
708 0.0 0.3 0:17.86
708 0.0 0.3 0:17.86
708 0.0 0.3 0:17.86
708 0.0 0.3 0:17.86
708 0.0 0.3 0:17.86
708 0.0 0.3 0:17.86
708 0.0 0.3 0:17.86
708 0.0 0.3 0:17.86
708 0.0 0.3 0:17.87
708 0.0 0.3 0:17.87
708 0.0 0.3 0:17.87
708 0.0 0.3 0:17.87
708 0.0 0.3 0:17.87
708 10.5 0.3 0:17.89
708 0.0 0.3 0:17.91
708 0.0 0.3 0:17.91
708 0.0 0.3 0:17.91
708 0.0 0.3 0:17.91
708 0.0 0.3 0:17.91
708 0.0 0.3 0:17.91
708 0.0 0.3 0:17.91
32708 11.1 0.2 0:00.04
708 0.0 0.3 0:17.91
708 0.0 0.3 0:17.91
708 0.0 0.3 0:17.91
KiB used, 350896 buff/cache
708 0.0 0.3 0:17.91
708 0.0 0.3 0:17.91
708 0.0 0.3 0:17.91
708 0.0 0.3 0:17.91
708 0.0 0.3 0:17.91
708 0.0 0.3 0:17.92
708 0.0 0.3 0:17.95
708 0.0 0.3 0:17.96
708 0.0 0.3 0:17.96
708 0.0 0.3 0:17.96
708 0.0 0.3 0:17.96
708 0.0 0.3 0:17.96
708 0.0 0.3 0:17.96
708 0.0 0.3 0:17.96
708 0.0 0.3 0:17.96
708 0.0 0.3 0:17.96
708 0.0 0.3 0:17.96
708 0.0 0.3 0:17.96
708 0.0 0.3 0:17.96
708 0.0 0.3 0:17.96
708 0.0 0.3 0:17.96
708 0.0 0.3 0:17.96
708 5.6 0.3 0:17.97
708 0.0 0.3 0:17.97
708 0.0 0.3 0:18.00
708 0.0 0.3 0:18.01
708 0.0 0.3 0:18.01
708 0.0 0.3 0:18.01
708 0.0 0.3 0:18.01
708 0.0 0.3 0:18.01
708 0.0 0.3 0:18.01
708 0.0 0.3 0:18.01
708 0.0 0.3 0:18.01
708 0.0 0.3 0:18.01
708 0.0 0.3 0:18.01
708 0.0 0.3 0:18.01
708 0.0 0.3 0:18.01
708 0.0 0.3 0:18.02
708 0.0 0.3 0:18.02
708 0.0 0.3 0:18.03
708 0.0 0.3 0:18.03
708 0.0 0.3 0:18.03
708 0.0 0.3 0:18.08
708 0.0 0.3 0:18.08
708 0.0 0.3 0:18.08
708 0.0 0.3 0:18.08
708 0.0 0.3 0:18.08
708 0.0 0.3 0:18.08
708 0.0 0.3 0:18.08
708 0.0 0.3 0:18.08
708 0.0 0.3 0:18.08
708 0.0 0.3 0:18.08
708 0.0 0.3 0:18.08
708 0.0 0.3 0:18.08
708 0.0 0.3 0:18.08
708 0.0 0.3 0:18.09
708 0.0 0.3 0:18.09
708 5.6 0.3 0:18.10
708 0.0 0.3 0:18.10
708 0.0 0.3 0:18.10
708 5.6 0.3 0:18.12
708 0.0 0.3 0:18.14
708 0.0 0.3 0:18.14
708 0.0 0.3 0:18.14
KiB used, 351304 buff/cache
708 0.0 0.3 0:18.14
708 0.0 0.3 0:18.14
708 0.0 0.3 0:18.14
708 0.0 0.3 0:18.14
708 0.0 0.3 0:18.14
708 0.0 0.3 0:18.14
KiB used, 351304 buff/cache
708 0.0 0.3 0:18.14
708 0.0 0.3 0:18.15
708 0.0 0.3 0:18.15
708 0.0 0.3 0:18.15
708 0.0 0.3 0:18.15
708 0.0 0.3 0:18.16
708 0.0 0.3 0:18.16
708 0.0 0.3 0:18.19
708 0.0 0.3 0:18.19
708 0.0 0.3 0:18.19
708 0.0 0.3 0:18.19
708 0.0 0.3 0:18.19
KiB used, 351400 buff/cache
708 0.0 0.3 0:18.19
708 0.0 0.3 0:18.19
708 0.0 0.3 0:18.19
708 0.0 0.3 0:18.19
708 0.0 0.3 0:18.19
708 0.0 0.3 0:18.19
708 0.0 0.3 0:18.19
708 0.0 0.3 0:18.19
708 0.0 0.3 0:18.19
708 0.0 0.3 0:18.19
708 0.0 0.3 0:18.19
708 0.0 0.3 0:18.21
708 0.0 0.3 0:18.23
708 0.0 0.3 0:18.23
708 0.0 0.3 0:18.23
708 0.0 0.3 0:18.23
KiB used, 351504 buff/cache
708 0.0 0.3 0:18.23
708 0.0 0.3 0:18.23
708 0.0 0.3 0:18.23
708 0.0 0.3 0:18.23
708 0.0 0.3 0:18.23
708 0.0 0.3 0:18.23
708 0.0 0.3 0:18.23
708 0.0 0.3 0:18.23
708 0.0 0.3 0:18.23
708 0.0 0.3 0:18.24
708 5.3 0.3 0:18.25
708 0.0 0.3 0:18.25
708 5.3 0.3 0:18.27
KiB used, 351572 buff/cache
708 0.0 0.3 0:18.33
708 0.0 0.3 0:18.33
708 0.0 0.3 0:18.33
708 0.0 0.3 0:18.33
708 0.0 0.3 0:18.33
708 0.0 0.3 0:18.34
708 0.0 0.3 0:18.34
708 0.0 0.3 0:18.34
708 0.0 0.3 0:18.34
708 0.0 0.3 0:18.34
708 5.6 0.3 0:18.35
708 0.0 0.3 0:18.35
KiB used, 351664 buff/cache
708 0.0 0.3 0:18.35
708 0.0 0.3 0:18.35
708 0.0 0.3 0:18.36
708 0.0 0.3 0:18.37
708 0.0 0.3 0:18.37
KiB used, 351756 buff/cache
708 0.0 0.3 0:18.38
708 0.0 0.3 0:18.38
708 0.0 0.3 0:18.38
708 0.0 0.3 0:18.38
708 0.0 0.3 0:18.38
708 0.0 0.3 0:18.38
708 0.0 0.3 0:18.38
708 0.0 0.3 0:18.38
708 0.0 0.3 0:18.38
708 0.0 0.3 0:18.38
708 0.0 0.3 0:18.39
708 0.0 0.3 0:18.39
708 0.0 0.3 0:18.39
708 0.0 0.3 0:18.40
708 0.0 0.3 0:18.40
708 0.0 0.3 0:18.41
708 0.0 0.3 0:18.42
708 0.0 0.3 0:18.45
708 0.0 0.3 0:18.45
708 0.0 0.3 0:18.45
708 0.0 0.3 0:18.45
708 0.0 0.3 0:18.45
708 0.0 0.3 0:18.45
708 0.0 0.3 0:18.45
708 0.0 0.3 0:18.45
708 0.0 0.3 0:18.45
708 0.0 0.3 0:18.45
708 0.0 0.3 0:18.45
708 0.0 0.3 0:18.45
708 0.0 0.3 0:18.45
708 0.0 0.3 0:18.45
708 0.0 0.3 0:18.45
708 0.0 0.3 0:18.45
708 0.0 0.3 0:18.45
708 0.0 0.3 0:18.45
708 0.0 0.3 0:18.45
708 0.0 0.3 0:18.45
708 0.0 0.3 0:18.45
708 0.0 0.3 0:18.45
708 0.0 0.3 0:18.45
708 0.0 0.3 0:18.45
708 0.0 0.3 0:18.45
708 0.0 0.3 0:18.45
708 0.0 0.3 0:18.45
708 0.0 0.3 0:18.45
708 0.0 0.3 0:18.45
708 0.0 0.3 0:18.45
708 0.0 0.3 0:18.45
