710 23.8 0.3 0:26.89
532 0.0 0.9 0:00.48
532 0.0 0.9 0:00.48
532 0.0 0.9 0:00.48
532 0.0 0.9 0:00.48
532 0.0 0.9 0:00.48
532 0.0 0.9 0:00.48
532 0.0 0.9 0:00.48
532 0.0 0.9 0:00.48
532 0.0 0.9 0:00.48
532 0.0 0.9 0:00.48
532 0.0 0.9 0:00.48
532 0.0 0.9 0:00.48
532 0.0 0.9 0:00.48
532 0.0 0.9 0:00.48
532 0.0 0.9 0:00.48
532 0.0 0.9 0:00.48
532 0.0 0.9 0:00.48
532 0.0 0.9 0:00.48
532 0.0 0.9 0:00.48
532 0.0 0.9 0:00.48
532 0.0 0.9 0:00.48
532 0.0 0.9 0:00.48
532 0.0 0.9 0:00.48
532 0.0 0.9 0:00.48
532 0.0 0.9 0:00.48
532 0.0 0.9 0:00.48
532 0.0 0.9 0:00.48
532 0.0 0.9 0:00.48
532 0.0 0.9 0:00.48
532 0.0 0.9 0:00.48
532 0.0 0.9 0:00.48
532 0.0 0.9 0:00.48
532 0.0 0.9 0:00.48
532 0.0 0.9 0:00.48
532 0.0 0.9 0:00.48
532 0.0 0.9 0:00.48
532 0.0 0.9 0:00.48
532 0.0 0.9 0:00.48
532 0.0 0.9 0:00.48
532 0.0 0.9 0:00.48
532 0.0 0.9 0:00.48
532 0.0 0.9 0:00.48
532 0.0 0.9 0:00.48
532 0.0 0.9 0:00.48
532 0.0 0.9 0:00.48
532 0.0 0.9 0:00.48
532 0.0 0.9 0:00.48
532 0.0 0.9 0:00.48
532 0.0 0.9 0:00.48
532 0.0 0.9 0:00.48
532 0.0 0.9 0:00.48
532 0.0 0.9 0:00.48
710 11.1 0.3 0:27.03
532 0.0 0.9 0:00.48
710 5.6 0.3 0:27.08
532 0.0 0.9 0:00.48
532 0.0 0.9 0:00.48
532 0.0 0.9 0:00.48
532 0.0 0.9 0:00.48
532 0.0 0.9 0:00.48
532 0.0 0.9 0:00.48
532 0.0 0.9 0:00.48
532 0.0 0.9 0:00.48
532 0.0 0.9 0:00.48
532 0.0 0.9 0:00.48
532 0.0 0.9 0:00.48
532 0.0 0.9 0:00.48
532 0.0 0.9 0:00.48
532 0.0 0.9 0:00.48
532 0.0 0.9 0:00.48
532 0.0 0.9 0:00.48
532 0.0 0.9 0:00.48
710 16.7 0.3 0:27.12
710 10.5 0.3 0:27.16
532 0.0 0.9 0:00.48
532 0.0 0.9 0:00.48
532 0.0 0.9 0:00.48
532 0.0 0.9 0:00.48
532 0.0 0.9 0:00.48
532 0.0 0.9 0:00.48
532 0.0 0.9 0:00.48
532 0.0 0.9 0:00.48
532 0.0 0.9 0:00.48
532 0.0 0.9 0:00.48
532 0.0 0.9 0:00.48
532 0.0 0.9 0:00.48
532 0.0 0.9 0:00.48
532 0.0 0.9 0:00.48
532 0.0 0.9 0:00.48
532 0.0 0.9 0:00.48
532 0.0 0.9 0:00.48
532 0.0 0.9 0:00.48
532 0.0 0.9 0:00.48
532 0.0 0.9 0:00.48
532 0.0 0.9 0:00.48
532 0.0 0.9 0:00.48
532 0.0 0.9 0:00.48
532 0.0 0.9 0:00.48
532 0.0 0.9 0:00.48
532 0.0 0.9 0:00.48
532 0.0 0.9 0:00.48
532 0.0 0.9 0:00.48
532 0.0 0.9 0:00.48
532 0.0 0.9 0:00.48
532 0.0 0.9 0:00.48
31710 16.7 0.2 0:00.05
710 5.6 0.3 0:27.25
532 0.0 0.9 0:00.48
532 0.0 0.9 0:00.48
532 0.0 0.9 0:00.48
532 0.0 0.9 0:00.48
532 0.0 0.9 0:00.48
532 0.0 0.9 0:00.48
532 0.0 0.9 0:00.48
532 0.0 0.9 0:00.48
532 0.0 0.9 0:00.48
532 0.0 0.9 0:00.48
532 0.0 0.9 0:00.48
532 0.0 0.9 0:00.48
532 0.0 0.9 0:00.48
532 0.0 0.9 0:00.48
532 0.0 0.9 0:00.48
532 0.0 0.9 0:00.48
532 0.0 0.9 0:00.48
532 0.0 0.9 0:00.48
532 0.0 0.9 0:00.48
532 0.0 0.9 0:00.48
710 5.6 0.3 0:27.35
532 0.0 0.9 0:00.48
32710 15.8 0.2 0:00.03
532 0.0 0.9 0:00.48
532 0.0 0.9 0:00.48
532 0.0 0.9 0:00.48
532 0.0 0.9 0:00.48
532 0.0 0.9 0:00.48
532 0.0 0.9 0:00.48
532 0.0 0.9 0:00.48
532 0.0 0.9 0:00.48
532 0.0 0.9 0:00.48
532 0.0 0.9 0:00.48
532 0.0 0.9 0:00.48
532 0.0 0.9 0:00.48
532 0.0 0.9 0:00.48
532 0.0 0.9 0:00.48
532 0.0 0.9 0:00.48
710 11.1 0.3 0:27.42
532 0.0 0.9 0:00.48
532 0.0 0.9 0:00.48
532 0.0 0.9 0:00.48
532 0.0 0.9 0:00.48
532 0.0 0.9 0:00.48
532 0.0 0.9 0:00.48
532 0.0 0.9 0:00.48
532 0.0 0.9 0:00.48
532 0.0 0.9 0:00.48
532 0.0 0.9 0:00.48
532 0.0 0.9 0:00.48
532 0.0 0.9 0:00.48
532 0.0 0.9 0:00.48
532 0.0 0.9 0:00.48
710 5.6 0.3 0:27.46
532 0.0 0.9 0:00.48
532 0.0 0.9 0:00.48
532 0.0 0.9 0:00.48
532 0.0 0.9 0:00.48
532 0.0 0.9 0:00.48
532 0.0 0.9 0:00.48
532 0.0 0.9 0:00.48
532 0.0 0.9 0:00.48
532 0.0 0.9 0:00.48
532 0.0 0.9 0:00.48
532 0.0 0.9 0:00.48
532 0.0 0.9 0:00.48
532 0.0 0.9 0:00.48
532 0.0 0.9 0:00.48
532 0.0 0.9 0:00.48
532 0.0 0.9 0:00.48
532 0.0 0.9 0:00.48
532 0.0 0.9 0:00.48
532 0.0 0.9 0:00.48
532 0.0 0.9 0:00.48
532 0.0 0.9 0:00.48
532 0.0 0.9 0:00.48
532 0.0 0.9 0:00.48
532 0.0 0.9 0:00.48
532 0.0 0.9 0:00.48
532 0.0 0.9 0:00.48
532 0.0 0.9 0:00.48
532 0.0 0.9 0:00.48
532 0.0 0.9 0:00.48
532 0.0 0.9 0:00.48
532 0.0 0.9 0:00.48
532 0.0 0.9 0:00.48
532 0.0 0.9 0:00.48
532 0.0 0.9 0:00.48
532 0.0 0.9 0:00.48
532 0.0 0.9 0:00.48
532 0.0 0.9 0:00.48
532 0.0 0.9 0:00.48
710 5.3 0.3 0:27.63
532 0.0 0.9 0:00.48
532 0.0 0.9 0:00.48
532 0.0 0.9 0:00.48
532 0.0 0.9 0:00.48
532 0.0 0.9 0:00.48
532 0.0 0.9 0:00.48
532 0.0 0.9 0:00.48
532 0.0 0.9 0:00.48
532 0.0 0.9 0:00.48
532 0.0 0.9 0:00.48
532 0.0 0.9 0:00.48
532 0.0 0.9 0:00.48
532 0.0 0.9 0:00.48
532 0.0 0.9 0:00.48
532 0.0 0.9 0:00.48
532 0.0 0.9 0:00.48
532 0.0 0.9 0:00.48
532 0.0 0.9 0:00.48
532 0.0 0.9 0:00.48
532 0.0 0.9 0:00.48
532 0.0 0.9 0:00.48
532 0.0 0.9 0:00.48
532 0.0 0.9 0:00.48
532 0.0 0.9 0:00.48
532 0.0 0.9 0:00.48
532 0.0 0.9 0:00.48
532 0.0 0.9 0:00.48
532 0.0 0.9 0:00.48
532 0.0 0.9 0:00.48
532 0.0 0.9 0:00.48
532 0.0 0.9 0:00.48
532 0.0 0.9 0:00.48
532 0.0 0.9 0:00.48
532 0.0 0.9 0:00.48
532 0.0 0.9 0:00.48
