710 18.2 0.3 0:27.80
532 0.0 0.9 0:00.48
532 0.0 0.9 0:00.48
532 0.0 0.9 0:00.48
532 0.0 0.9 0:00.48
532 0.0 0.9 0:00.48
532 0.0 0.9 0:00.48
532 0.0 0.9 0:00.48
532 0.0 0.9 0:00.48
532 0.0 0.9 0:00.48
532 0.0 0.9 0:00.48
532 0.0 0.9 0:00.48
532 0.0 0.9 0:00.48
532 0.0 0.9 0:00.48
532 0.0 0.9 0:00.48
532 0.0 0.9 0:00.48
532 0.0 0.9 0:00.48
532 0.0 0.9 0:00.48
532 0.0 0.9 0:00.48
710 5.6 0.3 0:27.89
532 0.0 0.9 0:00.48
532 0.0 0.9 0:00.48
532 0.0 0.9 0:00.48
532 0.0 0.9 0:00.48
532 0.0 0.9 0:00.48
532 0.0 0.9 0:00.48
532 0.0 0.9 0:00.48
532 0.0 0.9 0:00.48
532 0.0 0.9 0:00.48
532 0.0 0.9 0:00.48
532 0.0 0.9 0:00.48
532 0.0 0.9 0:00.48
532 0.0 0.9 0:00.48
532 0.0 0.9 0:00.48
532 0.0 0.9 0:00.48
532 0.0 0.9 0:00.48
532 0.0 0.9 0:00.48
532 0.0 0.9 0:00.48
532 0.0 0.9 0:00.48
532 0.0 0.9 0:00.48
532 0.0 0.9 0:00.48
532 0.0 0.9 0:00.48
532 0.0 0.9 0:00.48
532 0.0 0.9 0:00.48
532 0.0 0.9 0:00.48
532 0.0 0.9 0:00.48
532 0.0 0.9 0:00.48
532 0.0 0.9 0:00.48
532 0.0 0.9 0:00.48
532 0.0 0.9 0:00.48
532 0.0 0.9 0:00.48
532 0.0 0.9 0:00.48
532 0.0 0.9 0:00.48
532 0.0 0.9 0:00.48
532 0.0 0.9 0:00.48
710 5.3 0.3 0:28.02
7104 15.8 0.2 0:00.03
532 0.0 0.9 0:00.48
532 0.0 0.9 0:00.48
532 0.0 0.9 0:00.48
532 0.0 0.9 0:00.48
532 0.0 0.9 0:00.48
532 0.0 0.9 0:00.48
532 0.0 0.9 0:00.48
532 0.0 0.9 0:00.48
532 0.0 0.9 0:00.48
532 0.0 0.9 0:00.48
532 0.0 0.9 0:00.48
532 0.0 0.9 0:00.48
532 0.0 0.9 0:00.48
532 0.0 0.9 0:00.48
532 0.0 0.9 0:00.48
532 0.0 0.9 0:00.48
710 16.7 0.3 0:28.07
532 0.0 0.9 0:00.48
532 0.0 0.9 0:00.48
532 0.0 0.9 0:00.48
532 0.0 0.9 0:00.48
532 0.0 0.9 0:00.48
532 0.0 0.9 0:00.48
532 0.0 0.9 0:00.48
532 0.0 0.9 0:00.48
532 0.0 0.9 0:00.48
532 0.0 0.9 0:00.48
532 0.0 0.9 0:00.48
532 0.0 0.9 0:00.48
532 0.0 0.9 0:00.48
532 0.0 0.9 0:00.48
710 5.3 0.3 0:28.10
532 0.0 0.9 0:00.48
532 0.0 0.9 0:00.48
710 5.6 0.3 0:28.11
532 0.0 0.9 0:00.48
532 0.0 0.9 0:00.48
532 0.0 0.9 0:00.48
532 0.0 0.9 0:00.48
532 0.0 0.9 0:00.48
532 0.0 0.9 0:00.48
532 0.0 0.9 0:00.48
532 0.0 0.9 0:00.48
532 0.0 0.9 0:00.48
532 0.0 0.9 0:00.48
532 0.0 0.9 0:00.48
532 0.0 0.9 0:00.48
532 0.0 0.9 0:00.48
710 10.5 0.3 0:28.19
532 0.0 0.9 0:00.48
532 0.0 0.9 0:00.48
532 0.0 0.9 0:00.48
532 0.0 0.9 0:00.48
532 0.0 0.9 0:00.48
532 0.0 0.9 0:00.48
532 0.0 0.9 0:00.48
532 0.0 0.9 0:00.48
532 0.0 0.9 0:00.48
532 0.0 0.9 0:00.48
532 0.0 0.9 0:00.48
532 0.0 0.9 0:00.48
532 0.0 0.9 0:00.48
532 0.0 0.9 0:00.48
532 0.0 0.9 0:00.48
532 0.0 0.9 0:00.48
532 0.0 0.9 0:00.48
532 0.0 0.9 0:00.48
532 0.0 0.9 0:00.48
532 0.0 0.9 0:00.48
532 0.0 0.9 0:00.48
532 0.0 0.9 0:00.48
710 5.0 0.3 0:28.29
532 0.0 0.9 0:00.48
532 0.0 0.9 0:00.48
532 0.0 0.9 0:00.48
532 0.0 0.9 0:00.48
532 0.0 0.9 0:00.48
532 0.0 0.9 0:00.48
532 0.0 0.9 0:00.48
532 0.0 0.9 0:00.48
532 0.0 0.9 0:00.48
532 0.0 0.9 0:00.48
532 0.0 0.9 0:00.48
532 0.0 0.9 0:00.48
532 0.0 0.9 0:00.48
532 0.0 0.9 0:00.48
532 0.0 0.9 0:00.48
532 0.0 0.9 0:00.48
532 0.0 0.9 0:00.48
532 0.0 0.9 0:00.48
532 0.0 0.9 0:00.48
532 0.0 0.9 0:00.48
532 0.0 0.9 0:00.48
532 0.0 0.9 0:00.48
532 0.0 0.9 0:00.48
532 0.0 0.9 0:00.48
532 0.0 0.9 0:00.48
532 0.0 0.9 0:00.48
532 0.0 0.9 0:00.48
532 0.0 0.9 0:00.48
710 5.6 0.3 0:28.37
532 0.0 0.9 0:00.48
532 0.0 0.9 0:00.48
532 0.0 0.9 0:00.48
532 0.0 0.9 0:00.48
532 0.0 0.9 0:00.48
532 0.0 0.9 0:00.48
532 0.0 0.9 0:00.48
532 0.0 0.9 0:00.48
532 0.0 0.9 0:00.48
532 0.0 0.9 0:00.48
532 0.0 0.9 0:00.48
532 0.0 0.9 0:00.48
532 0.0 0.9 0:00.48
532 0.0 0.9 0:00.48
532 0.0 0.9 0:00.48
532 0.0 0.9 0:00.48
532 0.0 0.9 0:00.48
532 0.0 0.9 0:00.48
532 0.0 0.9 0:00.48
532 0.0 0.9 0:00.48
532 0.0 0.9 0:00.48
532 0.0 0.9 0:00.48
532 0.0 0.9 0:00.48
532 0.0 0.9 0:00.48
710 5.6 0.3 0:28.47
532 0.0 0.9 0:00.48
532 0.0 0.9 0:00.48
532 0.0 0.9 0:00.48
532 0.0 0.9 0:00.48
532 0.0 0.9 0:00.48
532 0.0 0.9 0:00.48
532 0.0 0.9 0:00.48
532 0.0 0.9 0:00.48
532 0.0 0.9 0:00.48
532 0.0 0.9 0:00.48
532 0.0 0.9 0:00.48
532 0.0 0.9 0:00.48
532 0.0 0.9 0:00.48
532 0.0 0.9 0:00.48
532 0.0 0.9 0:00.48
532 0.0 0.9 0:00.48
532 0.0 0.9 0:00.48
532 0.0 0.9 0:00.48
532 0.0 0.9 0:00.48
532 0.0 0.9 0:00.48
532 0.0 0.9 0:00.48
532 0.0 0.9 0:00.48
532 0.0 0.9 0:00.48
532 0.0 0.9 0:00.48
532 0.0 0.9 0:00.48
532 0.0 0.9 0:00.48
532 0.0 0.9 0:00.48
532 0.0 0.9 0:00.48
532 0.0 0.9 0:00.48
532 0.0 0.9 0:00.48
532 0.0 0.9 0:00.48
532 0.0 0.9 0:00.48
532 0.0 0.9 0:00.48
532 0.0 0.9 0:00.48
532 0.0 0.9 0:00.48
532 0.0 0.9 0:00.48
532 0.0 0.9 0:00.48
532 0.0 0.9 0:00.48
532 0.0 0.9 0:00.48
532 0.0 0.9 0:00.48
532 0.0 0.9 0:00.48
532 0.0 0.9 0:00.48
532 0.0 0.9 0:00.48
532 0.0 0.9 0:00.48
532 0.0 0.9 0:00.48
532 0.0 0.9 0:00.48
532 0.0 0.9 0:00.48
532 0.0 0.9 0:00.48
532 0.0 0.9 0:00.48
532 0.0 0.9 0:00.48
532 0.0 0.9 0:00.48
532 0.0 0.9 0:00.48
532 0.0 0.9 0:00.48
