2921 5.0 0.3 11:56.49
2921 16.7 0.3 11:56.54
2921 15.8 0.3 11:56.75
2921 10.0 0.3 11:56.86
2921 5.3 0.3 11:56.95
2921 10.5 0.3 11:57.13
2921 42.1 0.3 11:57.39
2921 5.6 0.3 11:57.78
2921 26.3 0.3 11:58.08
2921 20.0 0.3 11:58.40
2921 11.1 0.3 11:58.73
2921 33.3 0.3 11:59.07
2921 26.3 0.3 11:59.33
2921 15.8 0.3 12:00.02
2921 20.0 0.3 12:00.30
2921 33.3 0.3 12:00.56
2921 21.1 0.3 12:01.02
2921 15.0 0.3 12:01.29
2921 31.6 0.3 12:01.72
2921 15.8 0.3 12:01.98
2921 15.8 0.3 12:02.26
2921 30.0 0.3 12:02.50
2921 15.0 0.3 12:02.70
2921 16.7 0.3 12:02.99
2921 30.0 0.3 12:03.23
2921 31.6 0.3 12:03.60
2921 57.9 0.3 12:03.94
2921 24.1 0.3 12:04.38
2921 26.3 0.3 12:04.78
2921 21.1 0.3 12:05.08
2921 15.0 0.3 12:05.42
2921 25.0 0.3 12:05.78
2921 28.6 0.3 12:06.04
2921 47.4 0.3 12:06.41
2921 36.8 0.3 12:06.73
2921 30.0 0.3 12:07.13
2921 30.0 0.3 12:07.39
2921 30.0 0.3 12:07.66
2921 38.1 0.3 12:08.00
2921 15.8 0.3 12:08.23
2921 30.0 0.3 12:08.49
2921 50.0 0.3 12:08.80
2921 38.9 0.3 12:09.18
2921 30.0 0.3 12:09.41
2921 21.1 0.3 12:09.65
2921 55.0 0.3 12:10.09
2921 35.0 0.3 12:10.34
2921 15.8 0.3 12:10.57
2921 28.6 0.3 12:10.93
2921 22.2 0.3 12:11.16
2921 15.8 0.3 12:11.40
2921 21.1 0.3 12:11.68
2921 15.8 0.3 12:11.98
2921 21.1 0.3 12:12.28
2921 36.8 0.3 12:12.55
2921 33.3 0.3 12:12.80
2921 15.8 0.3 12:13.05
2921 26.3 0.3 12:13.36
2921 36.8 0.3 12:13.64
2921 26.3 0.3 12:13.89
2921 21.1 0.3 12:14.14
2921 16.7 0.3 12:14.37
2921 15.0 0.3 12:14.66
2921 35.0 0.3 12:14.95
2921 36.8 0.3 12:15.23
2921 15.8 0.3 12:15.48
2921 36.8 0.3 12:15.80
2921 20.0 0.3 12:16.04
2921 20.0 0.3 12:16.34
2921 15.8 0.3 12:16.57
2921 26.3 0.3 12:16.81
2921 40.0 0.3 12:17.14
2921 36.8 0.3 12:17.41
2921 31.6 0.3 12:17.67
2921 44.4 0.3 12:17.96
2921 42.1 0.3 12:18.31
2921 26.3 0.3 12:18.55
2921 33.3 0.3 12:18.89
2921 45.5 0.3 12:19.24
2921 19.0 0.3 12:19.51
2921 44.4 0.3 12:19.81
2921 33.3 0.3 12:20.10
2921 33.3 0.3 12:20.40
2921 21.1 0.3 12:20.74
2921 44.4 0.3 12:21.06
2921 26.3 0.3 12:21.29
2921 21.1 0.3 12:21.62
2921 20.0 0.3 12:21.97
2921 45.0 0.3 12:22.29
2921 27.8 0.3 12:22.56
2921 28.6 0.3 12:22.81
2921 30.0 0.3 12:23.11
2921 26.3 0.3 12:23.36
2921 47.4 0.3 12:23.65
2921 33.3 0.3 12:23.90
2921 15.8 0.3 12:24.17
2921 36.8 0.3 12:24.46
2921 21.1 0.3 12:24.74
2921 50.0 0.3 12:25.03
2921 31.6 0.3 12:25.34
2921 15.8 0.3 12:25.72
22921 10.5 0.1 0:00.06
2921 27.8 0.3 12:26.35
2921 40.0 0.3 12:26.62
2921 35.0 0.3 12:26.98
2921 26.3 0.3 12:27.21
2921 45.0 0.3 12:27.58
2921 20.0 0.3 12:27.81
2921 36.8 0.3 12:28.10
2921 42.1 0.3 12:28.46
2921 15.8 0.3 12:28.71
2921 38.9 0.3 12:29.00
2921 26.3 0.3 12:29.26
2921 20.0 0.3 12:29.50
2921 40.0 0.3 12:29.78
2921 22.2 0.3 12:30.03
2921 26.3 0.3 12:30.30
2921 36.8 0.3 12:30.64
2921 21.1 0.3 12:30.87
2921 36.8 0.3 12:31.18
2921 38.1 0.3 12:31.45
2921 23.8 0.3 12:31.70
2921 25.0 0.3 12:31.94
2921 45.0 0.3 12:32.33
2921 35.0 0.3 12:32.60
2921 25.0 0.3 12:32.89
2921 25.0 0.3 12:33.13
2921 42.1 0.3 12:33.39
2921 23.8 0.3 12:33.68
2921 60.0 0.3 12:34.04
2921 25.0 0.3 12:34.44
2921 35.0 0.3 12:34.71
2921 33.3 0.3 12:35.15
2921 22.2 0.3 12:35.38
2921 36.8 0.3 12:35.71
2921 21.1 0.3 12:35.94
2921 38.1 0.3 12:36.22
2921 50.0 0.3 12:36.54
2921 30.0 0.3 12:36.81
2921 35.0 0.3 12:37.10
2921 42.1 0.3 12:37.45
2921 42.1 0.3 12:37.74
2921 40.0 0.3 12:38.06
2921 36.8 0.3 12:38.33
2921 31.6 0.3 12:38.66
2921 31.6 0.3 12:38.98
2921 52.6 0.3 12:39.29
2921 20.0 0.3 12:39.62
2921 21.1 0.3 12:39.87
2921 11.1 0.3 12:40.14
2921 0.0 0.2 12:40.24
