2921 5.3 0.3 13:22.92
2921 0.0 0.3 13:22.96
2921 40.0 0.3 13:23.17
2921 16.7 0.3 13:23.31
2921 5.3 0.3 13:23.50
2921 10.5 0.3 13:23.70
2921 15.8 0.3 13:23.92
2921 10.5 0.3 13:24.06
2921 15.8 0.3 13:24.30
2921 40.0 0.3 13:24.58
2921 22.2 0.3 13:24.75
2921 22.2 0.3 13:25.03
2921 47.4 0.3 13:25.29
2921 30.0 0.3 13:25.50
2921 16.7 0.3 13:25.95
2921 28.6 0.3 13:26.27
2921 33.3 0.3 13:26.46
2921 21.1 0.3 13:26.75
2921 36.8 0.3 13:27.18
2921 21.1 0.3 13:27.44
2921 22.2 0.3 13:27.69
2921 22.2 0.3 13:27.95
2921 31.6 0.3 13:28.28
2921 15.8 0.3 13:28.53
2921 30.0 0.3 13:28.79
2921 26.3 0.3 13:29.05
2921 22.2 0.3 13:29.32
2921 26.3 0.3 13:29.56
2921 22.2 0.3 13:29.76
2921 21.1 0.3 13:30.04
2921 42.1 0.3 13:30.31
2921 30.0 0.3 13:30.59
2921 16.7 0.3 13:30.85
2921 20.0 0.3 13:31.19
2921 21.1 0.3 13:31.39
2921 15.8 0.3 13:31.69
2921 27.8 0.3 13:31.94
2921 26.3 0.3 13:32.17
2921 19.0 0.3 13:32.43
2921 44.4 0.3 13:32.73
2921 22.2 0.3 13:32.96
2921 33.3 0.3 13:33.24
2921 35.0 0.3 13:33.51
2921 20.0 0.3 13:33.74
2921 31.6 0.3 13:34.02
2921 45.0 0.3 13:34.46
2921 23.8 0.3 13:34.73
2921 44.0 0.3 13:35.10
2921 20.8 0.3 13:35.48
2921 26.3 0.3 13:35.74
2921 33.3 0.3 13:36.06
2921 27.8 0.3 13:36.33
2921 31.6 0.3 13:36.58
2921 36.8 0.3 13:36.87
2921 26.3 0.3 13:37.21
2921 52.6 0.3 13:37.49
2921 21.1 0.3 13:37.81
2921 21.1 0.3 13:38.07
2921 42.1 0.3 13:38.35
2921 15.0 0.3 13:38.63
2921 31.6 0.3 13:38.89
2921 33.3 0.3 13:39.15
2921 63.2 0.3 13:39.52
2921 42.1 0.3 13:39.81
2921 25.0 0.3 13:40.05
2921 27.8 0.3 13:40.31
2921 15.8 0.3 13:40.66
2921 25.0 0.3 13:40.95
2921 21.1 0.3 13:41.24
2921 22.2 0.3 13:41.66
2921 42.1 0.3 13:41.91
2921 38.9 0.3 13:42.19
2921 21.1 0.3 13:42.50
2921 30.0 0.3 13:42.77
2921 38.9 0.3 13:43.10
2921 44.4 0.3 13:43.38
2921 21.1 0.3 13:43.61
2921 22.2 0.3 13:43.89
2921 33.3 0.3 13:44.23
2921 50.0 0.3 13:44.62
2921 22.2 0.3 13:44.91
2921 25.0 0.3 13:45.32
2921 26.3 0.3 13:45.62
2921 25.0 0.3 13:45.87
2921 30.0 0.3 13:46.12
2921 36.8 0.3 13:46.42
2921 44.4 0.3 13:46.72
2921 25.0 0.3 13:46.98
2921 35.0 0.3 13:47.36
2921 28.6 0.3 13:47.60
2921 22.2 0.3 13:47.83
2921 68.4 0.3 13:48.19
2921 55.0 0.3 13:48.51
2921 44.4 0.3 13:48.80
2921 44.4 0.3 13:49.07
2921 22.2 0.3 13:49.33
2921 22.2 0.3 13:49.57
2921 27.8 0.3 13:49.85
2921 50.0 0.3 13:50.21
2921 31.6 0.3 13:50.50
2921 40.0 0.3 13:50.81
2921 50.0 0.3 13:51.12
2921 14.3 0.3 13:51.39
2921 22.2 0.3 13:51.70
2921 36.8 0.3 13:51.98
2921 36.8 0.3 13:52.32
2921 15.8 0.3 13:52.63
2921 22.2 0.3 13:52.93
2921 26.3 0.3 13:53.18
2921 38.9 0.3 13:53.57
2921 22.2 0.3 13:53.80
2921 63.2 0.3 13:54.15
2921 22.2 0.3 13:54.40
2921 36.8 0.3 13:54.67
2921 44.4 0.3 13:54.99
2921 31.6 0.3 13:55.23
2921 27.8 0.3 13:55.55
2921 30.0 0.3 13:55.80
2921 33.3 0.3 13:56.11
2921 26.3 0.3 13:56.39
2921 30.0 0.3 13:56.66
2921 31.6 0.3 13:56.94
2921 33.3 0.3 13:57.19
2921 16.7 0.3 13:57.42
2921 31.6 0.3 13:57.72
2921 36.8 0.3 13:58.01
2921 15.8 0.3 13:58.30
2921 21.1 0.3 13:58.56
2921 44.4 0.3 13:58.86
2921 31.6 0.3 13:59.12
2921 27.8 0.3 13:59.37
2921 35.0 0.3 13:59.79
2921 26.3 0.3 14:00.05
2921 21.1 0.3 14:00.33
2921 36.8 0.3 14:00.63
2921 47.4 0.3 14:00.92
2921 36.8 0.3 14:01.21
2921 21.1 0.3 14:01.48
2921 36.8 0.3 14:01.77
2921 15.8 0.3 14:02.00
2921 45.0 0.3 14:02.29
2921 22.2 0.3 14:02.53
2921 44.4 0.3 14:02.84
2921 40.0 0.3 14:03.14
2921 22.2 0.3 14:03.38
2921 26.3 0.3 14:03.67
2921 21.1 0.3 14:03.92
2921 25.0 0.3 14:04.19
2921 17.2 0.3 14:04.50
2921 9.1 0.3 14:04.82
