2921 5.6 0.3 8:40.00
2921 5.3 0.3 8:40.09
2921 5.3 0.3 8:40.24
2921 10.0 0.3 8:40.34
2921 10.5 0.3 8:40.46
2921 5.0 0.3 8:40.55
2921 5.3 0.3 8:40.67
2921 5.3 0.3 8:40.87
2921 10.5 0.3 8:41.01
2921 4.8 0.3 8:41.12
2921 5.6 0.3 8:41.29
2921 40.0 0.3 8:41.46
2921 22.2 0.3 8:41.62
2921 42.9 0.3 8:41.84
2921 30.0 0.3 8:42.15
2921 11.1 0.3 8:42.34
2921 10.5 0.3 8:42.49
2921 36.8 0.3 8:42.73
2921 10.5 0.3 8:43.18
2921 10.5 0.3 8:43.46
2921 5.3 0.3 8:43.58
2921 15.8 0.3 8:43.94
2921 15.8 0.3 8:44.11
2921 21.1 0.3 8:44.41
2921 31.6 0.3 8:44.75
2921 5.6 0.3 8:44.94
2921 42.1 0.3 8:45.16
2921 10.5 0.3 8:45.33
2921 33.3 0.3 8:45.57
2921 42.1 0.3 8:45.82
2921 15.8 0.3 8:46.19
2921 10.5 0.3 8:46.35
2921 52.4 0.3 8:46.71
2921 35.0 0.3 8:47.23
2921 10.0 0.3 8:47.50
2921 10.0 0.3 8:47.69
2921 14.3 0.3 8:47.98
2921 11.1 0.3 8:48.15
2921 38.9 0.3 8:48.47
2921 30.0 0.3 8:48.65
2921 15.8 0.3 8:48.92
2921 31.6 0.3 8:49.12
2921 15.8 0.3 8:49.38
2921 36.8 0.3 8:49.60
2921 20.0 0.3 8:49.84
2921 36.8 0.3 8:50.35
2921 11.1 0.3 8:50.54
2921 31.6 0.3 8:50.82
2921 11.1 0.3 8:51.25
2921 57.9 0.3 8:51.62
2921 33.3 0.3 8:52.40
2921 21.1 0.3 8:52.68
2921 20.0 0.3 8:53.49
2921 31.6 0.3 8:53.80
2921 20.0 0.3 8:54.09
2921 19.0 0.3 8:54.41
2921 33.3 0.3 8:54.61
2921 15.8 0.3 8:55.16
2921 42.1 0.3 8:55.39
2921 22.7 0.3 8:55.66
2921 31.6 0.3 8:55.94
2921 22.2 0.3 8:56.25
2921 77.8 0.3 8:56.67
2921 27.3 0.3 8:57.21
2921 25.0 0.3 8:57.52
2921 26.3 0.3 8:57.92
2921 47.4 0.3 8:58.25
2921 21.1 0.3 8:58.72
2921 15.8 0.3 8:59.01
2921 30.0 0.3 8:59.24
2921 57.9 0.3 8:59.59
2921 42.1 0.3 8:59.86
2921 21.1 0.3 9:00.26
2921 20.0 0.3 9:00.49
2921 44.4 0.3 9:00.83
2921 33.3 0.3 9:01.13
2921 45.0 0.3 9:01.41
2921 22.2 0.3 9:01.68
2921 52.6 0.3 9:01.95
2921 47.4 0.3 9:02.27
2921 20.0 0.3 9:02.63
2921 15.0 0.3 9:02.92
2921 31.6 0.3 9:03.40
2921 31.6 0.3 9:03.71
2921 38.9 0.3 9:04.05
2921 15.0 0.3 9:04.33
2921 26.3 0.3 9:04.57
2921 30.0 0.3 9:04.85
2921 36.4 0.3 9:05.24
2921 19.0 0.3 9:05.49
2921 36.8 0.3 9:05.77
2921 31.6 0.3 9:06.01
2921 25.0 0.3 9:06.28
2921 33.3 0.3 9:06.59
2921 63.2 0.3 9:06.95
2921 26.3 0.3 9:07.17
2921 50.0 0.3 9:07.49
2921 28.6 0.3 9:07.81
2921 42.1 0.3 9:08.11
2921 20.0 0.3 9:08.36
2921 21.1 0.3 9:08.63
2921 31.6 0.3 9:08.89
2921 44.4 0.3 9:09.18
2921 36.8 0.3 9:09.52
2921 31.6 0.3 9:09.78
2921 26.3 0.3 9:10.02
2921 52.6 0.3 9:10.34
2921 38.9 0.3 9:10.76
2921 15.0 0.3 9:10.99
2921 20.0 0.3 9:11.24
2921 26.3 0.3 9:11.53
2921 20.0 0.3 9:11.91
2921 23.8 0.3 9:12.30
2921 63.2 0.3 9:12.66
2921 19.0 0.3 9:12.98
2921 36.8 0.3 9:13.27
2921 33.3 0.3 9:13.53
2921 21.1 0.3 9:13.88
2921 21.1 0.3 9:14.22
2921 26.3 0.3 9:14.51
2921 25.0 0.3 9:14.77
2921 50.0 0.3 9:15.07
2921 14.3 0.3 9:15.33
2921 38.9 0.3 9:15.57
2921 26.3 0.3 9:15.84
2921 22.2 0.3 9:16.18
2921 21.1 0.3 9:16.48
2921 31.6 0.3 9:16.74
2921 42.1 0.3 9:17.05
2921 22.2 0.3 9:17.30
2921 15.8 0.3 9:17.54
2921 21.1 0.3 9:17.81
2921 50.0 0.3 9:18.14
2921 31.6 0.3 9:18.40
2921 21.1 0.3 9:18.64
2921 27.8 0.3 9:18.89
2921 50.0 0.3 9:19.30
2921 26.3 0.3 9:19.59
2921 22.2 0.3 9:19.86
2921 50.0 0.3 9:20.18
2921 15.8 0.3 9:20.41
2921 27.8 0.3 9:20.68
2921 42.1 0.3 9:20.97
2921 42.1 0.3 9:21.33
2921 21.1 0.3 9:21.54
2921 36.8 0.3 9:21.81
2921 21.1 0.3 9:22.04
2921 21.1 0.3 9:22.33
2921 31.6 0.3 9:22.69
2921 36.8 0.3 9:22.98
2921 36.8 0.3 9:23.27
2921 47.4 0.3 9:23.55
2921 38.9 0.3 9:23.90
2921 40.0 0.3 9:24.19
2921 26.3 0.3 9:24.49
2921 15.0 0.3 9:24.78
2921 31.6 0.3 9:25.06
2921 20.0 0.3 9:25.29
2921 22.2 0.3 9:25.55
2921 19.0 0.3 9:25.81
2921 21.1 0.3 9:26.05
2921 22.7 0.3 9:26.37
2921 20.0 0.3 9:26.63
2921 35.0 0.3 9:26.94
2921 60.0 0.3 9:27.33
2921 26.3 0.3 9:27.69
2921 27.8 0.3 9:27.99
2921 33.3 0.3 9:28.26
2921 21.1 0.3 9:28.61
2921 15.8 0.3 9:28.85
2921 40.0 0.3 9:29.14
2921 50.0 0.3 9:29.44
2921 25.0 0.3 9:29.73
2921 25.0 0.3 9:29.98
2921 47.4 0.3 9:30.29
2921 55.0 0.3 9:30.62
2921 15.8 0.3 9:30.88
2921 30.0 0.3 9:31.15
2921 31.6 0.3 9:31.43
2921 27.8 0.3 9:31.71
2921 30.0 0.3 9:31.97
2921 31.6 0.3 9:32.24
2921 31.6 0.3 9:32.54
2921 31.6 0.3 9:32.85
2921 44.4 0.3 9:33.13
2921 21.1 0.3 9:33.50
2921 44.4 0.3 9:33.80
2921 5.3 0.3 9:34.00
