2921 10.5 0.2 17:37.85
2921 10.0 0.2 17:38.01
2921 33.3 0.2 17:38.25
2921 45.0 0.2 17:38.47
2921 31.6 0.2 17:38.72
2921 30.0 0.2 17:38.89
2921 27.8 0.2 17:39.13
2921 25.0 0.2 17:39.46
2921 25.0 0.2 17:39.75
2921 15.8 0.2 17:40.11
2921 25.0 0.2 17:40.59
2921 15.8 0.2 17:40.82
2921 16.7 0.2 17:41.10
2921 31.6 0.2 17:41.46
2921 33.3 0.2 17:41.87
2921 21.1 0.2 17:42.14
2921 16.7 0.2 17:42.37
2921 31.6 0.2 17:42.63
2921 23.8 0.2 17:43.04
2921 38.9 0.2 17:43.54
2921 31.6 0.2 17:43.78
2921 31.6 0.2 17:44.04
2921 27.8 0.2 17:44.26
2921 25.0 0.2 17:44.50
2921 15.0 0.2 17:44.73
2921 16.7 0.2 17:44.96
2921 23.8 0.2 17:45.25
2921 21.1 0.2 17:45.49
2921 26.3 0.2 17:45.73
2921 20.0 0.2 17:46.08
2921 27.8 0.2 17:46.33
2921 31.6 0.2 17:46.61
2921 30.0 0.2 17:46.89
2921 40.0 0.2 17:47.18
2921 36.8 0.2 17:47.42
2921 36.8 0.2 17:47.67
2921 21.1 0.2 17:47.89
2921 47.4 0.2 17:48.18
2921 33.3 0.2 17:48.43
2921 21.1 0.2 17:48.67
2921 31.6 0.2 17:48.98
2921 21.1 0.2 17:49.29
2921 15.8 0.2 17:49.66
2921 31.6 0.2 17:49.93
2921 20.0 0.2 17:50.19
2921 55.0 0.2 17:50.50
2921 36.8 0.2 17:50.79
2921 36.8 0.2 17:51.08
2921 22.2 0.2 17:51.30
2921 36.8 0.2 17:51.57
2921 22.2 0.2 17:51.82
2921 36.8 0.2 17:52.08
2921 26.3 0.2 17:52.33
2921 22.2 0.2 17:52.60
2921 25.0 0.2 17:52.91
2921 25.0 0.2 17:53.18
2921 21.1 0.2 17:53.45
2921 26.3 0.2 17:53.71
2921 37.1 0.2 17:54.21
2921 27.8 0.2 17:54.45
2921 36.8 0.2 17:54.80
2921 44.4 0.2 17:55.21
2921 36.8 0.2 17:55.47
2921 21.1 0.2 17:55.75
2921 36.8 0.2 17:56.00
2921 31.6 0.2 17:56.28
2921 27.8 0.2 17:56.57
2921 31.6 0.2 17:56.84
2921 22.2 0.2 17:57.07
2921 47.4 0.2 17:57.36
2921 38.9 0.2 17:57.61
2921 57.9 0.2 17:57.93
2921 26.3 0.2 17:58.25
2921 42.1 0.2 17:58.55
2921 45.0 0.2 17:58.84
2921 15.0 0.2 17:59.09
2921 20.0 0.2 17:59.41
2921 38.9 0.2 17:59.72
2921 40.0 0.2 17:59.99
2921 26.3 0.2 18:00.24
2921 50.0 0.2 18:00.54
2921 22.2 0.2 18:00.77
2921 40.0 0.2 18:01.05
2921 36.8 0.2 18:01.39
2921 42.1 0.2 18:01.72
2921 15.0 0.2 18:01.95
2921 31.6 0.2 18:02.26
2921 44.4 0.2 18:02.58
2921 22.2 0.2 18:02.83
2921 36.8 0.2 18:03.13
2921 21.1 0.2 18:03.38
2921 25.0 0.2 18:03.62
2921 30.0 0.2 18:03.91
2921 35.0 0.2 18:04.19
29212 0.0 0.0 0:00.01
2921 33.3 0.2 18:04.70
2921 21.1 0.2 18:04.96
2921 21.1 0.2 18:05.20
2921 44.4 0.2 18:05.50
2921 36.8 0.2 18:05.77
2921 31.6 0.2 18:06.06
2921 50.0 0.2 18:06.36
2921 26.3 0.2 18:06.61
2921 27.8 0.2 18:06.86
2921 42.1 0.2 18:07.14
2921 21.1 0.2 18:07.39
2921 45.0 0.2 18:07.68
2921 5.3 0.2 18:07.85
