2922 5.0 0.2 3:11.02
2922 0.0 0.2 3:11.05
2922 0.0 0.2 3:11.07
2922 0.0 0.2 3:11.09
2922 0.0 0.2 3:11.11
2922 10.5 0.2 3:11.16
2922 0.0 0.2 3:11.19
2922 5.3 0.2 3:11.24
2922 5.0 0.2 3:11.27
2922 5.3 0.2 3:11.28
2922 5.3 0.2 3:11.33
2922 0.0 0.2 3:11.38
2922 5.0 0.2 3:11.41
2922 0.0 0.2 3:11.43
2922 4.8 0.2 3:11.46
2922 10.0 0.2 3:11.49
2922 5.3 0.2 3:11.53
2922 14.3 0.2 3:11.59
2922 0.0 0.2 3:11.60
2922 5.6 0.2 3:11.63
2922 0.0 0.2 3:11.66
2922 5.3 0.2 3:11.69
2922 4.8 0.2 3:11.73
2922 0.0 0.2 3:11.74
2922 0.0 0.2 3:11.77
2922 0.0 0.2 3:11.80
2922 3.8 0.2 3:11.82
2922 5.0 0.2 3:11.86
2922 5.3 0.2 3:11.89
2922 5.6 0.2 3:11.91
2922 5.3 0.2 3:11.93
2922 5.6 0.2 3:11.95
2922 5.3 0.2 3:11.98
2922 0.0 0.2 3:12.01
2922 0.0 0.2 3:12.03
2922 5.3 0.2 3:12.05
2922 5.3 0.2 3:12.07
2922 0.0 0.2 3:12.09
2922 10.0 0.2 3:12.13
2922 10.0 0.2 3:12.19
2922 0.0 0.2 3:12.24
2922 5.6 0.2 3:12.28
2922 5.3 0.2 3:12.32
2922 5.3 0.2 3:12.39
2922 0.0 0.2 3:12.40
2922 4.8 0.2 3:12.43
2922 5.0 0.2 3:12.47
2922 5.3 0.2 3:12.50
2922 0.0 0.2 3:12.53
2922 0.0 0.2 3:12.54
2922 0.0 0.2 3:12.58
2922 0.0 0.2 3:12.60
2922 0.0 0.2 3:12.64
2922 5.6 0.2 3:12.68
2922 4.8 0.2 3:12.71
2922 0.0 0.2 3:12.72
2922 9.5 0.2 3:12.75
2922 0.0 0.2 3:12.80
2922 0.0 0.2 3:12.84
2922 5.3 0.2 3:12.86
2922 0.0 0.2 3:12.89
2922 5.3 0.2 3:12.93
2922 5.3 0.2 3:12.98
2922 4.8 0.2 3:13.01
2922 0.0 0.2 3:13.04
2922 5.6 0.2 3:13.06
2922 5.3 0.2 3:13.12
2922 5.6 0.2 3:13.16
2922 0.0 0.2 3:13.20
2922 18.2 0.2 3:13.29
2922 0.0 0.2 3:13.30
2922 0.0 0.2 3:13.33
2922 0.0 0.2 3:13.34
2922 0.0 0.2 3:13.36
2922 0.0 0.2 3:13.42
2922 0.0 0.2 3:13.45
