2923 5.3 0.2 0:14.02
2923 0.0 0.2 0:14.03
2923 0.0 0.2 0:14.03
2923 0.0 0.2 0:14.03
2923 0.0 0.2 0:14.03
2923 0.0 0.2 0:14.03
2923 0.0 0.2 0:14.03
2923 0.0 0.2 0:14.03
2923 0.0 0.2 0:14.03
2923 0.0 0.2 0:14.03
2923 0.0 0.2 0:14.03
2923 0.0 0.2 0:14.04
2923 0.0 0.2 0:14.04
2923 0.0 0.2 0:14.04
2923 0.0 0.2 0:14.04
2923 0.0 0.2 0:14.04
2923 0.0 0.2 0:14.04
2923 0.0 0.2 0:14.04
2923 0.0 0.2 0:14.04
2923 0.0 0.2 0:14.04
2923 0.0 0.2 0:14.04
2923 0.0 0.2 0:14.04
2923 0.0 0.2 0:14.04
2923 0.0 0.2 0:14.04
2923 0.0 0.2 0:14.04
2923 0.0 0.2 0:14.04
2923 0.0 0.2 0:14.04
2923 0.0 0.2 0:14.04
2923 4.5 0.2 0:14.05
2923 0.0 0.2 0:14.07
2923 0.0 0.2 0:14.07
2923 0.0 0.2 0:14.07
2923 0.0 0.2 0:14.07
2923 0.0 0.2 0:14.07
2923 0.0 0.2 0:14.07
2923 0.0 0.2 0:14.07
2923 0.0 0.2 0:14.07
2923 0.0 0.2 0:14.07
2923 0.0 0.2 0:14.07
2923 0.0 0.2 0:14.07
2923 0.0 0.2 0:14.07
2923 0.0 0.2 0:14.07
2923 0.0 0.2 0:14.07
2923 0.0 0.2 0:14.07
2923 0.0 0.2 0:14.07
2923 0.0 0.2 0:14.07
2923 0.0 0.2 0:14.08
2923 0.0 0.2 0:14.08
2923 0.0 0.2 0:14.08
2923 0.0 0.2 0:14.08
2923 0.0 0.2 0:14.08
2923 0.0 0.2 0:14.08
2923 0.0 0.2 0:14.08
2923 0.0 0.2 0:14.08
2923 0.0 0.2 0:14.08
2923 0.0 0.2 0:14.08
2923 0.0 0.2 0:14.08
2923 0.0 0.2 0:14.08
2923 0.0 0.2 0:14.08
2923 0.0 0.2 0:14.08
2923 0.0 0.2 0:14.08
2923 0.0 0.2 0:14.08
2923 0.0 0.2 0:14.08
2923 0.0 0.2 0:14.08
2923 0.0 0.2 0:14.08
2923 0.0 0.2 0:14.08
2923 0.0 0.2 0:14.08
2923 0.0 0.2 0:14.08
2923 0.0 0.2 0:14.08
2923 0.0 0.2 0:14.09
2923 0.0 0.2 0:14.09
2923 0.0 0.2 0:14.09
2923 0.0 0.2 0:14.09
2923 0.0 0.2 0:14.09
2923 0.0 0.2 0:14.09
2923 0.0 0.2 0:14.09
