2923 5.0 0.2 0:11.73
2923 0.0 0.2 0:11.76
2923 0.0 0.2 0:11.78
22923 0.0 0.0 0:00.00
2923 0.0 0.2 0:11.82
2923 0.0 0.2 0:11.83
2923 0.0 0.2 0:11.83
2923 0.0 0.2 0:11.83
2923 0.0 0.2 0:11.84
2923 0.0 0.2 0:11.84
2923 0.0 0.2 0:11.84
2923 0.0 0.2 0:11.84
2923 0.0 0.2 0:11.84
2923 0.0 0.2 0:11.84
2923 0.0 0.2 0:11.84
2923 0.0 0.2 0:11.84
2923 0.0 0.2 0:11.84
2923 0.0 0.2 0:11.84
2923 0.0 0.2 0:11.84
2923 0.0 0.2 0:11.84
2923 0.0 0.2 0:11.84
2923 0.0 0.2 0:11.85
2923 0.0 0.2 0:11.85
2923 0.0 0.2 0:11.85
2923 0.0 0.2 0:11.85
2923 0.0 0.2 0:11.85
2923 0.0 0.2 0:11.85
2923 0.0 0.2 0:11.85
2923 0.0 0.2 0:11.85
2923 0.0 0.2 0:11.85
2923 0.0 0.2 0:11.85
2923 0.0 0.2 0:11.85
2923 0.0 0.2 0:11.85
2923 0.0 0.2 0:11.85
2923 0.0 0.2 0:11.85
2923 0.0 0.2 0:11.85
2923 0.0 0.2 0:11.85
2923 0.0 0.2 0:11.85
2923 0.0 0.2 0:11.86
2923 0.0 0.2 0:11.86
2923 0.0 0.2 0:11.86
2923 0.0 0.2 0:11.86
2923 0.0 0.2 0:11.86
2923 0.0 0.2 0:11.86
2923 0.0 0.2 0:11.86
2923 0.0 0.2 0:11.86
2923 0.0 0.2 0:11.86
2923 0.0 0.2 0:11.86
2923 0.0 0.2 0:11.86
2923 0.0 0.2 0:11.86
2923 0.0 0.2 0:11.86
2923 0.0 0.2 0:11.86
2923 0.0 0.2 0:11.86
2923 0.0 0.2 0:11.86
2923 0.0 0.2 0:11.86
2923 0.0 0.2 0:11.86
2923 0.0 0.2 0:11.86
2923 0.0 0.2 0:11.86
2923 0.0 0.2 0:11.86
2923 0.0 0.2 0:11.86
2923 0.0 0.2 0:11.86
2923 0.0 0.2 0:11.86
2923 0.0 0.2 0:11.86
2923 0.0 0.2 0:11.86
2923 0.0 0.2 0:11.86
2923 0.0 0.2 0:11.86
2923 0.0 0.2 0:11.86
2923 0.0 0.2 0:11.86
2923 0.0 0.2 0:11.86
2923 0.0 0.2 0:11.86
2923 0.0 0.2 0:11.86
2923 0.0 0.2 0:11.86
2923 0.0 0.2 0:11.86
2923 0.0 0.2 0:11.86
2923 0.0 0.2 0:11.86
2923 0.0 0.2 0:11.87
2923 0.0 0.2 0:11.87
2923 0.0 0.2 0:11.87
2923 0.0 0.2 0:11.87
2923 0.0 0.2 0:11.88
2923 0.0 0.2 0:11.88
2923 0.0 0.2 0:11.88
2923 0.0 0.2 0:11.88
2923 0.0 0.2 0:11.88
2923 0.0 0.2 0:11.88
2923 0.0 0.2 0:11.88
2923 0.0 0.2 0:11.88
2923 0.0 0.2 0:11.88
2923 0.0 0.2 0:11.88
2923 0.0 0.2 0:11.88
2923 0.0 0.2 0:11.88
2923 0.0 0.2 0:11.88
2923 0.0 0.2 0:11.88
2923 0.0 0.2 0:11.88
2923 0.0 0.2 0:11.88
2923 0.0 0.2 0:11.88
2923 0.0 0.2 0:11.88
2923 0.0 0.2 0:11.88
2923 0.0 0.2 0:11.89
2923 0.0 0.2 0:11.89
2923 0.0 0.2 0:11.89
2923 0.0 0.2 0:11.89
2923 0.0 0.2 0:11.89
2923 0.0 0.2 0:11.89
2923 0.0 0.2 0:11.89
2923 0.0 0.2 0:11.89
2923 0.0 0.2 0:11.89
2923 0.0 0.2 0:11.89
