2923 5.3 0.2 0:14.11
2923 0.0 0.2 0:14.14
2923 0.0 0.2 0:14.14
2923 0.0 0.2 0:14.14
2923 0.0 0.2 0:14.14
2923 0.0 0.2 0:14.14
2923 0.0 0.2 0:14.14
2923 0.0 0.2 0:14.14
2923 0.0 0.2 0:14.14
2923 0.0 0.2 0:14.14
2923 0.0 0.2 0:14.14
2923 0.0 0.2 0:14.14
2923 0.0 0.2 0:14.14
2923 0.0 0.2 0:14.14
2923 0.0 0.2 0:14.14
2923 0.0 0.2 0:14.14
2923 0.0 0.2 0:14.14
2923 0.0 0.2 0:14.14
2923 0.0 0.2 0:14.14
2923 0.0 0.2 0:14.14
2923 0.0 0.2 0:14.14
2923 0.0 0.2 0:14.14
2923 0.0 0.2 0:14.14
2923 0.0 0.2 0:14.14
2923 0.0 0.2 0:14.14
2923 0.0 0.2 0:14.14
2923 0.0 0.2 0:14.14
2923 0.0 0.2 0:14.14
2923 0.0 0.2 0:14.14
2923 0.0 0.2 0:14.14
2923 0.0 0.2 0:14.14
2923 0.0 0.2 0:14.14
2923 0.0 0.2 0:14.14
2923 0.0 0.2 0:14.14
2923 4.3 0.2 0:14.15
2923 0.0 0.2 0:14.15
2923 0.0 0.2 0:14.15
2923 0.0 0.2 0:14.15
2923 0.0 0.2 0:14.15
2923 0.0 0.2 0:14.15
2923 0.0 0.2 0:14.15
2923 0.0 0.2 0:14.15
2923 0.0 0.2 0:14.15
2923 0.0 0.2 0:14.15
2923 0.0 0.2 0:14.15
2923 0.0 0.2 0:14.15
2923 0.0 0.2 0:14.15
2923 0.0 0.2 0:14.15
2923 0.0 0.2 0:14.15
2923 0.0 0.2 0:14.15
2923 0.0 0.2 0:14.15
2923 0.0 0.2 0:14.15
2923 0.0 0.2 0:14.15
2923 0.0 0.2 0:14.15
2923 0.0 0.2 0:14.15
2923 0.0 0.2 0:14.15
2923 0.0 0.2 0:14.15
2923 0.0 0.2 0:14.15
2923 0.0 0.2 0:14.16
2923 0.0 0.2 0:14.16
2923 0.0 0.2 0:14.16
2923 0.0 0.2 0:14.16
2923 0.0 0.2 0:14.16
2923 0.0 0.2 0:14.16
2923 0.0 0.2 0:14.16
2923 0.0 0.2 0:14.16
2923 0.0 0.2 0:14.16
2923 0.0 0.2 0:14.16
2923 0.0 0.2 0:14.16
2923 0.0 0.2 0:14.16
2923 0.0 0.2 0:14.16
2923 0.0 0.2 0:14.16
2923 0.0 0.2 0:14.16
2923 0.0 0.2 0:14.16
2923 0.0 0.2 0:14.16
2923 0.0 0.2 0:14.16
