2923 5.0 0.2 0:14.20
2923 0.0 0.2 0:14.21
2923 0.0 0.2 0:14.21
2923 0.0 0.2 0:14.21
2923 0.0 0.2 0:14.21
2923 0.0 0.2 0:14.21
2923 0.0 0.2 0:14.21
2923 0.0 0.2 0:14.21
2923 0.0 0.2 0:14.21
2923 0.0 0.2 0:14.21
2923 0.0 0.2 0:14.21
2923 0.0 0.2 0:14.22
2923 0.0 0.2 0:14.22
2923 0.0 0.2 0:14.22
2923 0.0 0.2 0:14.22
2923 0.0 0.2 0:14.22
2923 0.0 0.2 0:14.22
2923 0.0 0.2 0:14.22
2923 0.0 0.2 0:14.22
2923 0.0 0.2 0:14.22
2923 0.0 0.2 0:14.22
2923 0.0 0.2 0:14.22
2923 0.0 0.2 0:14.22
2923 0.0 0.2 0:14.22
2923 0.0 0.2 0:14.22
2923 0.0 0.2 0:14.22
2923 0.0 0.2 0:14.22
2923 0.0 0.2 0:14.22
2923 0.0 0.2 0:14.22
2923 0.0 0.2 0:14.22
2923 0.0 0.2 0:14.22
2923 0.0 0.2 0:14.22
2923 0.0 0.2 0:14.22
2923 0.0 0.2 0:14.23
2923 0.0 0.2 0:14.23
2923 0.0 0.2 0:14.23
2923 0.0 0.2 0:14.23
2923 0.0 0.2 0:14.23
2923 0.0 0.2 0:14.23
2923 0.0 0.2 0:14.23
2923 0.0 0.2 0:14.23
2923 0.0 0.2 0:14.23
2923 0.0 0.2 0:14.23
2923 0.0 0.2 0:14.25
2923 0.0 0.2 0:14.25
2923 0.0 0.2 0:14.25
2923 0.0 0.2 0:14.25
2923 0.0 0.2 0:14.25
2923 0.0 0.2 0:14.25
2923 0.0 0.2 0:14.25
2923 0.0 0.2 0:14.25
2923 0.0 0.2 0:14.25
2923 0.0 0.2 0:14.25
2923 0.0 0.2 0:14.25
2923 0.0 0.2 0:14.25
2923 0.0 0.2 0:14.25
2923 0.0 0.2 0:14.26
2923 0.0 0.2 0:14.26
2923 0.0 0.2 0:14.26
2923 0.0 0.2 0:14.26
2923 0.0 0.2 0:14.26
2923 0.0 0.2 0:14.26
2923 0.0 0.2 0:14.26
2923 0.0 0.2 0:14.26
2923 0.0 0.2 0:14.26
2923 0.0 0.2 0:14.26
2923 0.0 0.2 0:14.26
2923 0.0 0.2 0:14.26
2923 0.0 0.2 0:14.26
2923 0.0 0.2 0:14.26
2923 0.0 0.2 0:14.26
2923 0.0 0.2 0:14.26
2923 0.0 0.2 0:14.26
2923 0.0 0.2 0:14.26
2923 0.0 0.2 0:14.26
2923 0.0 0.2 0:14.26
