2923 11.1 0.2 0:12.56
2923 0.0 0.2 0:12.60
2923 0.0 0.2 0:12.62
2923 0.0 0.2 0:12.63
2923 0.0 0.2 0:12.63
2923 0.0 0.2 0:12.63
2923 0.0 0.2 0:12.63
2923 0.0 0.2 0:12.63
2923 0.0 0.2 0:12.63
2923 0.0 0.2 0:12.63
2923 0.0 0.2 0:12.63
2923 0.0 0.2 0:12.63
2923 0.0 0.2 0:12.63
2923 0.0 0.2 0:12.63
2923 0.0 0.2 0:12.63
2923 0.0 0.2 0:12.63
2923 0.0 0.2 0:12.63
2923 0.0 0.2 0:12.66
2923 0.0 0.2 0:12.66
2923 0.0 0.2 0:12.66
2923 0.0 0.2 0:12.66
2923 0.0 0.2 0:12.66
2923 0.0 0.2 0:12.66
2923 0.0 0.2 0:12.66
2923 0.0 0.2 0:12.66
2923 0.0 0.2 0:12.66
2923 0.0 0.2 0:12.66
2923 0.0 0.2 0:12.66
2923 0.0 0.2 0:12.66
2923 0.0 0.2 0:12.66
2923 0.0 0.2 0:12.66
2923 0.0 0.2 0:12.66
2923 0.0 0.2 0:12.66
2923 0.0 0.2 0:12.66
2923 0.0 0.2 0:12.66
2923 0.0 0.2 0:12.66
2923 0.0 0.2 0:12.66
2923 0.0 0.2 0:12.66
2923 0.0 0.2 0:12.66
2923 0.0 0.2 0:12.66
2923 0.0 0.2 0:12.66
2923 0.0 0.2 0:12.66
2923 0.0 0.2 0:12.66
2923 0.0 0.2 0:12.66
2923 0.0 0.2 0:12.66
2923 0.0 0.2 0:12.66
2923 0.0 0.2 0:12.66
2923 0.0 0.2 0:12.66
2923 0.0 0.2 0:12.66
2923 0.0 0.2 0:12.66
2923 0.0 0.2 0:12.66
2923 0.0 0.2 0:12.66
2923 0.0 0.2 0:12.66
2923 0.0 0.2 0:12.66
2923 0.0 0.2 0:12.66
2923 0.0 0.2 0:12.66
2923 0.0 0.2 0:12.66
2923 0.0 0.2 0:12.66
2923 0.0 0.2 0:12.66
2923 0.0 0.2 0:12.66
2923 0.0 0.2 0:12.66
2923 0.0 0.2 0:12.66
2923 0.0 0.2 0:12.66
2923 0.0 0.2 0:12.66
2923 0.0 0.2 0:12.66
2923 0.0 0.2 0:12.66
2923 0.0 0.2 0:12.66
2923 0.0 0.2 0:12.66
2923 0.0 0.2 0:12.66
2923 0.0 0.2 0:12.66
2923 4.8 0.2 0:12.67
2923 0.0 0.2 0:12.67
2923 0.0 0.2 0:12.67
2923 0.0 0.2 0:12.67
2923 0.0 0.2 0:12.67
2923 0.0 0.2 0:12.67
2923 0.0 0.2 0:12.67
2923 0.0 0.2 0:12.67
2923 0.0 0.2 0:12.67
2923 0.0 0.2 0:12.67
2923 0.0 0.2 0:12.67
2923 0.0 0.2 0:12.67
2923 0.0 0.2 0:12.67
2923 0.0 0.2 0:12.67
2923 0.0 0.2 0:12.67
2923 0.0 0.2 0:12.67
2923 0.0 0.2 0:12.68
2923 0.0 0.2 0:12.68
2923 0.0 0.2 0:12.68
2923 0.0 0.2 0:12.68
2923 0.0 0.2 0:12.68
2923 0.0 0.2 0:12.68
2923 0.0 0.2 0:12.69
2923 0.0 0.2 0:12.70
2923 0.0 0.2 0:12.70
2923 0.0 0.2 0:12.70
2923 0.0 0.2 0:12.70
2923 0.0 0.2 0:12.70
2923 0.0 0.2 0:12.70
2923 0.0 0.2 0:12.70
2923 0.0 0.2 0:12.70
2923 0.0 0.2 0:12.70
2923 0.0 0.2 0:12.70
2923 0.0 0.2 0:12.70
2923 0.0 0.2 0:12.70
2923 0.0 0.2 0:12.70
2923 0.0 0.2 0:12.70
2923 0.0 0.2 0:12.70
