2923 10.5 0.2 0:13.50
2923 0.0 0.2 0:13.54
2923 0.0 0.2 0:13.54
2923 0.0 0.2 0:13.55
2923 0.0 0.2 0:13.55
2923 0.0 0.2 0:13.55
2923 0.0 0.2 0:13.55
2923 0.0 0.2 0:13.55
2923 0.0 0.2 0:13.55
2923 0.0 0.2 0:13.55
2923 0.0 0.2 0:13.55
2923 0.0 0.2 0:13.55
2923 0.0 0.2 0:13.55
2923 0.0 0.2 0:13.55
2923 0.0 0.2 0:13.55
2923 0.0 0.2 0:13.55
2923 0.0 0.2 0:13.55
2923 0.0 0.2 0:13.55
2923 0.0 0.2 0:13.55
2923 0.0 0.2 0:13.55
2923 0.0 0.2 0:13.55
2923 0.0 0.2 0:13.55
2923 0.0 0.2 0:13.55
2923 0.0 0.2 0:13.58
2923 0.0 0.2 0:13.58
2923 0.0 0.2 0:13.58
2923 0.0 0.2 0:13.58
2923 0.0 0.2 0:13.58
2923 0.0 0.2 0:13.58
2923 5.0 0.2 0:13.59
2923 0.0 0.2 0:13.59
2923 0.0 0.2 0:13.59
2923 0.0 0.2 0:13.59
2923 0.0 0.2 0:13.59
2923 0.0 0.2 0:13.59
2923 0.0 0.2 0:13.59
2923 0.0 0.2 0:13.59
2923 0.0 0.2 0:13.59
2923 0.0 0.2 0:13.59
2923 0.0 0.2 0:13.59
2923 0.0 0.2 0:13.59
2923 0.0 0.2 0:13.59
2923 0.0 0.2 0:13.60
2923 0.0 0.2 0:13.60
2923 0.0 0.2 0:13.60
2923 0.0 0.2 0:13.60
2923 0.0 0.2 0:13.60
2923 0.0 0.2 0:13.60
2923 0.0 0.2 0:13.60
2923 0.0 0.2 0:13.60
2923 0.0 0.2 0:13.60
2923 0.0 0.2 0:13.60
2923 0.0 0.2 0:13.60
2923 0.0 0.2 0:13.60
2923 0.0 0.2 0:13.60
2923 0.0 0.2 0:13.60
2923 0.0 0.2 0:13.60
2923 0.0 0.2 0:13.60
2923 0.0 0.2 0:13.60
2923 0.0 0.2 0:13.60
2923 0.0 0.2 0:13.60
2923 0.0 0.2 0:13.60
2923 0.0 0.2 0:13.60
2923 0.0 0.2 0:13.60
2923 0.0 0.2 0:13.60
2923 0.0 0.2 0:13.60
2923 0.0 0.2 0:13.60
2923 0.0 0.2 0:13.60
2923 0.0 0.2 0:13.60
2923 0.0 0.2 0:13.60
2923 0.0 0.2 0:13.60
2923 0.0 0.2 0:13.60
2923 0.0 0.2 0:13.60
2923 0.0 0.2 0:13.60
2923 0.0 0.2 0:13.60
2923 0.0 0.2 0:13.61
2923 0.0 0.2 0:13.61
2923 0.0 0.2 0:13.62
2923 0.0 0.2 0:13.62
2923 0.0 0.2 0:13.62
2923 0.0 0.2 0:13.62
2923 0.0 0.2 0:13.62
2923 0.0 0.2 0:13.62
2923 0.0 0.2 0:13.62
