2923 10.0 0.2 0:12.85
2923 5.6 0.2 0:12.87
2923 0.0 0.2 0:12.90
2923 0.0 0.2 0:12.90
2923 0.0 0.2 0:12.90
2923 0.0 0.2 0:12.90
2923 0.0 0.2 0:12.91
2923 0.0 0.2 0:12.91
2923 0.0 0.2 0:12.91
2923 0.0 0.2 0:12.91
2923 0.0 0.2 0:12.92
2923 0.0 0.2 0:12.92
2923 0.0 0.2 0:12.92
2923 0.0 0.2 0:12.92
2923 0.0 0.2 0:12.92
2923 0.0 0.2 0:12.92
2923 0.0 0.2 0:12.92
2923 0.0 0.2 0:12.92
2923 0.0 0.2 0:12.92
2923 0.0 0.2 0:12.92
2923 0.0 0.2 0:12.92
2923 0.0 0.2 0:12.92
2923 0.0 0.2 0:12.92
2923 0.0 0.2 0:12.92
2923 0.0 0.2 0:12.92
2923 0.0 0.2 0:12.92
2923 0.0 0.2 0:12.92
2923 0.0 0.2 0:12.92
2923 0.0 0.2 0:12.92
2923 0.0 0.2 0:12.92
2923 0.0 0.2 0:12.92
2923 0.0 0.2 0:12.92
2923 0.0 0.2 0:12.92
2923 0.0 0.2 0:12.92
2923 0.0 0.2 0:12.93
2923 0.0 0.2 0:12.93
2923 0.0 0.2 0:12.93
2923 0.0 0.2 0:12.93
2923 0.0 0.2 0:12.93
2923 0.0 0.2 0:12.93
2923 0.0 0.2 0:12.93
2923 0.0 0.2 0:12.94
2923 0.0 0.2 0:12.94
2923 0.0 0.2 0:12.94
2923 0.0 0.2 0:12.94
2923 0.0 0.2 0:12.94
2923 0.0 0.2 0:12.94
2923 0.0 0.2 0:12.94
2923 0.0 0.2 0:12.94
2923 0.0 0.2 0:12.94
2923 0.0 0.2 0:12.94
2923 0.0 0.2 0:12.94
2923 0.0 0.2 0:12.94
2923 0.0 0.2 0:12.94
2923 0.0 0.2 0:12.94
2923 0.0 0.2 0:12.94
2923 0.0 0.2 0:12.94
2923 0.0 0.2 0:12.94
2923 0.0 0.2 0:12.94
2923 0.0 0.2 0:12.95
2923 0.0 0.2 0:12.96
2923 0.0 0.2 0:12.97
2923 0.0 0.2 0:12.97
2923 0.0 0.2 0:12.98
2923 0.0 0.2 0:12.98
2923 0.0 0.2 0:12.98
2923 0.0 0.2 0:12.98
2923 0.0 0.2 0:12.98
2923 0.0 0.2 0:12.98
2923 0.0 0.2 0:12.98
2923 0.0 0.2 0:12.98
2923 0.0 0.2 0:12.98
2923 0.0 0.2 0:12.98
2923 0.0 0.2 0:12.98
2923 0.0 0.2 0:12.98
2923 0.0 0.2 0:12.98
2923 0.0 0.2 0:12.98
2923 0.0 0.2 0:12.98
2923 0.0 0.2 0:12.98
2923 0.0 0.2 0:12.98
2923 0.0 0.2 0:12.98
2923 0.0 0.2 0:12.99
2923 0.0 0.2 0:12.99
2923 0.0 0.2 0:12.99
2923 0.0 0.2 0:12.99
2923 0.0 0.2 0:12.99
2923 0.0 0.2 0:12.99
2923 0.0 0.2 0:12.99
2923 0.0 0.2 0:12.99
2923 0.0 0.2 0:12.99
2923 0.0 0.2 0:12.99
2923 0.0 0.2 0:12.99
2923 0.0 0.2 0:12.99
2923 0.0 0.2 0:12.99
