2924 5.3 0.2 0:04.86
2924 0.0 0.2 0:04.88
2924 0.0 0.2 0:04.89
2924 0.0 0.2 0:04.89
2924 0.0 0.2 0:04.89
2924 0.0 0.2 0:04.89
2924 0.0 0.2 0:04.89
2924 0.0 0.2 0:04.90
2924 0.0 0.2 0:04.90
2924 0.0 0.2 0:04.90
2924 0.0 0.2 0:04.90
2924 0.0 0.2 0:04.90
2924 0.0 0.2 0:04.90
2924 0.0 0.2 0:04.90
2924 0.0 0.2 0:04.90
2924 0.0 0.2 0:04.90
2924 0.0 0.2 0:04.90
2924 0.0 0.2 0:04.90
2924 0.0 0.2 0:04.90
2924 0.0 0.2 0:04.90
2924 0.0 0.2 0:04.90
2924 0.0 0.2 0:04.90
2924 0.0 0.2 0:04.90
2924 0.0 0.2 0:04.90
2924 0.0 0.2 0:04.90
2924 0.0 0.2 0:04.90
2924 0.0 0.2 0:04.90
2924 0.0 0.2 0:04.90
2924 0.0 0.2 0:04.90
2924 0.0 0.2 0:04.90
2924 0.0 0.2 0:04.90
2924 0.0 0.2 0:04.90
2924 0.0 0.2 0:04.90
2924 0.0 0.2 0:04.90
2924 0.0 0.2 0:04.90
2924 0.0 0.2 0:04.90
2924 0.0 0.2 0:04.90
2924 0.0 0.2 0:04.90
2924 0.0 0.2 0:04.90
2924 0.0 0.2 0:04.90
2924 0.0 0.2 0:04.90
2924 0.0 0.2 0:04.90
2924 0.0 0.2 0:04.90
2924 0.0 0.2 0:04.90
2924 0.0 0.2 0:04.90
2924 0.0 0.2 0:04.90
2924 0.0 0.2 0:04.90
2924 0.0 0.2 0:04.90
2924 0.0 0.2 0:04.90
2924 0.0 0.2 0:04.90
2924 0.0 0.2 0:04.90
2924 0.0 0.2 0:04.90
2924 0.0 0.2 0:04.90
2924 0.0 0.2 0:04.90
2924 0.0 0.2 0:04.90
2924 0.0 0.2 0:04.90
2924 0.0 0.2 0:04.90
2924 0.0 0.2 0:04.90
2924 0.0 0.2 0:04.90
2924 0.0 0.2 0:04.90
2924 0.0 0.2 0:04.90
2924 0.0 0.2 0:04.90
2924 0.0 0.2 0:04.90
2924 0.0 0.2 0:04.90
2924 0.0 0.2 0:04.90
2924 0.0 0.2 0:04.90
2924 0.0 0.2 0:04.90
2924 0.0 0.2 0:04.90
2924 0.0 0.2 0:04.90
2924 0.0 0.2 0:04.90
2924 0.0 0.2 0:04.90
2924 0.0 0.2 0:04.90
2924 0.0 0.2 0:04.90
2924 0.0 0.2 0:04.90
2924 0.0 0.2 0:04.90
2924 0.0 0.2 0:04.90
2924 0.0 0.2 0:04.90
2924 0.0 0.2 0:04.90
2924 0.0 0.2 0:04.90
2924 0.0 0.2 0:04.90
2924 0.0 0.2 0:04.90
2924 0.0 0.2 0:04.90
2924 0.0 0.2 0:04.90
2924 0.0 0.2 0:04.90
2924 0.0 0.2 0:04.90
2924 0.0 0.2 0:04.90
2924 0.0 0.2 0:04.90
2924 0.0 0.2 0:04.90
2924 0.0 0.2 0:04.90
2924 0.0 0.2 0:04.90
2924 0.0 0.2 0:04.90
2924 0.0 0.2 0:04.90
2924 0.0 0.2 0:04.90
2924 0.0 0.2 0:04.90
2924 0.0 0.2 0:04.90
29240 0.0 0.1 0:00.00
2924 0.0 0.2 0:04.90
2924 0.0 0.2 0:04.90
2924 0.0 0.2 0:04.90
2924 0.0 0.2 0:04.90
2924 0.0 0.2 0:04.90
2924 0.0 0.2 0:04.90
2924 0.0 0.2 0:04.90
2924 0.0 0.2 0:04.90
2924 0.0 0.2 0:04.90
2924 0.0 0.2 0:04.90
2924 0.0 0.2 0:04.90
2924 0.0 0.2 0:04.90
