2924 5.0 0.2 0:02.12
2924 5.6 0.2 0:02.19
2924 0.0 0.2 0:02.21
2924 0.0 0.2 0:02.27
2924 0.0 0.2 0:02.27
2924 0.0 0.2 0:02.28
2924 0.0 0.2 0:02.29
2924 0.0 0.2 0:02.29
2924 0.0 0.2 0:02.32
2924 0.0 0.2 0:02.35
2924 0.0 0.2 0:02.36
2924 5.3 0.2 0:02.38
2924 0.0 0.2 0:02.39
2924 0.0 0.2 0:02.41
2924 9.1 0.2 0:02.44
2924 0.0 0.2 0:02.45
2924 0.0 0.2 0:02.45
2924 0.0 0.2 0:02.45
2924 0.0 0.2 0:02.45
2924 0.0 0.2 0:02.46
2924 0.0 0.2 0:02.47
2924 0.0 0.2 0:02.47
2924 0.0 0.2 0:02.47
2924 0.0 0.2 0:02.47
2924 0.0 0.2 0:02.47
2924 0.0 0.2 0:02.47
2924 0.0 0.2 0:02.47
2924 0.0 0.2 0:02.47
2924 0.0 0.2 0:02.47
2924 0.0 0.2 0:02.47
2924 0.0 0.2 0:02.47
2924 0.0 0.2 0:02.47
2924 0.0 0.2 0:02.47
2924 0.0 0.2 0:02.47
2924 0.0 0.2 0:02.47
2924 0.0 0.2 0:02.47
2924 0.0 0.2 0:02.47
2924 0.0 0.2 0:02.47
2924 0.0 0.2 0:02.47
2924 0.0 0.2 0:02.47
2924 0.0 0.2 0:02.47
2924 0.0 0.2 0:02.47
2924 0.0 0.2 0:02.47
2924 0.0 0.2 0:02.47
2924 0.0 0.2 0:02.47
2924 0.0 0.2 0:02.47
2924 0.0 0.2 0:02.47
2924 0.0 0.2 0:02.47
2924 0.0 0.2 0:02.47
2924 0.0 0.2 0:02.47
2924 0.0 0.2 0:02.47
2924 0.0 0.2 0:02.47
2924 0.0 0.2 0:02.47
2924 0.0 0.2 0:02.47
2924 0.0 0.2 0:02.47
2924 0.0 0.2 0:02.47
2924 0.0 0.2 0:02.47
2924 0.0 0.2 0:02.47
2924 0.0 0.2 0:02.47
2924 0.0 0.2 0:02.47
2924 0.0 0.2 0:02.47
2924 0.0 0.2 0:02.47
2924 0.0 0.2 0:02.47
2924 0.0 0.2 0:02.47
2924 0.0 0.2 0:02.47
2924 0.0 0.2 0:02.47
2924 0.0 0.2 0:02.48
2924 0.0 0.2 0:02.48
2924 0.0 0.2 0:02.48
2924 0.0 0.2 0:02.48
2924 0.0 0.2 0:02.48
2924 0.0 0.2 0:02.48
2924 0.0 0.2 0:02.48
2924 0.0 0.2 0:02.48
2924 0.0 0.2 0:02.48
2924 0.0 0.2 0:02.48
2924 0.0 0.2 0:02.48
2924 0.0 0.2 0:02.48
2924 0.0 0.2 0:02.48
2924 0.0 0.2 0:02.48
2924 0.0 0.2 0:02.48
2924 0.0 0.2 0:02.48
2924 0.0 0.2 0:02.48
2924 0.0 0.2 0:02.48
2924 0.0 0.2 0:02.48
2924 0.0 0.2 0:02.48
2924 0.0 0.2 0:02.48
2924 0.0 0.2 0:02.48
2924 0.0 0.2 0:02.48
2924 0.0 0.2 0:02.48
2924 0.0 0.2 0:02.48
2924 0.0 0.2 0:02.48
2924 0.0 0.2 0:02.48
2924 0.0 0.2 0:02.48
2924 0.0 0.2 0:02.48
2924 0.0 0.2 0:02.48
2924 0.0 0.2 0:02.48
2924 0.0 0.2 0:02.48
2924 0.0 0.2 0:02.48
2924 0.0 0.2 0:02.48
2924 0.0 0.2 0:02.48
2924 0.0 0.2 0:02.48
2924 0.0 0.2 0:02.48
2924 0.0 0.2 0:02.48
2924 0.0 0.2 0:02.48
2924 0.0 0.2 0:02.48
2924 0.0 0.2 0:02.48
2924 0.0 0.2 0:02.48
2924 0.0 0.2 0:02.48
2924 0.0 0.2 0:02.48
2924 0.0 0.2 0:02.48
2924 0.0 0.2 0:02.48
2924 0.0 0.2 0:02.48
2924 0.0 0.2 0:02.48
2924 0.0 0.2 0:02.48
2924 0.0 0.2 0:02.48
2924 0.0 0.2 0:02.48
2924 0.0 0.2 0:02.48
2924 0.0 0.2 0:02.48
2924 0.0 0.2 0:02.48
2924 0.0 0.2 0:02.48
2924 0.0 0.2 0:02.48
2924 0.0 0.2 0:02.48
2924 0.0 0.2 0:02.48
2924 0.0 0.2 0:02.48
2924 0.0 0.2 0:02.48
2924 0.0 0.2 0:02.48
2924 0.0 0.2 0:02.48
2924 0.0 0.2 0:02.48
2924 0.0 0.2 0:02.48
2924 0.0 0.2 0:02.48
2924 0.0 0.2 0:02.48
2924 0.0 0.2 0:02.48
2924 0.0 0.2 0:02.48
2924 0.0 0.2 0:02.48
2924 0.0 0.2 0:02.48
2924 0.0 0.2 0:02.48
2924 0.0 0.2 0:02.48
2924 0.0 0.2 0:02.48
2924 0.0 0.2 0:02.48
2924 0.0 0.2 0:02.48
2924 0.0 0.2 0:02.48
2924 0.0 0.2 0:02.48
2924 0.0 0.2 0:02.48
2924 0.0 0.2 0:02.48
2924 0.0 0.2 0:02.48
2924 0.0 0.2 0:02.48
2924 0.0 0.2 0:02.48
2924 0.0 0.2 0:02.48
2924 0.0 0.2 0:02.48
2924 0.0 0.2 0:02.48
2924 0.0 0.2 0:02.48
2924 0.0 0.2 0:02.48
2924 0.0 0.2 0:02.48
2924 0.0 0.2 0:02.48
2924 0.0 0.2 0:02.48
2924 0.0 0.2 0:02.48
2924 0.0 0.2 0:02.48
2924 0.0 0.2 0:02.48
2924 0.0 0.2 0:02.48
2924 0.0 0.2 0:02.48
22924 15.8 0.1 0:00.03
2924 0.0 0.2 0:02.48
2924 0.0 0.2 0:02.48
2924 0.0 0.2 0:02.48
2924 0.0 0.2 0:02.48
2924 0.0 0.2 0:02.48
2924 0.0 0.2 0:02.48
2924 0.0 0.2 0:02.48
2924 0.0 0.2 0:02.48
2924 0.0 0.2 0:02.48
2924 0.0 0.2 0:02.48
2924 0.0 0.2 0:02.48
2924 0.0 0.2 0:02.48
2924 0.0 0.2 0:02.48
2924 0.0 0.2 0:02.48
2924 0.0 0.2 0:02.48
2924 0.0 0.2 0:02.48
2924 0.0 0.2 0:02.48
2924 0.0 0.2 0:02.48
2924 0.0 0.2 0:02.48
2924 0.0 0.2 0:02.48
2924 0.0 0.2 0:02.48
2924 0.0 0.2 0:02.48
2924 0.0 0.2 0:02.48
2924 0.0 0.2 0:02.48
2924 0.0 0.2 0:02.48
