2920 25.0 0.1 0:15.65
2920 31.6 0.1 0:16.06
2920 36.8 0.1 0:16.49
2920 26.3 0.1 0:16.84
2920 42.1 0.1 0:17.29
2920 36.8 0.1 0:17.66
2920 38.9 0.1 0:18.06
2920 36.8 0.1 0:18.42
2920 30.0 0.1 0:18.85
2920 21.1 0.1 0:19.15
2920 35.0 0.1 0:19.55
2920 30.0 0.1 0:19.97
2920 25.0 0.1 0:20.34
2920 27.8 0.1 0:20.75
2920 30.0 0.1 0:21.10
2920 31.6 0.1 0:21.53
2920 35.0 0.1 0:21.92
2920 36.8 0.1 0:22.32
2920 31.6 0.1 0:22.72
2920 25.0 0.1 0:23.08
2920 31.6 0.1 0:23.46
2920 31.6 0.1 0:23.85
2920 30.0 0.1 0:24.26
2920 36.8 0.1 0:24.62
2920 30.0 0.1 0:24.97
2920 20.0 0.1 0:25.37
2920 33.3 0.1 0:25.73
2920 35.0 0.1 0:26.16
2920 33.3 0.1 0:26.54
2920 33.3 0.1 0:26.92
2920 23.8 0.1 0:27.28
2920 31.6 0.1 0:27.62
2920 31.6 0.1 0:28.01
2920 38.9 0.1 0:28.42
2920 23.8 0.1 0:28.83
2920 36.8 0.1 0:29.20
2920 31.6 0.1 0:29.57
2920 18.2 0.1 0:29.94
2920 31.6 0.1 0:30.36
2920 30.0 0.1 0:30.70
2920 5.3 0.1 0:30.97
2920 0.0 0.1 0:31.01
