2923 15.8 0.1 0:21.24
2923 10.5 0.1 0:21.40
2923 5.0 0.1 0:21.54
2923 10.5 0.1 0:21.64
2923 11.1 0.1 0:21.77
2923 5.0 0.1 0:21.89
2923 15.8 0.1 0:22.04
2923 14.3 0.1 0:22.16
2923 11.1 0.1 0:22.28
2923 10.0 0.1 0:22.39
2923 9.1 0.1 0:22.51
2923 18.2 0.1 0:22.63
2923 22.2 0.1 0:22.77
2923 10.5 0.1 0:22.89
2923 10.5 0.1 0:23.00
2923 15.8 0.1 0:23.14
2923 5.3 0.1 0:23.27
2923 12.8 0.1 0:23.48
2923 10.7 0.1 0:23.65
2923 23.8 0.1 0:23.83
2923 11.1 0.1 0:23.95
2923 10.0 0.1 0:24.12
2923 21.1 0.1 0:24.25
2923 15.8 0.1 0:24.40
2923 5.0 0.1 0:24.50
2923 15.8 0.1 0:24.65
2923 10.5 0.1 0:24.77
2923 5.0 0.1 0:24.92
2923 10.5 0.1 0:25.06
2923 15.8 0.1 0:25.18
2923 5.0 0.1 0:25.29
2923 16.7 0.1 0:25.41
2923 11.1 0.1 0:25.56
2923 5.3 0.1 0:25.68
2923 10.5 0.1 0:25.77
2923 5.6 0.1 0:25.91
2923 10.5 0.1 0:26.02
2923 10.0 0.1 0:26.15
2923 10.0 0.1 0:26.27
2923 5.6 0.1 0:26.38
2923 10.0 0.1 0:26.50
2923 0.0 0.1 0:26.52
