719 5.3 0.3 0:15.42
719 0.0 0.3 0:15.42
719 0.0 0.3 0:15.42
719 0.0 0.3 0:15.42
719 0.0 0.3 0:15.42
719 0.0 0.3 0:15.42
719 0.0 0.3 0:15.42
719 0.0 0.3 0:15.42
719 0.0 0.3 0:15.42
719 0.0 0.3 0:15.42
719 0.0 0.3 0:15.42
719 0.0 0.3 0:15.42
719 0.0 0.3 0:15.42
719 0.0 0.3 0:15.42
719 0.0 0.3 0:15.42
719 0.0 0.3 0:15.42
719 0.0 0.3 0:15.42
719 0.0 0.3 0:15.42
719 0.0 0.3 0:15.43
719 0.0 0.3 0:15.46
719 0.0 0.3 0:15.46
719 0.0 0.3 0:15.46
719 0.0 0.3 0:15.46
719 0.0 0.3 0:15.46
719 0.0 0.3 0:15.46
719 0.0 0.3 0:15.46
719 0.0 0.3 0:15.46
719 0.0 0.3 0:15.46
719 0.0 0.3 0:15.46
719 0.0 0.3 0:15.46
719 0.0 0.3 0:15.46
719 0.0 0.3 0:15.46
719 0.0 0.3 0:15.46
719 0.0 0.3 0:15.46
719 0.0 0.3 0:15.46
719 0.0 0.3 0:15.46
719 0.0 0.3 0:15.47
719 0.0 0.3 0:15.48
KiB 1537192 avail Mem
719 0.0 0.3 0:15.48
719 0.0 0.3 0:15.48
719 0.0 0.3 0:15.48
719 0.0 0.3 0:15.48
719 0.0 0.3 0:15.48
719 0.0 0.3 0:15.48
719 0.0 0.3 0:15.48
719 0.0 0.3 0:15.48
719 0.0 0.3 0:15.48
719 0.0 0.3 0:15.48
719 0.0 0.3 0:15.48
719 0.0 0.3 0:15.48
719 0.0 0.3 0:15.48
719 0.0 0.3 0:15.48
719 0.0 0.3 0:15.48
719 0.0 0.3 0:15.49
719 0.0 0.3 0:15.50
719 0.0 0.3 0:15.50
719 0.0 0.3 0:15.50
719 0.0 0.3 0:15.50
719 0.0 0.3 0:15.50
719 0.0 0.3 0:15.50
719 0.0 0.3 0:15.50
719 0.0 0.3 0:15.50
719 0.0 0.3 0:15.50
719 0.0 0.3 0:15.50
719 0.0 0.3 0:15.50
719 0.0 0.3 0:15.50
719 0.0 0.3 0:15.50
719 0.0 0.3 0:15.50
719 0.0 0.3 0:15.51
719 0.0 0.3 0:15.51
719 0.0 0.3 0:15.51
719 0.0 0.3 0:15.52
719 5.6 0.3 0:15.53
719 0.0 0.3 0:15.53
719 0.0 0.3 0:15.53
719 0.0 0.3 0:15.53
719 0.0 0.3 0:15.53
719 0.0 0.3 0:15.53
719 0.0 0.3 0:15.53
719 0.0 0.3 0:15.53
719 0.0 0.3 0:15.53
719 0.0 0.3 0:15.53
719 0.0 0.3 0:15.53
719 0.0 0.3 0:15.53
719 0.0 0.3 0:15.54
719 0.0 0.3 0:15.54
719 0.0 0.3 0:15.54
719 0.0 0.3 0:15.55
719 0.0 0.3 0:15.55
719 0.0 0.3 0:15.55
719 0.0 0.3 0:15.55
719 0.0 0.3 0:15.56
719 0.0 0.3 0:15.56
719 0.0 0.3 0:15.56
719 0.0 0.3 0:15.56
719 0.0 0.3 0:15.56
719 0.0 0.3 0:15.56
719 0.0 0.3 0:15.56
719 0.0 0.3 0:15.56
719 0.0 0.3 0:15.56
719 0.0 0.3 0:15.56
719 0.0 0.3 0:15.57
719 0.0 0.3 0:15.57
719 0.0 0.3 0:15.57
719 0.0 0.3 0:15.57
719 0.0 0.3 0:15.57
719 0.0 0.3 0:15.57
719 0.0 0.3 0:15.58
719 0.0 0.3 0:15.58
719 0.0 0.3 0:15.58
719 0.0 0.3 0:15.58
719 0.0 0.3 0:15.58
719 0.0 0.3 0:15.58
719 0.0 0.3 0:15.58
719 0.0 0.3 0:15.58
719 0.0 0.3 0:15.58
719 0.0 0.3 0:15.58
719 0.0 0.3 0:15.58
719 0.0 0.3 0:15.58
719 0.0 0.3 0:15.58
719 0.0 0.3 0:15.58
719 0.0 0.3 0:15.58
719 0.0 0.3 0:15.60
719 0.0 0.3 0:15.60
719 0.0 0.3 0:15.60
719 0.0 0.3 0:15.60
719 0.0 0.3 0:15.60
719 0.0 0.3 0:15.62
719 0.0 0.3 0:15.62
719 0.0 0.3 0:15.62
719 0.0 0.3 0:15.62
719 0.0 0.3 0:15.62
719 0.0 0.3 0:15.62
719 0.0 0.3 0:15.62
719 0.0 0.3 0:15.62
719 0.0 0.3 0:15.62
719 0.0 0.3 0:15.62
719 0.0 0.3 0:15.62
719 0.0 0.3 0:15.62
719 0.0 0.3 0:15.62
719 0.0 0.3 0:15.62
719 0.0 0.3 0:15.62
719 0.0 0.3 0:15.62
719 0.0 0.3 0:15.63
719 0.0 0.3 0:15.63
719 0.0 0.3 0:15.63
719 0.0 0.3 0:15.63
719 0.0 0.3 0:15.63
719 0.0 0.3 0:15.63
719 0.0 0.3 0:15.63
719 0.0 0.3 0:15.63
719 0.0 0.3 0:15.63
719 0.0 0.3 0:15.63
719 0.0 0.3 0:15.63
719 0.0 0.3 0:15.64
719 0.0 0.3 0:15.64
719 0.0 0.3 0:15.64
719 0.0 0.3 0:15.64
719 0.0 0.3 0:15.65
719 5.6 0.3 0:15.66
719 0.0 0.3 0:15.66
719 11.1 0.3 0:15.68
719 0.0 0.3 0:15.68
719 0.0 0.3 0:15.68
719 0.0 0.3 0:15.68
719 0.0 0.3 0:15.68
719 0.0 0.3 0:15.68
719 0.0 0.3 0:15.68
719 0.0 0.3 0:15.68
719 0.0 0.3 0:15.68
719 0.0 0.3 0:15.68
719 0.0 0.3 0:15.68
719 0.0 0.3 0:15.68
719 0.0 0.3 0:15.69
719 0.0 0.3 0:15.69
719 0.0 0.3 0:15.69
719 0.0 0.3 0:15.69
719 0.0 0.3 0:15.70
719 0.0 0.3 0:15.70
719 5.6 0.3 0:15.71
719 0.0 0.3 0:15.71
719 0.0 0.3 0:15.71
719 0.0 0.3 0:15.71
719 0.0 0.3 0:15.71
719 0.0 0.3 0:15.71
719 0.0 0.3 0:15.71
719 0.0 0.3 0:15.71
719 0.0 0.3 0:15.71
719 0.0 0.3 0:15.71
719 0.0 0.3 0:15.71
719 0.0 0.3 0:15.71
719 0.0 0.3 0:15.72
719 0.0 0.3 0:15.72
719 0.0 0.3 0:15.72
719 0.0 0.3 0:15.72
719 5.6 0.3 0:15.74
719 0.0 0.3 0:15.74
719 0.0 0.3 0:15.75
719 0.0 0.3 0:15.75
719 0.0 0.3 0:15.75
719 0.0 0.3 0:15.75
719 0.0 0.3 0:15.75
719 0.0 0.3 0:15.75
719 0.0 0.3 0:15.75
719 0.0 0.3 0:15.75
719 0.0 0.3 0:15.75
719 0.0 0.3 0:15.75
719 0.0 0.3 0:15.75
719 0.0 0.3 0:15.75
719 5.6 0.3 0:15.76
719 0.0 0.3 0:15.76
719 0.0 0.3 0:15.76
719 0.0 0.3 0:15.77
719 0.0 0.3 0:15.77
719 0.0 0.3 0:15.77
719 0.0 0.3 0:15.77
719 0.0 0.3 0:15.77
719 0.0 0.3 0:15.78
719 0.0 0.3 0:15.78
719 0.0 0.3 0:15.78
719 0.0 0.3 0:15.78
719 0.0 0.3 0:15.78
719 0.0 0.3 0:15.78
719 0.0 0.3 0:15.78
719 0.0 0.3 0:15.78
719 0.0 0.3 0:15.78
719 0.0 0.3 0:15.78
719 0.0 0.3 0:15.79
719 0.0 0.3 0:15.79
719 0.0 0.3 0:15.79
719 0.0 0.3 0:15.80
719 0.0 0.3 0:15.80
719 0.0 0.3 0:15.80
719 0.0 0.3 0:15.80
719 0.0 0.3 0:15.81
719 0.0 0.3 0:15.81
719 0.0 0.3 0:15.81
719 0.0 0.3 0:15.81
719 0.0 0.3 0:15.81
719 0.0 0.3 0:15.81
719 0.0 0.3 0:15.81
719 0.0 0.3 0:15.81
719 0.0 0.3 0:15.81
719 0.0 0.3 0:15.82
719 0.0 0.3 0:15.82
719 0.0 0.3 0:15.82
719 0.0 0.3 0:15.82
719 0.0 0.3 0:15.82
719 0.0 0.3 0:15.84
719 0.0 0.3 0:15.84
719 0.0 0.3 0:15.84
719 0.0 0.3 0:15.84
719 0.0 0.3 0:15.84
719 0.0 0.3 0:15.84
719 0.0 0.3 0:15.84
719 0.0 0.3 0:15.84
719 0.0 0.3 0:15.84
719 0.0 0.3 0:15.84
719 0.0 0.3 0:15.84
719 0.0 0.3 0:15.84
719 0.0 0.3 0:15.84
719 0.0 0.3 0:15.84
719 11.1 0.3 0:15.86
719 0.0 0.3 0:15.86
719 0.0 0.3 0:15.86
719 0.0 0.3 0:15.86
719 0.0 0.3 0:15.86
719 0.0 0.3 0:15.86
719 0.0 0.3 0:15.88
719 0.0 0.3 0:15.88
719 0.0 0.3 0:15.88
719 0.0 0.3 0:15.88
719 0.0 0.3 0:15.88
719 0.0 0.3 0:15.88
719 0.0 0.3 0:15.88
719 0.0 0.3 0:15.88
719 0.0 0.3 0:15.88
719 0.0 0.3 0:15.88
719 0.0 0.3 0:15.88
719 0.0 0.3 0:15.88
719 0.0 0.3 0:15.88
719 0.0 0.3 0:15.88
719 0.0 0.3 0:15.89
719 0.0 0.3 0:15.89
719 0.0 0.3 0:15.89
719 0.0 0.3 0:15.90
719 0.0 0.3 0:15.90
719 0.0 0.3 0:15.90
719 0.0 0.3 0:15.91
719 0.0 0.3 0:15.91
719 0.0 0.3 0:15.91
719 0.0 0.3 0:15.91
719 0.0 0.3 0:15.91
719 0.0 0.3 0:15.91
719 0.0 0.3 0:15.91
719 0.0 0.3 0:15.91
719 0.0 0.3 0:15.91
719 0.0 0.3 0:15.91
719 0.0 0.3 0:15.91
719 0.0 0.3 0:15.92
719 10.5 0.3 0:15.94
719 0.0 0.3 0:15.94
719 0.0 0.3 0:15.94
719 0.0 0.3 0:15.94
719 0.0 0.3 0:15.94
719 0.0 0.3 0:15.94
719 0.0 0.3 0:15.94
719 0.0 0.3 0:15.94
719 0.0 0.3 0:15.94
719 0.0 0.3 0:15.94
719 0.0 0.3 0:15.94
719 0.0 0.3 0:15.94
719 0.0 0.3 0:15.94
719 0.0 0.3 0:15.95
719 0.0 0.3 0:15.95
719 0.0 0.3 0:15.95
719 0.0 0.3 0:15.95
719 5.6 0.3 0:15.96
719 0.0 0.3 0:15.96
719 0.0 0.3 0:15.96
719 5.6 0.3 0:15.97
719 0.0 0.3 0:15.97
719 0.0 0.3 0:15.97
719 0.0 0.3 0:15.97
719 0.0 0.3 0:15.97
719 0.0 0.3 0:15.97
719 0.0 0.3 0:15.97
719 0.0 0.3 0:15.97
719 0.0 0.3 0:15.97
719 0.0 0.3 0:15.97
719 0.0 0.3 0:15.97
719 0.0 0.3 0:15.98
719 0.0 0.3 0:15.98
719 0.0 0.3 0:15.98
719 0.0 0.3 0:15.98
719 0.0 0.3 0:15.98
719 0.0 0.3 0:15.98
719 0.0 0.3 0:15.98
719 5.3 0.3 0:15.99
719 0.0 0.3 0:15.99
719 0.0 0.3 0:15.99
719 5.3 0.3 0:16.00
719 0.0 0.3 0:16.00
719 0.0 0.3 0:16.00
719 0.0 0.3 0:16.00
719 0.0 0.3 0:16.00
719 0.0 0.3 0:16.00
719 0.0 0.3 0:16.01
719 0.0 0.3 0:16.01
719 0.0 0.3 0:16.01
719 5.6 0.3 0:16.02
719 0.0 0.3 0:16.02
719 0.0 0.3 0:16.02
719 0.0 0.3 0:16.02
719 0.0 0.3 0:16.02
719 0.0 0.3 0:16.02
719 0.0 0.3 0:16.03
719 0.0 0.3 0:16.03
719 0.0 0.3 0:16.03
719 0.0 0.3 0:16.03
719 0.0 0.3 0:16.04
719 0.0 0.3 0:16.04
719 0.0 0.3 0:16.04
719 0.0 0.3 0:16.04
719 0.0 0.3 0:16.04
719 0.0 0.3 0:16.04
719 0.0 0.3 0:16.04
719 0.0 0.3 0:16.04
719 0.0 0.3 0:16.04
719 0.0 0.3 0:16.04
719 0.0 0.3 0:16.04
719 0.0 0.3 0:16.04
719 0.0 0.3 0:16.05
719 0.0 0.3 0:16.05
719 0.0 0.3 0:16.05
719 0.0 0.3 0:16.05
719 5.9 0.3 0:16.06
719 0.0 0.3 0:16.06
719 0.0 0.3 0:16.06
719 0.0 0.3 0:16.06
719 0.0 0.3 0:16.06
719 0.0 0.3 0:16.06
719 0.0 0.3 0:16.06
719 0.0 0.3 0:16.06
719 0.0 0.3 0:16.06
719 0.0 0.3 0:16.06
719 0.0 0.3 0:16.07
719 0.0 0.3 0:16.07
719 0.0 0.3 0:16.07
719 0.0 0.3 0:16.07
719 0.0 0.3 0:16.07
719 0.0 0.3 0:16.07
719 0.0 0.3 0:16.07
719 0.0 0.3 0:16.07
719 0.0 0.3 0:16.07
719 0.0 0.3 0:16.07
719 0.0 0.3 0:16.07
719 0.0 0.3 0:16.07
719 0.0 0.3 0:16.07
719 0.0 0.3 0:16.07
719 0.0 0.3 0:16.07
719 0.0 0.3 0:16.07
719 0.0 0.3 0:16.07
