721 26.3 0.3 0:25.58
721 0.0 0.3 0:25.59
721 0.0 0.3 0:25.59
721 0.0 0.3 0:25.59
721 0.0 0.3 0:25.59
721 0.0 0.3 0:25.59
721 0.0 0.3 0:25.59
721 0.0 0.3 0:25.59
721 0.0 0.3 0:25.59
721 0.0 0.3 0:25.59
721 0.0 0.3 0:25.59
721 0.0 0.3 0:25.59
721 0.0 0.3 0:25.59
721 0.0 0.3 0:25.59
721 0.0 0.3 0:25.59
721 0.0 0.3 0:25.59
721 0.0 0.3 0:25.59
721 0.0 0.3 0:25.60
721 0.0 0.3 0:25.60
721 0.0 0.3 0:25.63
KiB 1537212 avail Mem
721 0.0 0.3 0:25.64
721 0.0 0.3 0:25.64
721 0.0 0.3 0:25.64
721 0.0 0.3 0:25.64
721 0.0 0.3 0:25.64
721 0.0 0.3 0:25.64
721 0.0 0.3 0:25.64
721 0.0 0.3 0:25.64
KiB 1537216 avail Mem
721 0.0 0.3 0:25.64
721 0.0 0.3 0:25.64
721 0.0 0.3 0:25.64
721 5.6 0.3 0:25.65
721 0.0 0.3 0:25.65
721 0.0 0.3 0:25.65
721 0.0 0.3 0:25.66
721 0.0 0.3 0:25.68
721 0.0 0.3 0:25.68
721 0.0 0.3 0:25.68
721 0.0 0.3 0:25.68
721 0.0 0.3 0:25.68
721 0.0 0.3 0:25.68
721 0.0 0.3 0:25.68
721 0.0 0.3 0:25.68
721 0.0 0.3 0:25.68
721 0.0 0.3 0:25.68
721 0.0 0.3 0:25.68
721 0.0 0.3 0:25.68
721 0.0 0.3 0:25.68
721 11.1 0.3 0:25.71
721 0.0 0.3 0:25.71
721 0.0 0.3 0:25.72
721 0.0 0.3 0:25.72
721 0.0 0.3 0:25.73
721 0.0 0.3 0:25.75
721 0.0 0.3 0:25.75
721 0.0 0.3 0:25.75
721 0.0 0.3 0:25.75
721 0.0 0.3 0:25.75
721 0.0 0.3 0:25.75
721 0.0 0.3 0:25.75
721 0.0 0.3 0:25.75
721 0.0 0.3 0:25.75
721 0.0 0.3 0:25.75
721 0.0 0.3 0:25.75
721 0.0 0.3 0:25.75
721 0.0 0.3 0:25.75
721 0.0 0.3 0:25.75
721 0.0 0.3 0:25.76
721 0.0 0.3 0:25.76
721 0.0 0.3 0:25.77
721 5.3 0.3 0:25.78
721 0.0 0.3 0:25.78
721 0.0 0.3 0:25.79
721 0.0 0.3 0:25.79
721 0.0 0.3 0:25.79
721 0.0 0.3 0:25.79
721 0.0 0.3 0:25.79
721 0.0 0.3 0:25.79
721 0.0 0.3 0:25.79
721 0.0 0.3 0:25.79
721 0.0 0.3 0:25.79
721 0.0 0.3 0:25.79
721 0.0 0.3 0:25.79
721 0.0 0.3 0:25.79
721 0.0 0.3 0:25.80
721 0.0 0.3 0:25.80
721 11.1 0.3 0:25.83
721 0.0 0.3 0:25.83
721 0.0 0.3 0:25.83
721 0.0 0.3 0:25.84
721 0.0 0.3 0:25.85
721 0.0 0.3 0:25.85
721 0.0 0.3 0:25.85
721 0.0 0.3 0:25.85
721 0.0 0.3 0:25.85
721 0.0 0.3 0:25.85
721 0.0 0.3 0:25.85
721 0.0 0.3 0:25.85
721 0.0 0.3 0:25.85
721 0.0 0.3 0:25.87
721 0.0 0.3 0:25.87
721 0.0 0.3 0:25.87
721 0.0 0.3 0:25.87
721 0.0 0.3 0:25.88
721 0.0 0.3 0:25.88
721 0.0 0.3 0:25.89
721 0.0 0.3 0:25.89
721 5.6 0.3 0:25.90
721 0.0 0.3 0:25.90
721 0.0 0.3 0:25.90
721 0.0 0.3 0:25.90
721 0.0 0.3 0:25.90
721 0.0 0.3 0:25.90
721 0.0 0.3 0:25.90
721 0.0 0.3 0:25.90
721 0.0 0.3 0:25.90
721 0.0 0.3 0:25.90
721 0.0 0.3 0:25.90
721 0.0 0.3 0:25.91
721 0.0 0.3 0:25.91
721 0.0 0.3 0:25.91
721 0.0 0.3 0:25.91
721 0.0 0.3 0:25.92
721 0.0 0.3 0:25.94
721 0.0 0.3 0:25.94
721 0.0 0.3 0:25.94
721 0.0 0.3 0:25.94
721 0.0 0.3 0:25.94
721 0.0 0.3 0:25.94
721 0.0 0.3 0:25.95
721 0.0 0.3 0:25.95
721 0.0 0.3 0:25.95
721 0.0 0.3 0:25.95
721 0.0 0.3 0:25.95
721 0.0 0.3 0:25.95
721 0.0 0.3 0:25.95
721 0.0 0.3 0:25.96
721 0.0 0.3 0:25.96
721 0.0 0.3 0:25.96
721 0.0 0.3 0:25.98
721 0.0 0.3 0:25.98
721 0.0 0.3 0:25.99
721 0.0 0.3 0:25.99
721 11.1 0.3 0:26.01
721 0.0 0.3 0:26.01
721 0.0 0.3 0:26.01
721 0.0 0.3 0:26.01
721 0.0 0.3 0:26.01
721 0.0 0.3 0:26.01
721 0.0 0.3 0:26.01
721 0.0 0.3 0:26.01
721 0.0 0.3 0:26.01
721 0.0 0.3 0:26.01
721 0.0 0.3 0:26.02
721 0.0 0.3 0:26.02
721 0.0 0.3 0:26.02
721 0.0 0.3 0:26.02
721 5.3 0.3 0:26.04
721 0.0 0.3 0:26.04
721 0.0 0.3 0:26.05
721 0.0 0.3 0:26.06
721 0.0 0.3 0:26.06
721 0.0 0.3 0:26.06
721 0.0 0.3 0:26.06
721 0.0 0.3 0:26.06
721 0.0 0.3 0:26.06
721 0.0 0.3 0:26.06
721 5.6 0.3 0:26.07
721 0.0 0.3 0:26.07
721 0.0 0.3 0:26.07
721 0.0 0.3 0:26.07
721 0.0 0.3 0:26.07
721 0.0 0.3 0:26.07
721 5.6 0.3 0:26.08
721 0.0 0.3 0:26.08
721 0.0 0.3 0:26.08
721 5.3 0.3 0:26.09
721 0.0 0.3 0:26.09
721 0.0 0.3 0:26.09
721 0.0 0.3 0:26.09
721 0.0 0.3 0:26.09
721 0.0 0.3 0:26.10
721 0.0 0.3 0:26.10
721 0.0 0.3 0:26.10
721 0.0 0.3 0:26.10
721 0.0 0.3 0:26.10
721 0.0 0.3 0:26.10
721 0.0 0.3 0:26.10
721 0.0 0.3 0:26.11
721 0.0 0.3 0:26.11
721 0.0 0.3 0:26.11
721 0.0 0.3 0:26.11
721 0.0 0.3 0:26.11
721 0.0 0.3 0:26.11
721 0.0 0.3 0:26.13
721 0.0 0.3 0:26.13
721 0.0 0.3 0:26.13
KiB used, 350744 buff/cache
721 0.0 0.3 0:26.15
721 0.0 0.3 0:26.15
721 0.0 0.3 0:26.15
721 0.0 0.3 0:26.15
721 0.0 0.3 0:26.15
721 0.0 0.3 0:26.15
721 0.0 0.3 0:26.16
721 0.0 0.3 0:26.16
721 0.0 0.3 0:26.18
721 0.0 0.3 0:26.18
721 0.0 0.3 0:26.18
721 0.0 0.3 0:26.18
721 0.0 0.3 0:26.18
721 5.6 0.3 0:26.19
721 0.0 0.3 0:26.20
721 11.1 0.3 0:26.22
721 0.0 0.3 0:26.22
721 0.0 0.3 0:26.22
KiB used, 350820 buff/cache
721 0.0 0.3 0:26.22
721 0.0 0.3 0:26.24
721 0.0 0.3 0:26.24
721 0.0 0.3 0:26.24
KiB used, 350828 buff/cache
721 0.0 0.3 0:26.24
721 0.0 0.3 0:26.24
721 0.0 0.3 0:26.24
721 0.0 0.3 0:26.24
721 0.0 0.3 0:26.24
721 0.0 0.3 0:26.24
721 0.0 0.3 0:26.24
721 0.0 0.3 0:26.24
721 5.3 0.3 0:26.25
721 0.0 0.3 0:26.25
721 0.0 0.3 0:26.26
KiB 1537212 avail Mem
721 0.0 0.3 0:26.26
721 0.0 0.3 0:26.26
721 0.0 0.3 0:26.26
721 0.0 0.3 0:26.28
721 0.0 0.3 0:26.28
721 0.0 0.3 0:26.28
721 0.0 0.3 0:26.28
721 0.0 0.3 0:26.28
721 0.0 0.3 0:26.28
721 0.0 0.3 0:26.28
721 5.6 0.3 0:26.30
721 0.0 0.3 0:26.30
721 0.0 0.3 0:26.31
721 0.0 0.3 0:26.31
721 0.0 0.3 0:26.33
721 0.0 0.3 0:26.33
721 0.0 0.3 0:26.33
721 0.0 0.3 0:26.33
721 0.0 0.3 0:26.35
721 0.0 0.3 0:26.35
721 0.0 0.3 0:26.35
721 0.0 0.3 0:26.35
721 0.0 0.3 0:26.35
721 0.0 0.3 0:26.35
721 0.0 0.3 0:26.35
721 0.0 0.3 0:26.35
721 0.0 0.3 0:26.36
721 0.0 0.3 0:26.37
721 0.0 0.3 0:26.37
721 5.6 0.3 0:26.38
721 0.0 0.3 0:26.38
721 0.0 0.3 0:26.38
721 5.9 0.3 0:26.39
721 0.0 0.3 0:26.39
721 5.3 0.3 0:26.40
721 0.0 0.3 0:26.40
721 0.0 0.3 0:26.40
721 0.0 0.3 0:26.40
721 0.0 0.3 0:26.40
721 0.0 0.3 0:26.41
721 0.0 0.3 0:26.41
721 0.0 0.3 0:26.41
721 0.0 0.3 0:26.41
721 0.0 0.3 0:26.41
721 0.0 0.3 0:26.41
721 0.0 0.3 0:26.42
721 0.0 0.3 0:26.42
721 0.0 0.3 0:26.42
721 0.0 0.3 0:26.42
721 0.0 0.3 0:26.43
721 0.0 0.3 0:26.43
721 0.0 0.3 0:26.44
721 0.0 0.3 0:26.44
KiB 1537212 avail Mem
721 0.0 0.3 0:26.46
721 0.0 0.3 0:26.46
721 0.0 0.3 0:26.47
721 0.0 0.3 0:26.47
721 0.0 0.3 0:26.47
721 0.0 0.3 0:26.47
KiB 1537212 avail Mem
721 0.0 0.3 0:26.48
721 0.0 0.3 0:26.48
721 0.0 0.3 0:26.49
721 0.0 0.3 0:26.49
7217 16.7 0.2 0:00.03
721 5.9 0.3 0:26.50
721 0.0 0.3 0:26.50
721 0.0 0.3 0:26.50
721 0.0 0.3 0:26.50
721 0.0 0.3 0:26.51
721 0.0 0.3 0:26.51
721 0.0 0.3 0:26.51
721 0.0 0.3 0:26.51
721 0.0 0.3 0:26.51
721 0.0 0.3 0:26.52
721 0.0 0.3 0:26.52
721 0.0 0.3 0:26.52
721 0.0 0.3 0:26.52
721 0.0 0.3 0:26.52
721 0.0 0.3 0:26.52
721 0.0 0.3 0:26.52
721 0.0 0.3 0:26.53
721 0.0 0.3 0:26.53
721 0.0 0.3 0:26.53
721 0.0 0.3 0:26.53
721 0.0 0.3 0:26.54
721 0.0 0.3 0:26.54
721 0.0 0.3 0:26.54
721 0.0 0.3 0:26.55
721 0.0 0.3 0:26.55
721 0.0 0.3 0:26.55
721 0.0 0.3 0:26.55
721 0.0 0.3 0:26.55
721 0.0 0.3 0:26.55
721 0.0 0.3 0:26.55
721 0.0 0.3 0:26.56
721 0.0 0.3 0:26.56
721 0.0 0.3 0:26.56
721 0.0 0.3 0:26.56
721 0.0 0.3 0:26.57
721 0.0 0.3 0:26.57
721 0.0 0.3 0:26.57
721 0.0 0.3 0:26.58
721 0.0 0.3 0:26.59
721 0.0 0.3 0:26.60
721 0.0 0.3 0:26.60
721 0.0 0.3 0:26.61
721 0.0 0.3 0:26.61
721 0.0 0.3 0:26.62
721 0.0 0.3 0:26.62
721 0.0 0.3 0:26.62
721 0.0 0.3 0:26.62
721 0.0 0.3 0:26.62
721 0.0 0.3 0:26.62
721 0.0 0.3 0:26.62
721 0.0 0.3 0:26.62
721 0.0 0.3 0:26.62
721 0.0 0.3 0:26.62
721 0.0 0.3 0:26.62
721 0.0 0.3 0:26.62
721 0.0 0.3 0:26.62
721 0.0 0.3 0:26.62
721 0.0 0.3 0:26.62
721 0.0 0.3 0:26.62
721 0.0 0.3 0:26.62
721 0.0 0.3 0:26.62
721 0.0 0.3 0:26.62
