26717 16.7 0.2 0:00.03
717 5.6 0.3 0:17.76
717 0.0 0.3 0:17.77
717 0.0 0.3 0:17.77
717 0.0 0.3 0:17.77
717 0.0 0.3 0:17.77
717 0.0 0.3 0:17.77
717 0.0 0.3 0:17.77
717 0.0 0.3 0:17.77
717 0.0 0.3 0:17.77
717 0.0 0.3 0:17.77
27178 15.8 0.2 0:00.03
717 0.0 0.3 0:17.77
717 0.0 0.3 0:17.77
717 0.0 0.3 0:17.77
717 0.0 0.3 0:17.77
717 0.0 0.3 0:17.77
717 0.0 0.3 0:17.78
717 0.0 0.3 0:17.78
717 0.0 0.3 0:17.82
717 0.0 0.3 0:17.83
717 0.0 0.3 0:17.83
717 0.0 0.3 0:17.83
717 0.0 0.3 0:17.83
717 0.0 0.3 0:17.83
717 0.0 0.3 0:17.83
717 0.0 0.3 0:17.83
717 0.0 0.3 0:17.83
717 0.0 0.3 0:17.83
717 0.0 0.3 0:17.83
717 0.0 0.3 0:17.83
717 0.0 0.3 0:17.83
717 0.0 0.3 0:17.84
717 0.0 0.3 0:17.84
717 0.0 0.3 0:17.84
717 0.0 0.3 0:17.84
717 0.0 0.3 0:17.85
717 5.6 0.3 0:17.90
717 0.0 0.3 0:17.91
717 0.0 0.3 0:17.91
717 0.0 0.3 0:17.91
717 0.0 0.3 0:17.91
717 0.0 0.3 0:17.91
717 0.0 0.3 0:17.91
717 0.0 0.3 0:17.91
717 0.0 0.3 0:17.91
717 0.0 0.3 0:17.91
717 10.5 0.3 0:17.93
717 0.0 0.3 0:17.93
717 0.0 0.3 0:17.93
717 0.0 0.3 0:17.93
717 0.0 0.3 0:17.93
717 0.0 0.3 0:17.93
717 0.0 0.3 0:17.93
717 0.0 0.3 0:17.93
717 11.1 0.3 0:17.95
717 5.6 0.3 0:17.98
717 0.0 0.3 0:17.98
717 0.0 0.3 0:17.98
717 0.0 0.3 0:17.98
717 0.0 0.3 0:17.98
717 0.0 0.3 0:17.98
717 0.0 0.3 0:17.98
717 0.0 0.3 0:17.98
717 0.0 0.3 0:17.98
717 0.0 0.3 0:17.98
717 0.0 0.3 0:17.98
717 0.0 0.3 0:17.98
717 0.0 0.3 0:17.98
717 0.0 0.3 0:17.98
717 5.3 0.3 0:18.00
717 0.0 0.3 0:18.00
717 0.0 0.3 0:18.00
717 0.0 0.3 0:18.00
717 0.0 0.3 0:18.03
717 0.0 0.3 0:18.04
717 0.0 0.3 0:18.04
717 0.0 0.3 0:18.04
717 0.0 0.3 0:18.04
717 0.0 0.3 0:18.04
717 0.0 0.3 0:18.04
717 0.0 0.3 0:18.04
717 0.0 0.3 0:18.04
717 0.0 0.3 0:18.04
717 0.0 0.3 0:18.04
717 0.0 0.3 0:18.04
717 0.0 0.3 0:18.04
717 0.0 0.3 0:18.05
717 0.0 0.3 0:18.06
717 0.0 0.3 0:18.06
717 0.0 0.3 0:18.06
717 0.0 0.3 0:18.07
717 5.6 0.3 0:18.11
717 5.3 0.3 0:18.12
717 0.0 0.3 0:18.12
717 0.0 0.3 0:18.12
717 0.0 0.3 0:18.12
717 0.0 0.3 0:18.12
717 0.0 0.3 0:18.12
717 0.0 0.3 0:18.12
717 0.0 0.3 0:18.12
717 0.0 0.3 0:18.12
717 0.0 0.3 0:18.12
717 0.0 0.3 0:18.12
717 0.0 0.3 0:18.12
717 0.0 0.3 0:18.13
717 0.0 0.3 0:18.13
717 0.0 0.3 0:18.15
717 0.0 0.3 0:18.15
717 0.0 0.3 0:18.16
717 5.6 0.3 0:18.17
717 10.5 0.3 0:18.21
717 0.0 0.3 0:18.21
717 0.0 0.3 0:18.21
717 0.0 0.3 0:18.21
717 0.0 0.3 0:18.21
717 0.0 0.3 0:18.21
717 0.0 0.3 0:18.21
717 0.0 0.3 0:18.21
717 5.6 0.3 0:18.22
717 0.0 0.3 0:18.22
717 0.0 0.3 0:18.22
717 0.0 0.3 0:18.22
717 0.0 0.3 0:18.22
717 5.6 0.3 0:18.23
717 0.0 0.3 0:18.26
717 0.0 0.3 0:18.26
717 0.0 0.3 0:18.26
717 0.0 0.3 0:18.27
717 0.0 0.3 0:18.30
717 0.0 0.3 0:18.33
717 0.0 0.3 0:18.33
717 0.0 0.3 0:18.33
717 0.0 0.3 0:18.33
717 0.0 0.3 0:18.33
717 0.0 0.3 0:18.33
717 0.0 0.3 0:18.33
717 0.0 0.3 0:18.33
717 0.0 0.3 0:18.33
717 0.0 0.3 0:18.33
717 0.0 0.3 0:18.33
717 0.0 0.3 0:18.33
717 0.0 0.3 0:18.34
717 0.0 0.3 0:18.36
717 0.0 0.3 0:18.36
717 0.0 0.3 0:18.37
717 0.0 0.3 0:18.37
717 5.6 0.3 0:18.40
717 0.0 0.3 0:18.42
717 0.0 0.3 0:18.42
717 0.0 0.3 0:18.42
717 0.0 0.3 0:18.42
717 0.0 0.3 0:18.42
717 0.0 0.3 0:18.42
717 0.0 0.3 0:18.42
717 0.0 0.3 0:18.42
717 0.0 0.3 0:18.42
717 0.0 0.3 0:18.42
717 0.0 0.3 0:18.42
717 0.0 0.3 0:18.42
717 0.0 0.3 0:18.43
717 0.0 0.3 0:18.43
717 0.0 0.3 0:18.44
717 0.0 0.3 0:18.44
717 0.0 0.3 0:18.45
717 0.0 0.3 0:18.47
717 0.0 0.3 0:18.48
717 0.0 0.3 0:18.49
717 0.0 0.3 0:18.49
717 0.0 0.3 0:18.49
717 0.0 0.3 0:18.49
717 0.0 0.3 0:18.49
717 0.0 0.3 0:18.49
717 0.0 0.3 0:18.49
717 0.0 0.3 0:18.49
717 0.0 0.3 0:18.49
717 0.0 0.3 0:18.49
717 0.0 0.3 0:18.49
717 0.0 0.3 0:18.49
717 0.0 0.3 0:18.49
717 0.0 0.3 0:18.49
717 0.0 0.3 0:18.49
717 0.0 0.3 0:18.49
717 0.0 0.3 0:18.49
717 0.0 0.3 0:18.49
717 0.0 0.3 0:18.49
