718 11.1 0.3 0:06.19
718 5.3 0.3 0:06.25
718 0.0 0.3 0:06.25
718 0.0 0.3 0:06.25
718 0.0 0.3 0:06.25
718 9.5 0.3 0:06.32
718 16.7 0.3 0:06.43
718 9.1 0.3 0:06.56
718 9.1 0.3 0:06.69
718 10.5 0.3 0:06.82
718 15.0 0.3 0:06.95
718 19.0 0.3 0:07.07
718 11.1 0.3 0:07.20
718 0.0 0.3 0:07.23
718 0.0 0.3 0:07.23
718 0.0 0.3 0:07.23
718 0.0 0.3 0:07.23
718 0.0 0.3 0:07.23
718 0.0 0.3 0:07.23
718 0.0 0.3 0:07.23
718 0.0 0.3 0:07.23
718 0.0 0.3 0:07.23
718 0.0 0.3 0:07.23
718 0.0 0.3 0:07.23
718 0.0 0.3 0:07.23
718 0.0 0.3 0:07.23
718 0.0 0.3 0:07.23
718 0.0 0.3 0:07.23
718 0.0 0.3 0:07.23
718 0.0 0.3 0:07.23
718 0.0 0.3 0:07.23
718 0.0 0.3 0:07.23
718 0.0 0.3 0:07.23
