719 11.1 0.3 0:22.82
719 20.0 0.3 0:22.95
719 0.0 0.3 0:22.95
719 0.0 0.3 0:22.95
719 0.0 0.3 0:22.95
719 0.0 0.3 0:22.95
719 0.0 0.3 0:22.95
719 0.0 0.3 0:22.95
719 0.0 0.3 0:22.95
719 0.0 0.3 0:22.95
719 0.0 0.3 0:22.95
719 0.0 0.3 0:22.95
27195 16.7 0.2 0:00.03
719 0.0 0.3 0:22.95
719 5.9 0.3 0:22.96
719 0.0 0.3 0:22.96
719 0.0 0.3 0:22.97
719 0.0 0.3 0:22.97
719 0.0 0.3 0:22.97
719 0.0 0.3 0:23.04
719 0.0 0.3 0:23.06
719 0.0 0.3 0:23.06
719 0.0 0.3 0:23.06
719 0.0 0.3 0:23.06
719 0.0 0.3 0:23.06
719 0.0 0.3 0:23.06
719 0.0 0.3 0:23.06
719 0.0 0.3 0:23.06
719 0.0 0.3 0:23.06
719 0.0 0.3 0:23.07
719 0.0 0.3 0:23.07
719 0.0 0.3 0:23.07
719 0.0 0.3 0:23.07
719 0.0 0.3 0:23.07
719 0.0 0.3 0:23.07
719 0.0 0.3 0:23.07
719 0.0 0.3 0:23.08
719 10.0 0.3 0:23.16
719 0.0 0.3 0:23.19
719 0.0 0.3 0:23.19
719 0.0 0.3 0:23.19
719 0.0 0.3 0:23.19
719 0.0 0.3 0:23.19
719 0.0 0.3 0:23.19
719 0.0 0.3 0:23.19
719 0.0 0.3 0:23.19
719 0.0 0.3 0:23.19
719 5.6 0.3 0:23.20
719 0.0 0.3 0:23.20
719 0.0 0.3 0:23.20
719 0.0 0.3 0:23.21
719 5.6 0.3 0:23.23
719 0.0 0.3 0:23.23
719 0.0 0.3 0:23.23
719 5.6 0.3 0:23.25
719 11.1 0.3 0:23.27
719 5.6 0.3 0:23.32
719 0.0 0.3 0:23.32
719 0.0 0.3 0:23.32
719 0.0 0.3 0:23.32
719 0.0 0.3 0:23.32
719 0.0 0.3 0:23.32
719 0.0 0.3 0:23.32
719 0.0 0.3 0:23.32
719 0.0 0.3 0:23.32
719 0.0 0.3 0:23.32
719 0.0 0.3 0:23.33
719 0.0 0.3 0:23.33
719 0.0 0.3 0:23.33
719 5.9 0.3 0:23.35
719 5.6 0.3 0:23.36
719 0.0 0.3 0:23.36
719 0.0 0.3 0:23.38
719 0.0 0.3 0:23.38
719 0.0 0.3 0:23.45
719 0.0 0.3 0:23.46
719 0.0 0.3 0:23.46
719 0.0 0.3 0:23.46
719 0.0 0.3 0:23.46
719 0.0 0.3 0:23.46
719 0.0 0.3 0:23.46
719 0.0 0.3 0:23.46
719 0.0 0.3 0:23.46
719 0.0 0.3 0:23.46
719 0.0 0.3 0:23.46
719 0.0 0.3 0:23.46
719 0.0 0.3 0:23.47
719 0.0 0.3 0:23.47
719 0.0 0.3 0:23.48
719 0.0 0.3 0:23.48
719 0.0 0.3 0:23.49
719 5.3 0.3 0:23.50
719 10.5 0.3 0:23.54
719 5.6 0.3 0:23.56
719 0.0 0.3 0:23.56
719 0.0 0.3 0:23.56
719 0.0 0.3 0:23.56
719 0.0 0.3 0:23.56
719 0.0 0.3 0:23.56
719 0.0 0.3 0:23.56
719 0.0 0.3 0:23.56
719 0.0 0.3 0:23.57
719 0.0 0.3 0:23.57
719 0.0 0.3 0:23.57
719 0.0 0.3 0:23.57
719 0.0 0.3 0:23.57
719 0.0 0.3 0:23.57
719 0.0 0.3 0:23.58
719 0.0 0.3 0:23.58
719 0.0 0.3 0:23.60
719 5.6 0.3 0:23.62
719 5.3 0.3 0:23.68
719 0.0 0.3 0:23.68
719 0.0 0.3 0:23.68
719 0.0 0.3 0:23.68
719 0.0 0.3 0:23.68
719 0.0 0.3 0:23.68
719 0.0 0.3 0:23.68
719 0.0 0.3 0:23.68
719 0.0 0.3 0:23.68
719 0.0 0.3 0:23.69
719 0.0 0.3 0:23.69
719 0.0 0.3 0:23.69
719 5.6 0.3 0:23.70
719 0.0 0.3 0:23.71
719 0.0 0.3 0:23.71
719 0.0 0.3 0:23.71
719 0.0 0.3 0:23.72
719 0.0 0.3 0:23.73
719 0.0 0.3 0:23.77
719 0.0 0.3 0:23.77
719 0.0 0.3 0:23.77
719 0.0 0.3 0:23.77
719 0.0 0.3 0:23.77
719 0.0 0.3 0:23.77
719 0.0 0.3 0:23.77
719 0.0 0.3 0:23.78
719 0.0 0.3 0:23.78
719 0.0 0.3 0:23.78
719 0.0 0.3 0:23.78
719 0.0 0.3 0:23.78
719 0.0 0.3 0:23.78
719 0.0 0.3 0:23.79
719 0.0 0.3 0:23.80
719 0.0 0.3 0:23.81
719 0.0 0.3 0:23.82
719 0.0 0.3 0:23.82
719 14.3 0.3 0:23.88
719 0.0 0.3 0:23.91
719 0.0 0.3 0:23.91
719 0.0 0.3 0:23.91
719 0.0 0.3 0:23.91
719 0.0 0.3 0:23.91
719 0.0 0.3 0:23.91
719 0.0 0.3 0:23.91
719 0.0 0.3 0:23.91
719 5.6 0.3 0:23.92
719 0.0 0.3 0:23.92
719 0.0 0.3 0:23.92
719 0.0 0.3 0:23.92
719 0.0 0.3 0:23.93
719 0.0 0.3 0:23.93
719 0.0 0.3 0:23.94
719 0.0 0.3 0:23.94
719 0.0 0.3 0:23.94
719 0.0 0.3 0:23.94
719 0.0 0.3 0:23.99
719 0.0 0.3 0:24.00
719 0.0 0.3 0:24.00
719 0.0 0.3 0:24.00
719 0.0 0.3 0:24.00
719 0.0 0.3 0:24.00
719 0.0 0.3 0:24.00
719 0.0 0.3 0:24.00
719 0.0 0.3 0:24.00
719 0.0 0.3 0:24.00
719 0.0 0.3 0:24.00
719 0.0 0.3 0:24.00
719 0.0 0.3 0:24.00
719 0.0 0.3 0:24.00
719 0.0 0.3 0:24.00
719 0.0 0.3 0:24.00
719 0.0 0.3 0:24.00
719 0.0 0.3 0:24.00
719 0.0 0.3 0:24.00
719 0.0 0.3 0:24.00
