718 5.0 0.4 0:20.06
718 0.0 0.4 0:20.09
718 4.8 0.4 0:20.13
718 0.0 0.4 0:20.15
718 0.0 0.4 0:20.18
718 0.0 0.4 0:20.21
718 5.3 0.4 0:20.24
718 5.6 0.4 0:20.27
718 0.0 0.4 0:20.29
718 5.9 0.4 0:20.33
718 5.3 0.4 0:20.36
718 5.3 0.4 0:20.40
718 0.0 0.4 0:20.43
718 5.3 0.4 0:20.46
718 0.0 0.4 0:20.49
718 5.0 0.4 0:20.52
718 5.3 0.4 0:20.55
718 0.0 0.4 0:20.57
718 5.3 0.4 0:20.60
718 11.1 0.4 0:20.64
718 0.0 0.4 0:20.66
718 0.0 0.4 0:20.68
718 0.0 0.4 0:20.71
718 5.3 0.4 0:20.75
718 10.5 0.4 0:20.79
718 5.3 0.4 0:20.82
718 0.0 0.4 0:20.85
718 5.6 0.4 0:20.89
718 0.0 0.4 0:20.91
718 5.3 0.4 0:20.94
718 5.3 0.4 0:20.97
718 5.3 0.4 0:21.00
718 0.0 0.4 0:21.03
718 5.3 0.4 0:21.07
718 0.0 0.4 0:21.09
718 5.0 0.4 0:21.12
718 0.0 0.4 0:21.15
718 0.0 0.4 0:21.18
718 0.0 0.4 0:21.21
718 0.0 0.4 0:21.24
718 0.0 0.4 0:21.27
718 0.0 0.4 0:21.30
718 0.0 0.4 0:21.34
718 0.0 0.4 0:21.37
718 0.0 0.4 0:21.40
718 0.0 0.4 0:21.43
718 5.6 0.4 0:21.47
718 0.0 0.4 0:21.49
718 0.0 0.4 0:21.52
718 5.0 0.4 0:21.55
718 0.0 0.4 0:21.57
718 5.3 0.4 0:21.60
718 0.0 0.4 0:21.63
718 5.6 0.4 0:21.66
718 5.3 0.4 0:21.69
718 5.3 0.4 0:21.72
718 0.0 0.4 0:21.75
718 0.0 0.4 0:21.78
718 0.0 0.4 0:21.81
718 0.0 0.4 0:21.85
718 0.0 0.4 0:21.88
718 0.0 0.4 0:21.91
718 0.0 0.4 0:21.94
718 5.0 0.4 0:21.99
718 5.3 0.4 0:22.03
718 0.0 0.4 0:22.05
718 5.3 0.4 0:22.08
718 4.8 0.4 0:22.11
718 0.0 0.4 0:22.13
718 4.8 0.4 0:22.16
718 5.3 0.4 0:22.19
718 5.6 0.4 0:22.22
718 0.0 0.4 0:22.24
718 0.0 0.4 0:22.27
718 0.0 0.4 0:22.30
718 0.0 0.4 0:22.33
718 0.0 0.4 0:22.36
718 5.6 0.4 0:22.39
718 0.0 0.4 0:22.42
718 0.0 0.4 0:22.43
718 0.0 0.4 0:22.43
718 0.0 0.4 0:22.43
718 0.0 0.4 0:22.43
718 0.0 0.4 0:22.43
718 0.0 0.4 0:22.43
718 0.0 0.4 0:22.43
718 0.0 0.4 0:22.43
718 0.0 0.4 0:22.43
718 0.0 0.4 0:22.43
