718 0.0 0.4 0:09.19
718 5.0 0.4 0:09.24
718 0.0 0.4 0:09.27
718 0.0 0.4 0:09.31
718 5.3 0.4 0:09.34
718 4.8 0.4 0:09.38
718 0.0 0.4 0:09.41
718 0.0 0.4 0:09.44
718 5.3 0.4 0:09.48
718 4.5 0.4 0:09.52
718 5.6 0.4 0:09.56
718 5.3 0.4 0:09.60
718 5.6 0.4 0:09.64
718 5.3 0.4 0:09.67
718 5.3 0.4 0:09.71
718 4.8 0.4 0:09.75
718 0.0 0.4 0:09.78
718 5.3 0.4 0:09.82
718 0.0 0.4 0:09.85
718 5.6 0.4 0:09.90
718 0.0 0.4 0:09.93
718 4.8 0.4 0:09.98
718 4.8 0.4 0:10.02
718 4.8 0.4 0:10.05
718 0.0 0.4 0:10.08
718 5.6 0.4 0:10.12
718 0.0 0.4 0:10.15
718 5.0 0.4 0:10.19
718 0.0 0.4 0:10.22
718 5.3 0.4 0:10.26
718 10.5 0.4 0:10.31
718 5.6 0.4 0:10.33
718 5.3 0.4 0:10.37
718 4.8 0.4 0:10.41
718 5.6 0.4 0:10.44
718 5.6 0.4 0:10.48
718 5.3 0.4 0:10.52
718 5.3 0.4 0:10.56
718 5.3 0.4 0:10.61
718 5.0 0.4 0:10.65
718 5.6 0.4 0:10.68
718 5.6 0.4 0:10.72
718 5.6 0.4 0:10.76
718 5.3 0.4 0:10.80
718 5.3 0.4 0:10.84
718 5.3 0.4 0:10.88
718 5.3 0.4 0:10.92
718 5.0 0.4 0:10.95
718 0.0 0.4 0:10.98
718 0.0 0.4 0:11.02
718 0.0 0.4 0:11.05
718 4.8 0.4 0:11.09
718 5.3 0.4 0:11.13
718 0.0 0.4 0:11.16
718 0.0 0.4 0:11.20
718 10.5 0.4 0:11.26
718 5.6 0.4 0:11.29
718 5.0 0.4 0:11.33
718 0.0 0.4 0:11.36
718 5.6 0.4 0:11.39
718 4.8 0.4 0:11.43
718 5.6 0.4 0:11.47
718 0.0 0.4 0:11.50
718 5.3 0.4 0:11.54
718 4.8 0.4 0:11.59
718 0.0 0.4 0:11.62
718 5.3 0.4 0:11.67
718 5.6 0.4 0:11.71
718 0.0 0.4 0:11.75
718 0.0 0.4 0:11.79
718 5.6 0.4 0:11.83
718 5.6 0.4 0:11.88
718 5.0 0.4 0:11.92
718 5.0 0.4 0:11.95
718 5.3 0.4 0:11.98
718 5.0 0.4 0:12.02
718 5.6 0.4 0:12.06
718 10.5 0.4 0:12.11
718 0.0 0.4 0:12.12
718 0.0 0.4 0:12.13
718 0.0 0.4 0:12.13
718 0.0 0.4 0:12.13
718 0.0 0.4 0:12.13
718 0.0 0.4 0:12.13
718 0.0 0.4 0:12.13
718 0.0 0.4 0:12.13
718 0.0 0.4 0:12.13
