719 5.6 0.4 0:39.72
719 5.3 0.4 0:39.77
719 5.3 0.4 0:39.83
719 5.6 0.4 0:39.88
719 5.3 0.4 0:39.93
719 5.3 0.4 0:39.98
719 5.6 0.4 0:40.04
719 11.1 0.4 0:40.09
719 5.6 0.4 0:40.13
719 5.6 0.4 0:40.18
719 5.0 0.4 0:40.23
719 11.1 0.4 0:40.28
719 5.3 0.4 0:40.34
719 5.3 0.4 0:40.39
719 5.3 0.4 0:40.44
719 5.6 0.4 0:40.49
719 4.8 0.4 0:40.54
719 0.0 0.4 0:40.60
719 0.0 0.4 0:40.63
719 11.1 0.4 0:40.70
719 5.0 0.4 0:40.75
719 5.0 0.4 0:40.79
719 5.3 0.4 0:40.84
719 0.0 0.4 0:40.88
719 5.6 0.4 0:40.94
719 5.9 0.4 0:40.98
719 5.6 0.4 0:41.04
719 5.6 0.4 0:41.08
719 5.6 0.4 0:41.13
719 0.0 0.4 0:41.19
719 0.0 0.4 0:41.22
719 0.0 0.4 0:41.27
719 5.6 0.4 0:41.33
719 5.3 0.4 0:41.38
719 9.5 0.4 0:41.44
719 5.3 0.4 0:41.48
719 5.6 0.4 0:41.53
719 5.6 0.4 0:41.59
719 0.0 0.4 0:41.64
719 5.0 0.4 0:41.69
719 11.1 0.4 0:41.75
719 5.3 0.4 0:41.79
719 5.3 0.4 0:41.84
719 5.3 0.4 0:41.89
719 4.8 0.4 0:41.93
719 10.5 0.4 0:41.99
719 0.0 0.4 0:42.04
719 0.0 0.4 0:42.10
719 0.0 0.4 0:42.14
719 5.6 0.4 0:42.19
719 10.5 0.4 0:42.25
719 5.6 0.4 0:42.30
719 11.1 0.4 0:42.36
719 5.6 0.4 0:42.41
719 5.0 0.4 0:42.46
719 5.3 0.4 0:42.51
719 5.6 0.4 0:42.56
719 5.3 0.4 0:42.62
719 5.6 0.4 0:42.66
719 5.6 0.4 0:42.71
719 11.1 0.4 0:42.77
719 10.5 0.4 0:42.81
719 5.6 0.4 0:42.85
719 5.6 0.4 0:42.90
719 0.0 0.4 0:42.94
719 5.3 0.4 0:42.99
719 10.0 0.4 0:43.06
719 11.1 0.4 0:43.10
719 5.6 0.4 0:43.14
719 10.5 0.4 0:43.20
719 5.6 0.4 0:43.24
719 11.1 0.4 0:43.30
719 5.0 0.4 0:43.35
719 5.6 0.4 0:43.40
719 5.3 0.4 0:43.44
719 5.6 0.4 0:43.49
719 0.0 0.4 0:43.53
719 5.3 0.4 0:43.59
719 0.0 0.4 0:43.64
719 0.0 0.4 0:43.64
719 0.0 0.4 0:43.64
719 0.0 0.4 0:43.64
719 0.0 0.4 0:43.64
719 0.0 0.4 0:43.64
719 0.0 0.4 0:43.64
719 0.0 0.4 0:43.64
719 0.0 0.4 0:43.64
719 0.0 0.4 0:43.64
719 0.0 0.4 0:43.64
719 0.0 0.4 0:43.64
719 0.0 0.4 0:43.64
719 0.0 0.4 0:43.64
719 0.0 0.4 0:43.64
719 0.0 0.4 0:43.64
719 0.0 0.4 0:43.64
719 0.0 0.4 0:43.64
719 0.0 0.4 0:43.64
719 0.0 0.4 0:43.64
719 0.0 0.4 0:43.64
719 0.0 0.4 0:43.64
