719 0.0 0.4 1:14.90
719 0.0 0.4 1:14.93
719 5.3 0.4 1:14.97
719 5.6 0.4 1:15.00
719 5.3 0.4 1:15.03
719 0.0 0.4 1:15.06
719 0.0 0.4 1:15.09
719 5.3 0.4 1:15.13
719 5.6 0.4 1:15.18
719 0.0 0.4 1:15.21
719 0.0 0.4 1:15.24
719 0.0 0.4 1:15.28
719 0.0 0.4 1:15.33
719 0.0 0.4 1:15.35
719 5.3 0.4 1:15.39
719 0.0 0.4 1:15.42
719 5.6 0.4 1:15.46
719 5.3 0.4 1:15.49
719 0.0 0.4 1:15.52
17196 15.8 0.2 0:00.03
719 0.0 0.4 1:15.58
719 0.0 0.4 1:15.60
719 5.6 0.4 1:15.63
719 0.0 0.4 1:15.66
719 0.0 0.4 1:15.69
719 5.6 0.4 1:15.73
719 5.6 0.4 1:15.76
719 5.3 0.4 1:15.79
719 10.0 0.4 1:15.83
719 5.3 0.4 1:15.86
719 5.6 0.4 1:15.89
719 5.3 0.4 1:15.92
719 0.0 0.4 1:15.95
719 0.0 0.4 1:15.98
719 0.0 0.4 1:16.01
719 0.0 0.4 1:16.04
719 5.6 0.4 1:16.08
719 5.6 0.4 1:16.11
719 5.6 0.4 1:16.14
719 0.0 0.4 1:16.17
719 0.0 0.4 1:16.21
719 9.5 0.4 1:16.25
719 5.0 0.4 1:16.27
719 5.0 0.4 1:16.30
719 5.3 0.4 1:16.35
719 0.0 0.4 1:16.39
719 0.0 0.4 1:16.42
719 0.0 0.4 1:16.46
719 0.0 0.4 1:16.49
719 5.9 0.4 1:16.53
719 0.0 0.4 1:16.57
719 5.3 0.4 1:16.60
719 0.0 0.4 1:16.63
719 5.0 0.4 1:16.67
719 0.0 0.4 1:16.69
719 0.0 0.4 1:16.72
719 0.0 0.4 1:16.75
719 5.0 0.4 1:16.80
719 5.6 0.4 1:16.83
719 5.0 0.4 1:16.86
719 0.0 0.4 1:16.88
719 0.0 0.4 1:16.91
719 0.0 0.4 1:16.93
719 5.6 0.4 1:16.97
719 0.0 0.4 1:16.99
719 10.0 0.4 1:17.05
719 0.0 0.4 1:17.08
719 0.0 0.4 1:17.10
719 5.0 0.4 1:17.14
719 5.6 0.4 1:17.17
719 0.0 0.4 1:17.20
719 5.0 0.4 1:17.24
719 0.0 0.4 1:17.27
719 5.3 0.4 1:17.31
719 5.6 0.4 1:17.35
719 5.6 0.4 1:17.39
719 5.6 0.4 1:17.43
719 0.0 0.4 1:17.46
719 0.0 0.4 1:17.50
719 0.0 0.4 1:17.52
719 0.0 0.4 1:17.53
719 0.0 0.4 1:17.53
719 0.0 0.4 1:17.53
719 0.0 0.4 1:17.53
719 0.0 0.4 1:17.53
719 0.0 0.4 1:17.53
719 0.0 0.4 1:17.53
719 0.0 0.4 1:17.53
719 0.0 0.4 1:17.53
719 0.0 0.4 1:17.53
719 0.0 0.4 1:17.53
719 0.0 0.4 1:17.53
719 0.0 0.4 1:17.53
719 0.0 0.4 1:17.53
719 0.0 0.4 1:17.53
719 0.0 0.4 1:17.53
719 0.0 0.4 1:17.53
719 0.0 0.4 1:17.53
719 0.0 0.4 1:17.53
719 0.0 0.4 1:17.53
