720 5.3 0.4 0:03.77
585 0.0 0.8 0:00.37
720 4.5 0.4 0:03.86
585 0.0 0.8 0:00.37
720 5.6 0.4 0:03.96
720 10.5 0.4 0:04.02
720 5.6 0.4 0:04.06
720 5.6 0.4 0:04.11
720 5.3 0.4 0:04.15
720 5.3 0.4 0:04.20
KiB 1527204 avail Mem
585 0.0 0.8 0:00.37
720 4.3 0.4 0:04.35
720 5.6 0.4 0:04.39
720 5.3 0.4 0:04.44
720 5.3 0.4 0:04.49
585 0.0 0.8 0:00.37
720 5.6 0.4 0:04.58
720 5.6 0.4 0:04.63
720 4.8 0.4 0:04.67
720 5.3 0.4 0:04.72
720 5.3 0.4 0:04.76
720 5.3 0.4 0:04.81
720 5.6 0.4 0:04.85
720 5.9 0.4 0:04.91
720 5.6 0.4 0:04.96
720 11.1 0.4 0:05.01
720 5.6 0.4 0:05.06
585 0.0 0.8 0:00.37
720 5.3 0.4 0:05.16
585 0.0 0.8 0:00.37
720 11.1 0.4 0:05.26
720 4.5 0.4 0:05.30
585 0.0 0.8 0:00.37
720 5.6 0.4 0:05.38
720 11.1 0.4 0:05.43
720 5.3 0.4 0:05.47
720 5.6 0.4 0:05.52
720 5.3 0.4 0:05.57
720 16.7 0.4 0:05.64
720 5.6 0.4 0:05.68
720 5.3 0.4 0:05.72
585 0.0 0.8 0:00.37
720 5.6 0.4 0:05.82
720 5.6 0.4 0:05.87
720 5.0 0.4 0:05.92
KiB used, 263600 buff/cache
720 5.3 0.4 0:06.04
585 0.0 0.8 0:00.37
720 10.0 0.4 0:06.13
720 5.3 0.4 0:06.17
KiB used, 263720 buff/cache
720 5.3 0.4 0:06.28
720 5.6 0.4 0:06.33
720 9.5 0.4 0:06.39
720 5.0 0.4 0:06.43
720 5.3 0.4 0:06.48
585 0.0 0.8 0:00.37
720 5.6 0.4 0:06.58
720 5.3 0.4 0:06.63
720 5.3 0.4 0:06.68
720 4.8 0.4 0:06.73
585 0.0 0.8 0:00.37
720 5.3 0.4 0:06.81
585 0.0 0.8 0:00.37
720 5.3 0.4 0:06.90
720 5.3 0.4 0:06.96
720 4.8 0.4 0:07.01
720 5.6 0.4 0:07.05
720 5.6 0.4 0:07.10
720 5.6 0.4 0:07.15
585 0.0 0.8 0:00.37
720 5.3 0.4 0:07.24
720 10.5 0.4 0:07.29
585 0.0 0.8 0:00.37
720 5.6 0.4 0:07.37
720 5.3 0.4 0:07.42
585 0.0 0.8 0:00.37
585 0.0 0.8 0:00.37
585 0.0 0.8 0:00.37
585 0.0 0.8 0:00.37
585 0.0 0.8 0:00.37
585 0.0 0.8 0:00.37
585 0.0 0.8 0:00.37
585 0.0 0.8 0:00.37
585 0.0 0.8 0:00.37
585 0.0 0.8 0:00.37
585 0.0 0.8 0:00.37
