585 0.0 0.8 0:00.40
720 4.3 0.4 0:11.30
585 0.0 0.8 0:00.40
720 5.6 0.4 0:11.39
720 5.0 0.4 0:11.45
720 5.0 0.4 0:11.49
720 5.6 0.4 0:11.53
720 5.3 0.4 0:11.59
720 5.6 0.4 0:11.64
720 10.5 0.4 0:11.69
720 5.6 0.4 0:11.73
720 5.0 0.4 0:11.79
13720 16.7 0.2 0:00.03
720 5.6 0.4 0:11.88
720 5.6 0.4 0:11.93
720 5.6 0.4 0:11.97
720 5.6 0.4 0:12.02
720 5.3 0.4 0:12.06
585 0.0 0.8 0:00.40
720 5.6 0.4 0:12.15
585 0.0 0.8 0:00.40
720 4.5 0.4 0:12.24
585 0.0 0.8 0:00.40
720 5.3 0.4 0:12.33
720 5.6 0.4 0:12.37
720 11.1 0.4 0:12.43
720 5.0 0.4 0:12.48
720 5.6 0.4 0:12.53
720 5.3 0.4 0:12.59
720 11.1 0.4 0:12.65
720 5.3 0.4 0:12.69
585 0.0 0.8 0:00.40
720 10.5 0.4 0:12.79
720 5.3 0.4 0:12.83
720 5.6 0.4 0:12.88
720 5.6 0.4 0:12.93
720 5.6 0.4 0:12.99
720 11.1 0.4 0:13.04
720 4.8 0.4 0:13.08
720 5.3 0.4 0:13.13
720 5.3 0.4 0:13.18
720 5.6 0.4 0:13.24
720 5.6 0.4 0:13.29
720 11.1 0.4 0:13.34
720 10.5 0.4 0:13.38
720 5.3 0.4 0:13.43
720 5.3 0.4 0:13.49
720 10.5 0.4 0:13.55
585 0.0 0.8 0:00.40
KiB used, 326024 buff/cache
585 0.0 0.8 0:00.40
720 16.7 0.4 0:13.76
720 4.8 0.4 0:13.81
720 5.3 0.4 0:13.85
720 11.1 0.4 0:13.91
585 0.0 0.8 0:00.40
585 0.0 0.8 0:00.40
720 5.6 0.4 0:14.03
585 0.0 0.8 0:00.40
585 0.0 0.8 0:00.40
585 0.0 0.8 0:00.40
585 0.0 0.8 0:00.40
720 5.6 0.4 0:14.25
720 5.3 0.4 0:14.30
720 5.3 0.4 0:14.35
720 4.2 0.4 0:14.40
585 0.0 0.8 0:00.40
720 10.5 0.4 0:14.49
585 0.0 0.8 0:00.40
720 5.6 0.4 0:14.58
720 11.1 0.4 0:14.64
585 0.0 0.8 0:00.40
720 5.3 0.4 0:14.73
720 5.6 0.4 0:14.78
585 0.0 0.8 0:00.40
720 5.3 0.4 0:14.88
720 5.3 0.4 0:14.93
720 5.3 0.4 0:14.98
585 0.0 0.8 0:00.40
585 0.0 0.8 0:00.40
585 0.0 0.8 0:00.40
585 0.0 0.8 0:00.40
585 0.0 0.8 0:00.40
585 0.0 0.8 0:00.40
585 0.0 0.8 0:00.40
585 0.0 0.8 0:00.40
585 0.0 0.8 0:00.40
