721 0.0 0.4 0:36.07
721 0.0 0.4 0:36.10
721 5.6 0.4 0:36.13
721 0.0 0.4 0:36.15
721 0.0 0.4 0:36.18
721 5.3 0.4 0:36.21
721 5.3 0.4 0:36.24
721 5.6 0.4 0:36.26
721 5.3 0.4 0:36.29
721 5.6 0.4 0:36.32
721 0.0 0.4 0:36.34
721 0.0 0.4 0:36.36
721 0.0 0.4 0:36.39
721 0.0 0.4 0:36.42
721 0.0 0.4 0:36.45
721 5.6 0.4 0:36.48
721 0.0 0.4 0:36.50
721 0.0 0.4 0:36.52
721 0.0 0.4 0:36.55
721 5.3 0.4 0:36.58
721 0.0 0.4 0:36.60
721 0.0 0.4 0:36.63
721 4.5 0.4 0:36.66
721 0.0 0.4 0:36.68
721 5.3 0.4 0:36.71
721 0.0 0.4 0:36.74
721 5.3 0.4 0:36.77
721 0.0 0.4 0:36.79
721 0.0 0.4 0:36.82
721 5.3 0.4 0:36.85
KiB used, 347908 buff/cache
721 10.5 0.4 0:36.91
721 0.0 0.4 0:36.93
721 5.3 0.4 0:36.96
721 5.6 0.4 0:36.99
721 5.6 0.4 0:37.01
721 5.0 0.4 0:37.04
721 0.0 0.4 0:37.06
721 0.0 0.4 0:37.09
721 5.3 0.4 0:37.13
721 0.0 0.4 0:37.15
721 0.0 0.4 0:37.18
721 5.6 0.4 0:37.21
721 5.6 0.4 0:37.24
721 5.6 0.4 0:37.27
721 0.0 0.4 0:37.29
721 0.0 0.4 0:37.32
721 0.0 0.4 0:37.35
721 0.0 0.4 0:37.38
721 5.6 0.4 0:37.41
721 0.0 0.4 0:37.43
721 0.0 0.4 0:37.46
KiB used, 348316 buff/cache
721 0.0 0.4 0:37.51
721 0.0 0.4 0:37.54
721 0.0 0.4 0:37.58
721 5.6 0.4 0:37.60
721 0.0 0.4 0:37.62
721 4.5 0.4 0:37.65
721 0.0 0.4 0:37.68
721 0.0 0.4 0:37.70
721 5.0 0.4 0:37.73
721 0.0 0.4 0:37.75
721 5.6 0.4 0:37.78
721 0.0 0.4 0:37.80
721 0.0 0.4 0:37.82
721 0.0 0.4 0:37.85
721 5.6 0.4 0:37.88
721 5.6 0.4 0:37.91
721 0.0 0.4 0:37.93
721 5.0 0.4 0:37.96
721 0.0 0.4 0:37.98
721 0.0 0.4 0:38.01
721 0.0 0.4 0:38.04
721 0.0 0.4 0:38.07
721 5.6 0.4 0:38.11
721 0.0 0.4 0:38.14
721 5.6 0.4 0:38.18
721 4.8 0.4 0:38.22
721 0.0 0.4 0:38.22
721 0.0 0.4 0:38.23
721 0.0 0.4 0:38.23
721 0.0 0.4 0:38.23
721 0.0 0.4 0:38.23
721 0.0 0.4 0:38.23
721 0.0 0.4 0:38.23
721 0.0 0.4 0:38.23
721 0.0 0.4 0:38.23
721 0.0 0.4 0:38.23
721 0.0 0.4 0:38.23
721 0.0 0.4 0:38.23
721 0.0 0.4 0:38.23
721 0.0 0.4 0:38.23
721 0.0 0.4 0:38.23
721 0.0 0.4 0:38.23
721 0.0 0.4 0:38.23
721 0.0 0.4 0:38.23
721 0.0 0.4 0:38.23
