721 0.0 0.4 0:44.39
721 0.0 0.4 0:44.42
721 4.5 0.4 0:44.45
721 5.0 0.4 0:44.48
721 0.0 0.4 0:44.50
721 5.6 0.4 0:44.53
721 0.0 0.4 0:44.55
721 0.0 0.4 0:44.59
721 0.0 0.4 0:44.60
721 0.0 0.4 0:44.63
721 0.0 0.4 0:44.65
721 5.6 0.4 0:44.68
721 0.0 0.4 0:44.70
721 0.0 0.4 0:44.73
721 0.0 0.4 0:44.76
721 5.6 0.4 0:44.79
721 0.0 0.4 0:44.81
721 0.0 0.4 0:44.84
721 11.1 0.4 0:44.88
721 0.0 0.4 0:44.89
721 0.0 0.4 0:44.92
721 0.0 0.4 0:44.94
721 0.0 0.4 0:44.95
5721 25.0 0.2 0:00.05
721 5.6 0.4 0:45.00
721 0.0 0.4 0:45.02
721 5.3 0.4 0:45.04
721 5.6 0.4 0:45.06
721 0.0 0.4 0:45.08
721 0.0 0.4 0:45.11
721 5.6 0.4 0:45.14
721 5.3 0.4 0:45.16
721 0.0 0.4 0:45.18
721 0.0 0.4 0:45.20
721 0.0 0.4 0:45.23
721 0.0 0.4 0:45.26
721 0.0 0.4 0:45.29
721 0.0 0.4 0:45.32
721 0.0 0.4 0:45.34
721 5.6 0.4 0:45.37
721 5.3 0.4 0:45.39
721 0.0 0.4 0:45.41
721 5.6 0.4 0:45.44
721 0.0 0.4 0:45.46
721 0.0 0.4 0:45.50
721 5.0 0.4 0:45.52
721 0.0 0.4 0:45.54
6721 21.1 0.2 0:00.04
721 0.0 0.4 0:45.59
721 0.0 0.4 0:45.61
721 5.6 0.4 0:45.64
KiB used, 354936 buff/cache
721 0.0 0.4 0:45.68
721 0.0 0.4 0:45.70
721 0.0 0.4 0:45.73
721 4.8 0.4 0:45.76
721 0.0 0.4 0:45.78
721 0.0 0.4 0:45.80
721 5.6 0.4 0:45.83
7213 16.7 0.2 0:00.03
721 0.0 0.4 0:45.88
721 4.5 0.4 0:45.90
721 0.0 0.4 0:45.92
721 0.0 0.4 0:45.94
721 5.6 0.4 0:45.97
721 0.0 0.4 0:45.98
721 0.0 0.4 0:46.01
721 0.0 0.4 0:46.03
721 5.3 0.4 0:46.06
721 0.0 0.4 0:46.09
721 0.0 0.4 0:46.11
721 0.0 0.4 0:46.13
721 0.0 0.4 0:46.14
721 0.0 0.4 0:46.17
721 10.0 0.4 0:46.21
721 5.3 0.4 0:46.22
721 0.0 0.4 0:46.25
721 0.0 0.4 0:46.27
721 0.0 0.4 0:46.29
721 0.0 0.4 0:46.32
721 0.0 0.4 0:46.32
721 0.0 0.4 0:46.32
721 0.0 0.4 0:46.32
721 0.0 0.4 0:46.32
721 0.0 0.4 0:46.32
