2899 5.0 0.2 2:24.21
2899 35.0 0.2 2:24.45
2899 27.8 0.2 2:24.70
2899 38.9 0.2 2:24.94
2899 57.9 0.2 2:25.50
2899 25.0 0.2 2:25.84
2899 27.8 0.2 2:26.09
2899 52.6 0.2 2:26.38
2899 26.3 0.2 2:26.64
2899 31.6 0.2 2:26.90
2899 21.1 0.2 2:27.28
2899 22.2 0.2 2:27.59
2899 44.4 0.2 2:27.88
2899 21.1 0.2 2:28.16
2899 42.9 0.2 2:28.50
2899 42.1 0.2 2:28.76
2899 26.3 0.2 2:29.03
2899 27.8 0.2 2:29.30
2899 16.7 0.2 2:29.55
2899 30.0 0.2 2:29.81
2899 31.6 0.2 2:30.17
2899 15.8 0.2 2:30.44
2899 15.8 0.2 2:30.69
2899 27.8 0.2 2:30.95
2899 36.8 0.2 2:31.26
2899 20.0 0.2 2:31.51
2899 20.0 0.2 2:31.79
2899 19.0 0.2 2:32.05
2899 33.3 0.2 2:32.33
2899 25.0 0.2 2:32.58
2899 47.4 0.2 2:32.86
2899 38.9 0.2 2:33.14
2899 35.0 0.2 2:33.44
2899 16.1 0.2 2:33.73
2899 14.7 0.2 2:34.16
2899 31.8 0.2 2:34.50
2899 19.0 0.2 2:34.79
2899 22.2 0.2 2:35.05
2899 21.1 0.2 2:35.31
2899 15.8 0.2 2:35.54
2899 44.4 0.2 2:35.85
2899 35.0 0.2 2:36.14
2899 44.4 0.2 2:36.45
2899 22.2 0.2 2:36.71
2899 35.0 0.2 2:37.01
2899 31.6 0.2 2:37.30
2899 31.6 0.2 2:37.57
2899 15.0 0.2 2:37.81
2899 25.0 0.2 2:38.23
2899 31.6 0.2 2:38.48
2899 55.6 0.2 2:38.78
2899 35.0 0.2 2:39.05
2899 20.0 0.2 2:39.30
2899 40.0 0.2 2:39.57
2899 33.3 0.2 2:39.92
2899 44.4 0.2 2:40.17
2899 27.8 0.2 2:40.41
2899 57.9 0.2 2:40.74
2899 44.4 0.2 2:41.01
2899 21.1 0.2 2:41.26
2899 26.3 0.2 2:41.54
2899 20.0 0.2 2:41.79
2899 22.2 0.2 2:42.04
2899 26.3 0.2 2:42.29
2899 42.1 0.2 2:42.59
2899 50.0 0.2 2:42.88
2899 31.6 0.2 2:43.15
2899 36.8 0.2 2:43.41
2899 42.1 0.2 2:43.70
2899 36.8 0.2 2:44.00
2899 20.0 0.2 2:44.26
2899 42.1 0.2 2:44.55
2899 38.1 0.2 2:44.84
2899 21.1 0.2 2:45.11
2899 28.6 0.2 2:45.36
2899 0.0 0.2 2:45.51
