2899 11.5 0.2 3:06.75
2899 26.1 0.2 3:07.02
2899 21.1 0.2 3:07.28
2899 10.5 0.2 3:07.59
2899 31.6 0.2 3:07.93
2899 55.0 0.2 3:08.22
2899 16.7 0.2 3:08.55
2899 35.0 0.2 3:08.83
2899 45.0 0.2 3:09.13
2899 21.1 0.2 3:09.36
2899 25.0 0.2 3:09.59
2899 27.8 0.2 3:09.83
2899 15.8 0.2 3:10.07
2899 33.3 0.2 3:10.36
2899 33.3 0.2 3:10.61
2899 15.8 0.2 3:10.92
2899 27.8 0.2 3:11.16
2899 21.1 0.2 3:11.41
2899 15.0 0.2 3:11.66
2899 16.7 0.2 3:11.88
2899 35.0 0.2 3:12.16
2899 21.1 0.2 3:12.38
2899 31.6 0.2 3:12.63
2899 26.3 0.2 3:12.94
2899 30.0 0.2 3:13.23
2899 44.4 0.2 3:13.51
2899 21.1 0.2 3:13.76
2899 26.3 0.2 3:14.02
2899 31.6 0.2 3:14.30
2899 27.8 0.2 3:14.55
2899 36.8 0.2 3:14.84
2899 33.3 0.2 3:15.16
2899 30.0 0.2 3:15.42
2899 27.8 0.2 3:15.66
2899 31.6 0.2 3:15.93
2899 45.0 0.2 3:16.21
2899 38.9 0.2 3:16.48
2899 21.1 0.2 3:16.72
2899 38.9 0.2 3:17.00
2899 15.0 0.2 3:17.27
2899 30.0 0.2 3:17.54
2899 15.8 0.2 3:17.78
2899 36.8 0.2 3:18.04
2899 38.9 0.2 3:18.30
2899 33.3 0.2 3:18.57
2899 26.3 0.2 3:18.84
2899 40.0 0.2 3:19.14
2899 40.0 0.2 3:19.53
2899 25.0 0.2 3:19.93
2899 20.0 0.2 3:20.24
2899 35.0 0.2 3:20.56
2899 28.6 0.2 3:20.86
2899 22.7 0.2 3:21.14
2899 34.8 0.2 3:21.47
2899 31.6 0.2 3:21.74
2899 26.3 0.2 3:21.98
2899 36.8 0.2 3:22.30
2899 42.1 0.2 3:22.60
2899 21.1 0.2 3:22.84
2899 25.0 0.2 3:23.13
2899 38.9 0.2 3:23.40
2899 38.9 0.2 3:23.66
2899 36.8 0.2 3:23.98
2899 38.1 0.2 3:24.25
2899 15.0 0.2 3:24.48
2899 33.3 0.2 3:24.76
2899 26.3 0.2 3:25.04
2899 25.0 0.2 3:25.28
2899 22.2 0.2 3:25.59
2899 31.6 0.2 3:25.85
2899 21.1 0.2 3:26.09
2899 20.0 0.2 3:26.34
2899 21.1 0.2 3:26.61
2899 21.1 0.2 3:26.85
2899 35.0 0.2 3:27.13
2899 0.0 0.2 3:27.34
