2918 0.0 0.1 0:40.34
2918 5.0 0.1 0:40.46
2918 5.3 0.1 0:40.55
2918 10.5 0.1 0:40.62
2918 5.3 0.1 0:40.68
2918 11.1 0.1 0:40.74
2918 5.3 0.1 0:40.81
2918 16.7 0.1 0:40.92
2918 18.2 0.1 0:41.05
2918 10.5 0.1 0:41.18
2918 8.7 0.1 0:41.25
2918 5.0 0.1 0:41.34
2918 5.6 0.1 0:41.40
2918 5.0 0.1 0:41.46
2918 10.0 0.1 0:41.53
2918 5.3 0.1 0:41.58
2918 5.0 0.1 0:41.65
2918 11.1 0.1 0:41.73
2918 4.8 0.1 0:41.81
2918 5.3 0.1 0:41.86
2918 4.5 0.1 0:41.93
2918 10.5 0.1 0:42.00
2918 11.1 0.1 0:42.08
2918 5.3 0.1 0:42.15
2918 0.0 0.1 0:42.18
