2918 20.0 0.1 0:37.70
2918 15.8 0.1 0:37.81
2918 16.7 0.1 0:37.91
2918 10.5 0.1 0:38.01
2918 10.0 0.1 0:38.10
2918 5.0 0.1 0:38.17
2918 10.0 0.1 0:38.28
2918 11.1 0.1 0:38.41
2918 4.5 0.1 0:38.56
2918 10.5 0.1 0:38.63
2918 9.5 0.1 0:38.72
2918 5.0 0.1 0:38.80
2918 5.6 0.1 0:38.87
2918 5.0 0.1 0:38.96
2918 10.5 0.1 0:39.04
2918 10.5 0.1 0:39.13
2918 5.0 0.1 0:39.19
2918 11.1 0.1 0:39.25
2918 5.3 0.1 0:39.32
2918 10.5 0.1 0:39.39
2918 4.8 0.1 0:39.45
2918 10.5 0.1 0:39.54
2918 5.0 0.1 0:39.61
2918 9.5 0.1 0:39.69
2918 10.5 0.1 0:39.75
2918 15.0 0.1 0:39.82
2918 10.5 0.1 0:39.90
2918 9.5 0.1 0:39.98
2918 5.6 0.1 0:40.04
2918 11.1 0.1 0:40.13
2918 5.3 0.1 0:40.18
2918 5.6 0.1 0:40.24
2918 0.0 0.1 0:40.30
2918 0.0 0.1 0:40.30
