2918 15.8 0.1 0:34.86
2918 15.8 0.1 0:34.95
2918 16.7 0.1 0:35.03
2918 10.5 0.1 0:35.10
2918 15.0 0.1 0:35.20
2918 9.5 0.1 0:35.30
2918 10.0 0.1 0:35.37
2918 16.0 0.1 0:35.50
2918 16.7 0.1 0:35.66
2918 6.9 0.1 0:35.84
2918 9.5 0.1 0:35.95
2918 10.0 0.1 0:36.05
2918 10.5 0.1 0:36.13
2918 4.8 0.1 0:36.19
2918 16.7 0.1 0:36.28
2918 5.6 0.1 0:36.38
2918 10.5 0.1 0:36.47
2918 5.0 0.1 0:36.53
2918 15.0 0.1 0:36.61
2918 10.0 0.1 0:36.69
2918 10.5 0.1 0:36.76
2918 4.8 0.1 0:36.83
2918 9.5 0.1 0:36.91
2918 5.0 0.1 0:36.97
2918 4.8 0.1 0:37.04
2918 16.7 0.1 0:37.12
2918 5.3 0.1 0:37.19
2918 15.0 0.1 0:37.27
2918 4.8 0.1 0:37.33
2918 11.1 0.1 0:37.40
2918 16.7 0.1 0:37.50
2918 10.0 0.1 0:37.59
2918 0.0 0.1 0:37.63
2918 0.0 0.1 0:37.63
