2918 19.0 0.1 0:11.80
2918 5.3 0.1 0:11.88
2918 5.3 0.1 0:11.98
2918 10.5 0.1 0:12.09
2918 15.8 0.1 0:12.21
2918 10.0 0.1 0:12.31
2918 12.1 0.1 0:12.50
2918 7.1 0.1 0:12.65
2918 11.5 0.1 0:12.82
2918 4.3 0.1 0:12.91
2918 9.1 0.1 0:13.02
2918 10.5 0.1 0:13.10
2918 10.0 0.1 0:13.18
2918 5.3 0.1 0:13.25
2918 4.5 0.1 0:13.33
2918 10.5 0.1 0:13.41
2918 9.1 0.1 0:13.49
2918 5.3 0.1 0:13.60
2918 9.1 0.1 0:13.69
2918 10.5 0.1 0:13.78
2918 5.3 0.1 0:13.87
2918 14.3 0.1 0:13.96
2918 5.0 0.1 0:14.04
2918 4.8 0.1 0:14.12
2918 4.2 0.1 0:14.19
2918 10.0 0.1 0:14.29
2918 15.0 0.1 0:14.39
2918 9.5 0.1 0:14.49
2918 10.5 0.1 0:14.57
2918 15.8 0.1 0:14.68
2918 15.0 0.1 0:14.77
2918 11.1 0.1 0:14.86
2918 10.0 0.1 0:14.95
2918 5.6 0.1 0:15.02
2918 5.3 0.1 0:15.12
2918 10.0 0.1 0:15.21
2918 10.5 0.1 0:15.29
2918 5.0 0.1 0:15.37
2918 5.3 0.1 0:15.46
2918 10.0 0.1 0:15.55
2918 4.8 0.1 0:15.64
2918 4.5 0.1 0:15.74
2918 0.0 0.1 0:15.84
2918 15.8 0.1 0:16.00
2918 5.0 0.1 0:16.15
2918 10.0 0.1 0:16.28
2918 5.3 0.1 0:16.38
2918 10.0 0.1 0:16.53
2918 4.8 0.1 0:16.66
2918 0.0 0.1 0:16.67
2918 0.0 0.1 0:16.67
