2919 0.0 0.1 0:01.03
2919 0.0 0.1 0:01.12
2919 0.0 0.1 0:01.16
2919 4.3 0.1 0:01.21
2919 0.0 0.1 0:01.25
2919 0.0 0.1 0:01.29
2919 5.3 0.1 0:01.33
2919 10.5 0.1 0:01.37
2919 5.0 0.1 0:01.39
2919 0.0 0.1 0:01.39
2919 4.0 0.1 0:01.42
2919 4.5 0.1 0:01.46
2919 0.0 0.1 0:01.46
2919 0.0 0.1 0:01.46
2919 5.0 0.1 0:01.47
2919 0.0 0.1 0:01.48
2919 0.0 0.1 0:01.49
2919 0.0 0.1 0:01.50
2919 0.0 0.1 0:01.51
2919 5.0 0.1 0:01.53
2919 0.0 0.1 0:01.54
2919 0.0 0.1 0:01.54
2919 5.6 0.1 0:01.55
2919 0.0 0.1 0:01.56
2919 0.0 0.1 0:01.56
2919 3.1 0.1 0:01.59
2919 5.3 0.1 0:01.61
2919 0.0 0.1 0:01.61
2919 0.0 0.1 0:01.63
2919 0.0 0.1 0:01.64
2919 0.0 0.1 0:01.65
2919 0.0 0.1 0:01.65
2919 0.0 0.1 0:01.67
2919 0.0 0.1 0:01.68
2919 0.0 0.1 0:01.69
2919 0.0 0.1 0:01.71
2919 0.0 0.1 0:01.72
2919 0.0 0.1 0:01.72
2919 0.0 0.1 0:01.73
2919 0.0 0.1 0:01.74
2919 0.0 0.1 0:01.75
2919 0.0 0.1 0:01.76
2919 0.0 0.1 0:01.77
2919 0.0 0.1 0:01.78
2919 5.0 0.1 0:01.79
2919 0.0 0.1 0:01.79
2919 0.0 0.1 0:01.80
2919 0.0 0.1 0:01.82
2919 0.0 0.1 0:01.83
2919 0.0 0.1 0:01.84
2919 0.0 0.1 0:01.84
