2919 5.3 0.1 0:04.55
2919 16.7 0.1 0:04.64
2919 10.0 0.1 0:04.70
2919 5.6 0.1 0:04.76
2919 0.0 0.1 0:04.80
2919 0.0 0.1 0:04.82
2919 0.0 0.1 0:04.82
2919 0.0 0.1 0:04.84
2919 5.3 0.1 0:04.85
2919 0.0 0.1 0:04.86
2919 4.5 0.1 0:04.88
2919 4.5 0.1 0:04.90
2919 0.0 0.1 0:04.90
2919 5.3 0.1 0:04.91
2919 0.0 0.1 0:04.91
2919 0.0 0.1 0:04.91
2919 5.3 0.1 0:04.92
2919 0.0 0.1 0:04.93
2919 0.0 0.1 0:04.93
2919 4.8 0.1 0:04.94
2919 0.0 0.1 0:04.94
2919 0.0 0.1 0:04.95
2919 5.3 0.1 0:04.96
2919 0.0 0.1 0:04.96
2919 0.0 0.1 0:04.97
2919 0.0 0.1 0:04.97
2919 5.6 0.1 0:04.98
2919 5.3 0.1 0:04.99
2919 5.0 0.1 0:05.00
2919 0.0 0.1 0:05.00
2919 0.0 0.1 0:05.01
2919 0.0 0.1 0:05.01
2919 4.8 0.1 0:05.02
2919 0.0 0.1 0:05.02
