2920 4.5 0.1 0:01.52
2920 4.5 0.1 0:01.56
2920 0.0 0.1 0:01.56
2920 0.0 0.1 0:01.56
2920 0.0 0.1 0:01.56
2920 0.0 0.1 0:01.56
2920 0.0 0.1 0:01.56
2920 0.0 0.1 0:01.56
2920 0.0 0.1 0:01.56
2920 0.0 0.1 0:01.56
2920 0.0 0.1 0:01.56
2920 0.0 0.1 0:01.56
2920 0.0 0.1 0:01.56
2920 0.0 0.1 0:01.56
2920 0.0 0.1 0:01.56
2920 0.0 0.1 0:01.56
2920 0.0 0.1 0:01.56
2920 0.0 0.1 0:01.56
2920 0.0 0.1 0:01.56
2920 0.0 0.1 0:01.56
2920 0.0 0.1 0:01.56
2920 0.0 0.1 0:01.56
2920 0.0 0.1 0:01.56
2920 0.0 0.1 0:01.56
2920 0.0 0.1 0:01.56
