2851 0.0 0.0 0:00.00
2851 0.0 0.0 0:00.00
2851 0.0 0.0 0:00.00
2851 0.0 0.0 0:00.00
2851 0.0 0.0 0:00.00
2851 0.0 0.0 0:00.00
2851 0.0 0.0 0:00.00
2851 0.0 0.0 0:00.00
2851 0.0 0.0 0:00.00
2851 0.0 0.0 0:00.00
2851 0.0 0.0 0:00.00
2851 0.0 0.0 0:00.00
2851 0.0 0.0 0:00.00
2851 0.0 0.0 0:00.00
2851 0.0 0.0 0:00.00
28513 5.3 0.0 0:00.01
2851 0.0 0.0 0:00.00
2851 0.0 0.0 0:00.00
2851 0.0 0.0 0:00.00
2851 0.0 0.0 0:00.00
2851 0.0 0.0 0:00.00
2851 0.0 0.0 0:00.00
2851 0.0 0.0 0:00.00
2851 0.0 0.0 0:00.00
2851 0.0 0.0 0:00.00
2851 0.0 0.0 0:00.00
2851 0.0 0.0 0:00.00
2851 0.0 0.0 0:00.00
2851 0.0 0.0 0:00.00
2851 0.0 0.0 0:00.00
2851 0.0 0.0 0:00.00
2851 0.0 0.0 0:00.00
2851 0.0 0.0 0:00.00
2851 0.0 0.0 0:00.00
2851 0.0 0.0 0:00.00
2851 0.0 0.0 0:00.00
2851 0.0 0.0 0:00.00
2851 0.0 0.0 0:00.00
2851 0.0 0.0 0:00.00
2851 0.0 0.0 0:00.00
2851 0.0 0.0 0:00.00
2851 0.0 0.0 0:00.00
2851 0.0 0.0 0:00.00
2851 0.0 0.0 0:00.00
2851 0.0 0.0 0:00.00
2851 0.0 0.0 0:00.00
2851 0.0 0.0 0:00.00
2851 0.0 0.0 0:00.00
2851 0.0 0.0 0:00.00
2851 0.0 0.0 0:00.00
2851 0.0 0.0 0:00.00
2851 0.0 0.0 0:00.00
2851 0.0 0.0 0:00.00
2851 0.0 0.0 0:00.00
2851 0.0 0.0 0:00.00
2851 0.0 0.0 0:00.00
2851 0.0 0.0 0:00.00
2851 0.0 0.0 0:00.00
2851 0.0 0.0 0:00.00
2851 0.0 0.0 0:00.00
2851 0.0 0.0 0:00.00
2851 0.0 0.0 0:00.00
2851 0.0 0.0 0:00.00
2851 0.0 0.0 0:00.00
2851 0.0 0.0 0:00.00
2851 0.0 0.0 0:00.00
2851 0.0 0.0 0:00.00
2851 0.0 0.0 0:00.00
2851 0.0 0.0 0:00.00
2851 0.0 0.0 0:00.00
2851 0.0 0.0 0:00.00
2851 0.0 0.0 0:00.00
2851 0.0 0.0 0:00.00
2851 0.0 0.0 0:00.00
2851 0.0 0.0 0:00.00
2851 0.0 0.0 0:00.00
