2852 5.6 0.2 0:41.65
2852 10.5 0.2 0:41.72
2852 27.8 0.2 0:41.88
2852 10.5 0.2 0:42.05
2852 5.0 0.2 0:42.19
2852 15.8 0.2 0:42.36
2852 15.0 0.2 0:42.55
2852 5.6 0.2 0:42.71
2852 10.5 0.2 0:42.87
2852 19.0 0.2 0:43.06
2852 10.5 0.2 0:43.22
2852 26.3 0.2 0:43.43
2852 23.8 0.2 0:43.63
2852 21.1 0.2 0:43.82
2852 11.1 0.2 0:44.00
2852 15.8 0.2 0:44.19
2852 16.7 0.2 0:44.38
2852 10.0 0.2 0:44.54
2852 21.1 0.2 0:44.72
2852 15.0 0.2 0:44.91
2852 26.3 0.2 0:45.09
2852 26.3 0.2 0:45.28
2852 26.3 0.2 0:45.49
2852 11.1 0.2 0:45.66
2852 10.5 0.2 0:45.83
2852 16.7 0.2 0:46.01
2852 21.1 0.2 0:46.19
2852 20.0 0.2 0:46.45
2852 15.8 0.2 0:46.62
2852 10.0 0.2 0:46.88
2852 21.1 0.2 0:47.10
2852 10.5 0.2 0:47.30
2852 10.5 0.2 0:47.47
2852 15.8 0.2 0:47.66
2852 21.1 0.2 0:47.84
2852 16.7 0.2 0:48.00
2852 10.5 0.2 0:48.18
2852 10.5 0.2 0:48.35
2852 10.0 0.2 0:48.53
2852 26.3 0.2 0:48.74
2852 20.0 0.2 0:48.95
2852 31.6 0.2 0:49.15
2852 11.1 0.2 0:49.31
2852 13.0 0.2 0:49.49
2852 15.8 0.2 0:49.67
2852 22.2 0.2 0:49.85
2852 10.5 0.2 0:50.03
2852 16.7 0.2 0:50.21
2852 15.8 0.2 0:50.38
2852 21.1 0.2 0:50.58
2852 20.0 0.2 0:50.77
2852 15.8 0.2 0:50.97
2852 16.7 0.2 0:51.16
2852 15.8 0.2 0:51.32
2852 22.2 0.2 0:51.50
2852 16.7 0.2 0:51.68
2852 15.0 0.2 0:51.88
2852 15.0 0.2 0:52.06
2852 16.7 0.2 0:52.23
2852 15.8 0.2 0:52.42
2852 15.8 0.2 0:52.60
2852 16.7 0.2 0:52.77
2852 15.8 0.2 0:52.96
2852 10.0 0.2 0:53.12
2852 15.8 0.2 0:53.30
2852 10.5 0.2 0:53.50
2852 21.1 0.2 0:53.69
2852 10.5 0.2 0:53.87
2852 27.8 0.2 0:54.07
2852 11.1 0.2 0:54.25
2852 21.1 0.2 0:54.45
2852 15.8 0.2 0:54.62
2852 22.2 0.2 0:54.80
2852 15.0 0.2 0:55.00
2852 15.8 0.2 0:55.19
2852 0.0 0.2 0:55.29
