2852 0.0 0.2 0:13.85
2852 5.0 0.2 0:13.93
2852 21.1 0.2 0:14.04
2852 5.3 0.2 0:14.17
2852 5.6 0.2 0:14.28
2852 16.7 0.2 0:14.43
2852 25.0 0.2 0:14.61
2852 10.5 0.2 0:14.75
2852 10.5 0.2 0:14.92
2852 15.8 0.2 0:15.10
2852 15.8 0.2 0:15.28
2852 13.3 0.2 0:15.51
2852 12.9 0.2 0:15.81
2852 8.0 0.2 0:16.05
2852 15.0 0.2 0:16.27
2852 19.0 0.2 0:16.47
2852 15.8 0.2 0:16.65
2852 15.8 0.2 0:16.85
2852 15.8 0.2 0:17.02
2852 10.5 0.2 0:17.22
2852 21.1 0.2 0:17.45
2852 15.8 0.2 0:17.65
2852 10.5 0.2 0:17.84
2852 15.0 0.2 0:18.01
2852 15.8 0.2 0:18.19
2852 21.1 0.2 0:18.38
2852 10.5 0.2 0:18.55
2852 15.8 0.2 0:18.75
2852 15.8 0.2 0:18.93
2852 11.1 0.2 0:19.09
2852 16.7 0.2 0:19.28
2852 15.8 0.2 0:19.46
2852 26.3 0.2 0:19.64
2852 26.3 0.2 0:19.83
2852 21.1 0.2 0:20.02
2852 25.0 0.2 0:20.23
2852 15.8 0.2 0:20.42
2852 11.1 0.2 0:20.60
2852 15.0 0.2 0:20.77
2852 16.7 0.2 0:20.95
2852 25.0 0.2 0:21.16
2852 22.2 0.2 0:21.36
2852 11.1 0.2 0:21.52
2852 21.1 0.2 0:21.71
2852 10.5 0.2 0:21.90
2852 15.8 0.2 0:22.08
2852 15.8 0.2 0:22.25
2852 15.8 0.2 0:22.42
2852 10.5 0.2 0:22.59
2852 20.0 0.2 0:22.78
2852 21.1 0.2 0:22.99
2852 20.0 0.2 0:23.18
2852 20.0 0.2 0:23.37
2852 11.1 0.2 0:23.56
2852 10.5 0.2 0:23.76
2852 14.3 0.2 0:23.96
2852 21.1 0.2 0:24.15
2852 10.0 0.2 0:24.31
2852 10.5 0.2 0:24.48
2852 20.0 0.2 0:24.67
2852 15.8 0.2 0:24.85
2852 16.7 0.2 0:25.02
2852 36.4 0.2 0:25.27
2852 10.5 0.2 0:25.50
2852 15.8 0.2 0:25.85
2852 10.5 0.2 0:26.03
2852 26.3 0.2 0:26.26
2852 10.5 0.2 0:26.44
2852 20.0 0.2 0:26.63
2852 15.0 0.2 0:26.81
2852 10.0 0.2 0:26.99
2852 22.2 0.2 0:27.17
2852 27.8 0.2 0:27.36
2852 11.1 0.2 0:27.53
2852 10.5 0.2 0:27.71
