2853 4.0 0.2 0:12.56
2853 0.0 0.2 0:12.57
2853 0.0 0.2 0:12.58
2853 5.3 0.2 0:12.61
2853 0.0 0.2 0:12.61
2853 0.0 0.2 0:12.62
2853 0.0 0.2 0:12.62
2853 0.0 0.2 0:12.63
2853 0.0 0.2 0:12.64
2853 0.0 0.2 0:12.64
2853 0.0 0.2 0:12.65
2853 0.0 0.2 0:12.66
2853 0.0 0.2 0:12.67
2853 0.0 0.2 0:12.68
2853 0.0 0.2 0:12.68
2853 0.0 0.2 0:12.69
2853 0.0 0.2 0:12.69
2853 0.0 0.2 0:12.71
2853 0.0 0.2 0:12.74
2853 0.0 0.2 0:12.74
2853 0.0 0.2 0:12.76
2853 0.0 0.2 0:12.78
2853 0.0 0.2 0:12.78
2853 0.0 0.2 0:12.78
2853 0.0 0.2 0:12.79
2853 0.0 0.2 0:12.80
2853 0.0 0.2 0:12.83
2853 0.0 0.2 0:12.83
2853 0.0 0.2 0:12.84
2853 5.3 0.2 0:12.85
2853 0.0 0.2 0:12.86
2853 0.0 0.2 0:12.87
2853 0.0 0.2 0:12.88
2853 0.0 0.2 0:12.88
2853 0.0 0.2 0:12.89
2853 0.0 0.2 0:12.89
2853 0.0 0.2 0:12.90
2853 0.0 0.2 0:12.90
2853 0.0 0.2 0:12.90
2853 0.0 0.2 0:12.94
2853 0.0 0.2 0:12.95
2853 0.0 0.2 0:12.95
2853 0.0 0.2 0:12.96
2853 0.0 0.2 0:12.97
2853 0.0 0.2 0:12.97
2853 0.0 0.2 0:12.97
2853 0.0 0.2 0:12.97
2853 0.0 0.2 0:12.98
2853 0.0 0.2 0:12.99
2853 0.0 0.2 0:12.99
2853 0.0 0.2 0:13.00
2853 0.0 0.2 0:13.01
2853 0.0 0.2 0:13.06
2853 0.0 0.2 0:13.07
2853 0.0 0.2 0:13.08
2853 0.0 0.2 0:13.08
2853 0.0 0.2 0:13.09
2853 5.0 0.2 0:13.10
2853 0.0 0.2 0:13.10
2853 5.3 0.2 0:13.12
2853 0.0 0.2 0:13.12
2853 0.0 0.2 0:13.13
2853 0.0 0.2 0:13.13
2853 0.0 0.2 0:13.13
2853 0.0 0.2 0:13.15
2853 0.0 0.2 0:13.15
2853 0.0 0.2 0:13.16
2853 0.0 0.2 0:13.18
2853 0.0 0.2 0:13.19
2853 0.0 0.2 0:13.20
2853 0.0 0.2 0:13.20
2853 0.0 0.2 0:13.22
2853 5.0 0.2 0:13.23
2853 0.0 0.2 0:13.23
2853 0.0 0.2 0:13.24
2853 0.0 0.2 0:13.24
