2854 5.3 0.2 0:00.07
2854 0.0 0.2 0:00.08
2854 0.0 0.2 0:00.08
2854 0.0 0.2 0:00.08
2854 0.0 0.2 0:00.08
2854 0.0 0.2 0:00.08
2854 0.0 0.2 0:00.08
2854 0.0 0.2 0:00.08
2854 0.0 0.2 0:00.08
2854 0.0 0.2 0:00.08
2854 0.0 0.2 0:00.08
2854 0.0 0.2 0:00.08
2854 0.0 0.2 0:00.08
2854 0.0 0.2 0:00.08
2854 0.0 0.2 0:00.08
2854 0.0 0.2 0:00.08
2854 0.0 0.2 0:00.08
2854 0.0 0.2 0:00.08
2854 0.0 0.2 0:00.08
2854 0.0 0.2 0:00.08
2854 0.0 0.2 0:00.08
2854 0.0 0.2 0:00.08
2854 0.0 0.2 0:00.08
2854 0.0 0.2 0:00.08
2854 0.0 0.2 0:00.08
2854 0.0 0.2 0:00.08
2854 0.0 0.2 0:00.08
2854 0.0 0.2 0:00.08
2854 0.0 0.2 0:00.08
2854 0.0 0.2 0:00.08
2854 0.0 0.2 0:00.08
2854 0.0 0.2 0:00.08
2854 0.0 0.2 0:00.08
2854 0.0 0.2 0:00.08
2854 0.0 0.2 0:00.08
2854 0.0 0.2 0:00.08
2854 0.0 0.2 0:00.08
2854 0.0 0.2 0:00.08
2854 0.0 0.2 0:00.08
2854 0.0 0.2 0:00.08
2854 0.0 0.2 0:00.08
2854 0.0 0.2 0:00.08
2854 0.0 0.2 0:00.08
2854 0.0 0.2 0:00.08
2854 0.0 0.2 0:00.08
2854 0.0 0.2 0:00.08
2854 0.0 0.2 0:00.08
2854 0.0 0.2 0:00.08
2854 0.0 0.2 0:00.08
2854 0.0 0.2 0:00.08
2854 0.0 0.2 0:00.08
2854 0.0 0.2 0:00.08
2854 0.0 0.2 0:00.08
2854 0.0 0.2 0:00.08
2854 0.0 0.2 0:00.08
2854 0.0 0.2 0:00.08
2854 0.0 0.2 0:00.08
2854 0.0 0.2 0:00.08
2854 0.0 0.2 0:00.08
2854 0.0 0.2 0:00.08
2854 0.0 0.2 0:00.08
2854 0.0 0.2 0:00.08
2854 0.0 0.2 0:00.08
2854 0.0 0.2 0:00.08
2854 0.0 0.2 0:00.08
2854 0.0 0.2 0:00.08
2854 0.0 0.2 0:00.08
2854 0.0 0.2 0:00.08
2854 0.0 0.2 0:00.08
2854 0.0 0.2 0:00.08
2854 0.0 0.2 0:00.08
2854 0.0 0.2 0:00.08
2854 0.0 0.2 0:00.08
2854 0.0 0.2 0:00.08
2854 0.0 0.2 0:00.08
2854 0.0 0.2 0:00.08
