2854 5.3 0.2 0:00.10
2854 0.0 0.2 0:00.10
2854 0.0 0.2 0:00.10
2854 0.0 0.2 0:00.10
2854 0.0 0.2 0:00.10
12854 5.6 0.0 0:00.01
2854 0.0 0.2 0:00.10
2854 0.0 0.2 0:00.10
2854 0.0 0.2 0:00.10
2854 0.0 0.2 0:00.10
2854 0.0 0.2 0:00.10
2854 0.0 0.2 0:00.10
2854 0.0 0.2 0:00.10
2854 0.0 0.2 0:00.10
2854 0.0 0.2 0:00.10
2854 0.0 0.2 0:00.10
2854 0.0 0.2 0:00.10
2854 0.0 0.2 0:00.10
2854 0.0 0.2 0:00.10
2854 0.0 0.2 0:00.10
2854 0.0 0.2 0:00.10
2854 0.0 0.2 0:00.10
2854 0.0 0.2 0:00.10
2854 0.0 0.2 0:00.10
2854 0.0 0.2 0:00.10
2854 0.0 0.2 0:00.10
2854 0.0 0.2 0:00.10
2854 0.0 0.2 0:00.10
2854 0.0 0.2 0:00.10
2854 0.0 0.2 0:00.10
2854 0.0 0.2 0:00.10
2854 0.0 0.2 0:00.10
2854 0.0 0.2 0:00.10
2854 0.0 0.2 0:00.10
2854 0.0 0.2 0:00.10
2854 0.0 0.2 0:00.10
2854 0.0 0.2 0:00.10
2854 0.0 0.2 0:00.10
2854 0.0 0.2 0:00.10
2854 0.0 0.2 0:00.10
2854 0.0 0.2 0:00.10
2854 0.0 0.2 0:00.10
2854 0.0 0.2 0:00.10
2854 0.0 0.2 0:00.10
2854 0.0 0.2 0:00.10
2854 0.0 0.2 0:00.10
2854 0.0 0.2 0:00.10
2854 0.0 0.2 0:00.10
2854 0.0 0.2 0:00.10
2854 0.0 0.2 0:00.10
2854 0.0 0.2 0:00.10
2854 0.0 0.2 0:00.10
2854 0.0 0.2 0:00.10
2854 0.0 0.2 0:00.10
2854 0.0 0.2 0:00.10
2854 0.0 0.2 0:00.10
2854 0.0 0.2 0:00.10
2854 0.0 0.2 0:00.10
2854 0.0 0.2 0:00.10
2854 0.0 0.2 0:00.10
2854 0.0 0.2 0:00.10
2854 0.0 0.2 0:00.10
2854 0.0 0.2 0:00.10
2854 0.0 0.2 0:00.10
2854 0.0 0.2 0:00.10
2854 0.0 0.2 0:00.10
2854 0.0 0.2 0:00.10
2854 0.0 0.2 0:00.10
2854 0.0 0.2 0:00.10
2854 0.0 0.2 0:00.10
2854 0.0 0.2 0:00.10
2854 0.0 0.2 0:00.10
2854 0.0 0.2 0:00.10
2854 0.0 0.2 0:00.10
2854 0.0 0.2 0:00.10
2854 0.0 0.2 0:00.10
