2855 0.0 0.1 0:00.01
2855 0.0 0.1 0:00.02
2855 0.0 0.1 0:00.03
2855 0.0 0.1 0:00.04
2855 0.0 0.1 0:00.05
2855 0.0 0.1 0:00.06
2855 0.0 0.1 0:00.07
2855 0.0 0.1 0:00.07
2855 0.0 0.1 0:00.07
2855 0.0 0.1 0:00.07
2855 0.0 0.1 0:00.07
2855 0.0 0.1 0:00.07
2855 0.0 0.1 0:00.07
2855 0.0 0.1 0:00.07
2855 0.0 0.1 0:00.07
2855 0.0 0.1 0:00.07
2855 0.0 0.1 0:00.07
2855 0.0 0.1 0:00.07
2855 0.0 0.1 0:00.07
2855 0.0 0.1 0:00.07
2855 0.0 0.1 0:00.07
2855 0.0 0.1 0:00.07
2855 0.0 0.1 0:00.07
2855 0.0 0.1 0:00.07
2855 0.0 0.1 0:00.07
2855 0.0 0.1 0:00.07
2855 0.0 0.1 0:00.07
2855 0.0 0.1 0:00.07
2855 0.0 0.1 0:00.07
2855 0.0 0.1 0:00.07
2855 0.0 0.1 0:00.07
2855 0.0 0.1 0:00.07
2855 0.0 0.1 0:00.07
2855 0.0 0.1 0:00.07
2855 0.0 0.1 0:00.07
2855 0.0 0.1 0:00.07
2855 0.0 0.1 0:00.07
2855 0.0 0.1 0:00.07
2855 0.0 0.1 0:00.07
2855 0.0 0.1 0:00.07
2855 0.0 0.1 0:00.07
2855 0.0 0.1 0:00.07
2855 0.0 0.1 0:00.07
2855 0.0 0.1 0:00.07
2855 0.0 0.1 0:00.07
2855 0.0 0.1 0:00.07
2855 0.0 0.1 0:00.07
2855 0.0 0.1 0:00.07
2855 0.0 0.1 0:00.07
2855 0.0 0.1 0:00.07
2855 0.0 0.1 0:00.07
2855 0.0 0.1 0:00.07
2855 0.0 0.1 0:00.07
2855 0.0 0.1 0:00.07
2855 0.0 0.1 0:00.07
2855 0.0 0.1 0:00.07
2855 0.0 0.1 0:00.07
2855 0.0 0.1 0:00.07
2855 0.0 0.1 0:00.07
2855 0.0 0.1 0:00.07
2855 0.0 0.1 0:00.07
2855 0.0 0.1 0:00.07
2855 0.0 0.1 0:00.07
2855 0.0 0.1 0:00.07
2855 0.0 0.1 0:00.07
2855 0.0 0.1 0:00.07
2855 0.0 0.1 0:00.07
2855 0.0 0.1 0:00.07
2855 0.0 0.1 0:00.07
2855 0.0 0.1 0:00.07
2855 0.0 0.1 0:00.07
2855 0.0 0.1 0:00.07
2855 0.0 0.1 0:00.07
2855 0.0 0.1 0:00.07
2855 4.5 0.1 0:00.08
