712 0.0 0.1 0:00.00
712 0.0 0.1 0:00.00
712 0.0 0.1 0:00.00
712 0.0 0.1 0:00.00
712 0.0 0.1 0:00.00
712 0.0 0.1 0:00.00
712 0.0 0.1 0:00.00
712 0.0 0.1 0:00.00
712 0.0 0.1 0:00.00
712 0.0 0.1 0:00.00
712 0.0 0.1 0:00.00
712 0.0 0.1 0:00.00
712 0.0 0.1 0:00.00
712 0.0 0.1 0:00.00
KiB used, 387124 buff/cache
KiB 1538712 avail Mem
712 0.0 0.1 0:00.00
712 0.0 0.1 0:00.00
712 0.0 0.1 0:00.00
712 0.0 0.1 0:00.00
712 0.0 0.1 0:00.00
712 0.0 0.1 0:00.00
712 0.0 0.1 0:00.00
712 0.0 0.1 0:00.00
712 0.0 0.1 0:00.00
712 0.0 0.1 0:00.00
712 0.0 0.1 0:00.00
712 0.0 0.1 0:00.00
712 0.0 0.1 0:00.00
712 0.0 0.1 0:00.00
712 0.0 0.1 0:00.00
712 0.0 0.1 0:00.00
712 0.0 0.1 0:00.00
712 0.0 0.1 0:00.00
712 0.0 0.1 0:00.00
712 0.0 0.1 0:00.00
712 0.0 0.1 0:00.00
712 0.0 0.1 0:00.00
712 0.0 0.1 0:00.00
712 0.0 0.1 0:00.00
712 0.0 0.1 0:00.00
712 0.0 0.1 0:00.00
712 0.0 0.1 0:00.00
712 0.0 0.1 0:00.00
712 0.0 0.1 0:00.00
712 0.0 0.1 0:00.00
712 0.0 0.1 0:00.00
712 0.0 0.1 0:00.00
712 0.0 0.1 0:00.00
712 0.0 0.1 0:00.00
712 0.0 0.1 0:00.00
712 0.0 0.1 0:00.00
712 0.0 0.1 0:00.00
712 0.0 0.1 0:00.00
712 0.0 0.1 0:00.00
712 0.0 0.1 0:00.00
712 0.0 0.1 0:00.00
712 0.0 0.1 0:00.00
712 0.0 0.1 0:00.00
712 0.0 0.1 0:00.00
712 0.0 0.1 0:00.00
712 0.0 0.1 0:00.00
712 0.0 0.1 0:00.00
712 0.0 0.1 0:00.00
712 0.0 0.1 0:00.00
712 0.0 0.1 0:00.00
712 0.0 0.1 0:00.00
