713 11.1 0.3 0:30.67
713 0.0 0.3 0:30.68
713 0.0 0.3 0:30.68
713 0.0 0.3 0:30.68
713 0.0 0.3 0:30.68
713 14.3 0.3 0:30.82
713 15.8 0.3 0:31.08
713 31.6 0.3 0:31.35
713 33.3 0.3 0:31.65
713 10.5 0.3 0:31.90
713 21.1 0.3 0:32.16
713 10.5 0.3 0:32.38
713 5.3 0.3 0:32.56
713 0.0 0.3 0:32.57
713 0.0 0.3 0:32.57
713 0.0 0.3 0:32.57
713 0.0 0.3 0:32.57
713 0.0 0.3 0:32.57
713 0.0 0.3 0:32.57
713 0.0 0.3 0:32.57
713 0.0 0.3 0:32.57
713 0.0 0.3 0:32.57
713 0.0 0.3 0:32.57
713 0.0 0.3 0:32.57
713 0.0 0.3 0:32.57
713 0.0 0.3 0:32.57
713 0.0 0.3 0:32.57
713 0.0 0.3 0:32.57
713 0.0 0.3 0:32.57
713 0.0 0.3 0:32.57
713 0.0 0.3 0:32.57
713 0.0 0.3 0:32.57
713 0.0 0.3 0:32.57
713 0.0 0.3 0:32.57
713 0.0 0.3 0:32.57
