732 0.0 0.1 0:00.00
732 0.0 0.1 0:00.00
732 0.0 0.1 0:00.00
732 0.0 0.1 0:00.00
732 0.0 0.1 0:00.00
732 0.0 0.1 0:00.00
732 0.0 0.1 0:00.00
732 0.0 0.1 0:00.00
732 0.0 0.1 0:00.00
KiB used, 369732 buff/cache
732 0.0 0.1 0:00.00
732 0.0 0.1 0:00.00
732 0.0 0.1 0:00.00
732 0.0 0.1 0:00.00
732 0.0 0.1 0:00.00
732 0.0 0.1 0:00.00
732 0.0 0.1 0:00.00
732 0.0 0.1 0:00.00
732 0.0 0.1 0:00.00
732 0.0 0.1 0:00.00
732 0.0 0.1 0:00.00
732 0.0 0.1 0:00.00
732 0.0 0.1 0:00.00
732 0.0 0.1 0:00.00
732 0.0 0.1 0:00.00
732 0.0 0.1 0:00.00
732 0.0 0.1 0:00.00
732 0.0 0.1 0:00.00
732 0.0 0.1 0:00.00
732 0.0 0.1 0:00.00
732 0.0 0.1 0:00.00
732 0.0 0.1 0:00.00
732 0.0 0.1 0:00.00
732 0.0 0.1 0:00.00
732 0.0 0.1 0:00.00
732 0.0 0.1 0:00.00
732 0.0 0.1 0:00.00
732 0.0 0.1 0:00.00
732 0.0 0.1 0:00.00
732 0.0 0.1 0:00.00
732 0.0 0.1 0:00.00
732 0.0 0.1 0:00.00
732 0.0 0.1 0:00.00
732 0.0 0.1 0:00.00
732 0.0 0.1 0:00.00
732 0.0 0.1 0:00.00
732 0.0 0.1 0:00.00
732 0.0 0.1 0:00.00
732 0.0 0.1 0:00.00
732 0.0 0.1 0:00.00
732 0.0 0.1 0:00.00
732 0.0 0.1 0:00.00
732 0.0 0.1 0:00.00
732 0.0 0.1 0:00.00
732 0.0 0.1 0:00.00
732 0.0 0.1 0:00.00
732 0.0 0.1 0:00.00
732 0.0 0.1 0:00.00
732 0.0 0.1 0:00.00
732 0.0 0.1 0:00.00
732 0.0 0.1 0:00.00
732 0.0 0.1 0:00.00
732 0.0 0.1 0:00.00
732 0.0 0.1 0:00.00
732 0.0 0.1 0:00.00
732 0.0 0.1 0:00.00
732 0.0 0.1 0:00.00
KiB used, 373252 buff/cache
732 0.0 0.1 0:00.00
732 0.0 0.1 0:00.00
732 0.0 0.1 0:00.00
732 0.0 0.1 0:00.00
732 0.0 0.1 0:00.00
732 0.0 0.1 0:00.00
732 0.0 0.1 0:00.00
732 0.0 0.1 0:00.00
732 0.0 0.1 0:00.00
732 0.0 0.1 0:00.00
732 0.0 0.1 0:00.00
732 0.0 0.1 0:00.00
732 0.0 0.1 0:00.00
732 0.0 0.1 0:00.00
732 0.0 0.1 0:00.00
732 0.0 0.1 0:00.00
732 0.0 0.1 0:00.00
732 0.0 0.1 0:00.00
732 0.0 0.1 0:00.00
732 0.0 0.1 0:00.00
732 0.0 0.1 0:00.00
732 0.0 0.1 0:00.00
732 0.0 0.1 0:00.00
732 0.0 0.1 0:00.00
732 0.0 0.1 0:00.00
732 0.0 0.1 0:00.00
732 0.0 0.1 0:00.00
732 0.0 0.1 0:00.00
732 0.0 0.1 0:00.00
732 0.0 0.1 0:00.00
732 0.0 0.1 0:00.00
732 0.0 0.1 0:00.00
732 0.0 0.1 0:00.00
732 0.0 0.1 0:00.00
732 0.0 0.1 0:00.00
732 0.0 0.1 0:00.00
732 0.0 0.1 0:00.00
732 0.0 0.1 0:00.00
732 0.0 0.1 0:00.00
732 0.0 0.1 0:00.00
732 0.0 0.1 0:00.00
732 0.0 0.1 0:00.00
732 0.0 0.1 0:00.00
732 0.0 0.1 0:00.00
732 0.0 0.1 0:00.00
732 0.0 0.1 0:00.00
732 0.0 0.1 0:00.00
732 0.0 0.1 0:00.00
732 0.0 0.1 0:00.00
KiB used, 374420 buff/cache
732 0.0 0.1 0:00.00
732 0.0 0.1 0:00.00
732 0.0 0.1 0:00.00
732 0.0 0.1 0:00.00
732 0.0 0.1 0:00.00
732 0.0 0.1 0:00.00
732 0.0 0.1 0:00.00
732 0.0 0.1 0:00.00
732 0.0 0.1 0:00.00
732 0.0 0.1 0:00.00
732 0.0 0.1 0:00.00
