732 0.0 0.1 0:00.00
732 0.0 0.1 0:00.00
732 0.0 0.1 0:00.00
732 0.0 0.1 0:00.00
732 0.0 0.1 0:00.00
732 0.0 0.1 0:00.00
732 0.0 0.1 0:00.00
732 0.0 0.1 0:00.00
732 0.0 0.1 0:00.00
732 0.0 0.1 0:00.00
732 0.0 0.1 0:00.00
732 0.0 0.1 0:00.00
732 0.0 0.1 0:00.00
732 0.0 0.1 0:00.00
732 0.0 0.1 0:00.00
732 0.0 0.1 0:00.00
732 0.0 0.1 0:00.00
732 0.0 0.1 0:00.00
732 0.0 0.1 0:00.00
732 0.0 0.1 0:00.00
732 0.0 0.1 0:00.00
732 0.0 0.1 0:00.00
732 0.0 0.1 0:00.00
732 0.0 0.1 0:00.00
732 0.0 0.1 0:00.00
732 0.0 0.1 0:00.00
732 0.0 0.1 0:00.00
732 0.0 0.1 0:00.00
732 0.0 0.1 0:00.00
732 0.0 0.1 0:00.00
732 0.0 0.1 0:00.00
732 0.0 0.1 0:00.00
732 0.0 0.1 0:00.00
732 0.0 0.1 0:00.00
732 0.0 0.1 0:00.00
732 0.0 0.1 0:00.00
732 0.0 0.1 0:00.00
732 0.0 0.1 0:00.00
732 0.0 0.1 0:00.00
732 0.0 0.1 0:00.00
732 0.0 0.1 0:00.00
732 0.0 0.1 0:00.00
732 0.0 0.1 0:00.00
732 0.0 0.1 0:00.00
732 0.0 0.1 0:00.00
732 0.0 0.1 0:00.00
732 0.0 0.1 0:00.00
732 0.0 0.1 0:00.00
732 0.0 0.1 0:00.00
732 0.0 0.1 0:00.00
732 0.0 0.1 0:00.00
732 0.0 0.1 0:00.00
732 0.0 0.1 0:00.00
732 0.0 0.1 0:00.00
732 0.0 0.1 0:00.00
732 0.0 0.1 0:00.00
732 0.0 0.1 0:00.00
732 0.0 0.1 0:00.00
732 0.0 0.1 0:00.00
732 0.0 0.1 0:00.00
732 0.0 0.1 0:00.00
732 0.0 0.1 0:00.00
732 0.0 0.1 0:00.00
732 0.0 0.1 0:00.00
732 0.0 0.1 0:00.00
732 0.0 0.1 0:00.00
732 0.0 0.1 0:00.00
732 0.0 0.1 0:00.00
732 0.0 0.1 0:00.00
732 0.0 0.1 0:00.00
732 0.0 0.1 0:00.00
732 0.0 0.1 0:00.00
732 0.0 0.1 0:00.00
732 0.0 0.1 0:00.00
732 0.0 0.1 0:00.00
732 0.0 0.1 0:00.00
732 0.0 0.1 0:00.00
732 0.0 0.1 0:00.00
732 0.0 0.1 0:00.00
732 0.0 0.1 0:00.00
732 0.0 0.1 0:00.00
732 0.0 0.1 0:00.00
732 0.0 0.1 0:00.00
732 0.0 0.1 0:00.00
732 0.0 0.1 0:00.00
732 0.0 0.1 0:00.00
732 0.0 0.1 0:00.00
732 0.0 0.1 0:00.00
732 0.0 0.1 0:00.00
732 0.0 0.1 0:00.00
732 0.0 0.1 0:00.00
732 0.0 0.1 0:00.00
732 0.0 0.1 0:00.00
732 0.0 0.1 0:00.00
732 0.0 0.1 0:00.00
732 0.0 0.1 0:00.00
732 0.0 0.1 0:00.00
732 0.0 0.1 0:00.00
732 0.0 0.1 0:00.00
