733 5.3 0.4 2:06.73
733 5.3 0.4 2:06.79
733 5.3 0.4 2:06.86
733 5.6 0.4 2:06.92
733 10.5 0.4 2:06.99
733 5.3 0.4 2:07.05
733 11.1 0.4 2:07.12
733 5.6 0.4 2:07.18
733 5.6 0.4 2:07.24
733 4.3 0.4 2:07.31
733 10.5 0.4 2:07.38
733 5.3 0.4 2:07.44
KiB used, 407332 buff/cache
733 10.5 0.4 2:07.56
733 0.0 0.4 2:07.64
733 11.1 0.4 2:07.70
733 5.0 0.4 2:07.76
733 0.0 0.4 2:07.83
733 5.0 0.4 2:07.90
733 5.3 0.4 2:07.96
733 9.5 0.4 2:08.02
733 5.6 0.4 2:08.07
733 11.1 0.4 2:08.14
733 5.3 0.4 2:08.20
733 5.6 0.4 2:08.27
733 5.3 0.4 2:08.33
733 5.6 0.4 2:08.39
733 5.3 0.4 2:08.45
733 5.9 0.4 2:08.53
733 5.6 0.4 2:08.60
733 5.3 0.4 2:08.65
733 0.0 0.4 2:08.69
733 5.6 0.4 2:08.75
733 0.0 0.4 2:08.81
733 5.3 0.4 2:08.88
733 5.6 0.4 2:08.94
733 5.6 0.4 2:09.02
733 5.6 0.4 2:09.08
733 5.3 0.4 2:09.14
733 5.3 0.4 2:09.20
733 5.3 0.4 2:09.25
733 5.3 0.4 2:09.31
733 5.3 0.4 2:09.37
733 5.6 0.4 2:09.43
733 5.0 0.4 2:09.50
733 5.3 0.4 2:09.56
733 4.3 0.4 2:09.62
733 10.5 0.4 2:09.69
733 5.3 0.4 2:09.76
733 10.5 0.4 2:09.85
733 5.3 0.4 2:09.92
733 5.3 0.4 2:09.99
733 5.0 0.4 2:10.05
733 5.6 0.4 2:10.12
733 5.3 0.4 2:10.17
733 5.6 0.4 2:10.23
733 10.5 0.4 2:10.31
733 0.0 0.4 2:10.36
733 5.6 0.4 2:10.44
733 5.6 0.4 2:10.50
733 11.1 0.4 2:10.57
733 5.6 0.4 2:10.62
733 5.6 0.4 2:10.69
733 5.3 0.4 2:10.75
733 5.0 0.4 2:10.83
733 5.3 0.4 2:10.91
733 10.5 0.4 2:11.01
733 11.1 0.4 2:11.08
733 5.0 0.4 2:11.14
733 5.3 0.4 2:11.22
733 5.6 0.4 2:11.28
733 11.1 0.4 2:11.35
733 10.0 0.4 2:11.42
733 10.5 0.4 2:11.48
733 5.6 0.4 2:11.54
733 5.3 0.4 2:11.59
733 0.0 0.4 2:11.64
733 0.0 0.4 2:11.66
733 0.0 0.4 2:11.66
733 0.0 0.4 2:11.66
733 0.0 0.4 2:11.66
733 0.0 0.4 2:11.66
733 0.0 0.4 2:11.66
733 0.0 0.4 2:11.66
733 0.0 0.4 2:11.66
733 0.0 0.4 2:11.66
733 0.0 0.4 2:11.66
733 0.0 0.4 2:11.66
733 0.0 0.4 2:11.66
