734 0.0 0.4 3:49.69
734 0.0 0.4 3:49.73
734 10.5 0.4 3:49.79
734 0.0 0.4 3:49.82
734 0.0 0.4 3:49.88
734 5.6 0.4 3:49.93
734 11.1 0.4 3:49.98
734 0.0 0.4 3:50.02
734 0.0 0.4 3:50.07
734 0.0 0.4 3:50.11
734 10.5 0.4 3:50.17
734 5.6 0.4 3:50.20
734 4.8 0.4 3:50.24
734 5.3 0.4 3:50.28
734 4.8 0.4 3:50.33
734 5.0 0.4 3:50.37
734 5.6 0.4 3:50.41
734 9.5 0.4 3:50.47
734 5.3 0.4 3:50.50
734 11.1 0.4 3:50.56
734 5.3 0.4 3:50.61
734 5.3 0.4 3:50.66
734 5.6 0.4 3:50.70
734 5.3 0.4 3:50.75
734 0.0 0.4 3:50.79
734 0.0 0.4 3:50.84
734 5.6 0.4 3:50.89
734 5.3 0.4 3:50.94
734 5.3 0.4 3:50.98
734 5.9 0.4 3:51.01
734 0.0 0.4 3:51.06
734 5.6 0.4 3:51.11
734 0.0 0.4 3:51.15
734 5.6 0.4 3:51.20
734 0.0 0.4 3:51.23
734 5.6 0.4 3:51.28
734 5.6 0.4 3:51.32
734 0.0 0.4 3:51.37
734 5.0 0.4 3:51.42
734 5.6 0.4 3:51.46
734 0.0 0.4 3:51.50
734 0.0 0.4 3:51.54
734 5.3 0.4 3:51.59
734 0.0 0.4 3:51.63
734 0.0 0.4 3:51.67
734 5.3 0.4 3:51.72
734 0.0 0.4 3:51.76
734 0.0 0.4 3:51.80
734 0.0 0.4 3:51.86
734 5.0 0.4 3:51.91
734 0.0 0.4 3:51.95
734 5.0 0.4 3:52.01
734 11.1 0.4 3:52.06
734 5.3 0.4 3:52.10
734 0.0 0.4 3:52.14
734 0.0 0.4 3:52.19
734 5.6 0.4 3:52.24
734 5.3 0.4 3:52.29
734 5.6 0.4 3:52.33
734 10.5 0.4 3:52.39
734 0.0 0.4 3:52.43
734 5.6 0.4 3:52.48
734 5.6 0.4 3:52.53
734 0.0 0.4 3:52.57
734 5.6 0.4 3:52.63
734 0.0 0.4 3:52.66
734 0.0 0.4 3:52.70
734 0.0 0.4 3:52.74
734 5.3 0.4 3:52.79
734 0.0 0.4 3:52.83
734 5.3 0.4 3:52.88
734 5.3 0.4 3:52.92
734 11.1 0.4 3:52.97
734 5.6 0.4 3:53.00
734 5.6 0.4 3:53.05
734 5.3 0.4 3:53.10
734 5.3 0.4 3:53.15
734 5.0 0.4 3:53.19
734 5.3 0.4 3:53.24
734 0.0 0.4 3:53.26
734 0.0 0.4 3:53.27
734 0.0 0.4 3:53.27
734 0.0 0.4 3:53.27
734 0.0 0.4 3:53.27
734 0.0 0.4 3:53.27
734 0.0 0.4 3:53.27
734 0.0 0.4 3:53.27
734 0.0 0.4 3:53.27
734 0.0 0.4 3:53.27
734 0.0 0.4 3:53.27
734 0.0 0.4 3:53.27
734 0.0 0.4 3:53.27
734 0.0 0.4 3:53.27
734 0.0 0.4 3:53.27
734 0.0 0.4 3:53.27
734 0.0 0.4 3:53.27
734 0.0 0.4 3:53.27
734 0.0 0.4 3:53.27
734 0.0 0.4 3:53.27
