734 5.3 0.4 3:18.75
734 5.6 0.4 3:18.82
734 10.5 0.4 3:18.89
734 5.3 0.4 3:18.96
734 11.1 0.4 3:19.03
734 5.3 0.4 3:19.08
734 10.5 0.4 3:19.16
734 10.0 0.4 3:19.25
734 4.8 0.4 3:19.31
734 0.0 0.4 3:19.38
734 5.3 0.4 3:19.44
734 10.0 0.4 3:19.51
734 10.0 0.4 3:19.58
734 10.5 0.4 3:19.65
734 10.5 0.4 3:19.72
734 11.1 0.4 3:19.80
734 10.5 0.4 3:19.86
734 5.0 0.4 3:19.93
734 5.6 0.4 3:20.00
734 5.3 0.4 3:20.06
734 11.1 0.4 3:20.13
734 5.6 0.4 3:20.20
734 5.6 0.4 3:20.26
734 4.8 0.4 3:20.33
734 10.0 0.4 3:20.40
734 5.6 0.4 3:20.46
734 5.3 0.4 3:20.53
734 5.0 0.4 3:20.61
734 5.6 0.4 3:20.67
734 5.3 0.4 3:20.75
734 5.3 0.4 3:20.83
734 15.8 0.4 3:20.91
734 5.6 0.4 3:20.97
734 5.6 0.4 3:21.04
734 9.5 0.4 3:21.11
734 5.3 0.4 3:21.18
734 5.6 0.4 3:21.25
734 11.1 0.4 3:21.34
734 5.0 0.4 3:21.40
734 11.1 0.4 3:21.47
734 5.6 0.4 3:21.53
734 5.6 0.4 3:21.59
734 4.8 0.4 3:21.68
734 0.0 0.4 3:21.75
734 5.3 0.4 3:21.82
734 15.8 0.4 3:21.90
734 5.0 0.4 3:21.95
734 5.6 0.4 3:22.02
734 5.3 0.4 3:22.09
734 5.6 0.4 3:22.16
734 11.1 0.4 3:22.23
734 5.0 0.4 3:22.30
734 5.3 0.4 3:22.38
734 5.9 0.4 3:22.45
734 5.6 0.4 3:22.52
734 5.6 0.4 3:22.60
734 5.3 0.4 3:22.67
734 5.6 0.4 3:22.73
734 5.6 0.4 3:22.79
734 11.1 0.4 3:22.87
734 11.8 0.4 3:22.93
734 5.3 0.4 3:22.99
734 5.3 0.4 3:23.06
734 10.0 0.4 3:23.14
734 4.8 0.4 3:23.20
734 4.8 0.4 3:23.27
734 5.3 0.4 3:23.33
734 5.6 0.4 3:23.40
734 4.8 0.4 3:23.47
734 5.0 0.4 3:23.53
734 5.3 0.4 3:23.60
734 5.6 0.4 3:23.67
734 10.5 0.4 3:23.75
734 0.0 0.4 3:23.81
734 5.6 0.4 3:23.88
734 4.8 0.4 3:23.96
734 5.3 0.4 3:24.03
734 11.1 0.4 3:24.10
734 0.0 0.4 3:24.13
734 0.0 0.4 3:24.14
734 0.0 0.4 3:24.14
734 0.0 0.4 3:24.14
734 0.0 0.4 3:24.14
734 0.0 0.4 3:24.14
734 0.0 0.4 3:24.14
734 0.0 0.4 3:24.14
734 0.0 0.4 3:24.14
734 0.0 0.4 3:24.14
734 0.0 0.4 3:24.14
734 0.0 0.4 3:24.14
734 0.0 0.4 3:24.14
734 0.0 0.4 3:24.14
734 0.0 0.4 3:24.14
734 0.0 0.4 3:24.14
734 0.0 0.4 3:24.14
734 0.0 0.4 3:24.14
734 0.0 0.4 3:24.14
734 0.0 0.4 3:24.14
