735 10.0 0.4 2:34.35
735 0.0 0.4 2:34.39
735 11.1 0.4 2:34.45
735 4.8 0.4 2:34.48
735 4.3 0.4 2:34.53
735 5.6 0.4 2:34.58
735 5.6 0.4 2:34.63
735 5.3 0.4 2:34.68
735 5.6 0.4 2:34.74
735 11.1 0.4 2:34.80
735 5.6 0.4 2:34.84
735 5.3 0.4 2:34.90
735 5.6 0.4 2:34.96
735 5.6 0.4 2:35.01
735 5.3 0.4 2:35.06
735 10.0 0.4 2:35.12
735 5.3 0.4 2:35.17
735 5.3 0.4 2:35.22
735 5.6 0.4 2:35.27
735 5.6 0.4 2:35.32
735 5.6 0.4 2:35.37
735 11.1 0.4 2:35.43
735 0.0 0.4 2:35.47
735 0.0 0.4 2:35.53
735 5.6 0.4 2:35.59
735 5.3 0.4 2:35.64
735 0.0 0.4 2:35.69
735 5.6 0.4 2:35.73
735 4.3 0.4 2:35.79
735 5.3 0.4 2:35.83
735 5.6 0.4 2:35.88
735 5.3 0.4 2:35.94
735 5.6 0.4 2:35.99
735 5.3 0.4 2:36.05
735 10.0 0.4 2:36.10
735 5.0 0.4 2:36.15
735 5.6 0.4 2:36.20
735 5.3 0.4 2:36.25
735 5.6 0.4 2:36.29
735 5.6 0.4 2:36.34
735 5.6 0.4 2:36.40
735 5.3 0.4 2:36.46
735 5.3 0.4 2:36.52
735 5.9 0.4 2:36.57
735 16.7 0.4 2:36.64
735 0.0 0.4 2:36.68
735 5.6 0.4 2:36.73
735 11.1 0.4 2:36.78
735 0.0 0.4 2:36.83
735 5.6 0.4 2:36.88
735 0.0 0.4 2:36.92
735 4.5 0.4 2:36.98
735 4.8 0.4 2:37.03
735 10.5 0.4 2:37.08
735 5.6 0.4 2:37.14
735 5.6 0.4 2:37.19
735 5.6 0.4 2:37.25
735 0.0 0.4 2:37.29
735 5.6 0.4 2:37.35
735 5.6 0.4 2:37.41
735 5.3 0.4 2:37.46
735 0.0 0.4 2:37.51
735 10.5 0.4 2:37.57
735 5.3 0.4 2:37.62
735 5.6 0.4 2:37.66
735 5.6 0.4 2:37.71
735 4.5 0.4 2:37.76
735 5.6 0.4 2:37.80
735 5.6 0.4 2:37.85
735 5.6 0.4 2:37.89
735 5.6 0.4 2:37.94
735 5.6 0.4 2:38.00
735 11.1 0.4 2:38.06
735 5.6 0.4 2:38.11
7356 15.8 0.2 0:00.03
735 0.0 0.4 2:38.21
735 11.1 0.4 2:38.27
735 0.0 0.4 2:38.30
735 5.6 0.4 2:38.33
735 0.0 0.4 2:38.33
735 0.0 0.4 2:38.33
735 0.0 0.4 2:38.33
735 0.0 0.4 2:38.33
735 0.0 0.4 2:38.33
735 0.0 0.4 2:38.33
735 0.0 0.4 2:38.33
735 0.0 0.4 2:38.33
735 0.0 0.4 2:38.33
735 0.0 0.4 2:38.33
735 0.0 0.4 2:38.33
735 0.0 0.4 2:38.33
735 0.0 0.4 2:38.33
735 0.0 0.4 2:38.33
735 0.0 0.4 2:38.33
735 0.0 0.4 2:38.33
735 0.0 0.4 2:38.33
735 0.0 0.4 2:38.33
735 0.0 0.4 2:38.33
