735 11.8 0.4 2:07.95
735 0.0 0.4 2:08.01
735 5.6 0.4 2:08.08
735 5.6 0.4 2:08.14
735 4.8 0.4 2:08.20
735 5.6 0.4 2:08.26
735 10.5 0.4 2:08.34
735 5.3 0.4 2:08.40
735 10.0 0.4 2:08.47
735 5.6 0.4 2:08.54
735 5.6 0.4 2:08.60
735 10.5 0.4 2:08.67
735 5.3 0.4 2:08.74
735 5.3 0.4 2:08.81
735 5.3 0.4 2:08.90
735 5.6 0.4 2:08.96
735 11.1 0.4 2:09.03
735 4.8 0.4 2:09.10
735 11.1 0.4 2:09.16
735 10.5 0.4 2:09.22
735 5.3 0.4 2:09.28
735 5.6 0.4 2:09.35
735 5.6 0.4 2:09.42
735 5.6 0.4 2:09.48
735 5.6 0.4 2:09.55
735 9.5 0.4 2:09.62
735 5.3 0.4 2:09.67
735 5.3 0.4 2:09.75
735 5.0 0.4 2:09.81
735 0.0 0.4 2:09.87
735 5.0 0.4 2:09.95
735 11.1 0.4 2:10.01
735 5.3 0.4 2:10.07
735 8.0 0.4 2:10.15
735 4.5 0.4 2:10.22
735 5.3 0.4 2:10.29
735 5.6 0.4 2:10.35
735 5.0 0.4 2:10.41
735 5.6 0.4 2:10.48
735 10.0 0.4 2:10.55
735 5.6 0.4 2:10.61
735 5.0 0.4 2:10.69
735 10.5 0.4 2:10.77
735 10.5 0.4 2:10.86
735 5.6 0.4 2:10.91
735 5.3 0.4 2:10.98
735 5.3 0.4 2:11.05
735 10.0 0.4 2:11.15
735 15.8 0.4 2:11.23
735 5.3 0.4 2:11.30
735 3.7 0.4 2:11.37
735 5.0 0.4 2:11.44
735 11.1 0.4 2:11.52
735 5.0 0.4 2:11.60
735 5.6 0.4 2:11.66
735 11.1 0.4 2:11.73
735 11.1 0.4 2:11.80
735 5.6 0.4 2:11.85
735 5.6 0.4 2:11.92
735 11.1 0.4 2:11.99
735 11.1 0.4 2:12.06
735 5.6 0.4 2:12.13
735 5.9 0.4 2:12.19
735 0.0 0.4 2:12.27
735 5.6 0.4 2:12.34
735 5.6 0.4 2:12.41
735 10.5 0.4 2:12.48
735 0.0 0.4 2:12.53
17352 16.7 0.2 0:00.03
735 5.6 0.4 2:12.68
735 5.6 0.4 2:12.75
735 15.0 0.4 2:12.84
735 5.6 0.4 2:12.90
735 10.5 0.4 2:12.98
735 11.1 0.4 2:13.05
735 5.3 0.4 2:13.12
735 5.9 0.4 2:13.18
735 0.0 0.4 2:13.20
735 0.0 0.4 2:13.20
