735 8.9 0.4 0:00.06
735 12.1 0.4 0:00.06
735 10.0 0.4 0:00.06
735 13.8 0.4 0:00.10
735 10.0 0.4 0:00.18
735 5.3 0.4 0:00.25
735 0.0 0.4 0:00.33
735 5.0 0.4 0:00.41
735 10.5 0.4 0:00.50
735 9.5 0.4 0:00.59
735 15.8 0.4 0:00.68
735 11.1 0.4 0:00.77
735 5.3 0.4 0:00.85
735 10.5 0.4 0:00.95
735 9.5 0.4 0:01.04
735 5.6 0.4 0:01.11
735 9.5 0.4 0:01.23
735 5.3 0.4 0:01.30
735 5.6 0.4 0:01.39
735 11.1 0.4 0:01.48
735 10.5 0.4 0:01.57
735 5.0 0.4 0:01.65
735 15.8 0.4 0:01.75
735 5.6 0.4 0:01.84
735 5.0 0.4 0:01.92
735 11.1 0.4 0:02.01
735 5.3 0.4 0:02.11
735 5.3 0.4 0:02.19
735 10.5 0.4 0:02.28
735 10.5 0.4 0:02.37
735 5.0 0.4 0:02.46
735 20.0 0.4 0:02.57
735 5.3 0.4 0:02.65
735 11.1 0.4 0:02.74
735 11.1 0.4 0:02.82
735 11.1 0.4 0:02.91
735 5.6 0.4 0:03.00
735 5.6 0.4 0:03.09
735 5.0 0.4 0:03.17
735 5.6 0.4 0:03.24
735 5.3 0.4 0:03.32
735 15.0 0.4 0:03.41
735 5.3 0.4 0:03.48
735 5.0 0.4 0:03.57
735 10.0 0.4 0:03.66
735 11.1 0.4 0:03.73
735 10.5 0.4 0:03.82
735 10.0 0.4 0:03.90
735 10.0 0.4 0:04.00
735 5.3 0.4 0:04.08
735 5.6 0.4 0:04.15
735 5.3 0.4 0:04.24
735 5.0 0.4 0:04.32
735 9.1 0.4 0:04.42
735 10.0 0.4 0:04.50
735 11.1 0.4 0:04.58
735 5.6 0.4 0:04.65
735 5.3 0.4 0:04.73
735 11.1 0.4 0:04.82
735 21.1 0.4 0:04.92
735 5.3 0.4 0:05.01
735 5.6 0.4 0:05.09
735 5.6 0.4 0:05.18
735 13.6 0.4 0:05.29
735 10.0 0.4 0:05.36
735 5.6 0.4 0:05.43
735 11.1 0.4 0:05.51
735 10.5 0.4 0:05.60
735 10.0 0.4 0:05.68
735 11.1 0.4 0:05.76
735 10.5 0.4 0:05.85
735 5.0 0.4 0:05.93
735 5.3 0.4 0:06.02
735 11.1 0.4 0:06.11
735 5.3 0.4 0:06.20
735 4.3 0.4 0:06.29
735 9.5 0.4 0:06.39
735 10.5 0.4 0:06.47
735 10.0 0.4 0:06.55
735 10.0 0.4 0:06.64
735 5.0 0.4 0:06.72
735 5.3 0.4 0:06.81
735 8.7 0.4 0:06.90
735 5.3 0.4 0:06.97
735 5.6 0.4 0:07.06
735 10.5 0.4 0:07.15
735 5.3 0.4 0:07.26
735 10.5 0.4 0:07.36
735 10.5 0.4 0:07.46
735 5.3 0.4 0:07.53
735 5.6 0.4 0:07.60
735 5.3 0.4 0:07.68
735 11.1 0.4 0:07.75
735 10.5 0.4 0:07.85
735 5.6 0.4 0:07.93
735 15.8 0.4 0:08.04
735 5.3 0.4 0:08.10
735 15.0 0.4 0:08.20
735 9.5 0.4 0:08.30
735 5.0 0.4 0:08.38
735 5.3 0.4 0:08.46
735 10.0 0.4 0:08.55
735 10.5 0.4 0:08.63
735 10.5 0.4 0:08.71
735 5.3 0.4 0:08.79
735 20.0 0.4 0:08.91
735 5.0 0.4 0:08.99
735 11.1 0.4 0:09.08
735 10.5 0.4 0:09.17
735 4.5 0.4 0:09.25
735 15.8 0.4 0:09.35
735 10.5 0.4 0:09.43
735 10.5 0.4 0:09.51
735 5.3 0.4 0:09.60
735 5.3 0.4 0:09.69
735 5.3 0.4 0:09.78
735 5.3 0.4 0:09.86
735 15.8 0.4 0:09.96
735 10.5 0.4 0:10.05
735 14.3 0.4 0:10.14
735 15.8 0.4 0:10.22
735 10.5 0.4 0:10.31
735 9.5 0.4 0:10.40
735 10.5 0.4 0:10.50
735 10.5 0.4 0:10.58
735 10.5 0.4 0:10.66
735 10.5 0.4 0:10.74
735 5.6 0.4 0:10.82
735 5.3 0.4 0:10.91
735 11.1 0.4 0:11.00
735 5.3 0.4 0:11.08
735 16.7 0.4 0:11.18
735 5.3 0.4 0:11.25
735 4.5 0.4 0:11.33
735 10.5 0.4 0:11.41
735 5.3 0.4 0:11.49
735 10.0 0.4 0:11.58
735 0.0 0.4 0:11.66
735 5.0 0.4 0:11.75
735 15.8 0.4 0:11.84
735 5.3 0.4 0:11.91
735 11.1 0.4 0:12.00
735 10.5 0.4 0:12.11
735 5.3 0.4 0:12.19
735 5.3 0.4 0:12.27
735 10.5 0.4 0:12.35
735 5.6 0.4 0:12.43
735 10.5 0.4 0:12.52
735 10.5 0.4 0:12.61
735 10.5 0.4 0:12.71
735 11.1 0.4 0:12.80
735 5.6 0.4 0:12.88
735 10.0 0.4 0:12.97
735 10.5 0.4 0:13.05
735 10.5 0.4 0:13.12
735 5.0 0.4 0:13.21
735 5.3 0.4 0:13.31
735 5.3 0.4 0:13.38
735 10.5 0.4 0:13.47
735 5.6 0.4 0:13.55
735 10.0 0.4 0:13.63
735 5.0 0.4 0:13.70
735 5.0 0.4 0:13.79
735 10.5 0.4 0:13.88
735 5.6 0.4 0:13.95
735 11.1 0.4 0:14.04
735 5.6 0.4 0:14.11
735 10.0 0.4 0:14.20
735 9.5 0.4 0:14.28
735 5.6 0.4 0:14.36
735 4.5 0.4 0:14.46
735 0.0 0.4 0:14.54
735 10.0 0.4 0:14.63
735 10.5 0.4 0:14.71
735 5.6 0.4 0:14.79
735 15.8 0.4 0:14.89
735 5.0 0.4 0:14.98
735 5.6 0.4 0:15.07
735 5.3 0.4 0:15.15
735 11.1 0.4 0:15.25
735 5.3 0.4 0:15.32
735 4.8 0.4 0:15.41
735 5.6 0.4 0:15.47
735 0.0 0.4 0:15.48
735 0.0 0.4 0:15.49
735 0.0 0.4 0:15.49
735 0.0 0.4 0:15.49
735 0.0 0.4 0:15.49
735 0.0 0.4 0:15.49
735 0.0 0.4 0:15.49
735 0.0 0.4 0:15.49
735 0.0 0.4 0:15.49
735 0.0 0.4 0:15.49
735 0.0 0.4 0:15.49
735 0.0 0.4 0:15.49
735 0.0 0.4 0:15.49
735 0.0 0.4 0:15.49
735 0.0 0.4 0:15.49
