735 0.0 0.4 3:07.39
735 5.6 0.4 3:07.43
735 0.0 0.4 3:07.46
735 10.5 0.4 3:07.50
735 5.3 0.4 3:07.52
735 0.0 0.4 3:07.54
735 0.0 0.4 3:07.56
735 5.3 0.4 3:07.59
735 0.0 0.4 3:07.61
735 0.0 0.4 3:07.64
735 0.0 0.4 3:07.67
735 0.0 0.4 3:07.70
735 0.0 0.4 3:07.73
735 5.6 0.4 3:07.76
735 5.6 0.4 3:07.78
735 0.0 0.4 3:07.80
735 0.0 0.4 3:07.83
735 0.0 0.4 3:07.85
735 5.3 0.4 3:07.88
735 0.0 0.4 3:07.90
735 5.6 0.4 3:07.93
735 0.0 0.4 3:07.95
735 0.0 0.4 3:07.98
735 0.0 0.4 3:08.00
735 5.9 0.4 3:08.03
735 5.3 0.4 3:08.06
735 5.9 0.4 3:08.09
735 5.6 0.4 3:08.12
735 0.0 0.4 3:08.14
735 5.9 0.4 3:08.17
735 0.0 0.4 3:08.19
735 5.6 0.4 3:08.24
735 0.0 0.4 3:08.25
735 5.9 0.4 3:08.28
735 0.0 0.4 3:08.31
735 5.6 0.4 3:08.35
735 0.0 0.4 3:08.37
735 0.0 0.4 3:08.40
735 0.0 0.4 3:08.43
735 0.0 0.4 3:08.46
735 0.0 0.4 3:08.50
22735 22.2 0.2 0:00.04
735 0.0 0.4 3:08.55
735 0.0 0.4 3:08.57
735 4.8 0.4 3:08.60
735 0.0 0.4 3:08.62
735 0.0 0.4 3:08.64
735 5.6 0.4 3:08.67
735 5.6 0.4 3:08.70
735 5.3 0.4 3:08.73
735 0.0 0.4 3:08.75
735 5.3 0.4 3:08.78
735 5.6 0.4 3:08.81
735 0.0 0.4 3:08.83
735 5.6 0.4 3:08.86
735 0.0 0.4 3:08.88
735 5.6 0.4 3:08.91
735 0.0 0.4 3:08.93
735 5.6 0.4 3:08.96
735 0.0 0.4 3:08.98
735 5.6 0.4 3:09.01
735 5.6 0.4 3:09.04
735 0.0 0.4 3:09.07
735 5.6 0.4 3:09.10
735 0.0 0.4 3:09.12
735 5.6 0.4 3:09.15
735 0.0 0.4 3:09.17
735 0.0 0.4 3:09.20
735 4.8 0.4 3:09.23
735 5.6 0.4 3:09.26
735 5.3 0.4 3:09.29
735 0.0 0.4 3:09.31
735 5.6 0.4 3:09.34
735 5.3 0.4 3:09.37
735 0.0 0.4 3:09.39
735 5.6 0.4 3:09.42
735 0.0 0.4 3:09.44
735 5.6 0.4 3:09.47
735 0.0 0.4 3:09.49
735 0.0 0.4 3:09.51
735 0.0 0.4 3:09.51
735 0.0 0.4 3:09.51
735 0.0 0.4 3:09.51
735 0.0 0.4 3:09.51
735 0.0 0.4 3:09.51
735 0.0 0.4 3:09.51
735 0.0 0.4 3:09.51
735 0.0 0.4 3:09.51
735 0.0 0.4 3:09.51
735 0.0 0.4 3:09.51
735 0.0 0.4 3:09.51
735 0.0 0.4 3:09.51
735 0.0 0.4 3:09.51
735 0.0 0.4 3:09.51
735 0.0 0.4 3:09.51
735 0.0 0.4 3:09.51
735 0.0 0.4 3:09.51
735 0.0 0.4 3:09.51
