733 5.6 0.4 1:13.90
KiB used, 363856 buff/cache
736 5.6 0.4 1:23.81
736 5.9 0.4 1:23.90
736 10.5 0.4 1:24.00
736 10.5 0.4 1:24.10
736 10.5 0.4 1:24.19
736 16.7 0.4 1:24.29
736 10.5 0.4 1:24.39
736 5.0 0.4 1:24.49
736 10.0 0.4 1:24.59
736 5.3 0.4 1:24.68
736 5.3 0.4 1:24.76
736 5.3 0.4 1:24.85
736 22.2 0.4 1:24.96
736 5.6 0.4 1:25.07
736 11.8 0.4 1:25.17
736 31.6 0.4 1:25.31
736 5.6 0.4 1:25.39
736 15.0 0.4 1:25.51
736 5.3 0.4 1:25.57
736 11.1 0.4 1:25.67
736 5.3 0.4 1:25.75
736 5.6 0.4 1:25.86
736 11.8 0.4 1:25.97
736 5.6 0.4 1:26.06
736 16.7 0.4 1:26.16
736 5.6 0.4 1:26.26
736 10.5 0.4 1:26.36
736 5.3 0.4 1:26.46
736 27.8 0.4 1:26.59
736 5.3 0.4 1:26.68
736 5.6 0.4 1:26.77
736 5.0 0.4 1:26.87
736 15.8 0.4 1:26.98
736 11.1 0.4 1:27.07
736 16.7 0.4 1:27.18
736 10.5 0.4 1:27.30
736 10.5 0.4 1:27.41
736 10.0 0.4 1:27.51
11736 16.7 0.2 0:00.03
736 15.8 0.4 1:27.71
736 11.1 0.4 1:27.80
736 10.5 0.4 1:27.90
736 11.1 0.4 1:27.99
736 16.7 0.4 1:28.10
736 11.8 0.4 1:28.18
736 16.7 0.4 1:28.28
736 10.5 0.4 1:28.38
736 11.1 0.4 1:28.48
736 5.3 0.4 1:28.57
736 5.6 0.4 1:28.66
KiB used, 367048 buff/cache
736 11.8 0.4 1:28.85
736 5.3 0.4 1:28.95
736 5.6 0.4 1:29.03
736 15.0 0.4 1:29.13
736 5.3 0.4 1:29.21
736 5.3 0.4 1:29.30
736 10.5 0.4 1:29.41
736 11.1 0.4 1:29.49
736 5.6 0.4 1:29.58
KiB used, 367632 buff/cache
KiB used, 367688 buff/cache
12736 16.7 0.2 0:00.03
736 11.8 0.4 1:29.95
736 5.6 0.4 1:30.03
736 11.1 0.4 1:30.13
736 8.7 0.4 1:30.22
736 5.6 0.4 1:30.30
736 11.1 0.4 1:30.41
736 15.0 0.4 1:30.51
736 10.5 0.4 1:30.61
736 5.6 0.4 1:30.70
736 5.6 0.4 1:30.80
KiB used, 368432 buff/cache
KiB used, 368488 buff/cache
736 11.1 0.4 1:31.09
736 11.1 0.4 1:31.19
736 11.1 0.4 1:31.27
736 20.0 0.4 1:31.39
736 11.1 0.4 1:31.49
736 11.1 0.4 1:31.59
736 10.5 0.4 1:31.69
736 5.6 0.4 1:31.78
736 10.0 0.4 1:31.89
736 10.5 0.4 1:31.99
451 0.0 0.2 0:00.20
451 0.0 0.2 0:00.20
451 0.0 0.2 0:00.20
KiB used, 369140 buff/cache
451 0.0 0.2 0:00.20
451 0.0 0.2 0:00.20
451 0.0 0.2 0:00.20
451 0.0 0.2 0:00.20
451 0.0 0.2 0:00.20
451 0.0 0.2 0:00.20
451 0.0 0.2 0:00.20
451 0.0 0.2 0:00.20
451 0.0 0.2 0:00.20
451 0.0 0.2 0:00.20
451 0.0 0.2 0:00.20
451 0.0 0.2 0:00.20
451 0.0 0.2 0:00.20
451 0.0 0.2 0:00.20
KiB used, 368996 buff/cache
451 0.0 0.2 0:00.20
451 0.0 0.2 0:00.20
451 0.0 0.2 0:00.20
451 0.0 0.2 0:00.20
451 0.0 0.2 0:00.20
451 0.0 0.2 0:00.20
451 0.0 0.2 0:00.20
