736 11.8 0.4 1:55.78
736 16.7 0.4 1:55.87
736 11.1 0.4 1:55.98
736 10.5 0.4 1:56.08
736 11.1 0.4 1:56.18
736 11.1 0.4 1:56.27
736 10.5 0.4 1:56.38
736 11.1 0.4 1:56.49
736 5.3 0.4 1:56.58
736 10.5 0.4 1:56.69
736 5.6 0.4 1:56.77
736 10.5 0.4 1:56.87
736 11.1 0.4 1:56.98
736 5.3 0.4 1:57.07
736 5.0 0.4 1:57.17
736 9.5 0.4 1:57.27
736 15.0 0.4 1:57.36
736 5.6 0.4 1:57.44
736 11.1 0.4 1:57.56
736 5.0 0.4 1:57.63
736 4.8 0.4 1:57.72
736 5.9 0.4 1:57.80
736 5.6 0.4 1:57.90
736 11.1 0.4 1:57.99
736 7.1 0.4 1:58.08
736 16.7 0.4 1:58.17
30952 27.8 0.1 0:00.07
736 11.1 0.4 1:58.35
736 11.1 0.4 1:58.44
736 9.1 0.4 1:58.53
736 3.4 0.4 1:58.60
736 5.6 0.4 1:58.67
736 4.8 0.4 1:58.77
736 16.7 0.4 1:58.86
736 11.1 0.4 1:58.96
736 5.6 0.4 1:59.04
736 5.9 0.4 1:59.12
31427 17.6 0.1 0:00.03
736 9.1 0.4 1:59.30
736 16.7 0.4 1:59.39
736 11.8 0.4 1:59.49
736 5.3 0.4 1:59.56
736 16.7 0.4 1:59.65
736 10.5 0.4 1:59.73
736 4.5 0.4 1:59.80
736 16.7 0.4 1:59.92
736 11.1 0.4 2:00.01
736 11.1 0.4 2:00.11
451 0.0 0.2 0:00.20
736 11.1 0.4 2:00.27
736 10.5 0.4 2:00.36
736 22.2 0.4 2:00.45
736 11.1 0.4 2:00.53
736 5.6 0.4 2:00.62
736 17.6 0.4 2:00.71
736 10.5 0.4 2:00.80
736 5.0 0.4 2:00.89
736 16.7 0.4 2:00.98
736 11.1 0.4 2:01.07
736 5.0 0.4 2:01.17
736 5.3 0.4 2:01.25
736 15.8 0.4 2:01.35
736 3.7 0.4 2:01.43
736 15.8 0.4 2:01.54
736 11.1 0.4 2:01.61
736 11.1 0.4 2:01.71
736 11.1 0.4 2:01.80
736 5.6 0.4 2:01.90
736 5.6 0.4 2:01.99
32736 15.8 0.2 0:00.03
736 4.5 0.4 2:02.16
736 9.5 0.4 2:02.26
736 5.6 0.4 2:02.33
736 11.1 0.4 2:02.42
736 16.7 0.4 2:02.52
736 7.7 0.4 2:02.61
736 11.1 0.4 2:02.68
736 16.7 0.4 2:02.78
736 11.1 0.4 2:02.87
736 11.1 0.4 2:02.96
736 5.6 0.4 2:03.04
736 5.6 0.4 2:03.14
736 11.1 0.4 2:03.22
736 11.8 0.4 2:03.31
736 4.0 0.4 2:03.40
451 0.0 0.2 0:00.20
451 0.0 0.2 0:00.20
451 0.0 0.2 0:00.20
451 0.0 0.2 0:00.20
451 0.0 0.2 0:00.20
KiB used, 392016 buff/cache
451 0.0 0.2 0:00.20
451 0.0 0.2 0:00.20
KiB 1525736 avail Mem
451 0.0 0.2 0:00.20
451 0.0 0.2 0:00.20
451 0.0 0.2 0:00.20
451 0.0 0.2 0:00.20
451 0.0 0.2 0:00.20
451 0.0 0.2 0:00.20
451 0.0 0.2 0:00.20
KiB 1525736 avail Mem
451 0.0 0.2 0:00.20
451 0.0 0.2 0:00.20
451 0.0 0.2 0:00.20
451 0.0 0.2 0:00.20
451 0.0 0.2 0:00.20
451 0.0 0.2 0:00.20
451 0.0 0.2 0:00.20
451 0.0 0.2 0:00.20
451 0.0 0.2 0:00.20
451 0.0 0.2 0:00.20
451 0.0 0.2 0:00.20
KiB used, 392016 buff/cache
451 0.0 0.2 0:00.20
451 0.0 0.2 0:00.20
451 0.0 0.2 0:00.20
451 0.0 0.2 0:00.20
451 0.0 0.2 0:00.20
451 0.0 0.2 0:00.20
451 0.0 0.2 0:00.20
451 0.0 0.2 0:00.20
451 0.0 0.2 0:00.20
451 0.0 0.2 0:00.20
451 0.0 0.2 0:00.20
KiB used, 392016 buff/cache
451 0.0 0.2 0:00.20
451 0.0 0.2 0:00.20
451 0.0 0.2 0:00.20
451 0.0 0.2 0:00.20
451 0.0 0.2 0:00.20
451 0.0 0.2 0:00.20
451 0.0 0.2 0:00.20
451 0.0 0.2 0:00.20
451 0.0 0.2 0:00.20
451 0.0 0.2 0:00.20
451 0.0 0.2 0:00.20
451 0.0 0.2 0:00.20
451 0.0 0.2 0:00.20
451 0.0 0.2 0:00.20
451 0.0 0.2 0:00.20
451 0.0 0.2 0:00.20
451 0.0 0.2 0:00.20
