736 11.1 0.4 2:03.42
736 11.1 0.4 2:03.51
451 0.0 0.2 0:00.20
451 0.0 0.2 0:00.20
451 0.0 0.2 0:00.20
451 0.0 0.2 0:00.20
451 0.0 0.2 0:00.20
451 0.0 0.2 0:00.20
451 0.0 0.2 0:00.20
451 0.0 0.2 0:00.20
451 0.0 0.2 0:00.20
451 0.0 0.2 0:00.20
451 0.0 0.2 0:00.20
451 0.0 0.2 0:00.20
451 0.0 0.2 0:00.20
451 0.0 0.2 0:00.20
451 0.0 0.2 0:00.20
451 0.0 0.2 0:00.20
451 0.0 0.2 0:00.20
736 11.1 0.4 2:03.60
451 0.0 0.2 0:00.20
736 11.1 0.4 2:03.70
736 11.8 0.4 2:03.78
736 4.8 0.4 2:03.83
451 0.0 0.2 0:00.20
736 5.9 0.4 2:03.89
736 10.5 0.4 2:03.96
736 5.6 0.4 2:04.02
736 11.1 0.4 2:04.09
736 5.6 0.4 2:04.15
736 16.7 0.4 2:04.24
736 11.1 0.4 2:04.31
451 0.0 0.2 0:00.20
451 0.0 0.2 0:00.20
736 4.8 0.4 2:04.40
736 4.3 0.4 2:04.45
736 11.1 0.4 2:04.52
736 4.2 0.4 2:04.59
736 5.6 0.4 2:04.65
736 5.6 0.4 2:04.71
736 3.8 0.4 2:04.79
736 11.1 0.4 2:04.88
736 11.1 0.4 2:04.94
736 5.3 0.4 2:05.02
736 11.1 0.4 2:05.09
736 11.1 0.4 2:05.17
736 5.6 0.4 2:05.22
736 16.7 0.4 2:05.30
736 9.1 0.4 2:05.38
736 11.1 0.4 2:05.45
736 16.7 0.4 2:05.55
736 17.6 0.4 2:05.63
736 11.1 0.4 2:05.72
736 5.6 0.4 2:05.79
736 11.1 0.4 2:05.86
736 5.3 0.4 2:05.92
736 5.6 0.4 2:06.00
736 22.2 0.4 2:06.10
736 11.1 0.4 2:06.17
736 11.1 0.4 2:06.26
736 4.3 0.4 2:06.37
736 11.1 0.4 2:06.44
736 5.6 0.4 2:06.51
736 5.0 0.4 2:06.59
736 4.3 0.4 2:06.67
736 16.7 0.4 2:06.75
736 5.6 0.4 2:06.84
736 5.6 0.4 2:06.91
736 10.5 0.4 2:06.98
736 4.3 0.4 2:07.08
736 5.6 0.4 2:07.15
736 10.0 0.4 2:07.23
736 5.3 0.4 2:07.31
736 5.6 0.4 2:07.38
736 5.6 0.4 2:07.44
736 5.3 0.4 2:07.52
736 5.3 0.4 2:07.59
736 5.0 0.4 2:07.68
736 5.0 0.4 2:07.75
736 16.7 0.4 2:07.83
736 11.1 0.4 2:07.91
736 10.0 0.4 2:08.01
736 5.6 0.4 2:08.07
736 5.6 0.4 2:08.15
736 5.3 0.4 2:08.23
736 5.6 0.4 2:08.29
736 10.5 0.4 2:08.38
736 5.0 0.4 2:08.45
736 5.6 0.4 2:08.52
736 5.9 0.4 2:08.60
736 5.9 0.4 2:08.68
736 9.1 0.4 2:08.77
736 11.1 0.4 2:08.83
736 11.1 0.4 2:08.90
7363 16.7 0.2 0:00.03
736 11.1 0.4 2:09.05
736 5.9 0.4 2:09.12
KiB 1525736 avail Mem
451 0.0 0.2 0:00.20
451 0.0 0.2 0:00.20
451 0.0 0.2 0:00.20
451 0.0 0.2 0:00.20
451 0.0 0.2 0:00.20
451 0.0 0.2 0:00.20
