736 11.1 0.4 0:50.66
736 10.5 0.4 0:50.74
736 5.6 0.4 0:50.83
736 5.6 0.4 0:50.93
736 5.3 0.4 0:51.02
736 5.6 0.4 0:51.13
736 5.6 0.4 0:51.22
736 5.3 0.4 0:51.32
736 15.8 0.4 0:51.41
736 5.6 0.4 0:51.50
736 10.0 0.4 0:51.61
736 5.6 0.4 0:51.70
736 5.6 0.4 0:51.79
736 10.0 0.4 0:51.92
736 11.1 0.4 0:52.00
736 5.3 0.4 0:52.09
736 11.1 0.4 0:52.21
736 5.3 0.4 0:52.29
736 15.8 0.4 0:52.39
736 10.5 0.4 0:52.49
736 5.6 0.4 0:52.57
736 5.0 0.4 0:52.67
451 0.0 0.2 0:00.20
736 10.5 0.4 0:52.85
736 5.6 0.4 0:52.93
736 5.3 0.4 0:53.02
736 5.3 0.4 0:53.11
736 26.3 0.4 0:53.24
736 5.3 0.4 0:53.32
736 5.6 0.4 0:53.41
736 5.3 0.4 0:53.50
736 5.6 0.4 0:53.58
27361 20.0 0.2 0:00.04
736 5.6 0.4 0:53.76
736 22.2 0.4 0:53.89
736 11.1 0.4 0:53.97
736 10.5 0.4 0:54.05
736 5.6 0.4 0:54.12
736 11.1 0.4 0:54.22
736 5.3 0.4 0:54.30
736 10.5 0.4 0:54.39
736 16.7 0.4 0:54.50
736 10.5 0.4 0:54.59
736 11.1 0.4 0:54.67
736 10.5 0.4 0:54.76
736 5.6 0.4 0:54.84
736 10.5 0.4 0:54.94
KiB 1511736 avail Mem
736 16.7 0.4 0:55.13
736 5.6 0.4 0:55.22
736 16.7 0.4 0:55.32
736 16.7 0.4 0:55.43
736 5.6 0.4 0:55.51
736 5.9 0.4 0:55.59
736 10.5 0.4 0:55.68
736 15.8 0.4 0:55.80
736 15.8 0.4 0:55.90
736 5.6 0.4 0:55.98
736 5.6 0.4 0:56.07
736 5.3 0.4 0:56.15
736 16.7 0.4 0:56.26
736 11.1 0.4 0:56.35
736 9.5 0.4 0:56.45
736 11.1 0.4 0:56.53
736 5.3 0.4 0:56.61
736 5.3 0.4 0:56.70
736 10.5 0.4 0:56.81
736 5.3 0.4 0:56.88
736 11.1 0.4 0:56.98
736 11.1 0.4 0:57.09
736 5.3 0.4 0:57.17
736 5.6 0.4 0:57.26
736 5.3 0.4 0:57.35
736 5.0 0.4 0:57.44
736 5.9 0.4 0:57.52
736 10.5 0.4 0:57.61
733 15.8 0.4 0:50.75
733 11.1 0.4 0:50.85
733 5.6 0.4 0:50.92
733 11.8 0.4 0:51.00
733 22.2 0.4 0:51.10
733 5.6 0.4 0:51.18
733 5.3 0.4 0:51.25
736 11.1 0.4 0:58.35
733 21.1 0.4 0:51.43
733 11.1 0.4 0:51.51
736 22.2 0.4 0:58.65
733 15.8 0.4 0:51.69
KiB used, 347796 buff/cache
733 11.1 0.4 0:51.87
736 10.5 0.4 0:59.03
736 5.6 0.4 0:59.12
733 5.6 0.4 0:52.11
733 5.0 0.4 0:52.19
736 9.5 0.4 0:59.39
736 10.5 0.4 0:59.48
733 10.5 0.4 0:52.43
736 11.1 0.4 0:59.69
736 5.6 0.4 0:59.78
736 5.6 0.4 0:59.87
736 17.6 0.4 0:59.97
736 10.0 0.4 1:00.07
736 16.7 0.4 1:00.17
736 11.1 0.4 1:00.26
736 11.1 0.4 1:00.38
736 5.6 0.4 1:00.46
736 10.5 0.4 1:00.55
736 10.5 0.4 1:00.65
736 11.1 0.4 1:00.74
736 5.6 0.4 1:00.83
736 4.5 0.4 1:00.94
736 11.1 0.4 1:01.03
736 5.6 0.4 1:01.12
736 16.7 0.4 1:01.23
736 10.0 0.4 1:01.31
736 5.6 0.4 1:01.39
736 10.5 0.4 1:01.48
736 5.3 0.4 1:01.56
736 21.1 0.4 1:01.67
736 10.5 0.4 1:01.76
736 11.1 0.4 1:01.85
736 5.0 0.4 1:01.94
736 10.5 0.4 1:02.04
736 5.6 0.4 1:02.12
736 26.3 0.4 1:02.24
736 5.6 0.4 1:02.31
736 10.5 0.4 1:02.41
736 11.1 0.4 1:02.52
736 5.6 0.4 1:02.61
736 10.5 0.4 1:02.71
736 16.7 0.4 1:02.81
736 11.1 0.4 1:02.90
736 5.6 0.4 1:03.00
736 11.1 0.4 1:03.08
736 5.6 0.4 1:03.18
31613 11.8 0.1 0:00.02
736 10.5 0.4 1:03.35
736 22.2 0.4 1:03.47
736 5.0 0.4 1:03.55
736 10.5 0.4 1:03.65
736 5.6 0.4 1:03.74
736 21.1 0.4 1:03.86
736 5.6 0.4 1:03.94
736 21.1 0.4 1:04.06
736 11.1 0.4 1:04.15
736 20.0 0.4 1:04.26
736 11.1 0.4 1:04.35
736 20.0 0.4 1:04.48
736 10.5 0.4 1:04.56
736 21.1 0.4 1:04.67
736 5.3 0.4 1:04.75
736 10.0 0.4 1:04.84
736 5.6 0.4 1:04.92
736 11.1 0.4 1:05.02
736 10.5 0.4 1:05.13
736 16.7 0.4 1:05.23
736 21.1 0.4 1:05.36
736 5.0 0.4 1:05.47
736 11.1 0.4 1:05.56
736 10.5 0.4 1:05.66
736 11.8 0.4 1:05.75
736 5.6 0.4 1:05.84
736 10.0 0.4 1:05.94
736 15.0 0.4 1:06.05
736 5.3 0.4 1:06.14
736 11.1 0.4 1:06.24
736 11.1 0.4 1:06.34
736 5.6 0.4 1:06.42
736 15.8 0.4 1:06.52
736 5.3 0.4 1:06.59
736 21.1 0.4 1:06.71
736 5.6 0.4 1:06.78
736 5.6 0.4 1:06.86
736 5.6 0.4 1:06.95
736 9.5 0.4 1:07.04
736 5.6 0.4 1:07.11
451 0.0 0.2 0:00.20
451 0.0 0.2 0:00.20
451 0.0 0.2 0:00.20
451 0.0 0.2 0:00.20
451 0.0 0.2 0:00.20
451 0.0 0.2 0:00.20
451 0.0 0.2 0:00.20
451 0.0 0.2 0:00.20
451 0.0 0.2 0:00.20
451 0.0 0.2 0:00.20
451 0.0 0.2 0:00.20
451 0.0 0.2 0:00.20
451 0.0 0.2 0:00.20
451 0.0 0.2 0:00.20
KiB used, 352904 buff/cache
451 0.0 0.2 0:00.20
451 0.0 0.2 0:00.20
451 0.0 0.2 0:00.20
