451 0.0 0.2 0:00.21
736 11.1 0.4 2:41.77
451 0.0 0.2 0:00.21
736 11.1 0.4 2:41.88
736 5.9 0.4 2:41.94
736 5.6 0.4 2:42.00
736 5.6 0.4 2:42.05
736 5.9 0.4 2:42.11
736 9.5 0.4 2:42.17
736 4.5 0.4 2:42.23
736 5.6 0.4 2:42.28
736 4.5 0.4 2:42.33
736 5.6 0.4 2:42.39
736 11.1 0.4 2:42.44
451 0.0 0.2 0:00.21
451 0.0 0.2 0:00.21
451 0.0 0.2 0:00.21
736 5.6 0.4 2:42.63
451 0.0 0.2 0:00.21
736 9.5 0.4 2:42.75
451 0.0 0.2 0:00.21
736 5.3 0.4 2:42.86
736 10.0 0.4 2:42.92
736 5.9 0.4 2:42.97
736 4.5 0.4 2:43.03
736 4.2 0.4 2:43.09
736 5.6 0.4 2:43.15
KiB used, 417360 buff/cache
736 4.8 0.4 2:43.25
736 5.6 0.4 2:43.31
736 5.6 0.4 2:43.37
736 11.1 0.4 2:43.42
451 0.0 0.2 0:00.21
451 0.0 0.2 0:00.21
736 5.6 0.4 2:43.59
736 11.1 0.4 2:43.65
736 10.5 0.4 2:43.71
736 5.6 0.4 2:43.76
736 5.6 0.4 2:43.82
736 5.6 0.4 2:43.87
736 5.6 0.4 2:43.94
736 11.1 0.4 2:44.00
736 5.9 0.4 2:44.05
736 4.3 0.4 2:44.11
736 11.8 0.4 2:44.17
736 11.1 0.4 2:44.23
736 4.3 0.4 2:44.29
736 5.6 0.4 2:44.34
736 11.8 0.4 2:44.40
451 0.0 0.2 0:00.21
736 4.3 0.4 2:44.53
736 5.6 0.4 2:44.58
736 5.6 0.4 2:44.63
736 5.6 0.4 2:44.68
736 5.3 0.4 2:44.74
736 11.1 0.4 2:44.80
451 0.0 0.2 0:00.21
736 11.8 0.4 2:44.90
736 5.6 0.4 2:44.95
736 11.1 0.4 2:45.02
736 11.1 0.4 2:45.09
736 5.6 0.4 2:45.14
736 4.3 0.4 2:45.19
736 11.1 0.4 2:45.24
736 16.7 0.4 2:45.32
736 11.1 0.4 2:45.38
736 5.6 0.4 2:45.43
736 5.0 0.4 2:45.51
736 5.0 0.4 2:45.58
736 11.8 0.4 2:45.64
451 0.0 0.2 0:00.21
736 5.3 0.4 2:45.74
736 4.3 0.4 2:45.80
736 5.9 0.4 2:45.84
736 11.1 0.4 2:45.90
736 4.8 0.4 2:45.97
736 11.1 0.4 2:46.04
736 5.6 0.4 2:46.09
451 0.0 0.2 0:00.21
451 0.0 0.2 0:00.21
KiB used, 419084 buff/cache
