736 5.6 0.4 3:49.53
736 5.6 0.4 3:49.55
736 5.6 0.4 3:49.57
736 5.6 0.4 3:49.60
451 0.0 0.2 0:00.22
736 5.9 0.4 3:49.65
451 0.0 0.2 0:00.22
451 0.0 0.2 0:00.22
451 0.0 0.2 0:00.22
451 0.0 0.2 0:00.22
451 0.0 0.2 0:00.22
451 0.0 0.2 0:00.22
29736 15.0 0.2 0:00.03
736 4.8 0.4 3:49.82
736 4.3 0.4 3:49.85
451 0.0 0.2 0:00.22
736 5.0 0.4 3:49.89
451 0.0 0.2 0:00.22
451 0.0 0.2 0:00.22
451 0.0 0.2 0:00.22
451 0.0 0.2 0:00.22
736 5.6 0.4 3:50.00
451 0.0 0.2 0:00.22
451 0.0 0.2 0:00.22
451 0.0 0.2 0:00.22
451 0.0 0.2 0:00.22
451 0.0 0.2 0:00.22
736 5.6 0.4 3:50.15
736 5.0 0.4 3:50.17
736 5.6 0.4 3:50.19
451 0.0 0.2 0:00.22
451 0.0 0.2 0:00.22
451 0.0 0.2 0:00.22
451 0.0 0.2 0:00.22
451 0.0 0.2 0:00.22
736 5.6 0.4 3:50.32
30736 15.8 0.2 0:00.03
736 5.6 0.4 3:50.36
451 0.0 0.2 0:00.22
736 5.6 0.4 3:50.41
736 5.6 0.4 3:50.43
451 0.0 0.2 0:00.22
KiB used, 462448 buff/cache
736 11.1 0.4 3:50.51
736 5.6 0.4 3:50.52
736 5.6 0.4 3:50.55
736 11.1 0.4 3:50.58
451 0.0 0.2 0:00.22
451 0.0 0.2 0:00.22
736 5.9 0.4 3:50.63
451 0.0 0.2 0:00.22
736 5.0 0.4 3:50.68
451 0.0 0.2 0:00.22
451 0.0 0.2 0:00.22
451 0.0 0.2 0:00.22
451 0.0 0.2 0:00.22
451 0.0 0.2 0:00.22
451 0.0 0.2 0:00.22
451 0.0 0.2 0:00.22
736 5.6 0.4 3:50.87
451 0.0 0.2 0:00.22
451 0.0 0.2 0:00.22
451 0.0 0.2 0:00.22
451 0.0 0.2 0:00.22
451 0.0 0.2 0:00.22
451 0.0 0.2 0:00.22
451 0.0 0.2 0:00.22
KiB used, 462832 buff/cache
451 0.0 0.2 0:00.22
451 0.0 0.2 0:00.22
451 0.0 0.2 0:00.22
451 0.0 0.2 0:00.22
736 5.6 0.4 3:51.17
451 0.0 0.2 0:00.22
451 0.0 0.2 0:00.22
736 5.6 0.4 3:51.24
451 0.0 0.2 0:00.22
736 5.3 0.4 3:51.28
451 0.0 0.2 0:00.22
451 0.0 0.2 0:00.22
451 0.0 0.2 0:00.22
KiB used, 462988 buff/cache
451 0.0 0.2 0:00.22
451 0.0 0.2 0:00.22
451 0.0 0.2 0:00.22
451 0.0 0.2 0:00.22
