719 10.0 0.3 0:07.91
719 0.0 0.3 0:07.93
719 0.0 0.3 0:07.93
719 0.0 0.3 0:07.93
719 0.0 0.3 0:07.93
719 0.0 0.3 0:07.93
719 0.0 0.3 0:07.93
719 0.0 0.3 0:07.93
719 0.0 0.3 0:07.93
719 0.0 0.3 0:07.93
719 0.0 0.3 0:07.93
719 0.0 0.3 0:07.93
719 0.0 0.3 0:07.93
719 0.0 0.3 0:07.93
719 0.0 0.3 0:07.93
719 0.0 0.3 0:07.93
719 0.0 0.3 0:07.93
719 0.0 0.3 0:07.93
719 5.6 0.3 0:07.94
719 0.0 0.3 0:07.96
719 0.0 0.3 0:07.97
719 0.0 0.3 0:07.97
719 0.0 0.3 0:07.97
719 0.0 0.3 0:07.97
719 0.0 0.3 0:07.97
719 0.0 0.3 0:07.97
719 0.0 0.3 0:07.97
719 0.0 0.3 0:07.97
719 0.0 0.3 0:07.97
719 0.0 0.3 0:07.97
719 0.0 0.3 0:07.97
719 0.0 0.3 0:07.97
719 0.0 0.3 0:07.97
719 0.0 0.3 0:07.97
719 5.6 0.3 0:07.98
719 0.0 0.3 0:07.98
719 0.0 0.3 0:07.98
719 0.0 0.3 0:08.00
719 0.0 0.3 0:08.00
719 0.0 0.3 0:08.00
719 0.0 0.3 0:08.00
719 0.0 0.3 0:08.00
719 0.0 0.3 0:08.00
719 0.0 0.3 0:08.00
719 0.0 0.3 0:08.00
719 0.0 0.3 0:08.00
719 0.0 0.3 0:08.00
719 0.0 0.3 0:08.00
719 0.0 0.3 0:08.00
719 0.0 0.3 0:08.00
719 0.0 0.3 0:08.00
719 0.0 0.3 0:08.02
719 0.0 0.3 0:08.02
719 0.0 0.3 0:08.02
719 0.0 0.3 0:08.02
719 0.0 0.3 0:08.04
719 0.0 0.3 0:08.04
719 0.0 0.3 0:08.04
719 0.0 0.3 0:08.04
719 0.0 0.3 0:08.04
719 0.0 0.3 0:08.04
719 0.0 0.3 0:08.05
719 0.0 0.3 0:08.05
719 0.0 0.3 0:08.05
719 0.0 0.3 0:08.05
719 0.0 0.3 0:08.05
7195 11.1 0.2 0:00.03
719 0.0 0.3 0:08.05
719 0.0 0.3 0:08.05
719 0.0 0.3 0:08.05
719 0.0 0.3 0:08.06
719 0.0 0.3 0:08.06
719 0.0 0.3 0:08.06
719 5.3 0.3 0:08.11
719 0.0 0.3 0:08.11
719 0.0 0.3 0:08.11
719 0.0 0.3 0:08.11
719 0.0 0.3 0:08.11
719 0.0 0.3 0:08.11
719 0.0 0.3 0:08.11
719 0.0 0.3 0:08.11
719 0.0 0.3 0:08.11
719 0.0 0.3 0:08.11
719 0.0 0.3 0:08.11
719 0.0 0.3 0:08.11
719 0.0 0.3 0:08.11
719 0.0 0.3 0:08.12
719 0.0 0.3 0:08.12
KiB 1537196 avail Mem
719 0.0 0.3 0:08.13
719 0.0 0.3 0:08.13
719 0.0 0.3 0:08.13
719 0.0 0.3 0:08.16
719 0.0 0.3 0:08.16
719 0.0 0.3 0:08.16
719 0.0 0.3 0:08.16
719 0.0 0.3 0:08.16
719 0.0 0.3 0:08.16
719 0.0 0.3 0:08.16
719 0.0 0.3 0:08.16
719 0.0 0.3 0:08.18
719 0.0 0.3 0:08.18
719 0.0 0.3 0:08.18
719 0.0 0.3 0:08.18
719 0.0 0.3 0:08.18
719 0.0 0.3 0:08.18
719 0.0 0.3 0:08.18
719 0.0 0.3 0:08.19
719 0.0 0.3 0:08.20
719 0.0 0.3 0:08.20
719 0.0 0.3 0:08.23
719 0.0 0.3 0:08.23
719 0.0 0.3 0:08.23
719 0.0 0.3 0:08.23
719 0.0 0.3 0:08.23
719 0.0 0.3 0:08.23
719 0.0 0.3 0:08.23
719 0.0 0.3 0:08.23
719 0.0 0.3 0:08.23
719 0.0 0.3 0:08.23
719 0.0 0.3 0:08.23
719 0.0 0.3 0:08.23
719 0.0 0.3 0:08.24
719 0.0 0.3 0:08.24
719 0.0 0.3 0:08.25
719 0.0 0.3 0:08.26
719 0.0 0.3 0:08.27
719 0.0 0.3 0:08.29
719 0.0 0.3 0:08.29
719 0.0 0.3 0:08.29
719 0.0 0.3 0:08.29
719 0.0 0.3 0:08.30
719 0.0 0.3 0:08.30
719 0.0 0.3 0:08.30
719 0.0 0.3 0:08.30
719 0.0 0.3 0:08.30
719 0.0 0.3 0:08.30
719 0.0 0.3 0:08.30
719 0.0 0.3 0:08.30
719 0.0 0.3 0:08.30
719 0.0 0.3 0:08.30
719 0.0 0.3 0:08.31
719 0.0 0.3 0:08.32
719 0.0 0.3 0:08.32
719 0.0 0.3 0:08.32
719 0.0 0.3 0:08.32
719 5.6 0.3 0:08.35
719 0.0 0.3 0:08.35
719 0.0 0.3 0:08.35
719 0.0 0.3 0:08.35
719 0.0 0.3 0:08.35
719 0.0 0.3 0:08.35
719 0.0 0.3 0:08.35
719 0.0 0.3 0:08.35
719 5.6 0.3 0:08.36
719 0.0 0.3 0:08.36
719 0.0 0.3 0:08.36
719 0.0 0.3 0:08.36
719 0.0 0.3 0:08.36
719 0.0 0.3 0:08.36
719 0.0 0.3 0:08.36
719 0.0 0.3 0:08.37
719 0.0 0.3 0:08.37
719 0.0 0.3 0:08.39
719 0.0 0.3 0:08.39
719 0.0 0.3 0:08.41
719 0.0 0.3 0:08.41
719 0.0 0.3 0:08.41
719 0.0 0.3 0:08.41
719 0.0 0.3 0:08.41
719 0.0 0.3 0:08.41
719 0.0 0.3 0:08.41
719 0.0 0.3 0:08.41
719 0.0 0.3 0:08.41
719 0.0 0.3 0:08.41
719 5.6 0.3 0:08.42
719 0.0 0.3 0:08.42
719 0.0 0.3 0:08.42
719 0.0 0.3 0:08.43
719 0.0 0.3 0:08.43
719 0.0 0.3 0:08.45
719 0.0 0.3 0:08.45
719 0.0 0.3 0:08.45
719 0.0 0.3 0:08.47
719 0.0 0.3 0:08.47
719 0.0 0.3 0:08.47
719 0.0 0.3 0:08.47
719 0.0 0.3 0:08.48
719 0.0 0.3 0:08.48
719 0.0 0.3 0:08.48
719 0.0 0.3 0:08.48
719 0.0 0.3 0:08.48
719 0.0 0.3 0:08.48
719 0.0 0.3 0:08.48
719 11.1 0.3 0:08.50
719 0.0 0.3 0:08.50
719 0.0 0.3 0:08.50
719 0.0 0.3 0:08.50
719 0.0 0.3 0:08.50
719 0.0 0.3 0:08.51
719 0.0 0.3 0:08.51
719 0.0 0.3 0:08.53
719 0.0 0.3 0:08.53
719 0.0 0.3 0:08.53
719 0.0 0.3 0:08.53
719 0.0 0.3 0:08.53
719 0.0 0.3 0:08.53
719 0.0 0.3 0:08.53
719 10.5 0.3 0:08.55
719 0.0 0.3 0:08.55
719 0.0 0.3 0:08.55
719 0.0 0.3 0:08.55
719 0.0 0.3 0:08.55
719 0.0 0.3 0:08.55
719 0.0 0.3 0:08.55
719 0.0 0.3 0:08.55
719 0.0 0.3 0:08.56
719 0.0 0.3 0:08.56
719 0.0 0.3 0:08.57
719 0.0 0.3 0:08.59
719 0.0 0.3 0:08.59
719 0.0 0.3 0:08.59
719 0.0 0.3 0:08.59
719 0.0 0.3 0:08.59
719 0.0 0.3 0:08.59
719 0.0 0.3 0:08.60
719 0.0 0.3 0:08.60
719 0.0 0.3 0:08.60
719 0.0 0.3 0:08.60
719 0.0 0.3 0:08.60
719 0.0 0.3 0:08.60
719 5.6 0.3 0:08.61
719 0.0 0.3 0:08.61
719 0.0 0.3 0:08.62
719 0.0 0.3 0:08.63
719 0.0 0.3 0:08.63
719 0.0 0.3 0:08.64
719 0.0 0.3 0:08.65
719 0.0 0.3 0:08.66
719 0.0 0.3 0:08.67
719 0.0 0.3 0:08.67
719 0.0 0.3 0:08.67
719 0.0 0.3 0:08.67
719 0.0 0.3 0:08.67
719 0.0 0.3 0:08.67
719 0.0 0.3 0:08.67
719 0.0 0.3 0:08.67
719 0.0 0.3 0:08.67
719 0.0 0.3 0:08.67
719 0.0 0.3 0:08.68
719 0.0 0.3 0:08.68
719 0.0 0.3 0:08.68
719 0.0 0.3 0:08.68
719 0.0 0.3 0:08.68
719 0.0 0.3 0:08.68
719 0.0 0.3 0:08.68
719 0.0 0.3 0:08.68
719 0.0 0.3 0:08.68
719 0.0 0.3 0:08.68
719 0.0 0.3 0:08.68
719 0.0 0.3 0:08.68
719 0.0 0.3 0:08.68
719 0.0 0.3 0:08.68
719 0.0 0.3 0:08.68
719 0.0 0.3 0:08.68
719 0.0 0.3 0:08.68
719 0.0 0.3 0:08.68
