720 15.0 0.3 0:11.96
720 0.0 0.3 0:11.97
720 0.0 0.3 0:11.97
720 0.0 0.3 0:11.97
720 0.0 0.3 0:11.97
720 0.0 0.3 0:11.97
720 0.0 0.3 0:11.97
720 0.0 0.3 0:11.97
720 0.0 0.3 0:11.97
720 0.0 0.3 0:11.97
720 0.0 0.3 0:11.97
720 0.0 0.3 0:11.97
720 0.0 0.3 0:11.97
720 0.0 0.3 0:11.97
720 0.0 0.3 0:11.97
720 0.0 0.3 0:11.97
720 0.0 0.3 0:11.98
720 0.0 0.3 0:11.98
720 0.0 0.3 0:11.98
720 0.0 0.3 0:12.03
720 0.0 0.3 0:12.04
720 0.0 0.3 0:12.04
720 0.0 0.3 0:12.04
720 0.0 0.3 0:12.04
720 0.0 0.3 0:12.04
720 0.0 0.3 0:12.04
720 0.0 0.3 0:12.04
720 0.0 0.3 0:12.04
720 0.0 0.3 0:12.04
720 0.0 0.3 0:12.04
720 0.0 0.3 0:12.04
720 0.0 0.3 0:12.04
720 0.0 0.3 0:12.04
720 0.0 0.3 0:12.04
720 0.0 0.3 0:12.04
720 0.0 0.3 0:12.04
720 0.0 0.3 0:12.05
720 0.0 0.3 0:12.08
720 0.0 0.3 0:12.08
720 0.0 0.3 0:12.08
720 0.0 0.3 0:12.08
720 0.0 0.3 0:12.08
720 0.0 0.3 0:12.08
720 0.0 0.3 0:12.08
720 0.0 0.3 0:12.08
720 0.0 0.3 0:12.08
720 0.0 0.3 0:12.08
720 0.0 0.3 0:12.08
720 0.0 0.3 0:12.08
720 0.0 0.3 0:12.08
720 0.0 0.3 0:12.08
720 0.0 0.3 0:12.08
720 0.0 0.3 0:12.09
720 0.0 0.3 0:12.09
720 0.0 0.3 0:12.11
720 10.5 0.3 0:12.15
720 0.0 0.3 0:12.15
720 0.0 0.3 0:12.15
720 0.0 0.3 0:12.15
720 0.0 0.3 0:12.15
720 0.0 0.3 0:12.15
720 0.0 0.3 0:12.15
KiB 1536720 avail Mem
720 0.0 0.3 0:12.15
720 0.0 0.3 0:12.15
720 0.0 0.3 0:12.15
720 0.0 0.3 0:12.15
16720 16.7 0.2 0:00.03
720 0.0 0.3 0:12.16
720 0.0 0.3 0:12.17
720 0.0 0.3 0:12.17
720 0.0 0.3 0:12.18
720 0.0 0.3 0:12.18
720 25.0 0.3 0:12.25
720 0.0 0.3 0:12.25
720 0.0 0.3 0:12.25
720 0.0 0.3 0:12.25
720 0.0 0.3 0:12.25
720 0.0 0.3 0:12.25
17209 21.1 0.2 0:00.04
720 0.0 0.3 0:12.25
720 0.0 0.3 0:12.25
720 0.0 0.3 0:12.25
720 0.0 0.3 0:12.25
720 0.0 0.3 0:12.25
720 0.0 0.3 0:12.25
720 0.0 0.3 0:12.26
720 0.0 0.3 0:12.26
720 0.0 0.3 0:12.27
720 0.0 0.3 0:12.27
720 0.0 0.3 0:12.27
720 0.0 0.3 0:12.29
720 0.0 0.3 0:12.33
720 0.0 0.3 0:12.33
720 0.0 0.3 0:12.33
720 0.0 0.3 0:12.33
720 0.0 0.3 0:12.33
720 0.0 0.3 0:12.33
720 0.0 0.3 0:12.33
720 0.0 0.3 0:12.33
720 0.0 0.3 0:12.33
720 0.0 0.3 0:12.33
720 0.0 0.3 0:12.33
720 0.0 0.3 0:12.33
720 0.0 0.3 0:12.33
720 0.0 0.3 0:12.33
720 0.0 0.3 0:12.33
720 0.0 0.3 0:12.33
720 0.0 0.3 0:12.34
720 0.0 0.3 0:12.35
720 0.0 0.3 0:12.39
720 0.0 0.3 0:12.39
720 0.0 0.3 0:12.39
720 0.0 0.3 0:12.39
720 0.0 0.3 0:12.39
720 0.0 0.3 0:12.39
720 0.0 0.3 0:12.39
720 0.0 0.3 0:12.39
720 0.0 0.3 0:12.39
720 0.0 0.3 0:12.39
720 0.0 0.3 0:12.39
720 0.0 0.3 0:12.39
720 0.0 0.3 0:12.40
720 0.0 0.3 0:12.40
720 0.0 0.3 0:12.42
720 0.0 0.3 0:12.42
720 0.0 0.3 0:12.42
720 0.0 0.3 0:12.42
720 0.0 0.3 0:12.45
720 0.0 0.3 0:12.45
720 0.0 0.3 0:12.45
720 0.0 0.3 0:12.45
720 0.0 0.3 0:12.45
720 0.0 0.3 0:12.45
720 0.0 0.3 0:12.45
KiB 1536720 avail Mem
720 0.0 0.3 0:12.45
720 0.0 0.3 0:12.45
720 0.0 0.3 0:12.45
720 0.0 0.3 0:12.46
720 0.0 0.3 0:12.46
720 5.6 0.3 0:12.47
720 0.0 0.3 0:12.48
720 0.0 0.3 0:12.49
720 0.0 0.3 0:12.50
720 0.0 0.3 0:12.50
720 11.1 0.3 0:12.53
720 0.0 0.3 0:12.54
720 0.0 0.3 0:12.54
720 0.0 0.3 0:12.54
720 0.0 0.3 0:12.54
720 0.0 0.3 0:12.54
720 0.0 0.3 0:12.54
720 0.0 0.3 0:12.54
720 0.0 0.3 0:12.54
720 0.0 0.3 0:12.54
720 0.0 0.3 0:12.54
720 0.0 0.3 0:12.54
720 0.0 0.3 0:12.54
720 0.0 0.3 0:12.54
720 0.0 0.3 0:12.56
720 5.6 0.3 0:12.58
KiB used, 337204 buff/cache
KiB used, 337208 buff/cache
720 0.0 0.3 0:12.60
720 0.0 0.3 0:12.63
720 0.0 0.3 0:12.63
720 0.0 0.3 0:12.63
720 0.0 0.3 0:12.63
720 0.0 0.3 0:12.63
720 0.0 0.3 0:12.63
720 0.0 0.3 0:12.63
720 0.0 0.3 0:12.63
720 0.0 0.3 0:12.63
720 0.0 0.3 0:12.63
720 4.8 0.3 0:12.64
720 0.0 0.3 0:12.64
720 0.0 0.3 0:12.64
720 5.6 0.3 0:12.65
720 0.0 0.3 0:12.65
720 0.0 0.3 0:12.66
720 0.0 0.3 0:12.67
720 5.6 0.3 0:12.68
720 0.0 0.3 0:12.69
720 0.0 0.3 0:12.69
720 0.0 0.3 0:12.69
720 0.0 0.3 0:12.69
720 0.0 0.3 0:12.69
720 0.0 0.3 0:12.69
720 0.0 0.3 0:12.69
720 0.0 0.3 0:12.69
720 0.0 0.3 0:12.69
720 0.0 0.3 0:12.69
720 0.0 0.3 0:12.69
720 0.0 0.3 0:12.70
720 0.0 0.3 0:12.70
720 0.0 0.3 0:12.70
720 0.0 0.3 0:12.71
720 0.0 0.3 0:12.72
720 0.0 0.3 0:12.72
720 0.0 0.3 0:12.72
720 0.0 0.3 0:12.75
720 0.0 0.3 0:12.75
720 0.0 0.3 0:12.75
KiB used, 337464 buff/cache
720 0.0 0.3 0:12.75
720 0.0 0.3 0:12.75
720 0.0 0.3 0:12.75
720 0.0 0.3 0:12.75
720 0.0 0.3 0:12.75
720 5.3 0.3 0:12.76
720 0.0 0.3 0:12.76
720 0.0 0.3 0:12.76
720 5.6 0.3 0:12.77
720 0.0 0.3 0:12.77
720 0.0 0.3 0:12.78
720 0.0 0.3 0:12.78
720 0.0 0.3 0:12.78
720 0.0 0.3 0:12.78
720 0.0 0.3 0:12.78
720 0.0 0.3 0:12.78
720 0.0 0.3 0:12.78
720 0.0 0.3 0:12.78
720 0.0 0.3 0:12.78
720 0.0 0.3 0:12.78
720 0.0 0.3 0:12.78
720 0.0 0.3 0:12.78
720 0.0 0.3 0:12.78
720 0.0 0.3 0:12.78
720 0.0 0.3 0:12.78
720 0.0 0.3 0:12.78
720 0.0 0.3 0:12.78
720 0.0 0.3 0:12.78
720 0.0 0.3 0:12.78
720 0.0 0.3 0:12.78
