721 16.7 0.3 0:24.49
721 0.0 0.3 0:24.49
721 0.0 0.3 0:24.49
721 0.0 0.3 0:24.49
721 0.0 0.3 0:24.49
721 0.0 0.3 0:24.49
721 0.0 0.3 0:24.49
721 0.0 0.3 0:24.49
721 0.0 0.3 0:24.49
721 0.0 0.3 0:24.49
721 0.0 0.3 0:24.49
721 0.0 0.3 0:24.49
721 0.0 0.3 0:24.49
721 0.0 0.3 0:24.49
721 0.0 0.3 0:24.49
721 0.0 0.3 0:24.49
721 0.0 0.3 0:24.49
721 0.0 0.3 0:24.49
721 0.0 0.3 0:24.49
721 0.0 0.3 0:24.52
721 0.0 0.3 0:24.52
721 0.0 0.3 0:24.52
721 0.0 0.3 0:24.52
721 0.0 0.3 0:24.52
721 0.0 0.3 0:24.52
721 0.0 0.3 0:24.52
721 0.0 0.3 0:24.52
721 0.0 0.3 0:24.52
721 0.0 0.3 0:24.52
721 0.0 0.3 0:24.52
721 0.0 0.3 0:24.52
721 0.0 0.3 0:24.52
721 0.0 0.3 0:24.52
721 0.0 0.3 0:24.52
721 0.0 0.3 0:24.52
721 0.0 0.3 0:24.53
721 0.0 0.3 0:24.53
721 0.0 0.3 0:24.54
721 0.0 0.3 0:24.54
721 0.0 0.3 0:24.54
721 0.0 0.3 0:24.54
721 0.0 0.3 0:24.54
721 0.0 0.3 0:24.54
721 0.0 0.3 0:24.54
721 0.0 0.3 0:24.54
721 0.0 0.3 0:24.54
721 0.0 0.3 0:24.54
721 0.0 0.3 0:24.54
721 0.0 0.3 0:24.54
721 0.0 0.3 0:24.54
721 0.0 0.3 0:24.54
721 0.0 0.3 0:24.54
721 0.0 0.3 0:24.56
721 5.6 0.3 0:24.57
721 0.0 0.3 0:24.58
721 0.0 0.3 0:24.60
721 0.0 0.3 0:24.60
721 0.0 0.3 0:24.60
721 0.0 0.3 0:24.60
721 0.0 0.3 0:24.60
721 0.0 0.3 0:24.60
14721 11.1 0.2 0:00.03
721 0.0 0.3 0:24.60
721 0.0 0.3 0:24.60
721 0.0 0.3 0:24.60
721 0.0 0.3 0:24.60
721 0.0 0.3 0:24.60
721 0.0 0.3 0:24.61
721 0.0 0.3 0:24.61
721 0.0 0.3 0:24.61
721 0.0 0.3 0:24.61
721 0.0 0.3 0:24.62
721 0.0 0.3 0:24.62
721 11.1 0.3 0:24.65
721 0.0 0.3 0:24.65
721 0.0 0.3 0:24.65
721 0.0 0.3 0:24.65
721 0.0 0.3 0:24.65
721 0.0 0.3 0:24.65
721 0.0 0.3 0:24.65
721 0.0 0.3 0:24.65
721 0.0 0.3 0:24.65
721 0.0 0.3 0:24.65
721 0.0 0.3 0:24.65
721 0.0 0.3 0:24.66
15721 16.7 0.2 0:00.03
721 0.0 0.3 0:24.67
721 0.0 0.3 0:24.67
721 0.0 0.3 0:24.68
721 0.0 0.3 0:24.70
721 0.0 0.3 0:24.70
721 0.0 0.3 0:24.70
721 0.0 0.3 0:24.73
721 0.0 0.3 0:24.73
721 0.0 0.3 0:24.73
721 0.0 0.3 0:24.73
721 0.0 0.3 0:24.73
721 0.0 0.3 0:24.73
721 0.0 0.3 0:24.73
721 0.0 0.3 0:24.73
721 0.0 0.3 0:24.73
721 0.0 0.3 0:24.73
721 0.0 0.3 0:24.73
721 0.0 0.3 0:24.73
721 0.0 0.3 0:24.73
721 0.0 0.3 0:24.73
721 0.0 0.3 0:24.73
721 5.9 0.3 0:24.74
721 0.0 0.3 0:24.74
721 5.6 0.3 0:24.75
721 0.0 0.3 0:24.76
721 0.0 0.3 0:24.76
721 0.0 0.3 0:24.76
721 0.0 0.3 0:24.76
721 0.0 0.3 0:24.76
721 0.0 0.3 0:24.76
721 0.0 0.3 0:24.76
721 0.0 0.3 0:24.76
721 0.0 0.3 0:24.77
721 0.0 0.3 0:24.77
721 0.0 0.3 0:24.77
721 5.6 0.3 0:24.78
17214 11.1 0.2 0:00.04
721 0.0 0.3 0:24.78
721 0.0 0.3 0:24.79
721 0.0 0.3 0:24.80
721 0.0 0.3 0:24.81
721 5.9 0.3 0:24.82
721 0.0 0.3 0:24.82
721 0.0 0.3 0:24.82
721 0.0 0.3 0:24.82
721 0.0 0.3 0:24.82
721 0.0 0.3 0:24.82
721 0.0 0.3 0:24.82
721 0.0 0.3 0:24.82
721 0.0 0.3 0:24.82
721 0.0 0.3 0:24.82
721 5.6 0.3 0:24.83
721 0.0 0.3 0:24.83
721 0.0 0.3 0:24.83
721 0.0 0.3 0:24.83
721 0.0 0.3 0:24.85
721 0.0 0.3 0:24.85
721 0.0 0.3 0:24.85
721 0.0 0.3 0:24.85
721 0.0 0.3 0:24.85
721 5.3 0.3 0:24.87
721 0.0 0.3 0:24.87
721 0.0 0.3 0:24.87
721 0.0 0.3 0:24.87
721 0.0 0.3 0:24.87
721 0.0 0.3 0:24.87
721 0.0 0.3 0:24.87
721 0.0 0.3 0:24.87
721 0.0 0.3 0:24.88
721 0.0 0.3 0:24.88
721 0.0 0.3 0:24.88
721 0.0 0.3 0:24.88
721 0.0 0.3 0:24.88
721 0.0 0.3 0:24.88
721 0.0 0.3 0:24.89
721 5.6 0.3 0:24.91
721 0.0 0.3 0:24.91
721 0.0 0.3 0:24.91
721 11.1 0.3 0:24.94
721 0.0 0.3 0:24.94
721 0.0 0.3 0:24.94
721 0.0 0.3 0:24.94
721 0.0 0.3 0:24.94
721 0.0 0.3 0:24.94
721 0.0 0.3 0:24.94
721 0.0 0.3 0:24.94
721 0.0 0.3 0:24.94
721 0.0 0.3 0:24.94
721 0.0 0.3 0:24.94
721 0.0 0.3 0:24.96
721 0.0 0.3 0:24.96
721 9.1 0.3 0:24.98
721 0.0 0.3 0:24.98
721 11.1 0.3 0:25.00
721 0.0 0.3 0:25.00
721 0.0 0.3 0:25.00
721 0.0 0.3 0:25.01
721 0.0 0.3 0:25.02
721 0.0 0.3 0:25.02
721 0.0 0.3 0:25.02
721 0.0 0.3 0:25.02
721 0.0 0.3 0:25.02
721 0.0 0.3 0:25.02
721 0.0 0.3 0:25.02
721 0.0 0.3 0:25.02
721 0.0 0.3 0:25.02
721 0.0 0.3 0:25.02
721 0.0 0.3 0:25.03
721 0.0 0.3 0:25.05
721 0.0 0.3 0:25.05
721 0.0 0.3 0:25.05
721 0.0 0.3 0:25.07
721 0.0 0.3 0:25.07
721 0.0 0.3 0:25.07
721 0.0 0.3 0:25.08
721 0.0 0.3 0:25.09
721 0.0 0.3 0:25.09
721 0.0 0.3 0:25.09
721 0.0 0.3 0:25.09
721 0.0 0.3 0:25.09
721 0.0 0.3 0:25.09
721 0.0 0.3 0:25.09
721 0.0 0.3 0:25.09
721 0.0 0.3 0:25.10
721 0.0 0.3 0:25.11
721 0.0 0.3 0:25.11
721 0.0 0.3 0:25.12
721 0.0 0.3 0:25.12
721 0.0 0.3 0:25.12
721 0.0 0.3 0:25.14
721 0.0 0.3 0:25.14
721 0.0 0.3 0:25.14
721 0.0 0.3 0:25.14
721 5.6 0.3 0:25.15
721 0.0 0.3 0:25.15
721 0.0 0.3 0:25.15
721 0.0 0.3 0:25.15
721 0.0 0.3 0:25.15
721 0.0 0.3 0:25.15
721 0.0 0.3 0:25.15
721 0.0 0.3 0:25.15
721 0.0 0.3 0:25.15
721 0.0 0.3 0:25.16
721 0.0 0.3 0:25.16
721 0.0 0.3 0:25.16
721 0.0 0.3 0:25.17
721 0.0 0.3 0:25.17
721 0.0 0.3 0:25.18
721 0.0 0.3 0:25.19
721 0.0 0.3 0:25.19
721 0.0 0.3 0:25.19
721 0.0 0.3 0:25.19
721 0.0 0.3 0:25.20
721 0.0 0.3 0:25.20
721 0.0 0.3 0:25.20
721 0.0 0.3 0:25.20
721 0.0 0.3 0:25.20
721 0.0 0.3 0:25.20
721 0.0 0.3 0:25.21
721 0.0 0.3 0:25.21
721 0.0 0.3 0:25.21
721 0.0 0.3 0:25.21
721 0.0 0.3 0:25.22
721 0.0 0.3 0:25.22
721 5.6 0.3 0:25.23
721 0.0 0.3 0:25.23
721 0.0 0.3 0:25.23
721 0.0 0.3 0:25.23
721 0.0 0.3 0:25.23
721 0.0 0.3 0:25.23
721 0.0 0.3 0:25.23
721 5.6 0.3 0:25.24
721 0.0 0.3 0:25.24
721 0.0 0.3 0:25.24
721 0.0 0.3 0:25.24
721 0.0 0.3 0:25.24
721 5.6 0.3 0:25.25
721 0.0 0.3 0:25.25
721 0.0 0.3 0:25.25
721 0.0 0.3 0:25.25
721 0.0 0.3 0:25.25
721 0.0 0.3 0:25.26
721 0.0 0.3 0:25.26
721 0.0 0.3 0:25.27
721 0.0 0.3 0:25.27
721 0.0 0.3 0:25.27
721 0.0 0.3 0:25.27
721 0.0 0.3 0:25.27
721 5.6 0.3 0:25.28
721 0.0 0.3 0:25.28
721 0.0 0.3 0:25.28
721 0.0 0.3 0:25.28
721 0.0 0.3 0:25.28
721 0.0 0.3 0:25.28
721 0.0 0.3 0:25.28
721 0.0 0.3 0:25.29
721 5.6 0.3 0:25.30
721 0.0 0.3 0:25.30
721 0.0 0.3 0:25.30
721 0.0 0.3 0:25.30
721 0.0 0.3 0:25.31
721 0.0 0.3 0:25.31
721 0.0 0.3 0:25.31
721 0.0 0.3 0:25.31
721 0.0 0.3 0:25.32
721 0.0 0.3 0:25.32
721 0.0 0.3 0:25.32
721 0.0 0.3 0:25.32
721 0.0 0.3 0:25.32
721 0.0 0.3 0:25.34
721 0.0 0.3 0:25.34
721 0.0 0.3 0:25.34
721 0.0 0.3 0:25.34
721 0.0 0.3 0:25.34
721 0.0 0.3 0:25.34
721 0.0 0.3 0:25.35
721 0.0 0.3 0:25.36
721 0.0 0.3 0:25.36
721 0.0 0.3 0:25.37
721 0.0 0.3 0:25.37
721 0.0 0.3 0:25.37
721 0.0 0.3 0:25.38
721 0.0 0.3 0:25.39
721 0.0 0.3 0:25.39
721 11.1 0.3 0:25.41
721 0.0 0.3 0:25.41
721 0.0 0.3 0:25.41
721 0.0 0.3 0:25.41
721 0.0 0.3 0:25.41
721 0.0 0.3 0:25.41
721 0.0 0.3 0:25.41
721 0.0 0.3 0:25.41
721 0.0 0.3 0:25.41
721 0.0 0.3 0:25.42
721 5.3 0.3 0:25.43
721 5.6 0.3 0:25.44
721 0.0 0.3 0:25.44
721 0.0 0.3 0:25.44
721 0.0 0.3 0:25.45
721 0.0 0.3 0:25.45
721 0.0 0.3 0:25.46
721 0.0 0.3 0:25.46
721 0.0 0.3 0:25.46
721 0.0 0.3 0:25.46
721 0.0 0.3 0:25.46
721 0.0 0.3 0:25.47
721 0.0 0.3 0:25.47
721 0.0 0.3 0:25.47
721 11.1 0.3 0:25.49
721 0.0 0.3 0:25.49
721 0.0 0.3 0:25.49
721 0.0 0.3 0:25.49
721 0.0 0.3 0:25.49
721 0.0 0.3 0:25.49
721 0.0 0.3 0:25.50
721 0.0 0.3 0:25.51
721 0.0 0.3 0:25.51
721 0.0 0.3 0:25.52
721 0.0 0.3 0:25.52
721 0.0 0.3 0:25.52
721 0.0 0.3 0:25.52
721 0.0 0.3 0:25.52
721 0.0 0.3 0:25.52
721 0.0 0.3 0:25.52
721 0.0 0.3 0:25.52
721 0.0 0.3 0:25.52
721 0.0 0.3 0:25.52
721 0.0 0.3 0:25.52
721 0.0 0.3 0:25.52
721 0.0 0.3 0:25.52
721 0.0 0.3 0:25.52
721 0.0 0.3 0:25.52
721 0.0 0.3 0:25.52
721 0.0 0.3 0:25.52
721 0.0 0.3 0:25.52
721 0.0 0.3 0:25.52
721 0.0 0.3 0:25.52
