2835 22.2 0.2 1:22.52
2835 5.0 0.2 1:22.64
2835 10.5 0.2 1:22.77
2835 26.3 0.2 1:22.94
2835 5.3 0.2 1:23.08
2835 5.3 0.2 1:23.22
2835 15.8 0.2 1:23.38
2835 10.5 0.2 1:23.51
2835 5.0 0.2 1:23.63
2835 10.5 0.2 1:23.77
2835 15.8 0.2 1:23.92
2835 15.8 0.2 1:24.08
2835 10.0 0.2 1:24.22
2835 11.1 0.2 1:24.35
2835 10.5 0.2 1:24.50
2835 10.5 0.2 1:24.63
2835 20.0 0.2 1:24.80
2835 10.5 0.2 1:24.93
2835 15.0 0.2 1:25.07
2835 10.5 0.2 1:25.21
2835 10.5 0.2 1:25.35
2835 15.8 0.2 1:25.49
2835 15.8 0.2 1:25.63
2835 10.5 0.2 1:25.77
2835 10.0 0.2 1:25.91
2835 21.1 0.2 1:26.08
2835 10.0 0.2 1:26.22
2835 16.7 0.2 1:26.36
2835 10.5 0.2 1:26.51
2835 10.5 0.2 1:26.66
2835 10.5 0.2 1:26.80
2835 10.0 0.2 1:26.93
2835 15.8 0.2 1:27.09
2835 22.2 0.2 1:27.24
2835 15.8 0.2 1:27.40
2835 10.5 0.2 1:27.53
2835 15.8 0.2 1:27.67
2835 10.5 0.2 1:27.81
2835 26.3 0.2 1:27.99
2835 16.7 0.2 1:28.13
2835 10.5 0.2 1:28.27
2835 10.5 0.2 1:28.41
2835 15.8 0.2 1:28.56
2835 13.6 0.2 1:28.73
2835 13.6 0.2 1:28.90
2835 10.5 0.2 1:29.04
2835 10.5 0.2 1:29.20
2835 11.1 0.2 1:29.35
2835 11.1 0.2 1:29.49
2835 16.7 0.2 1:29.64
2835 26.3 0.2 1:29.81
2835 15.0 0.2 1:29.94
2835 11.1 0.2 1:30.08
2835 11.1 0.2 1:30.22
2835 11.1 0.2 1:30.36
2835 11.1 0.2 1:30.51
2835 20.0 0.2 1:30.67
2835 10.5 0.2 1:30.80
2835 10.0 0.2 1:30.95
2835 11.1 0.2 1:31.09
2835 10.5 0.2 1:31.23
2835 10.0 0.2 1:31.37
2835 5.6 0.2 1:31.50
2835 10.5 0.2 1:31.66
2835 10.0 0.2 1:31.79
2835 15.8 0.2 1:31.94
2835 10.5 0.2 1:32.07
2835 15.8 0.2 1:32.24
2835 5.6 0.2 1:32.37
2835 16.7 0.2 1:32.52
2835 5.6 0.2 1:32.67
2835 10.5 0.2 1:32.84
2835 15.8 0.2 1:32.99
2835 10.5 0.2 1:33.13
2835 10.5 0.2 1:33.27
