2809 0.0 0.2 0:44.26
2809 15.8 0.2 0:44.38
2809 10.5 0.2 0:44.51
2809 10.5 0.2 0:44.64
2809 10.0 0.2 0:44.77
2809 36.8 0.2 0:44.96
2809 10.0 0.2 0:45.08
2809 11.1 0.2 0:45.20
2809 10.5 0.2 0:45.34
2809 10.0 0.2 0:45.47
2809 11.1 0.2 0:45.59
2809 5.6 0.2 0:45.81
2809 15.8 0.2 0:45.94
2809 9.1 0.2 0:46.06
2809 27.8 0.2 0:46.21
2809 21.1 0.2 0:46.37
2809 9.5 0.2 0:46.49
2809 15.8 0.2 0:46.64
2809 26.3 0.2 0:46.80
2809 10.5 0.2 0:46.93
2809 5.3 0.2 0:47.05
2809 15.8 0.2 0:47.21
2809 15.8 0.2 0:47.34
2809 16.7 0.2 0:47.48
2809 10.0 0.2 0:47.63
2809 5.0 0.2 0:47.79
2809 11.1 0.2 0:47.98
2809 11.1 0.2 0:48.11
2809 15.8 0.2 0:48.29
2809 10.5 0.2 0:48.45
2809 26.3 0.2 0:48.61
2809 10.5 0.2 0:48.74
2809 11.1 0.2 0:48.89
2809 16.7 0.2 0:49.03
2809 10.5 0.2 0:49.15
2809 10.5 0.2 0:49.29
2809 5.6 0.2 0:49.40
2809 25.0 0.2 0:49.58
2809 10.5 0.2 0:49.71
2809 10.5 0.2 0:49.83
2809 5.3 0.2 0:49.95
2809 10.5 0.2 0:50.08
2809 11.1 0.2 0:50.20
2809 5.0 0.2 0:50.36
2809 10.5 0.2 0:50.52
2809 5.3 0.2 0:50.64
2809 5.6 0.2 0:50.77
2809 10.5 0.2 0:50.90
2809 22.2 0.2 0:51.05
2809 10.5 0.2 0:51.17
2809 10.5 0.2 0:51.32
2809 15.8 0.2 0:51.46
2809 10.5 0.2 0:51.58
2809 20.0 0.2 0:51.74
2809 21.1 0.2 0:51.89
2809 5.3 0.2 0:52.01
2809 11.1 0.2 0:52.14
2809 5.3 0.2 0:52.26
2809 5.3 0.2 0:52.38
2809 11.1 0.2 0:52.52
2809 11.1 0.2 0:52.65
2809 20.0 0.2 0:52.80
2809 5.3 0.2 0:52.99
2809 10.5 0.2 0:53.15
2809 11.1 0.2 0:53.27
2809 10.5 0.2 0:53.44
2809 5.6 0.2 0:53.57
2809 22.2 0.2 0:53.73
2809 10.5 0.2 0:53.88
2809 11.1 0.2 0:54.01
2809 5.6 0.2 0:54.13
2809 10.5 0.2 0:54.26
2809 5.0 0.2 0:54.38
2809 5.3 0.2 0:54.51
2809 15.0 0.2 0:54.68
2809 0.0 0.2 0:54.77
