2809 10.5 0.2 0:33.33
2809 5.3 0.2 0:33.43
2809 16.7 0.2 0:33.57
2809 10.0 0.2 0:33.75
2809 5.3 0.2 0:33.86
2809 10.5 0.2 0:33.99
2809 21.1 0.2 0:34.15
2809 10.5 0.2 0:34.27
2809 10.0 0.2 0:34.40
2809 15.8 0.2 0:34.56
2809 5.3 0.2 0:34.69
2809 10.0 0.2 0:34.83
2809 16.7 0.2 0:34.97
2809 15.8 0.2 0:35.11
2809 5.6 0.2 0:35.27
2809 15.0 0.2 0:35.42
2809 11.1 0.2 0:35.56
2809 10.5 0.2 0:35.70
2809 10.5 0.2 0:35.84
2809 15.8 0.2 0:35.99
2809 15.8 0.2 0:36.16
2809 15.0 0.2 0:36.30
2809 16.7 0.2 0:36.44
2809 15.8 0.2 0:36.58
2809 16.7 0.2 0:36.73
2809 5.0 0.2 0:36.87
2809 10.5 0.2 0:37.01
2809 5.6 0.2 0:37.14
2809 21.1 0.2 0:37.30
2809 10.5 0.2 0:37.44
2809 15.8 0.2 0:37.58
2809 10.0 0.2 0:37.72
2809 21.1 0.2 0:37.87
2809 10.5 0.2 0:38.01
2809 10.5 0.2 0:38.15
2809 11.1 0.2 0:38.29
2809 22.2 0.2 0:38.45
2809 21.1 0.2 0:38.60
2809 20.0 0.2 0:38.76
2809 5.3 0.2 0:38.94
2809 26.3 0.2 0:39.11
2809 5.6 0.2 0:39.25
2809 10.5 0.2 0:39.39
2809 15.8 0.2 0:39.53
2809 9.5 0.2 0:39.70
2809 10.0 0.2 0:39.88
2809 14.3 0.2 0:40.04
2809 11.1 0.2 0:40.17
2809 15.8 0.2 0:40.33
2809 11.1 0.2 0:40.47
2809 20.0 0.2 0:40.63
2809 21.1 0.2 0:40.78
2809 5.3 0.2 0:40.91
2809 10.0 0.2 0:41.05
2809 11.1 0.2 0:41.19
2809 10.5 0.2 0:41.33
2809 16.7 0.2 0:41.47
2809 11.1 0.2 0:41.61
2809 10.0 0.2 0:41.76
2809 10.5 0.2 0:41.90
2809 15.8 0.2 0:42.06
2809 10.0 0.2 0:42.19
2809 15.8 0.2 0:42.34
2809 15.8 0.2 0:42.48
2809 11.1 0.2 0:42.64
2809 11.1 0.2 0:42.77
2809 20.0 0.2 0:42.93
2809 11.1 0.2 0:43.07
2809 16.7 0.2 0:43.21
2809 5.3 0.2 0:43.34
2809 26.3 0.2 0:43.52
2809 16.7 0.2 0:43.66
2809 15.8 0.2 0:43.79
2809 15.8 0.2 0:43.95
2809 10.5 0.2 0:44.08
2809 5.3 0.2 0:44.21
