646 0.0 0.0 0:00.00
694 0.0 0.0 0:00.00
704 0.0 0.1 0:00.00
KiB used, 394416 buff/cache
704 0.0 0.1 0:00.00
704 0.0 0.1 0:00.00
704 0.0 0.1 0:00.00
704 0.0 0.1 0:00.00
704 0.0 0.1 0:00.00
704 0.0 0.1 0:00.00
704 0.0 0.1 0:00.00
704 0.0 0.1 0:00.00
704 0.0 0.1 0:00.00
704 0.0 0.1 0:00.00
704 0.0 0.1 0:00.00
704 0.0 0.1 0:00.00
704 0.0 0.1 0:00.00
704 0.0 0.1 0:00.00
704 0.0 0.1 0:00.00
704 0.0 0.1 0:00.00
704 0.0 0.1 0:00.00
704 0.0 0.1 0:00.00
704 0.0 0.1 0:00.00
704 0.0 0.1 0:00.00
704 0.0 0.1 0:00.00
704 0.0 0.1 0:00.00
704 0.0 0.1 0:00.00
704 0.0 0.1 0:00.00
704 0.0 0.1 0:00.00
704 0.0 0.1 0:00.00
704 0.0 0.1 0:00.00
704 0.0 0.1 0:00.00
704 0.0 0.1 0:00.00
704 0.0 0.1 0:00.00
704 0.0 0.1 0:00.00
704 0.0 0.1 0:00.00
704 0.0 0.1 0:00.00
704 0.0 0.1 0:00.00
704 0.0 0.1 0:00.00
704 0.0 0.1 0:00.00
704 0.0 0.1 0:00.00
704 0.0 0.1 0:00.00
704 0.0 0.1 0:00.00
704 0.0 0.1 0:00.00
704 0.0 0.1 0:00.00
704 0.0 0.1 0:00.00
704 0.0 0.1 0:00.00
704 0.0 0.1 0:00.00
704 0.0 0.1 0:00.00
704 0.0 0.1 0:00.00
704 0.0 0.1 0:00.00
704 0.0 0.1 0:00.00
KiB used, 394632 buff/cache
704 0.0 0.1 0:00.00
704 0.0 0.1 0:00.00
704 0.0 0.1 0:00.00
704 0.0 0.1 0:00.00
704 0.0 0.1 0:00.00
704 0.0 0.1 0:00.00
704 0.0 0.1 0:00.00
704 0.0 0.1 0:00.00
704 0.0 0.1 0:00.00
704 0.0 0.1 0:00.00
704 0.0 0.1 0:00.00
704 0.0 0.1 0:00.00
704 0.0 0.1 0:00.00
704 0.0 0.1 0:00.00
704 0.0 0.1 0:00.00
704 0.0 0.1 0:00.00
704 0.0 0.1 0:00.00
704 0.0 0.1 0:00.00
704 0.0 0.1 0:00.00
704 0.0 0.1 0:00.00
704 0.0 0.1 0:00.00
704 0.0 0.1 0:00.00
704 0.0 0.1 0:00.00
704 0.0 0.1 0:00.00
704 0.0 0.1 0:00.00
704 0.0 0.1 0:00.00
704 0.0 0.1 0:00.00
704 0.0 0.1 0:00.00
704 0.0 0.1 0:00.00
704 0.0 0.1 0:00.00
704 0.0 0.1 0:00.00
704 0.0 0.1 0:00.00
704 0.0 0.1 0:00.00
704 0.0 0.1 0:00.00
704 0.0 0.1 0:00.00
704 0.0 0.1 0:00.00
704 0.0 0.1 0:00.00
704 0.0 0.1 0:00.00
704 0.0 0.1 0:00.00
704 0.0 0.1 0:00.00
704 0.0 0.1 0:00.00
704 0.0 0.1 0:00.00
704 0.0 0.1 0:00.00
704 0.0 0.1 0:00.00
704 0.0 0.1 0:00.00
704 0.0 0.1 0:00.00
704 0.0 0.1 0:00.00
704 0.0 0.1 0:00.00
704 0.0 0.1 0:00.00
704 0.0 0.1 0:00.00
704 0.0 0.1 0:00.00
704 0.0 0.1 0:00.00
KiB used, 394932 buff/cache
704 0.0 0.1 0:00.00
704 0.0 0.1 0:00.00
704 0.0 0.1 0:00.00
704 0.0 0.1 0:00.00
704 0.0 0.1 0:00.00
704 0.0 0.1 0:00.00
704 0.0 0.1 0:00.00
704 0.0 0.1 0:00.00
704 0.0 0.1 0:00.00
704 0.0 0.1 0:00.00
704 0.0 0.1 0:00.00
704 0.0 0.1 0:00.00
704 0.0 0.1 0:00.00
704 0.0 0.1 0:00.00
704 0.0 0.1 0:00.00
704 0.0 0.1 0:00.00
704 0.0 0.1 0:00.00
704 0.0 0.1 0:00.00
704 0.0 0.1 0:00.00
704 0.0 0.1 0:00.00
704 0.0 0.1 0:00.00
704 0.0 0.1 0:00.00
704 0.0 0.1 0:00.00
704 0.0 0.1 0:00.00
704 0.0 0.1 0:00.00
704 0.0 0.1 0:00.00
704 0.0 0.1 0:00.00
704 0.0 0.1 0:00.00
704 0.0 0.1 0:00.00
704 0.0 0.1 0:00.00
704 0.0 0.1 0:00.00
704 0.0 0.1 0:00.00
704 0.0 0.1 0:00.00
704 0.0 0.1 0:00.00
704 0.0 0.1 0:00.00
704 0.0 0.1 0:00.00
704 0.0 0.1 0:00.00
704 0.0 0.1 0:00.00
704 0.0 0.1 0:00.00
704 0.0 0.1 0:00.00
704 0.0 0.1 0:00.00
704 0.0 0.1 0:00.00
704 0.0 0.1 0:00.00
704 0.0 0.1 0:00.00
704 0.0 0.1 0:00.00
704 0.0 0.1 0:00.00
704 0.0 0.1 0:00.00
704 0.0 0.1 0:00.00
704 0.0 0.1 0:00.00
704 0.0 0.1 0:00.00
704 0.0 0.1 0:00.00
704 0.0 0.1 0:00.00
704 0.0 0.1 0:00.00
704 0.0 0.1 0:00.00
704 0.0 0.1 0:00.00
704 0.0 0.1 0:00.00
704 0.0 0.1 0:00.00
704 0.0 0.1 0:00.00
704 0.0 0.1 0:00.00
704 0.0 0.1 0:00.00
704 0.0 0.1 0:00.00
704 0.0 0.1 0:00.00
704 0.0 0.1 0:00.00
704 0.0 0.1 0:00.00
704 0.0 0.1 0:00.00
704 0.0 0.1 0:00.00
704 0.0 0.1 0:00.00
704 0.0 0.1 0:00.00
704 0.0 0.1 0:00.00
704 0.0 0.1 0:00.00
704 0.0 0.1 0:00.00
704 0.0 0.1 0:00.00
704 0.0 0.1 0:00.00
704 0.0 0.1 0:00.00
704 0.0 0.1 0:00.00
704 0.0 0.1 0:00.00
704 0.0 0.1 0:00.00
704 0.0 0.1 0:00.00
704 0.0 0.1 0:00.00
704 0.0 0.1 0:00.00
704 0.0 0.1 0:00.00
704 0.0 0.1 0:00.00
704 0.0 0.1 0:00.00
704 0.0 0.1 0:00.00
704 0.0 0.1 0:00.00
704 0.0 0.1 0:00.00
704 0.0 0.1 0:00.00
704 0.0 0.1 0:00.00
704 0.0 0.1 0:00.00
704 0.0 0.1 0:00.00
704 0.0 0.1 0:00.00
704 0.0 0.1 0:00.00
704 0.0 0.1 0:00.00
704 0.0 0.1 0:00.00
704 0.0 0.1 0:00.00
704 0.0 0.1 0:00.00
704 0.0 0.1 0:00.00
704 0.0 0.1 0:00.00
704 0.0 0.1 0:00.00
704 0.0 0.1 0:00.00
704 0.0 0.1 0:00.00
704 0.0 0.1 0:00.00
704 0.0 0.1 0:00.00
704 0.0 0.1 0:00.00
704 0.0 0.1 0:00.00
704 0.0 0.1 0:00.00
704 0.0 0.1 0:00.00
704 0.0 0.1 0:00.00
704 0.0 0.1 0:00.00
704 0.0 0.1 0:00.00
704 0.0 0.1 0:00.00
704 0.0 0.1 0:00.00
704 0.0 0.1 0:00.00
704 0.0 0.1 0:00.00
704 0.0 0.1 0:00.00
704 0.0 0.1 0:00.00
704 0.0 0.1 0:00.00
704 0.0 0.1 0:00.00
704 0.0 0.1 0:00.00
704 0.0 0.1 0:00.00
704 0.0 0.1 0:00.00
704 0.0 0.1 0:00.00
704 0.0 0.1 0:00.00
704 0.0 0.1 0:00.00
704 0.0 0.1 0:00.00
704 0.0 0.1 0:00.00
704 0.0 0.1 0:00.00
704 0.0 0.1 0:00.00
704 0.0 0.1 0:00.00
704 0.0 0.1 0:00.00
704 0.0 0.1 0:00.00
704 0.0 0.1 0:00.00
704 0.0 0.1 0:00.00
704 0.0 0.1 0:00.00
704 0.0 0.1 0:00.00
704 0.0 0.1 0:00.00
704 0.0 0.1 0:00.00
704 0.0 0.1 0:00.00
704 0.0 0.1 0:00.00
704 0.0 0.1 0:00.00
704 0.0 0.1 0:00.00
704 0.0 0.1 0:00.00
704 0.0 0.1 0:00.00
704 0.0 0.1 0:00.00
704 0.0 0.1 0:00.00
704 0.0 0.1 0:00.00
704 0.0 0.1 0:00.00
704 0.0 0.1 0:00.00
704 0.0 0.1 0:00.00
704 0.0 0.1 0:00.00
704 0.0 0.1 0:00.00
704 0.0 0.1 0:00.00
704 0.0 0.1 0:00.00
704 0.0 0.1 0:00.00
704 0.0 0.1 0:00.00
704 0.0 0.1 0:00.00
704 0.0 0.1 0:00.00
704 0.0 0.1 0:00.00
704 0.0 0.1 0:00.00
704 0.0 0.1 0:00.00
704 0.0 0.1 0:00.00
704 0.0 0.1 0:00.00
704 0.0 0.1 0:00.00
