704 0.0 0.1 0:00.00
704 0.0 0.1 0:00.00
704 0.0 0.1 0:00.00
704 0.0 0.1 0:00.00
704 0.0 0.1 0:00.00
704 0.0 0.1 0:00.00
704 0.0 0.1 0:00.00
704 0.0 0.1 0:00.00
704 0.0 0.1 0:00.00
704 0.0 0.1 0:00.00
704 0.0 0.1 0:00.00
704 0.0 0.1 0:00.00
704 0.0 0.1 0:00.00
704 0.0 0.1 0:00.00
704 0.0 0.1 0:00.00
704 0.0 0.1 0:00.00
704 0.0 0.1 0:00.00
704 0.0 0.1 0:00.00
704 0.0 0.1 0:00.00
704 0.0 0.1 0:00.00
704 0.0 0.1 0:00.00
704 0.0 0.1 0:00.00
704 0.0 0.1 0:00.00
704 0.0 0.1 0:00.00
704 0.0 0.1 0:00.00
704 0.0 0.1 0:00.00
704 0.0 0.1 0:00.00
704 0.0 0.1 0:00.00
704 0.0 0.1 0:00.00
704 0.0 0.1 0:00.00
704 0.0 0.1 0:00.00
704 0.0 0.1 0:00.00
704 0.0 0.1 0:00.00
704 0.0 0.1 0:00.00
704 0.0 0.1 0:00.00
704 0.0 0.1 0:00.00
704 0.0 0.1 0:00.00
704 0.0 0.1 0:00.00
704 0.0 0.1 0:00.00
704 0.0 0.1 0:00.00
704 0.0 0.1 0:00.00
704 0.0 0.1 0:00.00
704 0.0 0.1 0:00.00
704 0.0 0.1 0:00.00
704 0.0 0.1 0:00.00
704 0.0 0.1 0:00.00
704 0.0 0.1 0:00.00
704 0.0 0.1 0:00.00
704 0.0 0.1 0:00.00
704 0.0 0.1 0:00.00
704 0.0 0.1 0:00.00
704 0.0 0.1 0:00.00
704 0.0 0.1 0:00.00
704 0.0 0.1 0:00.00
704 0.0 0.1 0:00.00
704 0.0 0.1 0:00.00
KiB used, 417628 buff/cache
704 0.0 0.1 0:00.00
704 0.0 0.1 0:00.00
704 0.0 0.1 0:00.00
KiB used, 417628 buff/cache
704 0.0 0.1 0:00.00
704 0.0 0.1 0:00.00
704 0.0 0.1 0:00.00
704 0.0 0.1 0:00.00
704 0.0 0.1 0:00.00
704 0.0 0.1 0:00.00
704 0.0 0.1 0:00.00
704 0.0 0.1 0:00.00
704 0.0 0.1 0:00.00
704 0.0 0.1 0:00.00
704 0.0 0.1 0:00.00
704 0.0 0.1 0:00.00
704 0.0 0.1 0:00.00
704 0.0 0.1 0:00.00
704 0.0 0.1 0:00.00
704 0.0 0.1 0:00.00
704 0.0 0.1 0:00.00
704 0.0 0.1 0:00.00
704 0.0 0.1 0:00.00
704 0.0 0.1 0:00.00
704 0.0 0.1 0:00.00
704 0.0 0.1 0:00.00
704 0.0 0.1 0:00.00
704 0.0 0.1 0:00.00
704 0.0 0.1 0:00.00
704 0.0 0.1 0:00.00
KiB used, 417692 buff/cache
704 0.0 0.1 0:00.00
704 0.0 0.1 0:00.00
704 0.0 0.1 0:00.00
704 0.0 0.1 0:00.00
704 0.0 0.1 0:00.00
704 0.0 0.1 0:00.00
704 0.0 0.1 0:00.00
704 0.0 0.1 0:00.00
704 0.0 0.1 0:00.00
704 0.0 0.1 0:00.00
704 0.0 0.1 0:00.00
704 0.0 0.1 0:00.00
704 0.0 0.1 0:00.00
704 0.0 0.1 0:00.00
704 0.0 0.1 0:00.00
704 0.0 0.1 0:00.00
704 0.0 0.1 0:00.00
704 0.0 0.1 0:00.00
704 0.0 0.1 0:00.00
704 0.0 0.1 0:00.00
704 0.0 0.1 0:00.00
6704 11.1 0.2 0:00.04
704 0.0 0.1 0:00.00
704 0.0 0.1 0:00.00
704 0.0 0.1 0:00.00
704 0.0 0.1 0:00.00
704 0.0 0.1 0:00.00
704 0.0 0.1 0:00.00
704 0.0 0.1 0:00.00
704 0.0 0.1 0:00.00
704 0.0 0.1 0:00.00
704 0.0 0.1 0:00.00
704 0.0 0.1 0:00.00
704 0.0 0.1 0:00.00
704 0.0 0.1 0:00.00
704 0.0 0.1 0:00.00
704 0.0 0.1 0:00.00
704 0.0 0.1 0:00.00
704 0.0 0.1 0:00.00
704 0.0 0.1 0:00.00
704 0.0 0.1 0:00.00
704 0.0 0.1 0:00.00
704 0.0 0.1 0:00.00
704 0.0 0.1 0:00.00
704 0.0 0.1 0:00.00
704 0.0 0.1 0:00.00
704 0.0 0.1 0:00.00
704 0.0 0.1 0:00.00
704 0.0 0.1 0:00.00
704 0.0 0.1 0:00.00
704 0.0 0.1 0:00.00
704 0.0 0.1 0:00.00
704 0.0 0.1 0:00.00
704 0.0 0.1 0:00.00
704 0.0 0.1 0:00.00
704 0.0 0.1 0:00.00
704 0.0 0.1 0:00.00
704 0.0 0.1 0:00.00
704 0.0 0.1 0:00.00
704 0.0 0.1 0:00.00
704 0.0 0.1 0:00.00
704 0.0 0.1 0:00.00
704 0.0 0.1 0:00.00
704 0.0 0.1 0:00.00
704 0.0 0.1 0:00.00
704 0.0 0.1 0:00.00
704 0.0 0.1 0:00.00
704 0.0 0.1 0:00.00
704 0.0 0.1 0:00.00
704 0.0 0.1 0:00.00
704 0.0 0.1 0:00.00
704 0.0 0.1 0:00.00
704 0.0 0.1 0:00.00
704 0.0 0.1 0:00.00
704 0.0 0.1 0:00.00
704 0.0 0.1 0:00.00
704 0.0 0.1 0:00.00
704 0.0 0.1 0:00.00
704 0.0 0.1 0:00.00
704 0.0 0.1 0:00.00
704 0.0 0.1 0:00.00
704 0.0 0.1 0:00.00
704 0.0 0.1 0:00.00
704 0.0 0.1 0:00.00
704 0.0 0.1 0:00.00
704 0.0 0.1 0:00.00
704 0.0 0.1 0:00.00
704 0.0 0.1 0:00.00
704 0.0 0.1 0:00.00
704 0.0 0.1 0:00.00
704 0.0 0.1 0:00.00
704 0.0 0.1 0:00.00
704 0.0 0.1 0:00.00
704 0.0 0.1 0:00.00
704 0.0 0.1 0:00.00
704 0.0 0.1 0:00.00
704 0.0 0.1 0:00.00
704 0.0 0.1 0:00.00
704 0.0 0.1 0:00.00
704 0.0 0.1 0:00.00
704 0.0 0.1 0:00.00
704 0.0 0.1 0:00.00
704 0.0 0.1 0:00.00
704 0.0 0.1 0:00.00
704 0.0 0.1 0:00.00
704 0.0 0.1 0:00.00
704 0.0 0.1 0:00.00
704 0.0 0.1 0:00.00
704 0.0 0.1 0:00.00
704 0.0 0.1 0:00.00
704 0.0 0.1 0:00.00
704 0.0 0.1 0:00.00
704 0.0 0.1 0:00.00
704 0.0 0.1 0:00.00
704 0.0 0.1 0:00.00
704 0.0 0.1 0:00.00
704 0.0 0.1 0:00.00
704 0.0 0.1 0:00.00
704 0.0 0.1 0:00.00
704 0.0 0.1 0:00.00
704 0.0 0.1 0:00.00
704 0.0 0.1 0:00.00
704 0.0 0.1 0:00.00
704 0.0 0.1 0:00.00
704 0.0 0.1 0:00.00
704 0.0 0.1 0:00.00
704 0.0 0.1 0:00.00
704 0.0 0.1 0:00.00
704 0.0 0.1 0:00.00
704 0.0 0.1 0:00.00
704 0.0 0.1 0:00.00
704 0.0 0.1 0:00.00
704 0.0 0.1 0:00.00
704 0.0 0.1 0:00.00
704 0.0 0.1 0:00.00
704 0.0 0.1 0:00.00
704 0.0 0.1 0:00.00
704 0.0 0.1 0:00.00
704 0.0 0.1 0:00.00
704 0.0 0.1 0:00.00
704 0.0 0.1 0:00.00
704 0.0 0.1 0:00.00
704 0.0 0.1 0:00.00
704 0.0 0.1 0:00.00
704 0.0 0.1 0:00.00
704 0.0 0.1 0:00.00
704 0.0 0.1 0:00.00
704 0.0 0.1 0:00.00
704 0.0 0.1 0:00.00
704 0.0 0.1 0:00.00
704 0.0 0.1 0:00.00
704 0.0 0.1 0:00.00
704 0.0 0.1 0:00.00
704 0.0 0.1 0:00.00
704 0.0 0.1 0:00.00
704 0.0 0.1 0:00.00
704 0.0 0.1 0:00.00
704 0.0 0.1 0:00.00
704 0.0 0.1 0:00.00
704 0.0 0.1 0:00.00
704 0.0 0.1 0:00.00
704 0.0 0.1 0:00.00
704 0.0 0.1 0:00.00
704 0.0 0.1 0:00.00
704 0.0 0.1 0:00.00
704 0.0 0.1 0:00.00
704 0.0 0.1 0:00.00
704 0.0 0.1 0:00.00
704 0.0 0.1 0:00.00
704 0.0 0.1 0:00.00
704 0.0 0.1 0:00.00
704 0.0 0.1 0:00.00
704 0.0 0.1 0:00.00
704 0.0 0.1 0:00.00
704 0.0 0.1 0:00.00
704 0.0 0.1 0:00.00
704 0.0 0.1 0:00.00
704 0.0 0.1 0:00.00
704 0.0 0.1 0:00.00
704 0.0 0.1 0:00.00
704 0.0 0.1 0:00.00
704 0.0 0.1 0:00.00
704 0.0 0.1 0:00.00
704 0.0 0.1 0:00.00
704 0.0 0.1 0:00.00
704 0.0 0.1 0:00.00
704 0.0 0.1 0:00.00
KiB used, 418260 buff/cache
704 0.0 0.1 0:00.00
704 0.0 0.1 0:00.00
704 0.0 0.1 0:00.00
704 0.0 0.1 0:00.00
704 0.0 0.1 0:00.00
704 0.0 0.1 0:00.00
704 0.0 0.1 0:00.00
704 0.0 0.1 0:00.00
704 0.0 0.1 0:00.00
704 0.0 0.1 0:00.00
704 0.0 0.1 0:00.00
704 0.0 0.1 0:00.00
704 0.0 0.1 0:00.00
704 0.0 0.1 0:00.00
704 0.0 0.1 0:00.00
704 0.0 0.1 0:00.00
704 0.0 0.1 0:00.00
704 0.0 0.1 0:00.00
704 0.0 0.1 0:00.00
704 0.0 0.1 0:00.00
704 0.0 0.1 0:00.00
704 0.0 0.1 0:00.00
704 0.0 0.1 0:00.00
704 0.0 0.1 0:00.00
704 0.0 0.1 0:00.00
704 0.0 0.1 0:00.00
704 0.0 0.1 0:00.00
704 0.0 0.1 0:00.00
14704 11.1 0.2 0:00.04
704 0.0 0.1 0:00.00
704 0.0 0.1 0:00.00
704 0.0 0.1 0:00.00
704 0.0 0.1 0:00.00
704 0.0 0.1 0:00.00
704 0.0 0.1 0:00.00
704 0.0 0.1 0:00.00
704 0.0 0.1 0:00.00
704 0.0 0.1 0:00.00
704 0.0 0.1 0:00.00
704 0.0 0.1 0:00.00
704 0.0 0.1 0:00.00
704 0.0 0.1 0:00.00
704 0.0 0.1 0:00.00
704 0.0 0.1 0:00.00
704 0.0 0.1 0:00.00
704 0.0 0.1 0:00.00
704 0.0 0.1 0:00.00
704 0.0 0.1 0:00.00
704 0.0 0.1 0:00.00
704 0.0 0.1 0:00.00
704 0.0 0.1 0:00.00
704 0.0 0.1 0:00.00
704 0.0 0.1 0:00.00
704 0.0 0.1 0:00.00
704 0.0 0.1 0:00.00
704 0.0 0.1 0:00.00
704 0.0 0.1 0:00.00
704 0.0 0.1 0:00.00
704 0.0 0.1 0:00.00
704 0.0 0.1 0:00.00
704 0.0 0.1 0:00.00
704 0.0 0.1 0:00.00
704 0.0 0.1 0:00.00
704 0.0 0.1 0:00.00
704 0.0 0.1 0:00.00
704 0.0 0.1 0:00.00
704 0.0 0.1 0:00.00
704 0.0 0.1 0:00.00
704 0.0 0.1 0:00.00
704 0.0 0.1 0:00.00
704 0.0 0.1 0:00.00
704 0.0 0.1 0:00.00
704 0.0 0.1 0:00.00
704 0.0 0.1 0:00.00
704 0.0 0.1 0:00.00
704 0.0 0.1 0:00.00
704 0.0 0.1 0:00.00
KiB used, 418484 buff/cache
704 0.0 0.1 0:00.00
704 0.0 0.1 0:00.00
704 0.0 0.1 0:00.00
704 0.0 0.1 0:00.00
704 0.0 0.1 0:00.00
704 0.0 0.1 0:00.00
704 0.0 0.1 0:00.00
17045 16.7 0.2 0:00.05
704 0.0 0.1 0:00.00
704 0.0 0.1 0:00.00
