706 8.7 0.3 0:45.79
706 0.0 0.3 0:45.80
706 0.0 0.3 0:45.80
706 0.0 0.3 0:45.80
8706 15.8 0.2 0:00.03
706 0.0 0.3 0:45.80
706 0.0 0.3 0:45.80
706 0.0 0.3 0:45.80
706 0.0 0.3 0:45.80
706 0.0 0.3 0:45.80
706 0.0 0.3 0:45.80
706 0.0 0.3 0:45.80
706 0.0 0.3 0:45.80
706 0.0 0.3 0:45.80
706 0.0 0.3 0:45.80
706 0.0 0.3 0:45.80
706 0.0 0.3 0:45.80
706 0.0 0.3 0:45.80
706 0.0 0.3 0:45.82
706 0.0 0.3 0:45.87
706 0.0 0.3 0:45.87
706 0.0 0.3 0:45.87
706 0.0 0.3 0:45.87
706 0.0 0.3 0:45.87
706 0.0 0.3 0:45.87
KiB 1537060 avail Mem
706 0.0 0.3 0:45.87
706 0.0 0.3 0:45.87
706 0.0 0.3 0:45.87
706 0.0 0.3 0:45.87
706 0.0 0.3 0:45.87
706 0.0 0.3 0:45.87
706 0.0 0.3 0:45.87
706 0.0 0.3 0:45.88
706 0.0 0.3 0:45.88
706 0.0 0.3 0:45.88
706 0.0 0.3 0:45.89
706 0.0 0.3 0:45.92
706 0.0 0.3 0:45.92
706 0.0 0.3 0:45.92
706 0.0 0.3 0:45.92
706 0.0 0.3 0:45.92
706 0.0 0.3 0:45.92
706 0.0 0.3 0:45.92
706 0.0 0.3 0:45.92
706 0.0 0.3 0:45.92
706 0.0 0.3 0:45.92
706 0.0 0.3 0:45.92
706 0.0 0.3 0:45.92
706 0.0 0.3 0:45.92
706 0.0 0.3 0:45.93
706 0.0 0.3 0:45.93
706 0.0 0.3 0:45.93
706 0.0 0.3 0:45.93
706 0.0 0.3 0:45.93
706 5.3 0.3 0:46.00
706 0.0 0.3 0:46.00
706 0.0 0.3 0:46.00
706 0.0 0.3 0:46.00
706 0.0 0.3 0:46.00
706 0.0 0.3 0:46.00
706 0.0 0.3 0:46.00
706 0.0 0.3 0:46.00
706 0.0 0.3 0:46.00
706 0.0 0.3 0:46.00
706 0.0 0.3 0:46.00
706 0.0 0.3 0:46.00
706 0.0 0.3 0:46.00
706 11.1 0.3 0:46.02
706 0.0 0.3 0:46.02
706 0.0 0.3 0:46.02
706 0.0 0.3 0:46.02
706 0.0 0.3 0:46.02
706 9.1 0.3 0:46.05
706 0.0 0.3 0:46.05
706 0.0 0.3 0:46.05
706 0.0 0.3 0:46.05
706 0.0 0.3 0:46.05
706 0.0 0.3 0:46.05
706 0.0 0.3 0:46.05
706 0.0 0.3 0:46.05
706 0.0 0.3 0:46.05
706 0.0 0.3 0:46.05
706 0.0 0.3 0:46.05
706 0.0 0.3 0:46.06
KiB 1537060 avail Mem
706 0.0 0.3 0:46.06
706 0.0 0.3 0:46.07
706 0.0 0.3 0:46.07
706 0.0 0.3 0:46.07
706 0.0 0.3 0:46.07
706 0.0 0.3 0:46.09
706 0.0 0.3 0:46.10
706 0.0 0.3 0:46.10
706 0.0 0.3 0:46.10
706 0.0 0.3 0:46.10
706 0.0 0.3 0:46.10
706 0.0 0.3 0:46.10
706 0.0 0.3 0:46.10
706 0.0 0.3 0:46.10
706 0.0 0.3 0:46.10
706 0.0 0.3 0:46.10
706 5.3 0.3 0:46.11
706 0.0 0.3 0:46.11
706 0.0 0.3 0:46.11
706 0.0 0.3 0:46.11
706 0.0 0.3 0:46.11
706 0.0 0.3 0:46.11
706 0.0 0.3 0:46.12
706 0.0 0.3 0:46.12
706 0.0 0.3 0:46.14
706 0.0 0.3 0:46.14
706 0.0 0.3 0:46.14
706 0.0 0.3 0:46.14
706 0.0 0.3 0:46.14
706 0.0 0.3 0:46.14
706 0.0 0.3 0:46.14
706 0.0 0.3 0:46.14
706 0.0 0.3 0:46.14
706 0.0 0.3 0:46.15
706 0.0 0.3 0:46.15
706 0.0 0.3 0:46.15
706 0.0 0.3 0:46.15
706 0.0 0.3 0:46.16
706 0.0 0.3 0:46.17
706 0.0 0.3 0:46.17
706 0.0 0.3 0:46.17
706 0.0 0.3 0:46.17
706 0.0 0.3 0:46.23
706 0.0 0.3 0:46.23
706 0.0 0.3 0:46.23
706 0.0 0.3 0:46.23
706 0.0 0.3 0:46.23
706 0.0 0.3 0:46.23
706 0.0 0.3 0:46.23
706 0.0 0.3 0:46.23
706 0.0 0.3 0:46.23
706 0.0 0.3 0:46.23
706 0.0 0.3 0:46.23
706 0.0 0.3 0:46.23
706 0.0 0.3 0:46.23
706 0.0 0.3 0:46.23
706 0.0 0.3 0:46.24
706 0.0 0.3 0:46.25
706 0.0 0.3 0:46.25
706 0.0 0.3 0:46.25
706 5.3 0.3 0:46.27
706 0.0 0.3 0:46.28
706 0.0 0.3 0:46.28
706 0.0 0.3 0:46.28
706 0.0 0.3 0:46.28
706 0.0 0.3 0:46.28
706 0.0 0.3 0:46.28
706 0.0 0.3 0:46.28
706 0.0 0.3 0:46.28
706 0.0 0.3 0:46.28
706 0.0 0.3 0:46.29
706 0.0 0.3 0:46.29
706 0.0 0.3 0:46.29
706 0.0 0.3 0:46.29
706 0.0 0.3 0:46.30
706 0.0 0.3 0:46.30
706 0.0 0.3 0:46.30
706 0.0 0.3 0:46.30
706 5.6 0.3 0:46.33
706 0.0 0.3 0:46.35
706 0.0 0.3 0:46.35
706 0.0 0.3 0:46.35
706 0.0 0.3 0:46.35
706 0.0 0.3 0:46.35
706 0.0 0.3 0:46.35
706 0.0 0.3 0:46.35
706 0.0 0.3 0:46.35
706 0.0 0.3 0:46.35
706 0.0 0.3 0:46.35
706 0.0 0.3 0:46.35
706 0.0 0.3 0:46.35
706 0.0 0.3 0:46.35
706 0.0 0.3 0:46.36
706 0.0 0.3 0:46.36
706 0.0 0.3 0:46.36
706 0.0 0.3 0:46.36
706 0.0 0.3 0:46.36
706 0.0 0.3 0:46.39
706 0.0 0.3 0:46.39
706 0.0 0.3 0:46.39
706 0.0 0.3 0:46.39
706 0.0 0.3 0:46.39
706 0.0 0.3 0:46.39
706 0.0 0.3 0:46.39
706 0.0 0.3 0:46.39
706 0.0 0.3 0:46.39
706 0.0 0.3 0:46.40
706 0.0 0.3 0:46.40
706 0.0 0.3 0:46.42
706 0.0 0.3 0:46.42
706 0.0 0.3 0:46.42
706 0.0 0.3 0:46.42
706 0.0 0.3 0:46.42
706 0.0 0.3 0:46.43
706 0.0 0.3 0:46.43
706 0.0 0.3 0:46.45
706 0.0 0.3 0:46.45
706 0.0 0.3 0:46.45
706 0.0 0.3 0:46.45
706 0.0 0.3 0:46.45
706 0.0 0.3 0:46.45
706 0.0 0.3 0:46.45
17062 11.1 0.2 0:00.05
706 0.0 0.3 0:46.45
706 0.0 0.3 0:46.45
706 0.0 0.3 0:46.45
706 0.0 0.3 0:46.46
706 0.0 0.3 0:46.46
706 0.0 0.3 0:46.46
706 0.0 0.3 0:46.47
706 0.0 0.3 0:46.47
706 0.0 0.3 0:46.47
706 0.0 0.3 0:46.47
706 0.0 0.3 0:46.47
706 0.0 0.3 0:46.47
706 0.0 0.3 0:46.47
706 0.0 0.3 0:46.47
706 0.0 0.3 0:46.47
706 0.0 0.3 0:46.47
706 0.0 0.3 0:46.47
706 0.0 0.3 0:46.47
706 0.0 0.3 0:46.47
706 0.0 0.3 0:46.47
706 0.0 0.3 0:46.47
706 0.0 0.3 0:46.47
706 0.0 0.3 0:46.47
706 0.0 0.3 0:46.47
706 0.0 0.3 0:46.47
706 0.0 0.3 0:46.47
706 0.0 0.3 0:46.47
