707 16.7 0.3 0:54.31
707 0.0 0.3 0:54.31
707 0.0 0.3 0:54.31
707 0.0 0.3 0:54.31
707 0.0 0.3 0:54.31
707 0.0 0.3 0:54.31
707 0.0 0.3 0:54.31
707 0.0 0.3 0:54.31
707 0.0 0.3 0:54.31
707 0.0 0.3 0:54.31
707 0.0 0.3 0:54.31
707 0.0 0.3 0:54.31
707 0.0 0.3 0:54.31
707 0.0 0.3 0:54.31
707 0.0 0.3 0:54.31
707 0.0 0.3 0:54.31
707 0.0 0.3 0:54.31
707 0.0 0.3 0:54.31
707 0.0 0.3 0:54.31
707 0.0 0.3 0:54.34
707 0.0 0.3 0:54.34
707 0.0 0.3 0:54.34
707 0.0 0.3 0:54.34
707 0.0 0.3 0:54.34
707 0.0 0.3 0:54.34
707 0.0 0.3 0:54.34
707 0.0 0.3 0:54.34
707 0.0 0.3 0:54.34
707 0.0 0.3 0:54.34
707 0.0 0.3 0:54.34
707 0.0 0.3 0:54.34
707 0.0 0.3 0:54.34
707 0.0 0.3 0:54.34
707 0.0 0.3 0:54.34
707 0.0 0.3 0:54.34
707 5.6 0.3 0:54.35
707 0.0 0.3 0:54.35
707 0.0 0.3 0:54.37
707 0.0 0.3 0:54.37
707 0.0 0.3 0:54.37
707 0.0 0.3 0:54.37
707 0.0 0.3 0:54.37
707 0.0 0.3 0:54.37
707 0.0 0.3 0:54.37
707 0.0 0.3 0:54.37
707 0.0 0.3 0:54.37
707 0.0 0.3 0:54.37
707 0.0 0.3 0:54.37
KiB 1537076 avail Mem
707 0.0 0.3 0:54.37
707 0.0 0.3 0:54.37
707 0.0 0.3 0:54.37
707 0.0 0.3 0:54.37
707 0.0 0.3 0:54.38
707 5.6 0.3 0:54.39
707 0.0 0.3 0:54.41
707 0.0 0.3 0:54.41
707 0.0 0.3 0:54.41
707 0.0 0.3 0:54.41
707 0.0 0.3 0:54.41
707 0.0 0.3 0:54.41
707 0.0 0.3 0:54.41
707 0.0 0.3 0:54.41
707 0.0 0.3 0:54.41
707 0.0 0.3 0:54.41
707 0.0 0.3 0:54.41
707 0.0 0.3 0:54.41
707 0.0 0.3 0:54.42
707 0.0 0.3 0:54.42
707 0.0 0.3 0:54.42
707 5.3 0.3 0:54.43
707 0.0 0.3 0:54.43
707 0.0 0.3 0:54.43
707 0.0 0.3 0:54.43
707 0.0 0.3 0:54.46
707 0.0 0.3 0:54.46
707 0.0 0.3 0:54.46
707 0.0 0.3 0:54.46
707 0.0 0.3 0:54.46
707 0.0 0.3 0:54.46
707 0.0 0.3 0:54.46
707 0.0 0.3 0:54.46
707 0.0 0.3 0:54.46
707 0.0 0.3 0:54.46
707 0.0 0.3 0:54.46
707 0.0 0.3 0:54.47
707 0.0 0.3 0:54.47
707 0.0 0.3 0:54.47
KiB 1537072 avail Mem
707 0.0 0.3 0:54.48
707 0.0 0.3 0:54.48
707 0.0 0.3 0:54.48
707 0.0 0.3 0:54.49
707 0.0 0.3 0:54.49
707 0.0 0.3 0:54.49
707 0.0 0.3 0:54.49
707 5.6 0.3 0:54.50
707 0.0 0.3 0:54.50
707 0.0 0.3 0:54.50
707 0.0 0.3 0:54.50
707 0.0 0.3 0:54.50
707 0.0 0.3 0:54.50
707 0.0 0.3 0:54.50
707 0.0 0.3 0:54.50
707 0.0 0.3 0:54.51
707 0.0 0.3 0:54.52
707 0.0 0.3 0:54.53
707 0.0 0.3 0:54.55
707 0.0 0.3 0:54.55
707 0.0 0.3 0:54.55
707 0.0 0.3 0:54.56
707 0.0 0.3 0:54.56
707 0.0 0.3 0:54.56
KiB 1537076 avail Mem
707 0.0 0.3 0:54.56
707 0.0 0.3 0:54.56
707 0.0 0.3 0:54.56
707 0.0 0.3 0:54.56
707 0.0 0.3 0:54.56
707 5.6 0.3 0:54.57
707 0.0 0.3 0:54.57
707 0.0 0.3 0:54.57
707 0.0 0.3 0:54.59
707 0.0 0.3 0:54.59
707 5.6 0.3 0:54.60
707 0.0 0.3 0:54.60
707 0.0 0.3 0:54.61
707 0.0 0.3 0:54.62
707 16.7 0.3 0:54.65
707 0.0 0.3 0:54.65
707 0.0 0.3 0:54.65
707 0.0 0.3 0:54.65
707 0.0 0.3 0:54.65
707 0.0 0.3 0:54.65
707 0.0 0.3 0:54.65
707 0.0 0.3 0:54.65
707 0.0 0.3 0:54.65
707 0.0 0.3 0:54.65
707 5.6 0.3 0:54.67
707 0.0 0.3 0:54.67
707 0.0 0.3 0:54.67
707 0.0 0.3 0:54.68
707 0.0 0.3 0:54.68
707 0.0 0.3 0:54.68
707 0.0 0.3 0:54.68
707 0.0 0.3 0:54.69
707 0.0 0.3 0:54.69
707 0.0 0.3 0:54.71
707 0.0 0.3 0:54.71
707 0.0 0.3 0:54.71
707 0.0 0.3 0:54.71
707 0.0 0.3 0:54.71
707 0.0 0.3 0:54.71
707 0.0 0.3 0:54.71
707 0.0 0.3 0:54.71
707 0.0 0.3 0:54.71
707 0.0 0.3 0:54.71
707 0.0 0.3 0:54.73
707 0.0 0.3 0:54.73
707 0.0 0.3 0:54.73
707 0.0 0.3 0:54.73
707 0.0 0.3 0:54.73
707 0.0 0.3 0:54.73
707 0.0 0.3 0:54.73
707 5.6 0.3 0:54.74
707 0.0 0.3 0:54.74
707 0.0 0.3 0:54.74
707 0.0 0.3 0:54.74
707 0.0 0.3 0:54.74
707 0.0 0.3 0:54.74
707 5.6 0.3 0:54.75
707 0.0 0.3 0:54.75
707 0.0 0.3 0:54.75
707 10.5 0.3 0:54.77
707 0.0 0.3 0:54.77
707 0.0 0.3 0:54.77
707 0.0 0.3 0:54.77
707 0.0 0.3 0:54.79
707 0.0 0.3 0:54.79
707 0.0 0.3 0:54.79
707 0.0 0.3 0:54.79
707 0.0 0.3 0:54.79
707 0.0 0.3 0:54.79
707 0.0 0.3 0:54.79
707 0.0 0.3 0:54.79
707 0.0 0.3 0:54.79
707 0.0 0.3 0:54.79
707 0.0 0.3 0:54.79
707 0.0 0.3 0:54.79
707 0.0 0.3 0:54.80
707 0.0 0.3 0:54.81
707 0.0 0.3 0:54.81
707 0.0 0.3 0:54.83
707 0.0 0.3 0:54.83
707 0.0 0.3 0:54.83
707 0.0 0.3 0:54.83
707 0.0 0.3 0:54.83
707 0.0 0.3 0:54.83
707 0.0 0.3 0:54.83
707 0.0 0.3 0:54.84
707 0.0 0.3 0:54.85
707 0.0 0.3 0:54.85
707 0.0 0.3 0:54.85
707 0.0 0.3 0:54.85
707 0.0 0.3 0:54.85
707 0.0 0.3 0:54.85
707 0.0 0.3 0:54.85
707 0.0 0.3 0:54.86
707 0.0 0.3 0:54.86
707 0.0 0.3 0:54.87
707 0.0 0.3 0:54.87
707 0.0 0.3 0:54.88
707 0.0 0.3 0:54.88
707 0.0 0.3 0:54.88
707 0.0 0.3 0:54.89
707 0.0 0.3 0:54.89
707 0.0 0.3 0:54.90
707 0.0 0.3 0:54.90
707 0.0 0.3 0:54.91
707 0.0 0.3 0:54.91
KiB 1537076 avail Mem
707 0.0 0.3 0:54.91
707 0.0 0.3 0:54.91
707 0.0 0.3 0:54.92
707 0.0 0.3 0:54.92
707 0.0 0.3 0:54.92
707 0.0 0.3 0:54.92
707 0.0 0.3 0:54.92
707 0.0 0.3 0:54.93
27707 25.0 0.2 0:00.05
707 0.0 0.3 0:54.93
707 0.0 0.3 0:54.93
707 0.0 0.3 0:54.93
707 0.0 0.3 0:54.94
707 0.0 0.3 0:54.94
707 0.0 0.3 0:54.94
707 0.0 0.3 0:54.94
707 0.0 0.3 0:54.95
707 0.0 0.3 0:54.95
707 0.0 0.3 0:54.95
707 0.0 0.3 0:54.95
707 0.0 0.3 0:54.95
707 0.0 0.3 0:54.95
707 0.0 0.3 0:54.96
707 0.0 0.3 0:54.97
707 5.6 0.3 0:54.98
707 0.0 0.3 0:54.98
707 0.0 0.3 0:54.98
707 0.0 0.3 0:54.98
707 5.6 0.3 0:54.99
707 0.0 0.3 0:54.99
707 0.0 0.3 0:54.99
707 5.3 0.3 0:55.00
707 0.0 0.3 0:55.00
707 0.0 0.3 0:55.00
707 0.0 0.3 0:55.00
707 0.0 0.3 0:55.00
707 0.0 0.3 0:55.00
707 0.0 0.3 0:55.00
707 0.0 0.3 0:55.00
707 5.6 0.3 0:55.01
707 0.0 0.3 0:55.01
707 0.0 0.3 0:55.01
707 0.0 0.3 0:55.01
707 0.0 0.3 0:55.01
707 0.0 0.3 0:55.02
707 0.0 0.3 0:55.03
707 0.0 0.3 0:55.03
707 0.0 0.3 0:55.03
707 0.0 0.3 0:55.03
707 0.0 0.3 0:55.04
707 0.0 0.3 0:55.04
707 0.0 0.3 0:55.05
707 0.0 0.3 0:55.05
707 0.0 0.3 0:55.05
707 0.0 0.3 0:55.05
707 0.0 0.3 0:55.05
707 0.0 0.3 0:55.05
707 0.0 0.3 0:55.05
707 0.0 0.3 0:55.06
707 0.0 0.3 0:55.06
707 0.0 0.3 0:55.06
707 0.0 0.3 0:55.06
707 0.0 0.3 0:55.06
707 0.0 0.3 0:55.06
707 0.0 0.3 0:55.07
707 0.0 0.3 0:55.07
707 0.0 0.3 0:55.07
707 0.0 0.3 0:55.07
707 0.0 0.3 0:55.07
707 0.0 0.3 0:55.08
707 0.0 0.3 0:55.08
707 0.0 0.3 0:55.08
707 0.0 0.3 0:55.08
707 0.0 0.3 0:55.10
707 0.0 0.3 0:55.10
707 0.0 0.3 0:55.10
707 0.0 0.3 0:55.10
707 16.7 0.3 0:55.13
707 0.0 0.3 0:55.13
707 0.0 0.3 0:55.13
707 0.0 0.3 0:55.13
707 0.0 0.3 0:55.13
707 0.0 0.3 0:55.13
707 0.0 0.3 0:55.13
707 0.0 0.3 0:55.13
707 0.0 0.3 0:55.13
707 0.0 0.3 0:55.14
707 0.0 0.3 0:55.15
707 0.0 0.3 0:55.15
707 0.0 0.3 0:55.15
707 0.0 0.3 0:55.15
707 0.0 0.3 0:55.15
707 0.0 0.3 0:55.15
707 0.0 0.3 0:55.16
707 0.0 0.3 0:55.16
707 0.0 0.3 0:55.16
707 0.0 0.3 0:55.16
707 0.0 0.3 0:55.16
707 0.0 0.3 0:55.17
707 0.0 0.3 0:55.17
707 0.0 0.3 0:55.17
707 0.0 0.3 0:55.19
707 0.0 0.3 0:55.19
707 0.0 0.3 0:55.19
707 0.0 0.3 0:55.19
707 0.0 0.3 0:55.19
707 0.0 0.3 0:55.19
707 0.0 0.3 0:55.22
707 0.0 0.3 0:55.22
707 0.0 0.3 0:55.22
707 0.0 0.3 0:55.22
707 0.0 0.3 0:55.22
707 0.0 0.3 0:55.22
707 0.0 0.3 0:55.22
707 0.0 0.3 0:55.23
707 0.0 0.3 0:55.23
707 0.0 0.3 0:55.24
707 0.0 0.3 0:55.25
707 0.0 0.3 0:55.25
707 0.0 0.3 0:55.25
707 0.0 0.3 0:55.26
707 0.0 0.3 0:55.27
707 0.0 0.3 0:55.27
707 5.3 0.3 0:55.28
707 0.0 0.3 0:55.28
707 0.0 0.3 0:55.30
707 0.0 0.3 0:55.30
707 0.0 0.3 0:55.30
707 0.0 0.3 0:55.30
707 0.0 0.3 0:55.30
707 0.0 0.3 0:55.30
707 0.0 0.3 0:55.30
707 0.0 0.3 0:55.30
707 5.6 0.3 0:55.31
707 0.0 0.3 0:55.31
707 0.0 0.3 0:55.31
707 5.6 0.3 0:55.32
707 0.0 0.3 0:55.32
707 0.0 0.3 0:55.32
707 0.0 0.3 0:55.32
707 0.0 0.3 0:55.32
707 0.0 0.3 0:55.32
707 0.0 0.3 0:55.32
707 0.0 0.3 0:55.32
707 0.0 0.3 0:55.33
707 0.0 0.3 0:55.33
707 0.0 0.3 0:55.33
707 0.0 0.3 0:55.34
707 0.0 0.3 0:55.34
707 0.0 0.3 0:55.34
707 5.6 0.3 0:55.35
707 0.0 0.3 0:55.35
707 0.0 0.3 0:55.35
707 0.0 0.3 0:55.36
707 0.0 0.3 0:55.36
707 0.0 0.3 0:55.37
707 0.0 0.3 0:55.37
707 0.0 0.3 0:55.37
707 0.0 0.3 0:55.37
707 0.0 0.3 0:55.38
707 0.0 0.3 0:55.38
707 0.0 0.3 0:55.38
707 0.0 0.3 0:55.38
707 0.0 0.3 0:55.38
707 0.0 0.3 0:55.38
707 0.0 0.3 0:55.38
707 0.0 0.3 0:55.38
707 0.0 0.3 0:55.38
707 0.0 0.3 0:55.38
707 0.0 0.3 0:55.38
707 0.0 0.3 0:55.38
707 0.0 0.3 0:55.38
707 0.0 0.3 0:55.38
707 0.0 0.3 0:55.38
707 0.0 0.3 0:55.38
707 0.0 0.3 0:55.38
707 0.0 0.3 0:55.38
707 0.0 0.3 0:55.38
707 0.0 0.3 0:55.38
707 0.0 0.3 0:55.38
