707 23.8 0.3 0:47.63
707 0.0 0.3 0:47.64
707 0.0 0.3 0:47.64
707 0.0 0.3 0:47.64
707 0.0 0.3 0:47.64
707 0.0 0.3 0:47.64
707 0.0 0.3 0:47.64
707 0.0 0.3 0:47.64
707 0.0 0.3 0:47.64
707 0.0 0.3 0:47.64
707 0.0 0.3 0:47.64
707 0.0 0.3 0:47.64
707 0.0 0.3 0:47.64
707 0.0 0.3 0:47.64
707 0.0 0.3 0:47.64
707 0.0 0.3 0:47.64
707 0.0 0.3 0:47.64
707 0.0 0.3 0:47.65
707 5.3 0.3 0:47.66
707 0.0 0.3 0:47.71
707 0.0 0.3 0:47.71
707 0.0 0.3 0:47.71
707 0.0 0.3 0:47.71
707 0.0 0.3 0:47.71
707 0.0 0.3 0:47.71
707 0.0 0.3 0:47.71
707 0.0 0.3 0:47.71
707 0.0 0.3 0:47.71
707 0.0 0.3 0:47.71
707 0.0 0.3 0:47.71
707 0.0 0.3 0:47.71
707 0.0 0.3 0:47.71
707 5.6 0.3 0:47.73
707 0.0 0.3 0:47.73
707 5.6 0.3 0:47.74
707 0.0 0.3 0:47.74
707 0.0 0.3 0:47.74
707 0.0 0.3 0:47.81
707 0.0 0.3 0:47.82
707 0.0 0.3 0:47.82
707 0.0 0.3 0:47.82
707 0.0 0.3 0:47.82
707 0.0 0.3 0:47.82
707 0.0 0.3 0:47.82
707 0.0 0.3 0:47.82
707 0.0 0.3 0:47.82
707 0.0 0.3 0:47.82
707 0.0 0.3 0:47.82
707 0.0 0.3 0:47.82
707 0.0 0.3 0:47.82
707 0.0 0.3 0:47.82
707 0.0 0.3 0:47.82
707 0.0 0.3 0:47.82
707 0.0 0.3 0:47.83
707 5.3 0.3 0:47.84
707 0.0 0.3 0:47.92
707 0.0 0.3 0:47.92
707 0.0 0.3 0:47.92
707 0.0 0.3 0:47.92
707 0.0 0.3 0:47.92
707 0.0 0.3 0:47.92
707 0.0 0.3 0:47.92
707 0.0 0.3 0:47.92
707 0.0 0.3 0:47.92
707 0.0 0.3 0:47.92
707 0.0 0.3 0:47.92
707 0.0 0.3 0:47.92
707 0.0 0.3 0:47.92
25707 11.1 0.2 0:00.04
707 5.3 0.3 0:47.94
707 0.0 0.3 0:47.94
707 0.0 0.3 0:47.94
707 0.0 0.3 0:47.95
707 13.6 0.3 0:48.01
707 0.0 0.3 0:48.02
707 0.0 0.3 0:48.02
707 0.0 0.3 0:48.02
707 0.0 0.3 0:48.02
707 0.0 0.3 0:48.02
707 0.0 0.3 0:48.02
707 0.0 0.3 0:48.02
707 0.0 0.3 0:48.02
707 0.0 0.3 0:48.02
707 0.0 0.3 0:48.02
707 0.0 0.3 0:48.02
707 0.0 0.3 0:48.02
707 0.0 0.3 0:48.04
707 0.0 0.3 0:48.04
707 0.0 0.3 0:48.04
707 0.0 0.3 0:48.04
707 0.0 0.3 0:48.04
707 0.0 0.3 0:48.04
26707 16.7 0.2 0:00.03
707 0.0 0.3 0:48.07
707 0.0 0.3 0:48.07
707 0.0 0.3 0:48.07
707 0.0 0.3 0:48.07
707 0.0 0.3 0:48.07
707 0.0 0.3 0:48.07
707 0.0 0.3 0:48.07
707 0.0 0.3 0:48.07
27076 16.7 0.2 0:00.03
707 0.0 0.3 0:48.07
707 0.0 0.3 0:48.08
707 0.0 0.3 0:48.09
707 5.6 0.3 0:48.10
707 0.0 0.3 0:48.10
707 0.0 0.3 0:48.10
707 0.0 0.3 0:48.10
707 0.0 0.3 0:48.11
707 0.0 0.3 0:48.15
707 0.0 0.3 0:48.15
707 0.0 0.3 0:48.15
707 0.0 0.3 0:48.15
707 0.0 0.3 0:48.15
707 0.0 0.3 0:48.16
707 0.0 0.3 0:48.16
707 0.0 0.3 0:48.16
707 0.0 0.3 0:48.16
707 0.0 0.3 0:48.16
707 0.0 0.3 0:48.16
707 5.6 0.3 0:48.17
707 0.0 0.3 0:48.17
707 0.0 0.3 0:48.19
707 0.0 0.3 0:48.19
707 0.0 0.3 0:48.19
707 0.0 0.3 0:48.19
707 0.0 0.3 0:48.19
707 11.1 0.3 0:48.24
707 0.0 0.3 0:48.24
707 0.0 0.3 0:48.24
707 0.0 0.3 0:48.24
707 0.0 0.3 0:48.25
707 0.0 0.3 0:48.25
707 0.0 0.3 0:48.26
707 0.0 0.3 0:48.26
707 0.0 0.3 0:48.26
707 0.0 0.3 0:48.27
707 0.0 0.3 0:48.27
707 0.0 0.3 0:48.29
707 0.0 0.3 0:48.29
707 0.0 0.3 0:48.29
707 0.0 0.3 0:48.29
707 0.0 0.3 0:48.29
707 0.0 0.3 0:48.30
707 0.0 0.3 0:48.30
707 13.6 0.3 0:48.34
707 0.0 0.3 0:48.35
707 0.0 0.3 0:48.35
707 0.0 0.3 0:48.35
707 0.0 0.3 0:48.35
707 0.0 0.3 0:48.35
707 0.0 0.3 0:48.35
707 0.0 0.3 0:48.35
707 0.0 0.3 0:48.35
707 0.0 0.3 0:48.36
707 0.0 0.3 0:48.36
707 0.0 0.3 0:48.36
707 0.0 0.3 0:48.38
707 0.0 0.3 0:48.38
707 0.0 0.3 0:48.39
707 0.0 0.3 0:48.39
707 0.0 0.3 0:48.40
707 0.0 0.3 0:48.40
707 0.0 0.3 0:48.40
707 0.0 0.3 0:48.42
707 0.0 0.3 0:48.42
707 0.0 0.3 0:48.43
707 0.0 0.3 0:48.43
707 0.0 0.3 0:48.43
707 0.0 0.3 0:48.43
707 0.0 0.3 0:48.43
707 0.0 0.3 0:48.43
707 0.0 0.3 0:48.43
707 0.0 0.3 0:48.43
707 0.0 0.3 0:48.44
707 0.0 0.3 0:48.44
707 5.6 0.3 0:48.45
707 0.0 0.3 0:48.45
707 0.0 0.3 0:48.45
707 0.0 0.3 0:48.45
707 0.0 0.3 0:48.45
707 0.0 0.3 0:48.46
707 0.0 0.3 0:48.47
707 0.0 0.3 0:48.47
707 0.0 0.3 0:48.47
707 0.0 0.3 0:48.47
707 0.0 0.3 0:48.48
707 0.0 0.3 0:48.48
707 0.0 0.3 0:48.48
707 0.0 0.3 0:48.48
707 5.6 0.3 0:48.50
707 0.0 0.3 0:48.50
707 0.0 0.3 0:48.50
707 0.0 0.3 0:48.50
707 0.0 0.3 0:48.50
707 0.0 0.3 0:48.50
707 0.0 0.3 0:48.51
707 0.0 0.3 0:48.52
707 0.0 0.3 0:48.52
707 0.0 0.3 0:48.53
707 5.6 0.3 0:48.57
707 0.0 0.3 0:48.57
707 0.0 0.3 0:48.57
707 0.0 0.3 0:48.57
707 0.0 0.3 0:48.57
707 0.0 0.3 0:48.57
707 0.0 0.3 0:48.59
707 0.0 0.3 0:48.59
707 0.0 0.3 0:48.59
707 0.0 0.3 0:48.59
707 0.0 0.3 0:48.59
707 5.3 0.3 0:48.61
707 0.0 0.3 0:48.61
707 0.0 0.3 0:48.61
707 0.0 0.3 0:48.61
707 5.6 0.3 0:48.62
707 0.0 0.3 0:48.62
707 0.0 0.3 0:48.62
707 16.7 0.3 0:48.65
707 5.6 0.3 0:48.66
707 0.0 0.3 0:48.66
707 0.0 0.3 0:48.66
707 0.0 0.3 0:48.66
707 0.0 0.3 0:48.66
707 0.0 0.3 0:48.66
707 0.0 0.3 0:48.66
707 0.0 0.3 0:48.66
707 0.0 0.3 0:48.67
707 0.0 0.3 0:48.67
707 0.0 0.3 0:48.67
707 0.0 0.3 0:48.68
707 0.0 0.3 0:48.68
707 0.0 0.3 0:48.68
707 0.0 0.3 0:48.68
707 0.0 0.3 0:48.70
707 0.0 0.3 0:48.70
707 0.0 0.3 0:48.72
707 0.0 0.3 0:48.74
707 0.0 0.3 0:48.74
707 4.8 0.3 0:48.75
707 0.0 0.3 0:48.75
707 0.0 0.3 0:48.75
707 0.0 0.3 0:48.75
707 0.0 0.3 0:48.75
707 0.0 0.3 0:48.75
707 0.0 0.3 0:48.75
707 0.0 0.3 0:48.77
707 0.0 0.3 0:48.77
707 0.0 0.3 0:48.78
707 0.0 0.3 0:48.78
707 0.0 0.3 0:48.78
707 0.0 0.3 0:48.78
707 0.0 0.3 0:48.78
707 0.0 0.3 0:48.78
707 0.0 0.3 0:48.78
707 0.0 0.3 0:48.78
707 0.0 0.3 0:48.78
707 0.0 0.3 0:48.78
707 0.0 0.3 0:48.78
707 0.0 0.3 0:48.78
707 0.0 0.3 0:48.78
707 0.0 0.3 0:48.78
707 0.0 0.3 0:48.78
707 0.0 0.3 0:48.78
707 0.0 0.3 0:48.78
707 0.0 0.3 0:48.78
