3486 5.3 0.3 11:25.07
3486 5.3 0.3 11:25.13
3486 5.6 0.3 11:25.17
3486 20.0 0.4 11:25.35
3486 15.0 0.4 11:25.48
3486 33.3 0.4 11:25.70
3486 5.0 0.4 11:25.81
3486 16.7 0.4 11:25.90
3486 20.0 0.4 11:26.13
3486 30.0 0.4 11:26.30
3486 10.5 0.4 11:26.53
3486 15.0 0.4 11:26.82
3486 15.8 0.4 11:26.92
3486 25.0 0.4 11:27.18
3486 15.0 0.4 11:27.33
3486 15.0 0.4 11:27.55
3486 10.0 0.4 11:27.71
3486 15.8 0.4 11:27.84
3486 31.6 0.4 11:28.19
3486 21.1 0.4 11:28.73
3486 16.7 0.4 11:28.97
3486 15.0 0.4 11:29.14
3486 15.8 0.4 11:29.53
3486 10.5 0.4 11:29.84
3486 25.0 0.4 11:30.04
3486 55.0 0.4 11:30.38
3486 10.0 0.4 11:30.56
3486 21.1 0.4 11:30.72
3486 15.8 0.4 11:31.03
3486 11.1 0.4 11:31.22
3486 36.8 0.4 11:31.53
3486 42.1 0.4 11:31.80
3486 33.3 0.4 11:31.98
3486 14.3 0.4 11:32.27
3486 11.1 0.4 11:32.44
3486 23.8 0.4 11:32.78
3486 26.3 0.4 11:32.99
3486 27.8 0.4 11:33.27
3486 27.8 0.4 11:33.61
3486 31.6 0.4 11:34.06
3486 22.2 0.4 11:34.38
3486 15.8 0.4 11:34.57
3486 21.1 0.4 11:34.88
3486 16.7 0.4 11:35.15
3486 25.0 0.4 11:35.33
3486 57.9 0.4 11:35.70
3486 16.7 0.4 11:36.01
3486 31.6 0.4 11:36.22
3486 16.7 0.4 11:36.50
3486 15.0 0.4 11:36.67
3486 47.4 0.4 11:37.02
3486 15.0 0.4 11:37.21
3486 38.9 0.4 11:37.45
3486 15.0 0.4 11:37.75
3486 47.4 0.4 11:38.50
3486 30.0 0.4 11:38.88
3486 15.8 0.4 11:39.11
3486 36.4 0.4 11:39.43
3486 16.7 0.4 11:39.81
3486 25.0 0.4 11:40.00
3486 40.0 0.4 11:40.35
3486 47.4 0.4 11:40.74
3486 28.6 0.4 11:41.04
3486 20.0 0.4 11:41.30
3486 36.8 0.4 11:41.74
3486 65.0 0.4 11:42.14
3486 15.8 0.4 11:42.42
3486 21.1 0.4 11:42.66
3486 15.8 0.4 11:42.91
3486 20.0 0.4 11:43.20
3486 40.0 0.4 11:43.57
3486 10.0 0.4 11:43.75
3486 42.1 0.4 11:44.07
3486 15.0 0.4 11:44.33
3486 42.1 0.4 11:44.56
3486 20.0 0.4 11:44.88
3486 33.3 0.4 11:45.42
3486 31.6 0.4 11:45.68
3486 38.9 0.4 11:45.98
3486 31.6 0.4 11:46.55
3486 22.2 0.4 11:46.88
3486 20.0 0.4 11:47.10
3486 33.3 0.4 11:47.43
3486 10.0 0.4 11:47.66
3486 21.1 0.4 11:48.29
3486 33.3 0.4 11:48.59
3486 16.7 0.4 11:48.80
3486 36.8 0.4 11:49.07
3486 10.5 0.4 11:49.31
3486 44.4 0.4 11:49.63
3486 36.8 0.4 11:49.93
3486 16.7 0.4 11:50.18
3486 21.1 0.4 11:50.42
3486 45.0 0.4 11:50.77
3486 35.0 0.4 11:50.99
3486 26.3 0.4 11:51.27
3486 15.0 0.4 11:51.52
3486 30.0 0.4 11:51.78
3486 42.1 0.4 11:52.09
3486 21.1 0.4 11:52.47
3486 47.4 0.4 11:52.80
3486 10.5 0.4 11:53.03
3486 36.8 0.4 11:53.38
3486 15.8 0.4 11:53.68
3486 36.8 0.4 11:53.90
3486 31.6 0.4 11:54.22
3486 15.6 0.4 11:54.57
3486 22.9 0.4 11:54.97
3486 15.8 0.4 11:55.24
3486 35.0 0.4 11:55.54
3486 55.0 0.4 11:55.88
3486 15.8 0.4 11:56.09
3486 36.8 0.4 11:56.38
3486 15.8 0.4 11:56.62
3486 31.6 0.4 11:56.88
3486 36.8 0.4 11:57.18
3486 36.8 0.4 11:57.42
3486 36.8 0.4 11:57.76
3486 15.8 0.4 11:58.03
3486 40.0 0.4 11:58.36
3486 21.1 0.4 11:58.63
3486 25.0 0.4 11:59.27
3486 27.8 0.4 11:59.55
3486 26.3 0.4 11:59.80
3486 42.1 0.4 12:00.05
3486 31.6 0.4 12:00.34
3486 19.0 0.4 12:00.60
3486 35.0 0.4 12:00.96
3486 30.0 0.4 12:01.28
3486 21.1 0.4 12:01.56
3486 21.1 0.4 12:01.84
3486 40.0 0.4 12:02.10
3486 30.0 0.4 12:02.54
3486 52.6 0.4 12:02.87
3486 35.0 0.4 12:03.14
3486 42.1 0.4 12:03.47
3486 36.8 0.4 12:03.77
3486 31.6 0.4 12:04.14
3486 15.8 0.4 12:04.36
3486 22.2 0.4 12:04.56
3486 50.0 0.4 12:04.91
3486 31.6 0.4 12:05.32
3486 35.0 0.4 12:05.60
3486 22.2 0.4 12:05.87
3486 27.8 0.4 12:06.24
3486 20.0 0.4 12:06.55
3486 15.0 0.4 12:06.76
3486 28.6 0.4 12:07.02
3486 35.0 0.4 12:07.31
3486 25.0 0.4 12:07.56
3486 21.1 0.4 12:07.83
3486 30.0 0.4 12:08.18
3486 22.2 0.4 12:08.43
3486 47.4 0.4 12:08.74
3486 36.8 0.4 12:08.99
3486 26.3 0.4 12:09.28
3486 10.5 0.4 12:09.57
3486 26.1 0.4 12:09.87
3486 27.3 0.4 12:10.28
3486 21.1 0.4 12:10.59
3486 40.0 0.4 12:10.92
3486 21.1 0.4 12:11.21
3486 31.6 0.4 12:11.49
3486 16.7 0.4 12:11.77
3486 30.0 0.4 12:12.03
3486 28.6 0.4 12:12.35
3486 36.8 0.4 12:12.65
3486 23.8 0.4 12:12.92
3486 21.1 0.4 12:13.23
3486 36.8 0.4 12:13.46
3486 25.0 0.4 12:13.73
3486 20.0 0.4 12:13.95
3486 42.1 0.4 12:14.25
3486 47.4 0.4 12:14.54
3486 36.8 0.4 12:14.79
3486 38.9 0.4 12:15.07
3486 30.0 0.4 12:15.34
3486 20.0 0.4 12:15.60
3486 16.7 0.4 12:15.86
3486 21.1 0.4 12:16.08
3486 36.8 0.4 12:16.41
3486 21.1 0.4 12:16.66
3486 27.8 0.4 12:16.94
3486 36.8 0.4 12:17.26
3486 25.0 0.4 12:17.52
3486 27.8 0.4 12:17.79
3486 21.1 0.4 12:18.03
3486 21.1 0.4 12:18.27
3486 15.8 0.4 12:18.53
3486 20.0 0.4 12:18.75
3486 22.2 0.4 12:19.04
3486 42.1 0.4 12:19.31
3486 31.6 0.4 12:19.58
3486 36.8 0.4 12:19.89
3486 25.0 0.4 12:20.09
3486 45.0 0.4 12:20.41
3486 10.0 0.4 12:20.64
3486 35.0 0.4 12:21.11
3486 22.2 0.4 12:21.38
3486 15.8 0.4 12:21.61
3486 31.6 0.4 12:21.95
3486 33.3 0.4 12:22.20
3486 19.0 0.4 12:22.54
3486 57.1 0.4 12:22.93
3486 21.1 0.4 12:23.13
3486 35.0 0.4 12:23.42
3486 16.7 0.4 12:23.71
3486 20.0 0.4 12:23.95
3486 22.7 0.4 12:24.28
3486 27.8 0.4 12:24.53
3486 31.6 0.4 12:24.90
3486 21.1 0.4 12:25.33
3486 35.0 0.4 12:25.59
3486 20.0 0.4 12:25.86
3486 26.3 0.4 12:26.11
3486 31.6 0.4 12:26.41
3486 31.6 0.4 12:26.70
3486 28.6 0.4 12:26.96
3486 20.0 0.4 12:27.21
3486 42.1 0.4 12:27.48
3486 30.0 0.4 12:27.80
3486 15.8 0.4 12:28.04
3486 44.4 0.4 12:28.31
3486 15.0 0.4 12:28.58
3486 47.4 0.4 12:29.09
3486 42.1 0.4 12:29.37
3486 36.8 0.4 12:29.67
3486 22.2 0.4 12:29.92
3486 21.1 0.4 12:30.17
3486 21.1 0.4 12:30.40
3486 35.0 0.4 12:30.72
3486 33.3 0.4 12:30.96
3486 26.3 0.4 12:31.19
3486 21.1 0.4 12:31.46
3486 25.0 0.4 12:31.68
3486 25.0 0.4 12:32.06
3486 26.3 0.4 12:32.32
3486 15.0 0.4 12:32.56
3486 36.8 0.4 12:32.85
3486 21.1 0.4 12:33.16
3486 42.1 0.4 12:33.44
3486 31.6 0.4 12:33.70
3486 26.3 0.4 12:34.00
3486 31.6 0.4 12:34.28
3486 16.7 0.4 12:34.50
3486 35.0 0.4 12:34.79
3486 15.8 0.4 12:35.13
3486 16.7 0.4 12:35.33
3486 21.1 0.4 12:35.60
3486 11.1 0.4 12:35.78
3486 0.0 0.4 12:35.83
