3486 5.6 0.2 0:00.09
3486 0.0 0.2 0:00.15
3486 5.6 0.2 0:00.21
3486 31.6 0.2 0:00.29
3486 21.1 0.3 0:00.50
3486 5.3 0.3 0:00.61
3486 11.1 0.3 0:00.94
3486 15.0 0.3 0:01.09
3486 5.3 0.3 0:01.26
3486 57.9 0.3 0:01.50
3486 5.6 0.3 0:01.59
3486 11.1 0.3 0:01.83
3486 31.8 0.3 0:02.15
3486 9.1 0.3 0:02.38
3486 30.0 0.3 0:02.65
3486 68.2 0.3 0:03.03
3486 13.0 0.3 0:03.22
3486 11.1 0.3 0:03.37
3486 35.0 0.3 0:03.64
3486 15.8 0.4 0:03.92
3486 10.0 0.4 0:04.07
3486 15.8 0.4 0:04.23
3486 30.0 0.4 0:04.55
3486 26.3 0.4 0:04.78
3486 22.2 0.4 0:04.94
3486 38.9 0.4 0:05.45
3486 42.1 0.4 0:05.76
3486 15.8 0.4 0:06.00
3486 15.8 0.4 0:06.35
3486 15.8 0.4 0:06.53
3486 50.0 0.4 0:06.91
3486 36.8 0.4 0:07.14
3486 11.1 0.4 0:07.28
3486 26.3 0.4 0:07.53
3486 47.4 0.4 0:07.82
3486 16.7 0.4 0:08.01
3486 5.3 0.4 0:08.14
3486 42.1 0.4 0:08.50
3486 26.3 0.4 0:08.78
3486 15.8 0.4 0:09.33
3486 36.8 0.4 0:09.52
3486 28.6 0.4 0:09.86
3486 11.1 0.4 0:10.02
3486 10.5 0.4 0:10.26
3486 33.3 0.4 0:10.51
3486 15.8 0.4 0:10.77
3486 15.0 0.4 0:10.96
3486 10.5 0.4 0:11.13
3486 36.8 0.4 0:11.43
3486 15.8 0.4 0:11.67
3486 15.0 0.4 0:11.85
3486 16.7 0.4 0:12.00
3486 30.0 0.4 0:12.34
3486 23.5 0.4 0:12.58
3486 10.5 0.4 0:12.76
3486 38.9 0.4 0:12.99
3486 25.0 0.4 0:13.29
3486 45.0 0.4 0:13.62
3486 10.5 0.4 0:14.13
3486 42.1 0.4 0:14.39
3486 47.4 0.4 0:14.71
3486 16.7 0.4 0:15.37
3486 15.8 0.4 0:15.55
3486 25.0 0.4 0:15.89
3486 18.2 0.4 0:16.19
3486 25.0 0.4 0:16.46
3486 30.0 0.4 0:16.70
3486 21.1 0.4 0:17.02
3486 26.3 0.4 0:17.28
3486 10.0 0.4 0:17.67
3486 27.8 0.4 0:17.93
3486 20.0 0.4 0:18.20
3486 50.0 0.4 0:18.44
3486 10.5 0.4 0:18.87
3486 55.6 0.4 0:19.23
3486 25.0 0.4 0:19.52
3486 15.8 0.4 0:19.69
3486 38.9 0.4 0:19.88
3486 36.8 0.4 0:20.19
3486 38.9 0.4 0:20.45
3486 50.0 0.4 0:20.97
3486 33.3 0.4 0:21.24
3486 27.8 0.4 0:21.55
3486 21.1 0.4 0:21.77
3486 10.5 0.4 0:22.09
3486 35.0 0.4 0:22.36
3486 36.8 0.4 0:22.65
3486 47.4 0.4 0:23.08
3486 16.7 0.4 0:23.33
3486 15.8 0.4 0:23.62
3486 33.3 0.4 0:23.93
3486 57.9 0.4 0:24.19
3486 20.0 0.4 0:24.40
3486 44.4 0.4 0:24.73
3486 68.4 0.4 0:25.22
3486 10.0 0.4 0:25.45
3486 31.6 0.4 0:25.65
3486 42.1 0.4 0:25.96
3486 15.8 0.4 0:26.22
3486 35.0 0.4 0:26.48
3486 30.0 0.4 0:26.72
3486 61.1 0.4 0:27.08
3486 16.7 0.4 0:27.36
3486 17.6 0.4 0:27.57
3486 26.3 0.4 0:27.85
3486 15.8 0.4 0:28.14
3486 42.1 0.4 0:28.58
3486 15.0 0.4 0:29.07
3486 26.3 0.4 0:29.37
3486 15.8 0.4 0:29.68
3486 15.0 0.4 0:29.89
3486 35.0 0.4 0:30.07
3486 36.8 0.4 0:30.38
3486 23.8 0.4 0:30.69
3486 12.0 0.4 0:31.07
3486 26.3 0.4 0:31.44
3486 66.7 0.4 0:31.81
3486 44.4 0.4 0:32.33
3486 36.8 0.4 0:32.58
3486 33.3 0.4 0:32.86
3486 36.8 0.4 0:33.17
3486 21.1 0.4 0:33.85
3486 38.1 0.4 0:34.09
3486 44.4 0.4 0:34.43
3486 33.3 0.4 0:34.69
3486 33.3 0.4 0:35.36
3486 47.4 0.4 0:35.65
3486 22.2 0.4 0:35.91
3486 44.4 0.4 0:36.20
3486 16.7 0.4 0:36.40
3486 20.0 0.4 0:36.71
3486 15.8 0.4 0:36.99
3486 25.0 0.4 0:37.20
3486 22.2 0.4 0:37.37
3486 31.6 0.4 0:37.69
3486 15.8 0.4 0:37.94
3486 84.2 0.4 0:38.29
3486 33.3 0.4 0:38.82
3486 44.4 0.4 0:39.14
3486 15.8 0.4 0:39.39
3486 16.7 0.4 0:39.57
3486 30.0 0.4 0:39.83
3486 26.3 0.4 0:40.11
3486 11.1 0.4 0:40.34
3486 10.5 0.4 0:40.50
3486 47.4 0.4 0:40.82
3486 31.6 0.4 0:41.12
3486 15.8 0.4 0:41.62
3486 10.5 0.4 0:41.76
3486 44.4 0.4 0:42.11
3486 22.2 0.4 0:42.37
3486 15.0 0.4 0:42.55
3486 31.6 0.4 0:42.83
3486 38.9 0.4 0:43.15
3486 15.8 0.4 0:43.38
3486 11.1 0.4 0:43.69
3486 25.0 0.4 0:43.94
3486 42.1 0.4 0:44.28
3486 15.8 0.4 0:44.50
3486 11.1 0.4 0:45.16
3486 31.6 0.4 0:45.57
3486 25.0 0.4 0:45.86
3486 52.6 0.4 0:46.20
3486 16.7 0.4 0:46.70
3486 26.3 0.4 0:47.02
3486 66.7 0.4 0:47.41
3486 30.0 0.4 0:47.76
3486 25.0 0.4 0:48.32
3486 36.8 0.4 0:48.66
3486 47.4 0.4 0:48.92
3486 15.8 0.4 0:49.37
3486 36.8 0.4 0:49.61
3486 44.4 0.4 0:49.96
3486 15.8 0.4 0:50.22
3486 10.5 0.4 0:50.73
3486 42.1 0.4 0:51.03
3486 21.1 0.4 0:51.33
3486 21.1 0.4 0:51.53
3486 15.0 0.4 0:51.72
3486 26.3 0.4 0:52.00
3486 23.8 0.4 0:52.31
3486 15.8 0.4 0:53.10
3486 42.1 0.4 0:53.31
3486 42.1 0.4 0:53.62
3486 21.1 0.4 0:53.85
3486 22.2 0.4 0:54.06
3486 31.6 0.4 0:54.54
3486 36.8 0.4 0:54.86
3486 50.0 0.4 0:55.14
3486 22.2 0.4 0:55.79
3486 36.8 0.4 0:56.06
3486 47.4 0.4 0:56.39
3486 22.2 0.4 0:56.70
3486 44.4 0.4 0:56.91
3486 31.6 0.4 0:57.22
3486 50.0 0.4 0:57.56
3486 55.6 0.4 0:57.84
3486 36.8 0.4 0:58.06
3486 31.6 0.4 0:58.37
3486 15.8 0.4 0:58.62
3486 15.8 0.4 0:58.91
3486 36.8 0.4 0:59.13
3486 36.8 0.4 0:59.44
3486 21.1 0.4 0:59.66
3486 38.9 0.4 0:59.90
3486 27.8 0.4 1:00.29
3486 38.9 0.4 1:00.64
3486 31.6 0.4 1:00.98
3486 33.3 0.4 1:01.50
3486 36.8 0.4 1:01.81
3486 42.1 0.4 1:02.13
3486 10.5 0.4 1:02.31
3486 31.6 0.4 1:02.67
3486 31.6 0.4 1:02.96
3486 57.9 0.4 1:03.32
3486 19.0 0.4 1:03.68
3486 26.3 0.4 1:03.99
3486 27.8 0.4 1:04.37
3486 15.8 0.4 1:04.68
3486 10.5 0.4 1:05.16
3486 30.0 0.4 1:05.42
3486 33.3 0.4 1:05.76
3486 15.0 0.4 1:05.95
3486 27.8 0.4 1:06.15
3486 26.3 0.4 1:06.44
3486 21.1 0.4 1:06.74
3486 15.0 0.4 1:06.95
3486 35.0 0.4 1:07.16
3486 27.8 0.4 1:07.48
3486 10.5 0.4 1:07.71
3486 21.1 0.4 1:07.97
3486 47.4 0.4 1:08.21
3486 31.6 0.4 1:08.52
3486 27.8 0.4 1:08.77
3486 11.1 0.4 1:08.94
3486 30.0 0.4 1:09.21
3486 20.0 0.4 1:09.52
3486 33.3 0.4 1:09.79
3486 10.5 0.4 1:10.16
3486 31.6 0.4 1:10.46
3486 47.4 0.4 1:10.80
3486 15.0 0.4 1:11.11
3486 25.0 0.4 1:11.33
3486 21.1 0.4 1:11.61
3486 15.8 0.4 1:11.91
3486 11.1 0.4 1:12.10
3486 21.1 0.4 1:12.31
3486 19.0 0.4 1:12.62
3486 16.7 0.4 1:12.86
3486 16.7 0.4 1:13.06
3486 28.6 0.4 1:13.32
3486 31.6 0.4 1:13.65
3486 10.0 0.4 1:13.86
3486 10.5 0.4 1:14.02
3486 26.3 0.4 1:14.31
3486 19.0 0.4 1:14.61
3486 20.0 0.4 1:14.83
3486 36.8 0.4 1:15.06
3486 47.4 0.4 1:15.40
3486 44.4 0.4 1:15.70
3486 60.0 0.4 1:16.06
3486 36.8 0.4 1:16.40
3486 40.0 0.4 1:16.72
3486 16.7 0.4 1:16.97
3486 15.0 0.4 1:17.15
3486 36.8 0.4 1:17.39
3486 22.7 0.4 1:17.78
3486 15.0 0.4 1:18.17
3486 30.0 0.4 1:18.77
3486 36.8 0.4 1:19.10
3486 42.1 0.4 1:19.44
3486 10.5 0.4 1:19.70
3486 42.1 0.4 1:20.03
3486 36.8 0.4 1:20.33
3486 31.6 0.4 1:20.60
3486 42.1 0.4 1:20.87
3486 47.6 0.4 1:21.20
3486 15.8 0.4 1:21.49
3486 38.9 0.4 1:21.74
3486 33.3 0.4 1:22.13
3486 42.1 0.4 1:22.45
3486 15.8 0.4 1:22.86
3486 52.6 0.4 1:23.29
3486 33.3 0.4 1:23.60
3486 42.1 0.4 1:23.91
3486 15.8 0.4 1:24.15
3486 21.1 0.4 1:24.36
3486 22.2 0.4 1:24.56
3486 42.1 0.4 1:24.89
3486 33.3 0.4 1:25.16
3486 21.1 0.4 1:25.50
3486 47.4 0.4 1:25.80
3486 47.4 0.4 1:26.18
3486 10.0 0.4 1:26.35
3486 38.9 0.4 1:26.55
3486 33.3 0.4 1:26.85
3486 36.8 0.4 1:27.15
3486 21.1 0.4 1:27.58
3486 42.1 0.4 1:27.80
3486 33.3 0.4 1:28.11
3486 15.8 0.4 1:28.35
3486 55.6 0.4 1:29.07
3486 35.0 0.4 1:29.58
3486 22.2 0.4 1:29.87
3486 47.4 0.4 1:30.20
3486 33.3 0.4 1:30.72
3486 33.3 0.4 1:30.97
3486 20.0 0.4 1:31.26
3486 15.8 0.4 1:31.47
3486 10.5 0.4 1:31.62
3486 38.9 0.4 1:31.94
3486 16.7 0.4 1:32.21
3486 57.9 0.4 1:32.63
3486 15.8 0.4 1:33.02
3486 38.9 0.4 1:33.33
3486 52.6 0.4 1:33.67
3486 27.3 0.4 1:34.03
3486 27.3 0.4 1:34.52
3486 31.6 0.4 1:34.86
3486 27.8 0.4 1:35.34
3486 15.8 0.4 1:35.83
3486 25.0 0.4 1:36.13
3486 31.6 0.4 1:36.44
3486 10.5 0.4 1:36.65
3486 16.7 0.4 1:36.82
3486 33.3 0.4 1:37.16
3486 19.0 0.4 1:37.47
3486 15.8 0.4 1:37.67
3486 21.1 0.4 1:38.02
3486 36.8 0.4 1:38.35
3486 21.1 0.4 1:38.62
3486 22.2 0.4 1:38.84
3486 30.0 0.4 1:39.20
3486 31.6 0.4 1:39.51
3486 15.8 0.4 1:39.72
3486 11.1 0.4 1:39.92
3486 26.3 0.4 1:40.21
3486 15.8 0.4 1:40.55
3486 21.1 0.4 1:40.87
3486 40.0 0.4 1:41.08
3486 36.8 0.4 1:41.39
3486 68.4 0.4 1:41.79
3486 5.3 0.4 1:42.32
3486 38.9 0.4 1:42.54
3486 26.3 0.4 1:42.83
3486 15.8 0.4 1:43.07
3486 72.2 0.4 1:43.36
3486 36.8 0.4 1:43.60
3486 45.0 0.4 1:43.95
3486 15.0 0.4 1:44.18
3486 27.8 0.4 1:44.37
3486 27.8 0.4 1:44.65
3486 35.0 0.4 1:44.98
3486 20.0 0.4 1:45.22
3486 15.8 0.4 1:45.40
3486 26.3 0.4 1:45.67
3486 15.8 0.4 1:45.97
3486 26.3 0.4 1:46.19
3486 27.8 0.4 1:46.42
3486 25.0 0.4 1:46.73
3486 16.7 0.4 1:47.00
3486 36.8 0.4 1:47.22
3486 31.8 0.4 1:47.69
3486 30.0 0.4 1:47.97
3486 11.1 0.4 1:48.23
3486 22.2 0.4 1:48.54
3486 36.8 0.4 1:48.83
3486 38.1 0.4 1:49.19
3486 17.4 0.4 1:49.44
3486 21.1 0.4 1:49.66
3486 23.8 0.4 1:49.97
3486 26.3 0.4 1:50.26
3486 16.7 0.4 1:50.73
3486 26.3 0.4 1:50.91
