3486 4.8 0.3 16:43.90
3486 22.2 0.3 16:44.01
3486 10.0 0.3 16:44.18
3486 5.3 0.3 16:44.50
3486 15.8 0.3 16:44.69
3486 0.0 0.3 16:44.95
3486 15.8 0.3 16:45.12
3486 10.5 0.3 16:45.25
3486 5.3 0.3 16:45.43
3486 21.1 0.3 16:45.59
3486 11.1 0.3 16:45.78
3486 12.5 0.3 16:45.98
3486 20.0 0.3 16:46.22
3486 15.8 0.4 16:46.65
3486 15.8 0.4 16:47.22
3486 10.0 0.4 16:47.43
3486 5.6 0.4 16:47.61
3486 52.6 0.4 16:47.93
3486 15.8 0.4 16:48.13
3486 15.8 0.4 16:48.36
3486 31.6 0.4 16:48.53
3486 35.0 0.4 16:49.07
3486 36.8 0.4 16:49.27
3486 45.0 0.4 16:49.52
3486 47.4 0.4 16:49.97
3486 22.2 0.4 16:50.32
3486 47.4 0.4 16:50.62
3486 21.1 0.4 16:51.45
3486 22.2 0.4 16:51.79
3486 25.0 0.4 16:52.10
3486 16.7 0.4 16:52.41
3486 21.1 0.4 16:52.64
3486 26.1 0.4 16:52.97
3486 26.3 0.4 16:53.14
3486 15.8 0.4 16:53.43
3486 21.1 0.4 16:53.62
3486 22.2 0.4 16:53.92
3486 30.0 0.4 16:54.34
3486 16.7 0.4 16:54.56
3486 38.1 0.4 16:54.81
3486 11.1 0.4 16:55.02
3486 33.3 0.4 16:55.30
3486 66.7 0.4 16:56.10
3486 26.3 0.4 16:56.39
3486 42.1 0.4 16:56.94
3486 42.1 0.4 16:57.31
3486 65.0 0.4 16:57.90
3486 16.7 0.4 16:58.26
3486 31.6 0.4 16:58.64
3486 20.0 0.4 16:58.93
3486 33.3 0.4 16:59.17
3486 11.1 0.4 16:59.43
3486 31.6 0.4 16:59.66
3486 16.7 0.4 16:59.90
3486 31.6 0.4 17:00.16
3486 31.6 0.4 17:00.43
3486 40.0 0.4 17:00.71
3486 9.5 0.4 17:00.90
3486 31.6 0.4 17:01.18
3486 15.0 0.4 17:01.40
3486 38.9 0.4 17:01.70
3486 23.8 0.4 17:01.92
3486 42.9 0.4 17:02.29
3486 31.6 0.4 17:02.70
3486 47.4 0.4 17:03.07
3486 30.0 0.4 17:03.46
3486 16.7 0.4 17:03.71
3486 20.0 0.4 17:03.97
3486 35.0 0.4 17:04.29
3486 31.6 0.4 17:04.61
3486 10.5 0.4 17:04.83
3486 33.3 0.4 17:05.11
3486 15.8 0.4 17:05.34
3486 31.6 0.4 17:05.60
3486 15.8 0.4 17:05.80
3486 22.2 0.4 17:06.06
3486 36.8 0.4 17:06.36
3486 21.1 0.4 17:06.62
3486 25.0 0.4 17:06.84
3486 47.4 0.4 17:07.16
3486 21.1 0.4 17:07.42
3486 47.4 0.4 17:07.75
3486 42.1 0.4 17:08.04
3486 22.2 0.4 17:08.29
3486 31.6 0.4 17:08.54
3486 16.7 0.4 17:08.78
3486 26.3 0.4 17:09.11
3486 27.8 0.4 17:09.41
3486 26.3 0.4 17:09.71
3486 20.0 0.4 17:09.95
3486 26.3 0.4 17:10.23
3486 15.8 0.4 17:10.56
3486 55.6 0.4 17:10.87
3486 15.0 0.4 17:11.25
3486 35.0 0.4 17:11.57
3486 26.3 0.4 17:11.79
3486 31.6 0.4 17:12.08
3486 26.3 0.4 17:12.36
3486 65.0 0.4 17:12.71
3486 27.8 0.4 17:13.10
3486 22.2 0.4 17:13.40
3486 31.6 0.4 17:13.64
3486 44.4 0.4 17:13.96
3486 36.8 0.4 17:14.26
3486 21.1 0.4 17:14.51
3486 30.0 0.4 17:14.99
3486 15.8 0.4 17:15.20
3486 35.0 0.4 17:15.48
3486 50.0 0.4 17:15.99
3486 19.0 0.4 17:16.24
3486 26.3 0.4 17:16.47
3486 33.3 0.4 17:16.76
3486 36.4 0.4 17:17.17
3486 42.9 0.4 17:17.49
3486 33.3 0.4 17:17.88
3486 21.1 0.4 17:18.19
3486 23.8 0.4 17:18.49
3486 55.6 0.4 17:18.80
3486 36.8 0.4 17:19.09
23486 0.0 0.0 0:00.01
3486 42.1 0.4 17:19.68
3486 36.8 0.4 17:19.93
3486 25.0 0.4 17:20.20
3486 21.1 0.4 17:20.55
3486 60.0 0.4 17:20.88
3486 33.3 0.4 17:21.17
3486 25.0 0.4 17:21.45
3486 21.1 0.4 17:21.66
3486 15.8 0.4 17:21.95
3486 42.1 0.4 17:22.22
3486 16.7 0.4 17:22.53
3486 21.1 0.4 17:22.83
3486 21.1 0.4 17:23.12
3486 36.8 0.4 17:23.46
3486 15.0 0.4 17:23.75
3486 42.1 0.4 17:24.06
3486 15.8 0.4 17:24.31
3486 26.3 0.4 17:24.56
3486 15.8 0.4 17:24.79
3486 52.6 0.4 17:25.25
3486 27.8 0.4 17:25.49
3486 27.8 0.4 17:25.76
3486 30.0 0.4 17:26.03
3486 45.0 0.4 17:26.32
3486 38.9 0.4 17:26.61
3486 31.6 0.4 17:26.90
3486 36.8 0.4 17:27.28
3486 15.8 0.4 17:27.52
3486 36.8 0.4 17:27.79
3486 31.6 0.4 17:28.08
3486 19.0 0.4 17:28.33
3486 20.0 0.4 17:28.59
3486 42.1 0.4 17:28.97
3486 38.9 0.4 17:29.24
3486 30.0 0.4 17:29.50
3486 15.8 0.4 17:29.76
3486 27.8 0.4 17:30.09
3486 15.8 0.4 17:30.31
3486 35.0 0.4 17:30.61
3486 30.0 0.4 17:30.95
3486 27.8 0.4 17:31.22
3486 26.3 0.4 17:31.47
3486 22.2 0.4 17:31.73
3486 30.4 0.4 17:32.01
3486 26.1 0.4 17:32.34
3486 36.4 0.4 17:32.79
3486 44.4 0.4 17:33.14
3486 19.0 0.4 17:33.41
3486 26.3 0.4 17:33.71
3486 55.6 0.4 17:34.06
3486 26.3 0.4 17:34.33
3486 27.8 0.4 17:34.59
3486 19.0 0.4 17:34.83
3486 36.8 0.4 17:35.11
3486 31.6 0.4 17:35.45
3486 16.7 0.4 17:35.71
3486 33.3 0.4 17:36.17
3486 26.3 0.4 17:36.43
3486 20.0 0.4 17:36.69
3486 33.3 0.4 17:36.95
3486 26.3 0.4 17:37.26
3486 35.0 0.4 17:37.54
3486 40.0 0.4 17:37.83
3486 21.1 0.4 17:38.10
3486 42.1 0.4 17:38.37
3486 25.0 0.4 17:38.64
3486 42.1 0.4 17:39.01
3486 10.5 0.4 17:39.14
