3486 5.0 0.2 20:54.15
3486 26.3 0.2 20:54.25
3486 5.3 0.2 20:54.36
3486 15.8 0.2 20:54.52
3486 27.8 0.2 20:54.67
3486 5.3 0.2 20:54.82
3486 21.1 0.3 20:55.05
3486 36.8 0.3 20:55.35
3486 15.8 0.3 20:55.52
3486 40.0 0.3 20:55.95
3486 31.6 0.3 20:56.39
3486 10.5 0.3 20:56.58
3486 20.0 0.3 20:56.90
3486 31.6 0.3 20:57.24
3486 15.8 0.4 20:57.45
3486 66.7 0.3 20:57.81
3486 26.3 0.3 20:58.36
3486 63.0 0.4 20:58.77
3486 20.0 0.4 20:59.08
3486 35.0 0.4 20:59.30
3486 21.1 0.4 20:59.55
3486 22.7 0.4 20:59.90
3486 33.3 0.4 21:00.12
3486 38.9 0.4 21:00.39
3486 40.0 0.4 21:00.71
3486 30.0 0.4 21:01.19
3486 23.3 0.3 21:01.53
3486 31.0 0.3 21:01.94
3486 19.2 0.3 21:02.38
3486 19.0 0.3 21:02.57
3486 33.3 0.3 21:02.88
3486 20.0 0.3 21:03.15
3486 31.6 0.3 21:03.41
3486 15.0 0.3 21:03.65
3486 33.3 0.3 21:04.10
3486 30.0 0.3 21:04.59
3486 21.1 0.3 21:04.83
3486 25.0 0.3 21:05.09
3486 22.2 0.3 21:05.29
3486 40.0 0.3 21:05.60
3486 35.0 0.3 21:05.88
3486 25.0 0.3 21:06.13
3486 57.9 0.3 21:06.45
3486 21.1 0.3 21:06.72
3486 31.6 0.3 21:07.00
3486 15.0 0.3 21:07.29
3486 25.0 0.3 21:07.53
3486 30.0 0.3 21:07.83
3486 15.8 0.3 21:08.06
3486 30.0 0.3 21:08.47
3486 25.0 0.3 21:08.71
3486 36.8 0.3 21:09.03
3486 20.0 0.3 21:09.30
3486 15.8 0.3 21:09.53
3486 26.3 0.3 21:09.80
3486 42.1 0.3 21:10.09
3486 47.4 0.3 21:10.37
3486 26.3 0.3 21:10.63
3486 22.2 0.3 21:10.91
3486 15.8 0.3 21:11.14
3486 42.9 0.3 21:11.44
3486 33.3 0.3 21:11.76
3486 14.3 0.3 21:12.00
3486 21.1 0.3 21:12.31
3486 25.0 0.3 21:12.62
3486 35.0 0.3 21:12.91
3486 21.1 0.3 21:13.15
3486 30.0 0.3 21:13.40
3486 26.3 0.3 21:13.67
3486 38.9 0.3 21:13.94
3486 21.1 0.3 21:14.22
3486 25.0 0.3 21:14.52
3486 21.1 0.3 21:14.79
3486 30.0 0.3 21:15.05
3486 16.7 0.3 21:15.29
3486 26.3 0.3 21:15.59
3486 21.1 0.3 21:15.83
3486 22.7 0.3 21:16.12
3486 42.1 0.3 21:16.51
3486 21.1 0.3 21:16.79
3486 19.0 0.3 21:17.08
3486 50.0 0.3 21:17.39
3486 21.1 0.3 21:17.72
3486 35.0 0.3 21:17.99
3486 35.0 0.3 21:18.30
3486 55.6 0.3 21:18.59
3486 21.1 0.3 21:18.81
3486 27.8 0.3 21:19.18
3486 15.0 0.3 21:19.40
3486 15.0 0.3 21:19.67
3486 21.1 0.3 21:19.93
3486 31.6 0.3 21:20.19
3486 42.1 0.3 21:20.48
3486 26.3 0.3 21:20.75
3486 45.0 0.3 21:21.04
3486 50.0 0.3 21:21.34
3486 38.9 0.3 21:21.63
3486 20.0 0.3 21:21.90
3486 21.1 0.3 21:22.19
3486 15.8 0.3 21:22.41
3486 31.6 0.3 21:22.68
3486 21.1 0.3 21:22.95
3486 61.1 0.3 21:23.28
3486 28.6 0.3 21:23.52
3486 42.1 0.3 21:23.83
3486 21.1 0.3 21:24.16
3486 36.8 0.3 21:24.45
3486 47.4 0.3 21:24.73
3486 25.0 0.3 21:24.98
3486 21.1 0.3 21:25.24
3486 52.6 0.3 21:25.59
3486 30.0 0.3 21:25.84
3486 50.0 0.3 21:26.17
3486 30.0 0.3 21:26.42
3486 31.6 0.3 21:26.75
3486 27.8 0.3 21:27.04
3486 36.8 0.3 21:27.33
3486 33.3 0.3 21:27.59
3486 27.8 0.3 21:27.91
3486 36.8 0.3 21:28.20
3486 21.1 0.3 21:28.48
3486 21.1 0.3 21:28.72
3486 42.1 0.3 21:29.02
3486 35.0 0.3 21:29.29
3486 16.7 0.3 21:29.68
3486 26.3 0.3 21:29.94
3486 31.6 0.3 21:30.20
3486 21.1 0.3 21:30.44
3486 25.0 0.3 21:30.80
3486 19.0 0.3 21:31.06
3486 47.4 0.3 21:31.43
3486 22.2 0.3 21:31.73
3486 31.6 0.3 21:32.01
3486 21.1 0.3 21:32.29
3486 40.0 0.3 21:32.56
3486 31.6 0.3 21:32.86
3486 25.0 0.3 21:33.15
3486 40.0 0.3 21:33.60
3486 21.1 0.3 21:33.84
3486 27.8 0.3 21:34.11
3486 36.8 0.3 21:34.39
3486 26.3 0.3 21:34.67
3486 20.0 0.3 21:34.92
3486 21.1 0.3 21:35.21
3486 31.6 0.3 21:35.55
3486 30.0 0.3 21:35.80
3486 21.1 0.3 21:36.04
3486 44.4 0.3 21:36.33
3486 63.2 0.3 21:36.70
3486 11.1 0.3 21:36.89
