3488 0.0 0.2 0:19.54
3488 0.0 0.2 0:19.57
3488 0.0 0.2 0:19.57
3488 0.0 0.2 0:19.57
3488 0.0 0.2 0:19.58
3488 0.0 0.2 0:19.58
3488 0.0 0.2 0:19.58
3488 0.0 0.2 0:19.58
3488 0.0 0.2 0:19.58
3488 0.0 0.2 0:19.58
3488 0.0 0.2 0:19.58
3488 0.0 0.2 0:19.58
3488 0.0 0.2 0:19.58
3488 0.0 0.2 0:19.58
3488 0.0 0.2 0:19.58
3488 0.0 0.2 0:19.58
3488 0.0 0.2 0:19.58
3488 0.0 0.2 0:19.58
3488 0.0 0.2 0:19.58
3488 0.0 0.2 0:19.58
3488 0.0 0.2 0:19.58
3488 0.0 0.2 0:19.58
3488 0.0 0.2 0:19.58
3488 0.0 0.2 0:19.58
3488 0.0 0.2 0:19.58
3488 0.0 0.2 0:19.58
3488 0.0 0.2 0:19.58
3488 0.0 0.2 0:19.58
3488 0.0 0.2 0:19.59
3488 0.0 0.2 0:19.59
3488 0.0 0.2 0:19.59
3488 0.0 0.2 0:19.59
3488 0.0 0.2 0:19.59
3488 0.0 0.2 0:19.59
3488 0.0 0.2 0:19.59
3488 0.0 0.2 0:19.59
3488 0.0 0.2 0:19.59
3488 0.0 0.2 0:19.59
3488 0.0 0.2 0:19.59
3488 0.0 0.2 0:19.59
3488 0.0 0.2 0:19.59
3488 0.0 0.2 0:19.59
3488 0.0 0.2 0:19.59
3488 0.0 0.2 0:19.59
3488 0.0 0.2 0:19.59
3488 0.0 0.2 0:19.59
3488 0.0 0.2 0:19.59
3488 0.0 0.2 0:19.59
3488 0.0 0.2 0:19.59
3488 0.0 0.2 0:19.59
3488 0.0 0.2 0:19.59
3488 0.0 0.2 0:19.59
3488 0.0 0.2 0:19.59
3488 0.0 0.2 0:19.59
3488 0.0 0.2 0:19.59
3488 0.0 0.2 0:19.59
3488 0.0 0.2 0:19.59
3488 0.0 0.2 0:19.59
3488 0.0 0.2 0:19.59
3488 0.0 0.2 0:19.59
3488 0.0 0.2 0:19.59
3488 0.0 0.2 0:19.59
3488 0.0 0.2 0:19.59
3488 0.0 0.2 0:19.59
3488 0.0 0.2 0:19.60
3488 0.0 0.2 0:19.60
3488 0.0 0.2 0:19.60
3488 0.0 0.2 0:19.60
3488 0.0 0.2 0:19.60
3488 0.0 0.2 0:19.60
3488 0.0 0.2 0:19.60
3488 0.0 0.2 0:19.60
3488 0.0 0.2 0:19.60
3488 0.0 0.2 0:19.60
3488 0.0 0.2 0:19.60
3488 0.0 0.2 0:19.60
3488 0.0 0.2 0:19.60
3488 0.0 0.2 0:19.60
3488 0.0 0.2 0:19.61
3488 0.0 0.2 0:19.61
3488 0.0 0.2 0:19.61
3488 0.0 0.2 0:19.61
3488 0.0 0.2 0:19.61
3488 0.0 0.2 0:19.61
