3488 5.3 0.2 0:19.74
3488 0.0 0.2 0:19.79
3488 0.0 0.2 0:19.79
3488 0.0 0.2 0:19.79
3488 0.0 0.2 0:19.79
3488 0.0 0.2 0:19.79
3488 0.0 0.2 0:19.79
3488 0.0 0.2 0:19.79
3488 0.0 0.2 0:19.79
3488 0.0 0.2 0:19.79
3488 0.0 0.2 0:19.79
3488 0.0 0.2 0:19.79
3488 0.0 0.2 0:19.79
3488 0.0 0.2 0:19.79
3488 0.0 0.2 0:19.79
3488 0.0 0.2 0:19.82
3488 0.0 0.2 0:19.82
3488 0.0 0.2 0:19.82
3488 0.0 0.2 0:19.82
3488 0.0 0.2 0:19.82
3488 0.0 0.2 0:19.82
3488 0.0 0.2 0:19.82
3488 0.0 0.2 0:19.82
3488 0.0 0.2 0:19.82
3488 0.0 0.2 0:19.83
3488 0.0 0.2 0:19.83
3488 0.0 0.2 0:19.83
3488 0.0 0.2 0:19.83
3488 0.0 0.2 0:19.83
3488 0.0 0.2 0:19.83
3488 0.0 0.2 0:19.83
3488 0.0 0.2 0:19.83
3488 0.0 0.2 0:19.83
3488 0.0 0.2 0:19.83
3488 0.0 0.2 0:19.83
3488 0.0 0.2 0:19.83
3488 0.0 0.2 0:19.83
3488 0.0 0.2 0:19.83
3488 0.0 0.2 0:19.83
3488 0.0 0.2 0:19.83
3488 0.0 0.2 0:19.83
3488 0.0 0.2 0:19.83
3488 0.0 0.2 0:19.83
3488 0.0 0.2 0:19.83
3488 0.0 0.2 0:19.83
3488 0.0 0.2 0:19.83
3488 0.0 0.2 0:19.83
3488 0.0 0.2 0:19.83
3488 0.0 0.2 0:19.83
3488 0.0 0.2 0:19.83
3488 0.0 0.2 0:19.83
3488 0.0 0.2 0:19.83
3488 0.0 0.2 0:19.83
3488 0.0 0.2 0:19.83
3488 0.0 0.2 0:19.83
3488 0.0 0.2 0:19.83
3488 0.0 0.2 0:19.83
3488 0.0 0.2 0:19.83
3488 0.0 0.2 0:19.83
3488 0.0 0.2 0:19.83
3488 0.0 0.2 0:19.83
3488 0.0 0.2 0:19.83
3488 0.0 0.2 0:19.83
3488 0.0 0.2 0:19.84
3488 0.0 0.2 0:19.84
3488 0.0 0.2 0:19.84
3488 0.0 0.2 0:19.84
3488 0.0 0.2 0:19.84
3488 0.0 0.2 0:19.84
3488 0.0 0.2 0:19.84
3488 0.0 0.2 0:19.84
3488 0.0 0.2 0:19.84
3488 0.0 0.2 0:19.85
3488 0.0 0.2 0:19.85
3488 0.0 0.2 0:19.85
3488 0.0 0.2 0:19.85
3488 0.0 0.2 0:19.85
3488 0.0 0.2 0:19.85
3488 0.0 0.2 0:19.85
3488 0.0 0.2 0:19.85
3488 0.0 0.2 0:19.85
3488 0.0 0.2 0:19.85
3488 0.0 0.2 0:19.85
3488 0.0 0.2 0:19.85
