3489 5.3 0.2 0:07.58
3489 5.3 0.2 0:07.61
3489 0.0 0.2 0:07.62
3489 0.0 0.2 0:07.62
3489 0.0 0.2 0:07.62
3489 0.0 0.2 0:07.62
3489 0.0 0.2 0:07.62
3489 0.0 0.2 0:07.62
3489 0.0 0.2 0:07.62
3489 0.0 0.2 0:07.62
3489 0.0 0.2 0:07.62
3489 0.0 0.2 0:07.62
3489 0.0 0.2 0:07.62
3489 0.0 0.2 0:07.62
3489 0.0 0.2 0:07.62
3489 0.0 0.2 0:07.62
3489 0.0 0.2 0:07.62
3489 0.0 0.2 0:07.62
3489 0.0 0.2 0:07.62
3489 0.0 0.2 0:07.62
3489 0.0 0.2 0:07.62
3489 0.0 0.2 0:07.62
3489 0.0 0.2 0:07.62
3489 0.0 0.2 0:07.62
3489 0.0 0.2 0:07.62
3489 0.0 0.2 0:07.62
3489 0.0 0.2 0:07.62
3489 0.0 0.2 0:07.62
3489 0.0 0.2 0:07.62
3489 0.0 0.2 0:07.62
3489 0.0 0.2 0:07.62
3489 0.0 0.2 0:07.62
3489 0.0 0.2 0:07.62
3489 0.0 0.2 0:07.62
3489 0.0 0.2 0:07.62
3489 0.0 0.2 0:07.62
3489 0.0 0.2 0:07.62
3489 0.0 0.2 0:07.62
3489 0.0 0.2 0:07.62
3489 0.0 0.2 0:07.62
3489 0.0 0.2 0:07.62
3489 0.0 0.2 0:07.62
3489 0.0 0.2 0:07.62
3489 0.0 0.2 0:07.62
3489 0.0 0.2 0:07.62
3489 0.0 0.2 0:07.62
3489 0.0 0.2 0:07.62
3489 0.0 0.2 0:07.62
3489 0.0 0.2 0:07.62
3489 0.0 0.2 0:07.62
3489 0.0 0.2 0:07.62
3489 0.0 0.2 0:07.62
3489 0.0 0.2 0:07.62
3489 0.0 0.2 0:07.62
3489 0.0 0.2 0:07.62
3489 0.0 0.2 0:07.62
3489 0.0 0.2 0:07.62
3489 0.0 0.2 0:07.62
3489 0.0 0.2 0:07.62
3489 0.0 0.2 0:07.62
3489 0.0 0.2 0:07.62
3489 0.0 0.2 0:07.62
3489 0.0 0.2 0:07.62
3489 0.0 0.2 0:07.62
3489 0.0 0.2 0:07.62
3489 0.0 0.2 0:07.62
3489 0.0 0.2 0:07.62
3489 0.0 0.2 0:07.62
3489 0.0 0.2 0:07.62
3489 0.0 0.2 0:07.62
3489 0.0 0.2 0:07.62
3489 0.0 0.2 0:07.62
3489 0.0 0.2 0:07.62
3489 0.0 0.2 0:07.62
3489 0.0 0.2 0:07.62
3489 0.0 0.2 0:07.62
3489 0.0 0.2 0:07.62
3489 0.0 0.2 0:07.62
3489 0.0 0.2 0:07.62
3489 0.0 0.2 0:07.62
3489 0.0 0.2 0:07.62
3489 0.0 0.2 0:07.62
3489 0.0 0.2 0:07.62
3489 0.0 0.2 0:07.62
3489 0.0 0.2 0:07.62
3489 0.0 0.2 0:07.62
3489 0.0 0.2 0:07.62
3489 0.0 0.2 0:07.62
3489 0.0 0.2 0:07.62
3489 0.0 0.2 0:07.62
3489 0.0 0.2 0:07.62
3489 0.0 0.2 0:07.62
3489 0.0 0.2 0:07.62
3489 0.0 0.2 0:07.62
