3489 0.0 0.2 0:07.78
3489 0.0 0.2 0:07.78
3489 0.0 0.2 0:07.78
3489 0.0 0.2 0:07.78
3489 0.0 0.2 0:07.78
3489 0.0 0.2 0:07.78
3489 0.0 0.2 0:07.78
3489 0.0 0.2 0:07.78
3489 0.0 0.2 0:07.78
3489 0.0 0.2 0:07.78
3489 0.0 0.2 0:07.78
3489 0.0 0.2 0:07.78
3489 0.0 0.2 0:07.78
3489 0.0 0.2 0:07.78
3489 0.0 0.2 0:07.78
3489 0.0 0.2 0:07.78
3489 0.0 0.2 0:07.78
3489 0.0 0.2 0:07.78
3489 0.0 0.2 0:07.78
3489 0.0 0.2 0:07.78
3489 0.0 0.2 0:07.78
3489 0.0 0.2 0:07.78
3489 0.0 0.2 0:07.78
3489 0.0 0.2 0:07.78
3489 0.0 0.2 0:07.78
3489 0.0 0.2 0:07.78
3489 0.0 0.2 0:07.78
3489 0.0 0.2 0:07.78
3489 0.0 0.2 0:07.78
3489 0.0 0.2 0:07.78
3489 0.0 0.2 0:07.78
3489 0.0 0.2 0:07.78
3489 0.0 0.2 0:07.78
3489 0.0 0.2 0:07.78
3489 0.0 0.2 0:07.78
3489 0.0 0.2 0:07.78
3489 0.0 0.2 0:07.78
3489 0.0 0.2 0:07.78
3489 0.0 0.2 0:07.78
3489 0.0 0.2 0:07.78
3489 0.0 0.2 0:07.78
3489 0.0 0.2 0:07.78
3489 0.0 0.2 0:07.78
3489 0.0 0.2 0:07.78
3489 0.0 0.2 0:07.78
3489 0.0 0.2 0:07.78
3489 0.0 0.2 0:07.78
3489 0.0 0.2 0:07.78
3489 0.0 0.2 0:07.78
3489 0.0 0.2 0:07.78
3489 0.0 0.2 0:07.78
3489 0.0 0.2 0:07.78
3489 0.0 0.2 0:07.78
3489 0.0 0.2 0:07.78
3489 0.0 0.2 0:07.78
3489 0.0 0.2 0:07.78
3489 0.0 0.2 0:07.78
3489 0.0 0.2 0:07.78
3489 0.0 0.2 0:07.78
3489 0.0 0.2 0:07.78
3489 0.0 0.2 0:07.78
3489 0.0 0.2 0:07.78
3489 0.0 0.2 0:07.78
3489 0.0 0.2 0:07.78
3489 0.0 0.2 0:07.78
3489 0.0 0.2 0:07.78
3489 0.0 0.2 0:07.78
3489 0.0 0.2 0:07.78
3489 0.0 0.2 0:07.78
3489 0.0 0.2 0:07.78
3489 0.0 0.2 0:07.78
3489 0.0 0.2 0:07.78
3489 0.0 0.2 0:07.78
3489 0.0 0.2 0:07.78
3489 0.0 0.2 0:07.78
3489 0.0 0.2 0:07.78
