3489 5.6 0.2 0:07.43
3489 0.0 0.2 0:07.45
3489 0.0 0.2 0:07.45
3489 0.0 0.2 0:07.45
3489 0.0 0.2 0:07.45
3489 0.0 0.2 0:07.45
3489 0.0 0.2 0:07.45
3489 0.0 0.2 0:07.45
3489 0.0 0.2 0:07.45
3489 0.0 0.2 0:07.45
3489 0.0 0.2 0:07.45
3489 0.0 0.2 0:07.45
3489 0.0 0.2 0:07.45
3489 0.0 0.2 0:07.45
3489 0.0 0.2 0:07.45
3489 0.0 0.2 0:07.45
3489 0.0 0.2 0:07.45
3489 0.0 0.2 0:07.45
3489 0.0 0.2 0:07.45
3489 0.0 0.2 0:07.45
3489 0.0 0.2 0:07.45
3489 0.0 0.2 0:07.45
3489 0.0 0.2 0:07.45
3489 0.0 0.2 0:07.45
3489 0.0 0.2 0:07.45
3489 0.0 0.2 0:07.45
3489 0.0 0.2 0:07.45
3489 0.0 0.2 0:07.45
3489 0.0 0.2 0:07.45
3489 0.0 0.2 0:07.45
3489 0.0 0.2 0:07.45
3489 0.0 0.2 0:07.45
3489 0.0 0.2 0:07.45
3489 0.0 0.2 0:07.45
3489 0.0 0.2 0:07.45
3489 0.0 0.2 0:07.45
3489 0.0 0.2 0:07.45
3489 0.0 0.2 0:07.45
3489 0.0 0.2 0:07.45
3489 0.0 0.2 0:07.45
3489 0.0 0.2 0:07.45
3489 0.0 0.2 0:07.45
3489 0.0 0.2 0:07.45
3489 0.0 0.2 0:07.45
3489 0.0 0.2 0:07.45
3489 0.0 0.2 0:07.45
3489 0.0 0.2 0:07.45
3489 0.0 0.2 0:07.45
3489 0.0 0.2 0:07.45
3489 0.0 0.2 0:07.45
3489 0.0 0.2 0:07.45
3489 0.0 0.2 0:07.45
3489 0.0 0.2 0:07.45
3489 0.0 0.2 0:07.45
3489 0.0 0.2 0:07.45
3489 0.0 0.2 0:07.45
3489 0.0 0.2 0:07.45
3489 0.0 0.2 0:07.45
3489 0.0 0.2 0:07.45
3489 0.0 0.2 0:07.45
3489 0.0 0.2 0:07.45
3489 0.0 0.2 0:07.45
3489 0.0 0.2 0:07.45
3489 0.0 0.2 0:07.45
3489 0.0 0.2 0:07.45
3489 0.0 0.2 0:07.45
3489 0.0 0.2 0:07.45
3489 0.0 0.2 0:07.45
3489 0.0 0.2 0:07.45
3489 0.0 0.2 0:07.45
3489 0.0 0.2 0:07.45
3489 0.0 0.2 0:07.45
3489 0.0 0.2 0:07.45
3489 0.0 0.2 0:07.45
3489 0.0 0.2 0:07.45
3489 0.0 0.2 0:07.45
3489 0.0 0.2 0:07.45
3489 0.0 0.2 0:07.45
3489 0.0 0.2 0:07.45
3489 0.0 0.2 0:07.45
3489 0.0 0.2 0:07.45
3489 0.0 0.2 0:07.45
3489 0.0 0.2 0:07.45
3489 0.0 0.2 0:07.45
3489 0.0 0.2 0:07.45
3489 0.0 0.2 0:07.45
3489 0.0 0.2 0:07.45
3489 0.0 0.2 0:07.45
3489 0.0 0.2 0:07.45
3489 0.0 0.2 0:07.45
3489 0.0 0.2 0:07.45
3489 0.0 0.2 0:07.45
3489 0.0 0.2 0:07.45
3489 0.0 0.2 0:07.45
