2809 15.8 0.1 0:06.02
2809 17.4 0.1 0:06.22
2809 20.0 0.1 0:06.41
2809 10.5 0.1 0:06.58
2809 9.5 0.1 0:06.73
2809 10.5 0.1 0:06.88
2809 21.1 0.1 0:07.08
2809 21.1 0.1 0:07.28
2809 15.0 0.1 0:07.47
2809 15.8 0.1 0:07.62
2809 9.5 0.1 0:07.79
2809 16.7 0.1 0:07.95
2809 20.0 0.1 0:08.16
2809 20.0 0.1 0:08.36
2809 15.8 0.1 0:08.53
2809 10.5 0.1 0:08.72
2809 25.0 0.1 0:08.93
2809 0.0 0.1 0:08.95
2809 0.0 0.1 0:08.95
2809 0.0 0.1 0:08.95
2809 0.0 0.1 0:08.95
2809 0.0 0.1 0:08.95
2809 0.0 0.1 0:08.95
2809 0.0 0.1 0:08.95
2809 0.0 0.1 0:08.95
2809 0.0 0.1 0:08.95
2809 0.0 0.1 0:08.95
2809 0.0 0.1 0:08.95
2809 0.0 0.1 0:08.95
2809 0.0 0.1 0:08.95
2809 0.0 0.1 0:08.95
2809 0.0 0.1 0:08.95
2809 0.0 0.1 0:08.95
2809 0.0 0.1 0:08.95
2809 0.0 0.1 0:08.95
2809 0.0 0.1 0:08.95
2809 0.0 0.1 0:08.95
2809 0.0 0.1 0:08.95
2809 0.0 0.1 0:08.95
2809 0.0 0.1 0:08.95
2809 0.0 0.1 0:08.95
2809 0.0 0.1 0:08.95
2809 0.0 0.1 0:08.95
2809 0.0 0.1 0:08.95
2809 0.0 0.1 0:08.95
