3064 3063 3062 3061 3060
3064 3063 3062 3061 3060
3064 3063 3062 3061 3060
3064 3063 3062 3061 3060
3064 3063 3062 3061 3060
3064 3063 3062 3061 3060
3064 3063 3062 3061 3060
3064 3063 3062 3061 3060
3064 3063 3062 3061 3060
3064 3063 3062 3061 3060
3064 3063 3062 3061 3060
3064 3063 3062 3061 3060
3064 3063 3062 3061 3060
3064 3063 3062 3061 3060
3064 3063 3062 3061 3060
3064 3063 3062 3061 3060
3064 3063 3062 3061 3060
3064 3063 3062 3061 3060
3064 3063 3062 3061 3060
3064 3063 3062 3061 3060
3064 3063 3062 3061 3060
3064 3063 3062 3061 3060
3064 3063 3062 3061 3060
3064 3063 3062 3061 3060
3064 3063 3062 3061 3060
