3551 5.3 0.2 0:29.81
3551 10.5 0.2 0:29.91
3551 5.3 0.2 0:30.02
3551 0.0 0.2 0:30.13
3551 26.3 0.2 0:30.28
3551 5.0 0.2 0:30.38
3551 5.6 0.2 0:30.48
3551 5.3 0.2 0:30.56
3551 5.3 0.2 0:30.68
3551 11.1 0.2 0:30.80
3551 31.6 0.2 0:31.00
3551 22.2 0.2 0:31.22
3551 5.3 0.2 0:31.35
3551 5.3 0.2 0:31.49
3551 11.1 0.2 0:31.65
3551 10.5 0.2 0:31.81
3551 16.7 0.2 0:31.98
3551 15.8 0.2 0:32.14
3551 21.1 0.2 0:32.31
3551 21.1 0.2 0:32.48
3551 15.0 0.2 0:32.66
3551 15.0 0.2 0:32.87
3551 15.0 0.2 0:33.03
3551 11.1 0.2 0:33.19
3551 15.8 0.2 0:33.38
3551 16.7 0.2 0:33.54
3551 11.1 0.2 0:33.72
3551 16.7 0.2 0:33.92
3551 16.7 0.2 0:34.10
3551 14.3 0.2 0:34.28
3551 15.0 0.2 0:34.44
3551 21.1 0.2 0:34.65
3551 15.8 0.2 0:34.83
3551 10.0 0.2 0:34.99
3551 15.8 0.2 0:35.16
3551 10.5 0.2 0:35.32
3551 22.2 0.2 0:35.52
3551 16.7 0.2 0:35.68
3551 18.2 0.2 0:35.89
3551 20.0 0.2 0:36.07
3551 15.0 0.2 0:36.26
3551 15.8 0.2 0:36.48
3551 20.0 0.2 0:36.66
3551 15.8 0.2 0:36.82
3551 11.1 0.2 0:36.98
3551 15.8 0.2 0:37.16
3551 15.8 0.2 0:37.33
3551 16.7 0.2 0:37.49
3551 15.8 0.2 0:37.67
3551 15.8 0.2 0:37.86
3551 16.7 0.2 0:38.03
3551 15.0 0.2 0:38.22
3551 15.8 0.2 0:38.39
3551 15.8 0.2 0:38.66
3551 15.8 0.2 0:38.82
3551 15.8 0.2 0:38.99
3551 15.8 0.2 0:39.18
3551 15.8 0.2 0:39.37
3551 21.1 0.2 0:39.53
3551 10.5 0.2 0:39.72
3551 10.5 0.2 0:39.88
3551 16.7 0.2 0:40.06
3551 15.0 0.2 0:40.25
3551 20.0 0.2 0:40.44
3551 15.8 0.2 0:40.61
3551 15.8 0.2 0:40.78
3551 10.5 0.2 0:40.95
3551 21.1 0.2 0:41.14
3551 15.0 0.2 0:41.31
3551 21.1 0.2 0:41.48
3551 15.8 0.2 0:41.65
3551 21.1 0.2 0:41.82
3551 16.7 0.2 0:41.99
3551 15.8 0.2 0:42.16
3551 16.7 0.2 0:42.32
3551 16.7 0.2 0:42.49
3551 15.8 0.2 0:42.66
3551 16.7 0.2 0:42.82
3551 11.1 0.2 0:42.99
3551 10.0 0.2 0:43.16
3551 15.8 0.2 0:43.33
3551 16.7 0.2 0:43.50
3551 21.1 0.2 0:43.67
3551 11.1 0.2 0:43.82
3551 15.8 0.2 0:44.00
3551 15.0 0.2 0:44.17
3551 15.8 0.2 0:44.34
3551 0.0 0.2 0:44.40
