3553 0.0 0.2 0:00.82
3553 0.0 0.2 0:00.82
3553 0.0 0.2 0:00.82
3553 0.0 0.2 0:00.82
3553 0.0 0.2 0:00.82
3553 0.0 0.2 0:00.82
3553 0.0 0.2 0:00.82
3553 0.0 0.2 0:00.82
3553 0.0 0.2 0:00.82
3553 0.0 0.2 0:00.82
3553 0.0 0.2 0:00.82
3553 0.0 0.2 0:00.82
3553 0.0 0.2 0:00.82
3553 0.0 0.2 0:00.82
3553 0.0 0.2 0:00.82
3553 0.0 0.2 0:00.82
3553 0.0 0.2 0:00.82
3553 0.0 0.2 0:00.82
3553 0.0 0.2 0:00.82
3553 0.0 0.2 0:00.82
3553 0.0 0.2 0:00.82
3553 0.0 0.2 0:00.82
3553 0.0 0.2 0:00.82
3553 0.0 0.2 0:00.82
3553 0.0 0.2 0:00.82
3553 0.0 0.2 0:00.82
3553 0.0 0.2 0:00.82
3553 0.0 0.2 0:00.82
3553 0.0 0.2 0:00.82
3553 0.0 0.2 0:00.82
3553 0.0 0.2 0:00.82
3553 0.0 0.2 0:00.82
3553 0.0 0.2 0:00.82
3553 0.0 0.2 0:00.82
3553 0.0 0.2 0:00.82
3553 0.0 0.2 0:00.82
3553 0.0 0.2 0:00.82
3553 0.0 0.2 0:00.82
3553 0.0 0.2 0:00.82
3553 0.0 0.2 0:00.82
3553 0.0 0.2 0:00.82
3553 0.0 0.2 0:00.82
3553 0.0 0.2 0:00.82
3553 0.0 0.2 0:00.82
3553 0.0 0.2 0:00.82
3553 0.0 0.2 0:00.82
3553 0.0 0.2 0:00.82
3553 0.0 0.2 0:00.82
3553 0.0 0.2 0:00.82
3553 0.0 0.2 0:00.82
3553 0.0 0.2 0:00.82
3553 0.0 0.2 0:00.82
3553 0.0 0.2 0:00.82
3553 0.0 0.2 0:00.82
3553 0.0 0.2 0:00.82
3553 0.0 0.2 0:00.82
3553 0.0 0.2 0:00.82
3553 0.0 0.2 0:00.82
3553 0.0 0.2 0:00.82
3553 0.0 0.2 0:00.82
3553 0.0 0.2 0:00.82
3553 0.0 0.2 0:00.82
3553 0.0 0.2 0:00.82
3553 0.0 0.2 0:00.82
3553 0.0 0.2 0:00.82
3553 0.0 0.2 0:00.82
3553 0.0 0.2 0:00.82
3553 0.0 0.2 0:00.82
3553 0.0 0.2 0:00.82
3553 0.0 0.2 0:00.82
3553 0.0 0.2 0:00.82
3553 0.0 0.2 0:00.82
3553 0.0 0.2 0:00.82
3553 0.0 0.2 0:00.82
3553 0.0 0.2 0:00.82
3553 0.0 0.2 0:00.82
