3554 0.0 0.2 0:00.35
3554 0.0 0.2 0:00.35
3554 0.0 0.2 0:00.35
3554 0.0 0.2 0:00.35
3554 0.0 0.2 0:00.35
3554 0.0 0.2 0:00.35
3554 0.0 0.2 0:00.35
3554 0.0 0.2 0:00.35
3554 0.0 0.2 0:00.35
3554 0.0 0.2 0:00.35
3554 0.0 0.2 0:00.35
3554 0.0 0.2 0:00.35
3554 0.0 0.2 0:00.35
3554 0.0 0.2 0:00.35
3554 0.0 0.2 0:00.35
3554 0.0 0.2 0:00.35
3554 0.0 0.2 0:00.35
3554 0.0 0.2 0:00.35
3554 0.0 0.2 0:00.35
3554 0.0 0.2 0:00.35
3554 0.0 0.2 0:00.35
3554 0.0 0.2 0:00.35
3554 0.0 0.2 0:00.35
3554 0.0 0.2 0:00.35
3554 0.0 0.2 0:00.35
3554 0.0 0.2 0:00.35
3554 0.0 0.2 0:00.35
3554 0.0 0.2 0:00.35
3554 0.0 0.2 0:00.35
3554 0.0 0.2 0:00.35
3554 0.0 0.2 0:00.35
3554 0.0 0.2 0:00.35
3554 0.0 0.2 0:00.35
3554 0.0 0.2 0:00.35
3554 0.0 0.2 0:00.35
3554 0.0 0.2 0:00.35
3554 0.0 0.2 0:00.35
3554 0.0 0.2 0:00.35
3554 0.0 0.2 0:00.35
3554 0.0 0.2 0:00.35
3554 0.0 0.2 0:00.35
3554 0.0 0.2 0:00.35
3554 0.0 0.2 0:00.35
3554 0.0 0.2 0:00.35
3554 0.0 0.2 0:00.35
3554 0.0 0.2 0:00.35
3554 0.0 0.2 0:00.35
3554 0.0 0.2 0:00.35
3554 0.0 0.2 0:00.35
3554 0.0 0.2 0:00.35
3554 0.0 0.2 0:00.35
3554 0.0 0.2 0:00.35
3554 0.0 0.2 0:00.35
3554 0.0 0.2 0:00.35
3554 0.0 0.2 0:00.35
3554 0.0 0.2 0:00.35
3554 0.0 0.2 0:00.35
3554 0.0 0.2 0:00.35
3554 0.0 0.2 0:00.35
3554 0.0 0.2 0:00.35
3554 0.0 0.2 0:00.35
3554 0.0 0.2 0:00.35
3554 0.0 0.2 0:00.35
3554 0.0 0.2 0:00.35
3554 0.0 0.2 0:00.35
3554 0.0 0.2 0:00.35
3554 0.0 0.2 0:00.35
3554 0.0 0.2 0:00.35
3554 0.0 0.2 0:00.35
3554 0.0 0.2 0:00.35
3554 0.0 0.2 0:00.35
3554 0.0 0.2 0:00.35
3554 0.0 0.2 0:00.35
3554 0.0 0.2 0:00.35
3554 0.0 0.2 0:00.35
3554 0.0 0.2 0:00.35
