711 0.0 0.4 0:01.36
711 5.3 0.4 0:01.38
711 0.0 0.4 0:01.40
711 0.0 0.4 0:01.42
711 0.0 0.4 0:01.44
711 0.0 0.4 0:01.46
711 0.0 0.4 0:01.48
711 0.0 0.4 0:01.50
711 0.0 0.4 0:01.50
711 0.0 0.4 0:01.50
711 0.0 0.4 0:01.50
711 0.0 0.4 0:01.50
711 0.0 0.4 0:01.50
711 0.0 0.4 0:01.50
711 0.0 0.4 0:01.50
711 0.0 0.4 0:01.50
711 0.0 0.4 0:01.50
711 0.0 0.4 0:01.50
711 0.0 0.4 0:01.51
711 0.0 0.4 0:01.53
711 0.0 0.4 0:01.55
711 0.0 0.4 0:01.55
711 0.0 0.4 0:01.56
711 0.0 0.4 0:01.56
711 0.0 0.4 0:01.57
711 0.0 0.4 0:01.62
711 0.0 0.4 0:01.62
711 0.0 0.4 0:01.62
711 0.0 0.4 0:01.62
711 0.0 0.4 0:01.62
711 0.0 0.4 0:01.62
711 0.0 0.4 0:01.62
711 0.0 0.4 0:01.62
711 0.0 0.4 0:01.62
711 0.0 0.4 0:01.62
711 0.0 0.4 0:01.62
711 0.0 0.4 0:01.63
711 0.0 0.4 0:01.64
711 0.0 0.4 0:01.67
711 5.6 0.4 0:01.68
711 0.0 0.4 0:01.68
711 0.0 0.4 0:01.70
711 0.0 0.4 0:01.72
711 0.0 0.4 0:01.74
711 0.0 0.4 0:01.74
711 0.0 0.4 0:01.74
711 0.0 0.4 0:01.74
711 0.0 0.4 0:01.74
711 0.0 0.4 0:01.74
711 0.0 0.4 0:01.74
711 0.0 0.4 0:01.74
711 0.0 0.4 0:01.74
711 0.0 0.4 0:01.74
711 0.0 0.4 0:01.74
711 0.0 0.4 0:01.74
711 0.0 0.4 0:01.76
711 0.0 0.4 0:01.77
711 0.0 0.4 0:01.80
711 10.0 0.4 0:01.82
711 0.0 0.4 0:01.82
711 0.0 0.4 0:01.82
711 0.0 0.4 0:01.83
711 0.0 0.4 0:01.84
711 0.0 0.4 0:01.84
711 0.0 0.4 0:01.84
711 0.0 0.4 0:01.84
711 0.0 0.4 0:01.84
711 0.0 0.4 0:01.84
711 0.0 0.4 0:01.84
711 0.0 0.4 0:01.84
711 0.0 0.4 0:01.84
711 0.0 0.4 0:01.84
711 0.0 0.4 0:01.84
711 0.0 0.4 0:01.84
711 0.0 0.4 0:01.86
711 0.0 0.4 0:01.87
711 5.6 0.4 0:01.90
711 0.0 0.4 0:01.92
711 0.0 0.4 0:01.93
711 0.0 0.4 0:01.93
KiB used, 310196 buff/cache
711 0.0 0.4 0:01.95
711 0.0 0.4 0:01.95
711 0.0 0.4 0:01.95
711 0.0 0.4 0:01.95
711 0.0 0.4 0:01.95
711 0.0 0.4 0:01.95
711 0.0 0.4 0:01.95
711 0.0 0.4 0:01.95
711 0.0 0.4 0:01.95
711 5.6 0.4 0:01.96
711 0.0 0.4 0:01.96
711 0.0 0.4 0:01.96
711 0.0 0.4 0:01.98
711 11.1 0.4 0:02.00
711 0.0 0.4 0:02.00
711 0.0 0.4 0:02.02
711 0.0 0.4 0:02.03
711 0.0 0.4 0:02.03
711 0.0 0.4 0:02.03
711 0.0 0.4 0:02.03
711 0.0 0.4 0:02.03
711 0.0 0.4 0:02.03
711 0.0 0.4 0:02.03
711 0.0 0.4 0:02.03
711 0.0 0.4 0:02.03
711 0.0 0.4 0:02.04
711 0.0 0.4 0:02.04
711 0.0 0.4 0:02.04
711 0.0 0.4 0:02.05
711 0.0 0.4 0:02.06
711 0.0 0.4 0:02.08
711 0.0 0.4 0:02.11
711 0.0 0.4 0:02.13
711 0.0 0.4 0:02.14
711 0.0 0.4 0:02.16
711 0.0 0.4 0:02.17
711 0.0 0.4 0:02.17
711 0.0 0.4 0:02.17
711 0.0 0.4 0:02.17
711 0.0 0.4 0:02.17
711 0.0 0.4 0:02.17
711 0.0 0.4 0:02.17
711 0.0 0.4 0:02.17
711 0.0 0.4 0:02.17
711 0.0 0.4 0:02.18
711 0.0 0.4 0:02.18
711 0.0 0.4 0:02.18
711 0.0 0.4 0:02.19
711 0.0 0.4 0:02.20
711 5.6 0.4 0:02.21
711 0.0 0.4 0:02.23
711 0.0 0.4 0:02.23
711 0.0 0.4 0:02.26
711 0.0 0.4 0:02.27
711 0.0 0.4 0:02.27
711 0.0 0.4 0:02.29
711 0.0 0.4 0:02.29
711 0.0 0.4 0:02.29
711 0.0 0.4 0:02.29
711 0.0 0.4 0:02.29
711 0.0 0.4 0:02.29
711 0.0 0.4 0:02.29
711 0.0 0.4 0:02.29
711 0.0 0.4 0:02.29
711 0.0 0.4 0:02.29
711 0.0 0.4 0:02.29
711 0.0 0.4 0:02.30
711 5.6 0.4 0:02.32
711 5.3 0.4 0:02.33
711 5.0 0.4 0:02.35
711 0.0 0.4 0:02.38
711 0.0 0.4 0:02.40
711 0.0 0.4 0:02.41
711 0.0 0.4 0:02.41
711 0.0 0.4 0:02.41
711 0.0 0.4 0:02.41
711 0.0 0.4 0:02.41
711 0.0 0.4 0:02.41
711 0.0 0.4 0:02.41
711 0.0 0.4 0:02.41
711 0.0 0.4 0:02.41
711 0.0 0.4 0:02.42
711 0.0 0.4 0:02.42
711 0.0 0.4 0:02.43
711 0.0 0.4 0:02.44
711 5.6 0.4 0:02.45
711 0.0 0.4 0:02.47
711 0.0 0.4 0:02.50
711 0.0 0.4 0:02.52
711 0.0 0.4 0:02.55
711 0.0 0.4 0:02.56
711 0.0 0.4 0:02.57
711 0.0 0.4 0:02.57
711 0.0 0.4 0:02.57
711 0.0 0.4 0:02.57
711 0.0 0.4 0:02.57
711 0.0 0.4 0:02.57
711 0.0 0.4 0:02.57
711 0.0 0.4 0:02.57
711 0.0 0.4 0:02.57
711 0.0 0.4 0:02.57
711 0.0 0.4 0:02.57
711 0.0 0.4 0:02.57
711 0.0 0.4 0:02.57
711 0.0 0.4 0:02.57
711 0.0 0.4 0:02.57
711 0.0 0.4 0:02.57
711 0.0 0.4 0:02.57
17114 17.6 0.2 0:00.03
711 0.0 0.4 0:02.57
