703 0.0 0.1 0:00.00
703 0.0 0.1 0:00.00
703 0.0 0.1 0:00.00
703 0.0 0.1 0:00.00
703 0.0 0.1 0:00.00
703 0.0 0.1 0:00.00
703 0.0 0.1 0:00.00
703 0.0 0.1 0:00.00
703 0.0 0.1 0:00.00
703 0.0 0.1 0:00.00
703 0.0 0.1 0:00.00
703 0.0 0.1 0:00.00
703 0.0 0.1 0:00.00
703 0.0 0.1 0:00.00
703 0.0 0.1 0:00.00
703 0.0 0.1 0:00.00
703 0.0 0.1 0:00.00
703 0.0 0.1 0:00.00
KiB used, 497036 buff/cache
703 0.0 0.1 0:00.00
703 0.0 0.1 0:00.00
703 0.0 0.1 0:00.00
703 0.0 0.1 0:00.00
703 0.0 0.1 0:00.00
703 0.0 0.1 0:00.00
703 0.0 0.1 0:00.00
703 0.0 0.1 0:00.00
703 0.0 0.1 0:00.00
703 0.0 0.1 0:00.00
703 0.0 0.1 0:00.00
703 0.0 0.1 0:00.00
703 0.0 0.1 0:00.00
703 0.0 0.1 0:00.00
703 0.0 0.1 0:00.00
703 0.0 0.1 0:00.00
703 0.0 0.1 0:00.00
703 0.0 0.1 0:00.00
703 0.0 0.1 0:00.00
703 0.0 0.1 0:00.00
703 0.0 0.1 0:00.00
703 0.0 0.1 0:00.00
703 0.0 0.1 0:00.00
703 0.0 0.1 0:00.00
703 0.0 0.1 0:00.00
703 0.0 0.1 0:00.00
703 0.0 0.1 0:00.00
703 0.0 0.1 0:00.00
703 0.0 0.1 0:00.00
703 0.0 0.1 0:00.00
703 0.0 0.1 0:00.00
703 0.0 0.1 0:00.00
703 0.0 0.1 0:00.00
703 0.0 0.1 0:00.00
703 0.0 0.1 0:00.00
703 0.0 0.1 0:00.00
703 0.0 0.1 0:00.00
703 0.0 0.1 0:00.00
703 0.0 0.1 0:00.00
703 0.0 0.1 0:00.00
703 0.0 0.1 0:00.00
703 0.0 0.1 0:00.00
703 0.0 0.1 0:00.00
703 0.0 0.1 0:00.00
703 0.0 0.1 0:00.00
703 0.0 0.1 0:00.00
703 0.0 0.1 0:00.00
703 0.0 0.1 0:00.00
703 0.0 0.1 0:00.00
703 0.0 0.1 0:00.00
703 0.0 0.1 0:00.00
703 0.0 0.1 0:00.00
703 0.0 0.1 0:00.00
703 0.0 0.1 0:00.00
703 0.0 0.1 0:00.00
703 0.0 0.1 0:00.00
703 0.0 0.1 0:00.00
703 0.0 0.1 0:00.00
703 0.0 0.1 0:00.00
703 0.0 0.1 0:00.00
703 0.0 0.1 0:00.00
703 0.0 0.1 0:00.00
703 0.0 0.1 0:00.00
703 0.0 0.1 0:00.00
703 0.0 0.1 0:00.00
703 0.0 0.1 0:00.00
703 0.0 0.1 0:00.00
703 0.0 0.1 0:00.00
703 0.0 0.1 0:00.00
703 0.0 0.1 0:00.00
703 0.0 0.1 0:00.00
703 0.0 0.1 0:00.00
703 0.0 0.1 0:00.00
703 0.0 0.1 0:00.00
703 0.0 0.1 0:00.00
703 0.0 0.1 0:00.00
703 0.0 0.1 0:00.00
703 0.0 0.1 0:00.00
