704 0.0 0.4 0:33.12
704 0.0 0.4 0:33.16
704 5.6 0.4 0:33.21
704 5.6 0.4 0:33.27
704 5.3 0.4 0:33.30
704 5.6 0.4 0:33.34
704 0.0 0.4 0:33.37
704 0.0 0.4 0:33.40
KiB used, 487040 buff/cache
704 5.6 0.4 0:33.49
704 5.6 0.4 0:33.53
704 0.0 0.4 0:33.56
704 5.6 0.4 0:33.60
704 5.3 0.4 0:33.64
704 5.3 0.4 0:33.68
704 5.3 0.4 0:33.72
704 0.0 0.4 0:33.77
704 5.3 0.4 0:33.80
704 5.6 0.4 0:33.84
704 5.3 0.4 0:33.88
704 5.3 0.4 0:33.92
704 0.0 0.4 0:33.95
704 0.0 0.4 0:33.99
704 5.3 0.4 0:34.03
704 4.8 0.4 0:34.07
704 5.6 0.4 0:34.11
704 5.6 0.4 0:34.14
704 0.0 0.4 0:34.17
704 0.0 0.4 0:34.21
704 0.0 0.4 0:34.24
704 0.0 0.4 0:34.27
4790 5.6 0.0 0:00.01
704 0.0 0.4 0:34.35
704 5.6 0.4 0:34.39
704 0.0 0.4 0:34.43
704 0.0 0.4 0:34.47
704 5.6 0.4 0:34.51
704 5.3 0.4 0:34.55
704 5.3 0.4 0:34.58
704 5.6 0.4 0:34.62
704 5.0 0.4 0:34.66
KiB 1529704 avail Mem
KiB used, 487968 buff/cache
704 0.0 0.4 0:34.76
704 5.3 0.4 0:34.80
704 5.3 0.4 0:34.84
704 0.0 0.4 0:34.88
704 5.3 0.4 0:34.92
704 5.6 0.4 0:34.96
KiB used, 488180 buff/cache
704 5.6 0.4 0:35.05
704 11.1 0.4 0:35.10
704 5.6 0.4 0:35.12
704 5.3 0.4 0:35.17
704 5.0 0.4 0:35.21
704 0.0 0.4 0:35.25
704 0.0 0.4 0:35.29
704 5.3 0.4 0:35.34
704 5.3 0.4 0:35.38
704 0.0 0.4 0:35.43
704 5.6 0.4 0:35.46
KiB used, 488456 buff/cache
704 0.0 0.4 0:35.55
704 5.0 0.4 0:35.59
704 5.3 0.4 0:35.63
704 5.6 0.4 0:35.67
704 5.6 0.4 0:35.70
704 0.0 0.4 0:35.75
704 5.3 0.4 0:35.81
704 5.0 0.4 0:35.84
704 0.0 0.4 0:35.88
704 5.6 0.4 0:35.94
704 5.6 0.4 0:35.99
704 5.6 0.4 0:36.03
704 5.3 0.4 0:36.07
704 0.0 0.4 0:36.10
704 5.6 0.4 0:36.15
704 5.6 0.4 0:36.19
704 0.0 0.4 0:36.20
704 0.0 0.4 0:36.20
704 0.0 0.4 0:36.20
704 0.0 0.4 0:36.20
704 0.0 0.4 0:36.20
704 0.0 0.4 0:36.20
704 0.0 0.4 0:36.20
704 0.0 0.4 0:36.20
7044 11.8 0.2 0:00.04
704 0.0 0.4 0:36.20
704 0.0 0.4 0:36.20
