704 0.0 0.4 1:11.54
704 5.3 0.4 1:11.56
704 5.3 0.4 1:11.59
704 0.0 0.4 1:11.61
704 0.0 0.4 1:11.63
704 0.0 0.4 1:11.65
704 0.0 0.4 1:11.67
704 0.0 0.4 1:11.69
KiB used, 516520 buff/cache
704 0.0 0.4 1:11.74
704 0.0 0.4 1:11.76
704 0.0 0.4 1:11.78
704 0.0 0.4 1:11.80
704 0.0 0.4 1:11.82
704 0.0 0.4 1:11.84
704 5.0 0.4 1:11.87
704 5.6 0.4 1:11.89
704 5.3 0.4 1:11.92
704 0.0 0.4 1:11.94
704 0.0 0.4 1:11.96
704 0.0 0.4 1:12.00
704 0.0 0.4 1:12.00
KiB used, 516720 buff/cache
704 0.0 0.4 1:12.04
704 0.0 0.4 1:12.06
704 0.0 0.4 1:12.08
704 0.0 0.4 1:12.10
704 0.0 0.4 1:12.12
704 5.6 0.4 1:12.14
704 0.0 0.4 1:12.15
704 0.0 0.4 1:12.17
704 0.0 0.4 1:12.19
704 0.0 0.4 1:12.21
704 0.0 0.4 1:12.23
704 5.6 0.4 1:12.26
704 0.0 0.4 1:12.28
704 0.0 0.4 1:12.30
704 0.0 0.4 1:12.31
KiB used, 516952 buff/cache
704 11.1 0.4 1:12.37
704 0.0 0.4 1:12.37
704 5.6 0.4 1:12.40
704 5.6 0.4 1:12.42
704 0.0 0.4 1:12.44
704 0.0 0.4 1:12.45
704 0.0 0.4 1:12.47
704 0.0 0.4 1:12.51
704 5.3 0.4 1:12.52
704 5.3 0.4 1:12.54
704 5.3 0.4 1:12.56
704 5.0 0.4 1:12.58
704 0.0 0.4 1:12.60
704 5.6 0.4 1:12.63
704 0.0 0.4 1:12.65
704 0.0 0.4 1:12.67
704 5.6 0.4 1:12.70
704 0.0 0.4 1:12.72
704 5.6 0.4 1:12.75
704 5.3 0.4 1:12.77
704 0.0 0.4 1:12.79
704 0.0 0.4 1:12.81
704 0.0 0.4 1:12.84
704 0.0 0.4 1:12.86
704 0.0 0.4 1:12.88
704 0.0 0.4 1:12.90
704 0.0 0.4 1:12.92
704 0.0 0.4 1:12.94
704 5.6 0.4 1:12.96
704 0.0 0.4 1:12.98
704 0.0 0.4 1:13.00
704 5.3 0.4 1:13.03
704 5.6 0.4 1:13.05
704 0.0 0.4 1:13.07
704 0.0 0.4 1:13.09
704 0.0 0.4 1:13.11
704 5.6 0.4 1:13.13
704 5.0 0.4 1:13.16
704 0.0 0.4 1:13.17
704 0.0 0.4 1:13.19
704 0.0 0.4 1:13.20
704 0.0 0.4 1:13.20
704 0.0 0.4 1:13.20
704 0.0 0.4 1:13.20
704 0.0 0.4 1:13.20
704 0.0 0.4 1:13.20
704 0.0 0.4 1:13.20
704 0.0 0.4 1:13.20
704 0.0 0.4 1:13.20
