704 0.0 0.4 1:22.53
704 0.0 0.4 1:22.55
704 5.6 0.4 1:22.58
704 0.0 0.4 1:22.59
704 5.3 0.4 1:22.62
704 0.0 0.4 1:22.64
704 0.0 0.4 1:22.66
704 0.0 0.4 1:22.67
704 0.0 0.4 1:22.69
704 0.0 0.4 1:22.71
704 0.0 0.4 1:22.73
704 5.0 0.4 1:22.76
704 5.0 0.4 1:22.78
704 5.6 0.4 1:22.80
704 0.0 0.4 1:22.82
704 5.3 0.4 1:22.84
704 0.0 0.4 1:22.86
704 5.3 0.4 1:22.88
704 0.0 0.4 1:22.89
704 0.0 0.4 1:22.91
704 0.0 0.4 1:22.93
704 5.6 0.4 1:22.95
704 5.0 0.4 1:22.97
704 5.6 0.4 1:22.99
704 0.0 0.4 1:23.01
704 0.0 0.4 1:23.03
704 0.0 0.4 1:23.04
704 0.0 0.4 1:23.06
704 5.6 0.4 1:23.08
704 5.6 0.4 1:23.10
704 0.0 0.4 1:23.11
704 0.0 0.4 1:23.13
704 5.6 0.4 1:23.15
704 0.0 0.4 1:23.17
704 5.6 0.4 1:23.20
704 0.0 0.4 1:23.21
704 0.0 0.4 1:23.24
704 0.0 0.4 1:23.25
704 5.6 0.4 1:23.27
704 0.0 0.4 1:23.28
704 0.0 0.4 1:23.30
704 0.0 0.4 1:23.32
704 0.0 0.4 1:23.34
704 0.0 0.4 1:23.36
704 0.0 0.4 1:23.37
704 5.6 0.4 1:23.40
704 0.0 0.4 1:23.42
704 0.0 0.4 1:23.43
704 5.6 0.4 1:23.46
704 0.0 0.4 1:23.48
704 0.0 0.4 1:23.49
704 5.0 0.4 1:23.51
704 0.0 0.4 1:23.52
704 0.0 0.4 1:23.54
704 0.0 0.4 1:23.56
704 5.6 0.4 1:23.59
704 0.0 0.4 1:23.60
704 0.0 0.4 1:23.62
704 0.0 0.4 1:23.64
704 0.0 0.4 1:23.66
704 0.0 0.4 1:23.68
704 0.0 0.4 1:23.70
704 0.0 0.4 1:23.72
7047 10.5 0.2 0:00.06
704 0.0 0.4 1:23.75
704 10.5 0.4 1:23.78
704 11.1 0.4 1:23.80
704 5.0 0.4 1:23.81
704 0.0 0.4 1:23.83
704 0.0 0.4 1:23.84
704 0.0 0.4 1:23.86
704 5.6 0.4 1:23.89
704 0.0 0.4 1:23.90
704 5.6 0.4 1:23.93
704 0.0 0.4 1:23.95
704 0.0 0.4 1:23.96
704 0.0 0.4 1:23.98
704 5.3 0.4 1:24.00
704 0.0 0.4 1:24.02
704 0.0 0.4 1:24.03
704 0.0 0.4 1:24.03
704 0.0 0.4 1:24.03
704 0.0 0.4 1:24.03
704 0.0 0.4 1:24.03
704 0.0 0.4 1:24.03
704 0.0 0.4 1:24.03
