704 0.0 0.4 0:20.90
704 5.6 0.4 0:20.95
704 0.0 0.4 0:20.98
704 5.3 0.4 0:21.02
704 5.3 0.4 0:21.06
704 0.0 0.4 0:21.10
704 0.0 0.4 0:21.14
704 0.0 0.4 0:21.18
704 5.3 0.4 0:21.22
704 0.0 0.4 0:21.25
704 4.8 0.4 0:21.29
704 5.3 0.4 0:21.33
704 5.3 0.4 0:21.37
704 5.3 0.4 0:21.41
704 5.3 0.4 0:21.45
704 5.3 0.4 0:21.49
704 5.3 0.4 0:21.53
704 0.0 0.4 0:21.57
704 0.0 0.4 0:21.61
704 0.0 0.4 0:21.65
704 0.0 0.4 0:21.68
704 0.0 0.4 0:21.71
704 5.3 0.4 0:21.75
704 0.0 0.4 0:21.78
704 0.0 0.4 0:21.82
704 5.3 0.4 0:21.86
704 5.3 0.4 0:21.90
704 5.6 0.4 0:21.94
KiB 1531704 avail Mem
KiB used, 476704 buff/cache
704 5.3 0.4 0:22.05
704 0.0 0.4 0:22.09
704 0.0 0.4 0:22.12
704 0.0 0.4 0:22.17
704 0.0 0.4 0:22.20
704 0.0 0.4 0:22.24
704 0.0 0.4 0:22.27
704 4.8 0.4 0:22.31
704 5.6 0.4 0:22.36
704 5.0 0.4 0:22.40
704 0.0 0.4 0:22.44
KiB used, 477040 buff/cache
704 5.6 0.4 0:22.52
704 10.5 0.4 0:22.57
704 5.6 0.4 0:22.61
704 5.3 0.4 0:22.64
704 0.0 0.4 0:22.68
704 5.6 0.4 0:22.73
704 5.0 0.4 0:22.77
704 5.6 0.4 0:22.80
704 0.0 0.4 0:22.83
704 5.6 0.4 0:22.88
704 0.0 0.4 0:22.91
704 5.3 0.4 0:22.96
704 0.0 0.4 0:22.99
704 5.3 0.4 0:23.03
704 10.5 0.4 0:23.08
704 0.0 0.4 0:23.11
704 0.0 0.4 0:23.14
704 0.0 0.4 0:23.18
704 0.0 0.4 0:23.23
704 0.0 0.4 0:23.27
704 0.0 0.4 0:23.31
704 5.3 0.4 0:23.36
704 5.3 0.4 0:23.40
704 5.3 0.4 0:23.44
704 5.0 0.4 0:23.48
704 5.3 0.4 0:23.51
704 5.6 0.4 0:23.54
704 11.1 0.4 0:23.59
704 0.0 0.4 0:23.61
704 5.3 0.4 0:23.67
704 0.0 0.4 0:23.70
704 0.0 0.4 0:23.74
704 5.0 0.4 0:23.77
704 5.6 0.4 0:23.81
704 5.6 0.4 0:23.85
704 0.0 0.4 0:23.88
704 0.0 0.4 0:23.89
704 0.0 0.4 0:23.89
704 0.0 0.4 0:23.89
704 0.0 0.4 0:23.89
704 0.0 0.4 0:23.89
704 0.0 0.4 0:23.89
704 0.0 0.4 0:23.89
704 0.0 0.4 0:23.89
