705 4.8 0.4 1:35.57
705 0.0 0.4 1:35.60
705 5.6 0.4 1:35.64
705 5.6 0.4 1:35.68
705 5.6 0.4 1:35.71
705 5.3 0.4 1:35.75
705 5.0 0.4 1:35.78
705 5.3 0.4 1:35.83
705 0.0 0.4 1:35.86
705 0.0 0.4 1:35.90
705 5.0 0.4 1:35.94
705 5.6 0.4 1:35.97
705 5.6 0.4 1:36.02
705 5.6 0.4 1:36.06
705 5.3 0.4 1:36.10
705 5.6 0.4 1:36.15
705 11.1 0.4 1:36.20
705 5.3 0.4 1:36.24
705 5.0 0.4 1:36.28
705 0.0 0.4 1:36.31
705 0.0 0.4 1:36.35
705 5.6 0.4 1:36.39
705 10.0 0.4 1:36.45
705 5.6 0.4 1:36.47
705 4.8 0.4 1:36.52
705 5.0 0.4 1:36.55
705 5.3 0.4 1:36.59
705 0.0 0.4 1:36.62
705 0.0 0.4 1:36.66
705 0.0 0.4 1:36.70
705 5.6 0.4 1:36.74
705 4.8 0.4 1:36.78
705 5.6 0.4 1:36.82
705 0.0 0.4 1:36.85
705 0.0 0.4 1:36.88
705 0.0 0.4 1:36.92
705 0.0 0.4 1:36.96
705 10.5 0.4 1:37.01
705 5.0 0.4 1:37.04
705 5.0 0.4 1:37.08
705 0.0 0.4 1:37.11
705 4.8 0.4 1:37.16
705 0.0 0.4 1:37.19
705 0.0 0.4 1:37.22
705 10.5 0.4 1:37.27
705 0.0 0.4 1:37.29
705 0.0 0.4 1:37.33
705 0.0 0.4 1:37.36
705 5.3 0.4 1:37.41
705 5.6 0.4 1:37.45
705 0.0 0.4 1:37.49
705 5.3 0.4 1:37.53
705 5.6 0.4 1:37.57
705 0.0 0.4 1:37.60
705 0.0 0.4 1:37.63
705 10.5 0.4 1:37.67
705 5.6 0.4 1:37.70
705 5.3 0.4 1:37.74
705 5.3 0.4 1:37.77
705 0.0 0.4 1:37.80
705 0.0 0.4 1:37.84
705 5.6 0.4 1:37.88
705 5.6 0.4 1:37.92
705 5.3 0.4 1:37.96
705 0.0 0.4 1:38.00
705 5.6 0.4 1:38.04
705 0.0 0.4 1:38.08
705 0.0 0.4 1:38.11
705 5.6 0.4 1:38.15
705 0.0 0.4 1:38.18
705 5.3 0.4 1:38.22
705 5.3 0.4 1:38.25
705 0.0 0.4 1:38.28
705 5.3 0.4 1:38.32
705 5.6 0.4 1:38.36
705 0.0 0.4 1:38.39
705 11.1 0.4 1:38.44
705 0.0 0.4 1:38.47
705 5.6 0.4 1:38.52
705 0.0 0.4 1:38.52
705 0.0 0.4 1:38.52
705 0.0 0.4 1:38.52
705 0.0 0.4 1:38.52
27054 16.7 0.2 0:00.03
705 0.0 0.4 1:38.52
705 0.0 0.4 1:38.52
705 0.0 0.4 1:38.52
705 0.0 0.4 1:38.52
705 0.0 0.4 1:38.52
705 0.0 0.4 1:38.52
705 0.0 0.4 1:38.52
705 0.0 0.4 1:38.52
