705 5.3 0.4 1:29.64
705 5.0 0.4 1:29.68
705 5.6 0.4 1:29.72
705 5.6 0.4 1:29.75
705 5.3 0.4 1:29.78
705 0.0 0.4 1:29.81
705 0.0 0.4 1:29.84
705 0.0 0.4 1:29.87
705 5.3 0.4 1:29.90
705 0.0 0.4 1:29.93
705 0.0 0.4 1:29.98
705 0.0 0.4 1:30.00
705 4.8 0.4 1:30.04
705 5.3 0.4 1:30.07
705 0.0 0.4 1:30.10
705 5.6 0.4 1:30.14
705 5.3 0.4 1:30.18
705 5.3 0.4 1:30.21
KiB used, 507052 buff/cache
705 0.0 0.4 1:30.27
705 5.6 0.4 1:30.31
705 5.3 0.4 1:30.35
705 5.6 0.4 1:30.39
17054 15.8 0.2 0:00.03
705 5.6 0.4 1:30.45
705 5.3 0.4 1:30.49
705 0.0 0.4 1:30.53
705 10.5 0.4 1:30.58
705 5.3 0.4 1:30.62
705 10.5 0.4 1:30.67
705 5.0 0.4 1:30.70
705 4.8 0.4 1:30.74
705 5.6 0.4 1:30.77
705 0.0 0.4 1:30.81
705 5.6 0.4 1:30.85
705 5.6 0.4 1:30.88
705 5.3 0.4 1:30.92
705 5.0 0.4 1:30.96
705 0.0 0.4 1:30.99
705 11.1 0.4 1:31.04
705 5.3 0.4 1:31.07
705 5.3 0.4 1:31.11
705 0.0 0.4 1:31.15
705 5.3 0.4 1:31.20
705 5.6 0.4 1:31.24
705 4.8 0.4 1:31.27
705 5.3 0.4 1:31.31
705 4.8 0.4 1:31.35
705 5.3 0.4 1:31.39
705 5.6 0.4 1:31.43
705 5.3 0.4 1:31.47
705 0.0 0.4 1:31.51
705 4.8 0.4 1:31.55
705 5.0 0.4 1:31.59
705 5.6 0.4 1:31.62
705 5.3 0.4 1:31.67
705 0.0 0.4 1:31.70
705 5.0 0.4 1:31.74
705 0.0 0.4 1:31.77
705 5.3 0.4 1:31.82
705 5.3 0.4 1:31.86
705 0.0 0.4 1:31.90
705 0.0 0.4 1:31.94
705 11.1 0.4 1:31.99
KiB used, 507832 buff/cache
705 0.0 0.4 1:32.05
705 0.0 0.4 1:32.09
705 5.0 0.4 1:32.13
705 0.0 0.4 1:32.16
705 0.0 0.4 1:32.19
705 5.0 0.4 1:32.25
705 5.9 0.4 1:32.29
705 5.6 0.4 1:32.33
705 5.3 0.4 1:32.36
705 0.0 0.4 1:32.40
705 5.6 0.4 1:32.44
705 5.3 0.4 1:32.47
705 0.0 0.4 1:32.50
705 0.0 0.4 1:32.53
705 0.0 0.4 1:32.54
705 0.0 0.4 1:32.54
705 0.0 0.4 1:32.54
705 0.0 0.4 1:32.54
705 0.0 0.4 1:32.54
705 0.0 0.4 1:32.54
705 0.0 0.4 1:32.54
705 0.0 0.4 1:32.54
705 0.0 0.4 1:32.54
705 0.0 0.4 1:32.54
705 0.0 0.4 1:32.54
