706 0.0 0.4 1:18.39
706 0.0 0.4 1:18.41
706 0.0 0.4 1:18.43
706 5.3 0.4 1:18.46
706 0.0 0.4 1:18.47
706 0.0 0.4 1:18.50
706 5.3 0.4 1:18.53
706 0.0 0.4 1:18.55
706 5.6 0.4 1:18.58
706 0.0 0.4 1:18.60
706 4.5 0.4 1:18.62
706 0.0 0.4 1:18.64
706 5.6 0.4 1:18.67
706 0.0 0.4 1:18.69
706 5.6 0.4 1:18.71
706 4.5 0.4 1:18.73
706 5.6 0.4 1:18.75
706 0.0 0.4 1:18.77
706 0.0 0.4 1:18.79
706 0.0 0.4 1:18.81
706 0.0 0.4 1:18.83
706 0.0 0.4 1:18.85
706 5.0 0.4 1:18.88
706 0.0 0.4 1:18.90
706 0.0 0.4 1:18.92
706 0.0 0.4 1:18.94
706 0.0 0.4 1:18.97
706 5.6 0.4 1:18.99
706 0.0 0.4 1:19.01
706 5.3 0.4 1:19.04
706 5.3 0.4 1:19.06
706 5.3 0.4 1:19.08
706 0.0 0.4 1:19.09
706 5.6 0.4 1:19.12
706 0.0 0.4 1:19.14
706 0.0 0.4 1:19.16
706 5.3 0.4 1:19.19
706 0.0 0.4 1:19.22
706 5.3 0.4 1:19.23
706 0.0 0.4 1:19.25
706 0.0 0.4 1:19.27
706 0.0 0.4 1:19.29
706 0.0 0.4 1:19.31
19706 26.3 0.2 0:00.05
706 5.3 0.4 1:19.37
706 0.0 0.4 1:19.39
706 5.6 0.4 1:19.42
706 5.3 0.4 1:19.44
706 0.0 0.4 1:19.46
706 0.0 0.4 1:19.47
706 0.0 0.4 1:19.50
706 5.3 0.4 1:19.53
706 0.0 0.4 1:19.55
706 5.3 0.4 1:19.58
706 5.3 0.4 1:19.60
706 0.0 0.4 1:19.62
706 0.0 0.4 1:19.64
706 0.0 0.4 1:19.66
706 0.0 0.4 1:19.68
706 0.0 0.4 1:19.70
706 0.0 0.4 1:19.73
706 5.3 0.4 1:19.76
706 0.0 0.4 1:19.78
706 5.6 0.4 1:19.81
706 0.0 0.4 1:19.82
706 5.0 0.4 1:19.85
706 0.0 0.4 1:19.86
706 5.6 0.4 1:19.89
706 0.0 0.4 1:19.91
706 0.0 0.4 1:19.93
706 0.0 0.4 1:19.95
706 5.6 0.4 1:19.98
706 5.6 0.4 1:20.00
706 5.3 0.4 1:20.03
706 5.3 0.4 1:20.05
706 0.0 0.4 1:20.07
706 0.0 0.4 1:20.09
706 5.3 0.4 1:20.12
706 0.0 0.4 1:20.14
706 0.0 0.4 1:20.15
706 0.0 0.4 1:20.15
706 0.0 0.4 1:20.15
706 0.0 0.4 1:20.15
706 0.0 0.4 1:20.15
706 0.0 0.4 1:20.15
