706 0.0 0.4 0:25.22
706 5.3 0.4 0:25.26
706 5.3 0.4 0:25.31
706 4.3 0.4 0:25.35
706 5.6 0.4 0:25.39
706 0.0 0.4 0:25.43
706 0.0 0.4 0:25.46
706 5.0 0.4 0:25.51
706 0.0 0.4 0:25.55
706 0.0 0.4 0:25.59
706 5.3 0.4 0:25.64
706 5.0 0.4 0:25.68
706 10.5 0.4 0:25.73
706 5.6 0.4 0:25.77
706 5.6 0.4 0:25.81
706 5.3 0.4 0:25.86
706 11.8 0.4 0:25.92
706 5.6 0.4 0:25.96
706 5.0 0.4 0:26.01
706 4.8 0.4 0:26.06
706 0.0 0.4 0:26.10
706 0.0 0.4 0:26.13
706 0.0 0.4 0:26.17
706 5.6 0.4 0:26.22
706 5.6 0.4 0:26.26
706 5.6 0.4 0:26.30
706 0.0 0.4 0:26.34
706 4.8 0.4 0:26.39
706 0.0 0.4 0:26.42
706 4.5 0.4 0:26.46
706 5.0 0.4 0:26.51
706 0.0 0.4 0:26.55
706 0.0 0.4 0:26.59
706 4.5 0.4 0:26.63
706 5.6 0.4 0:26.67
706 0.0 0.4 0:26.70
706 5.3 0.4 0:26.75
706 5.6 0.4 0:26.79
706 5.6 0.4 0:26.83
706 0.0 0.4 0:26.86
706 5.0 0.4 0:26.91
706 5.6 0.4 0:26.96
706 5.3 0.4 0:27.01
706 5.3 0.4 0:27.05
706 5.6 0.4 0:27.09
706 5.9 0.4 0:27.13
706 5.3 0.4 0:27.17
706 5.6 0.4 0:27.21
706 5.3 0.4 0:27.25
706 5.0 0.4 0:27.28
706 5.6 0.4 0:27.32
706 5.6 0.4 0:27.37
706 0.0 0.4 0:27.41
706 0.0 0.4 0:27.44
706 5.6 0.4 0:27.48
706 5.3 0.4 0:27.52
706 0.0 0.4 0:27.56
706 5.6 0.4 0:27.60
706 5.3 0.4 0:27.64
706 5.6 0.4 0:27.68
26706 15.8 0.2 0:00.05
706 4.5 0.4 0:27.77
706 0.0 0.4 0:27.80
706 10.5 0.4 0:27.87
706 0.0 0.4 0:27.89
706 0.0 0.4 0:27.93
706 5.3 0.4 0:27.97
706 5.6 0.4 0:28.02
27066 17.4 0.2 0:00.04
706 4.8 0.4 0:28.09
706 0.0 0.4 0:28.13
706 0.0 0.4 0:28.17
706 4.8 0.4 0:28.21
706 0.0 0.4 0:28.24
706 5.6 0.4 0:28.28
706 0.0 0.4 0:28.31
706 4.8 0.4 0:28.36
706 9.1 0.4 0:28.41
706 0.0 0.4 0:28.41
706 0.0 0.4 0:28.42
706 0.0 0.4 0:28.42
706 0.0 0.4 0:28.42
706 0.0 0.4 0:28.42
706 0.0 0.4 0:28.42
706 0.0 0.4 0:28.42
706 0.0 0.4 0:28.42
706 0.0 0.4 0:28.42
706 0.0 0.4 0:28.42
706 0.0 0.4 0:28.42
706 0.0 0.4 0:28.42
