706 0.0 0.4 1:03.71
706 0.0 0.4 1:03.74
706 5.3 0.4 1:03.77
706 5.3 0.4 1:03.79
706 0.0 0.4 1:03.80
706 0.0 0.4 1:03.83
706 0.0 0.4 1:03.86
706 0.0 0.4 1:03.88
706 0.0 0.4 1:03.90
706 0.0 0.4 1:03.93
706 0.0 0.4 1:03.95
706 5.9 0.4 1:03.98
706 5.3 0.4 1:04.00
706 0.0 0.4 1:04.02
706 0.0 0.4 1:04.04
706 0.0 0.4 1:04.06
706 5.6 0.4 1:04.09
706 0.0 0.4 1:04.12
706 0.0 0.4 1:04.15
706 0.0 0.4 1:04.17
706 0.0 0.4 1:04.19
706 5.3 0.4 1:04.23
706 5.6 0.4 1:04.25
706 0.0 0.4 1:04.27
706 0.0 0.4 1:04.29
706 0.0 0.4 1:04.31
706 4.8 0.4 1:04.34
706 5.0 0.4 1:04.36
706 0.0 0.4 1:04.38
706 4.3 0.4 1:04.41
706 0.0 0.4 1:04.43
706 0.0 0.4 1:04.45
706 5.3 0.4 1:04.48
706 5.6 0.4 1:04.51
706 0.0 0.4 1:04.53
706 0.0 0.4 1:04.55
706 0.0 0.4 1:04.57
706 0.0 0.4 1:04.59
706 5.0 0.4 1:04.62
706 0.0 0.4 1:04.64
706 0.0 0.4 1:04.66
706 0.0 0.4 1:04.69
706 0.0 0.4 1:04.71
706 0.0 0.4 1:04.74
706 0.0 0.4 1:04.75
706 0.0 0.4 1:04.78
706 0.0 0.4 1:04.80
706 0.0 0.4 1:04.83
706 0.0 0.4 1:04.85
706 0.0 0.4 1:04.88
706 0.0 0.4 1:04.90
706 0.0 0.4 1:04.92
706 0.0 0.4 1:04.95
706 5.6 0.4 1:04.98
706 0.0 0.4 1:05.00
706 0.0 0.4 1:05.03
706 0.0 0.4 1:05.04
706 5.0 0.4 1:05.07
706 0.0 0.4 1:05.08
706 5.3 0.4 1:05.11
706 0.0 0.4 1:05.13
706 5.3 0.4 1:05.16
706 0.0 0.4 1:05.18
706 0.0 0.4 1:05.21
706 0.0 0.4 1:05.24
706 0.0 0.4 1:05.26
706 5.3 0.4 1:05.29
706 5.6 0.4 1:05.31
706 5.6 0.4 1:05.34
706 5.6 0.4 1:05.37
706 0.0 0.4 1:05.40
706 0.0 0.4 1:05.43
706 0.0 0.4 1:05.45
706 5.3 0.4 1:05.48
706 0.0 0.4 1:05.50
706 11.1 0.4 1:05.54
706 5.6 0.4 1:05.56
706 0.0 0.4 1:05.58
706 0.0 0.4 1:05.60
706 5.6 0.4 1:05.62
706 0.0 0.4 1:05.62
706 0.0 0.4 1:05.62
706 0.0 0.4 1:05.62
706 0.0 0.4 1:05.62
706 0.0 0.4 1:05.62
706 0.0 0.4 1:05.62
706 0.0 0.4 1:05.62
706 0.0 0.4 1:05.62
706 0.0 0.4 1:05.62
