706 0.0 0.4 1:07.52
706 0.0 0.4 1:07.54
706 0.0 0.4 1:07.56
706 0.0 0.4 1:07.58
706 5.0 0.4 1:07.61
706 0.0 0.4 1:07.63
706 0.0 0.4 1:07.65
706 0.0 0.4 1:07.67
706 0.0 0.4 1:07.70
706 0.0 0.4 1:07.72
706 5.6 0.4 1:07.75
706 0.0 0.4 1:07.77
706 0.0 0.4 1:07.81
706 0.0 0.4 1:07.83
706 4.8 0.4 1:07.86
706 10.5 0.4 1:07.89
706 0.0 0.4 1:07.90
706 0.0 0.4 1:07.92
706 5.0 0.4 1:07.95
706 0.0 0.4 1:07.97
706 0.0 0.4 1:07.99
706 4.8 0.4 1:08.02
706 4.8 0.4 1:08.04
706 5.6 0.4 1:08.06
706 0.0 0.4 1:08.07
706 5.0 0.4 1:08.10
706 0.0 0.4 1:08.12
706 5.6 0.4 1:08.15
706 0.0 0.4 1:08.17
28706 16.7 0.2 0:00.03
706 5.6 0.4 1:08.22
706 0.0 0.4 1:08.25
706 0.0 0.4 1:08.27
706 5.6 0.4 1:08.30
706 5.6 0.4 1:08.32
706 5.3 0.4 1:08.35
706 5.6 0.4 1:08.38
706 0.0 0.4 1:08.40
706 5.0 0.4 1:08.43
706 0.0 0.4 1:08.45
706 5.6 0.4 1:08.48
706 0.0 0.4 1:08.50
706 0.0 0.4 1:08.53
706 0.0 0.4 1:08.55
706 0.0 0.4 1:08.58
706 0.0 0.4 1:08.60
706 0.0 0.4 1:08.62
706 0.0 0.4 1:08.64
706 0.0 0.4 1:08.66
706 0.0 0.4 1:08.69
706 0.0 0.4 1:08.71
706 5.0 0.4 1:08.74
706 5.0 0.4 1:08.76
706 0.0 0.4 1:08.78
706 0.0 0.4 1:08.81
706 0.0 0.4 1:08.82
706 0.0 0.4 1:08.85
706 0.0 0.4 1:08.88
706 5.9 0.4 1:08.90
706 0.0 0.4 1:08.93
706 0.0 0.4 1:08.94
706 0.0 0.4 1:08.96
706 0.0 0.4 1:08.99
706 5.6 0.4 1:09.02
706 0.0 0.4 1:09.05
706 5.6 0.4 1:09.08
706 0.0 0.4 1:09.10
706 5.6 0.4 1:09.13
706 5.6 0.4 1:09.16
706 0.0 0.4 1:09.18
706 5.6 0.4 1:09.21
706 0.0 0.4 1:09.24
706 5.9 0.4 1:09.27
706 0.0 0.4 1:09.29
706 11.1 0.4 1:09.33
706 0.0 0.4 1:09.33
706 0.0 0.4 1:09.37
706 0.0 0.4 1:09.39
706 5.3 0.4 1:09.42
706 0.0 0.4 1:09.42
706 0.0 0.4 1:09.42
706 0.0 0.4 1:09.42
706 0.0 0.4 1:09.42
706 0.0 0.4 1:09.42
706 0.0 0.4 1:09.42
706 0.0 0.4 1:09.42
706 0.0 0.4 1:09.42
706 0.0 0.4 1:09.42
