706 5.3 0.4 0:31.57
706 0.0 0.4 0:31.62
706 0.0 0.4 0:31.66
706 5.3 0.4 0:31.70
706 4.3 0.4 0:31.75
706 0.0 0.4 0:31.78
706 5.6 0.4 0:31.83
706 5.3 0.4 0:31.87
706 5.3 0.4 0:31.91
706 5.3 0.4 0:31.95
706 5.0 0.4 0:31.99
706 0.0 0.4 0:32.03
706 9.5 0.4 0:32.09
706 0.0 0.4 0:32.12
706 4.8 0.4 0:32.16
706 5.6 0.4 0:32.20
706 0.0 0.4 0:32.24
706 10.5 0.4 0:32.30
706 0.0 0.4 0:32.33
706 5.6 0.4 0:32.37
706 0.0 0.4 0:32.40
706 4.8 0.4 0:32.45
706 0.0 0.4 0:32.48
706 5.6 0.4 0:32.52
KiB 1527068 avail Mem
706 5.6 0.4 0:32.61
706 5.3 0.4 0:32.65
706 5.3 0.4 0:32.70
706 5.3 0.4 0:32.74
706 5.3 0.4 0:32.78
706 0.0 0.4 0:32.82
706 0.0 0.4 0:32.85
706 0.0 0.4 0:32.89
706 0.0 0.4 0:32.93
706 5.6 0.4 0:32.97
706 5.6 0.4 0:33.01
706 5.6 0.4 0:33.04
706 5.6 0.4 0:33.08
706 5.6 0.4 0:33.12
706 5.3 0.4 0:33.16
706 5.3 0.4 0:33.20
706 0.0 0.4 0:33.24
706 4.8 0.4 0:33.28
706 4.3 0.4 0:33.32
706 11.1 0.4 0:33.37
706 5.3 0.4 0:33.40
706 5.3 0.4 0:33.44
706 5.6 0.4 0:33.48
706 5.6 0.4 0:33.52
706 5.3 0.4 0:33.55
706 0.0 0.4 0:33.59
706 5.6 0.4 0:33.63
706 5.6 0.4 0:33.67
706 5.6 0.4 0:33.71
706 5.3 0.4 0:33.75
706 4.5 0.4 0:33.80
706 5.6 0.4 0:33.84
706 5.6 0.4 0:33.88
706 0.0 0.4 0:33.92
706 0.0 0.4 0:33.97
706 5.6 0.4 0:34.01
706 0.0 0.4 0:34.05
706 5.3 0.4 0:34.10
706 0.0 0.4 0:34.13
706 0.0 0.4 0:34.17
706 5.9 0.4 0:34.20
706 0.0 0.4 0:34.24
706 0.0 0.4 0:34.28
706 5.3 0.4 0:34.32
706 0.0 0.4 0:34.35
706 0.0 0.4 0:34.39
706 5.3 0.4 0:34.43
706 5.6 0.4 0:34.47
706 5.3 0.4 0:34.51
706 5.0 0.4 0:34.57
706 5.6 0.4 0:34.62
706 5.3 0.4 0:34.68
706 0.0 0.4 0:34.71
706 0.0 0.4 0:34.72
706 0.0 0.4 0:34.72
706 0.0 0.4 0:34.72
706 0.0 0.4 0:34.72
706 0.0 0.4 0:34.72
706 0.0 0.4 0:34.72
706 0.0 0.4 0:34.72
706 0.0 0.4 0:34.72
706 0.0 0.4 0:34.72
706 0.0 0.4 0:34.72
706 0.0 0.4 0:34.72
706 0.0 0.4 0:34.72
706 0.0 0.4 0:34.72
706 0.0 0.4 0:34.72
706 0.0 0.4 0:34.72
706 0.0 0.4 0:34.72
706 0.0 0.4 0:34.72
706 0.0 0.4 0:34.72
