706 0.0 0.4 0:37.95
706 0.0 0.4 0:37.98
706 0.0 0.4 0:38.01
706 5.3 0.4 0:38.05
706 5.6 0.4 0:38.09
706 5.6 0.4 0:38.12
706 5.3 0.4 0:38.15
706 5.6 0.4 0:38.18
706 0.0 0.4 0:38.21
706 0.0 0.4 0:38.24
706 0.0 0.4 0:38.28
7706 21.1 0.2 0:00.04
706 5.6 0.4 0:38.35
706 0.0 0.4 0:38.38
706 4.8 0.4 0:38.42
706 0.0 0.4 0:38.45
706 5.6 0.4 0:38.49
706 0.0 0.4 0:38.52
706 5.0 0.4 0:38.56
706 0.0 0.4 0:38.58
706 5.6 0.4 0:38.62
706 0.0 0.4 0:38.65
706 0.0 0.4 0:38.69
706 10.5 0.4 0:38.74
706 5.6 0.4 0:38.77
706 5.6 0.4 0:38.79
706 0.0 0.4 0:38.82
706 0.0 0.4 0:38.86
706 0.0 0.4 0:38.89
706 5.3 0.4 0:38.92
706 0.0 0.4 0:38.96
706 5.6 0.4 0:38.99
706 5.6 0.4 0:39.02
706 0.0 0.4 0:39.05
706 0.0 0.4 0:39.08
8706 16.7 0.2 0:00.03
706 0.0 0.4 0:39.15
706 5.0 0.4 0:39.18
706 0.0 0.4 0:39.20
706 4.5 0.4 0:39.24
706 5.6 0.4 0:39.27
706 0.0 0.4 0:39.30
706 0.0 0.4 0:39.34
706 5.3 0.4 0:39.37
706 5.3 0.4 0:39.41
706 5.3 0.4 0:39.44
706 0.0 0.4 0:39.47
706 5.9 0.4 0:39.51
706 4.8 0.4 0:39.54
706 0.0 0.4 0:39.57
706 0.0 0.4 0:39.60
706 5.6 0.4 0:39.64
706 0.0 0.4 0:39.68
706 4.5 0.4 0:39.72
706 0.0 0.4 0:39.75
706 0.0 0.4 0:39.78
706 5.6 0.4 0:39.82
706 0.0 0.4 0:39.85
706 0.0 0.4 0:39.88
706 0.0 0.4 0:39.91
706 5.6 0.4 0:39.94
706 5.6 0.4 0:39.98
706 0.0 0.4 0:40.01
706 0.0 0.4 0:40.03
706 0.0 0.4 0:40.07
706 5.6 0.4 0:40.10
706 0.0 0.4 0:40.13
706 0.0 0.4 0:40.16
706 0.0 0.4 0:40.19
706 5.6 0.4 0:40.23
706 5.6 0.4 0:40.26
706 0.0 0.4 0:40.29
706 0.0 0.4 0:40.32
706 5.6 0.4 0:40.35
706 5.6 0.4 0:40.38
706 0.0 0.4 0:40.41
706 10.5 0.4 0:40.46
706 5.3 0.4 0:40.48
706 0.0 0.4 0:40.50
706 0.0 0.4 0:40.50
706 0.0 0.4 0:40.50
706 0.0 0.4 0:40.50
706 0.0 0.4 0:40.50
706 0.0 0.4 0:40.50
706 0.0 0.4 0:40.50
706 0.0 0.4 0:40.50
706 0.0 0.4 0:40.50
706 0.0 0.4 0:40.50
706 0.0 0.4 0:40.50
706 0.0 0.4 0:40.50
706 0.0 0.4 0:40.50
706 0.0 0.4 0:40.50
706 0.0 0.4 0:40.50
706 0.0 0.4 0:40.50
706 0.0 0.4 0:40.50
