707 10.5 0.4 0:28.20
707 0.0 0.4 0:28.25
707 5.3 0.4 0:28.29
707 5.6 0.4 0:28.33
707 5.6 0.4 0:28.38
707 5.3 0.4 0:28.42
707 9.5 0.4 0:28.47
707 0.0 0.4 0:28.51
707 0.0 0.4 0:28.56
707 0.0 0.4 0:28.59
707 5.3 0.4 0:28.64
707 5.6 0.4 0:28.69
707 0.0 0.4 0:28.72
707 10.5 0.4 0:28.78
707 5.3 0.4 0:28.82
707 4.5 0.4 0:28.87
707 5.9 0.4 0:28.90
707 5.6 0.4 0:28.95
707 0.0 0.4 0:28.99
707 0.0 0.4 0:29.03
707 5.3 0.4 0:29.08
707 0.0 0.4 0:29.11
707 5.6 0.4 0:29.16
707 0.0 0.4 0:29.20
707 0.0 0.4 0:29.24
707 5.0 0.4 0:29.28
707 4.0 0.4 0:29.32
707 0.0 0.4 0:29.36
707 5.3 0.4 0:29.41
707 11.1 0.4 0:29.47
707 5.3 0.4 0:29.51
707 5.6 0.4 0:29.55
707 4.8 0.4 0:29.60
707 11.1 0.4 0:29.66
707 5.6 0.4 0:29.70
707 0.0 0.4 0:29.74
707 5.9 0.4 0:29.79
707 5.6 0.4 0:29.83
707 0.0 0.4 0:29.88
707 0.0 0.4 0:29.91
707 9.1 0.4 0:29.96
707 5.6 0.4 0:30.00
707 5.6 0.4 0:30.04
707 5.3 0.4 0:30.08
707 5.3 0.4 0:30.13
707 5.6 0.4 0:30.18
707 5.6 0.4 0:30.23
707 5.3 0.4 0:30.28
707 5.6 0.4 0:30.32
707 5.6 0.4 0:30.37
707 5.6 0.4 0:30.42
707 0.0 0.4 0:30.47
707 4.2 0.4 0:30.51
707 4.5 0.4 0:30.57
707 0.0 0.4 0:30.60
707 10.0 0.4 0:30.66
707 5.0 0.4 0:30.70
707 5.6 0.4 0:30.75
707 5.6 0.4 0:30.80
707 0.0 0.4 0:30.86
707 4.8 0.4 0:30.91
707 0.0 0.4 0:30.95
707 0.0 0.4 0:30.98
707 5.6 0.4 0:31.03
707 4.5 0.4 0:31.07
707 4.3 0.4 0:31.11
707 0.0 0.4 0:31.15
707 11.1 0.4 0:31.21
707 5.6 0.4 0:31.25
27075 15.8 0.2 0:00.05
707 5.6 0.4 0:31.35
707 0.0 0.4 0:31.40
707 0.0 0.4 0:31.43
707 5.6 0.4 0:31.48
707 4.5 0.4 0:31.54
707 5.6 0.4 0:31.59
707 0.0 0.4 0:31.62
707 5.6 0.4 0:31.67
707 0.0 0.4 0:31.69
707 0.0 0.4 0:31.69
707 0.0 0.4 0:31.69
707 0.0 0.4 0:31.69
707 0.0 0.4 0:31.69
707 0.0 0.4 0:31.69
707 0.0 0.4 0:31.69
707 0.0 0.4 0:31.69
707 0.0 0.4 0:31.69
707 0.0 0.4 0:31.69
707 0.0 0.4 0:31.69
707 0.0 0.4 0:31.69
