707 0.0 0.4 1:26.04
707 4.8 0.4 1:26.07
707 0.0 0.4 1:26.09
707 0.0 0.4 1:26.11
707 0.0 0.4 1:26.13
707 0.0 0.4 1:26.15
707 4.8 0.4 1:26.18
707 0.0 0.4 1:26.20
707 0.0 0.4 1:26.23
707 5.9 0.4 1:26.27
707 0.0 0.4 1:26.30
707 0.0 0.4 1:26.32
707 0.0 0.4 1:26.34
707 5.3 0.4 1:26.37
707 4.8 0.4 1:26.40
707 5.6 0.4 1:26.42
707 5.6 0.4 1:26.45
707 5.3 0.4 1:26.48
707 0.0 0.4 1:26.51
707 5.6 0.4 1:26.53
707 0.0 0.4 1:26.55
707 0.0 0.4 1:26.57
707 0.0 0.4 1:26.59
707 0.0 0.4 1:26.61
707 0.0 0.4 1:26.63
707 5.3 0.4 1:26.66
707 0.0 0.4 1:26.68
707 5.6 0.4 1:26.71
707 0.0 0.4 1:26.74
707 0.0 0.4 1:26.76
707 0.0 0.4 1:26.78
707 5.6 0.4 1:26.81
707 0.0 0.4 1:26.83
707 10.0 0.4 1:26.87
707 0.0 0.4 1:26.88
707 5.6 0.4 1:26.91
707 0.0 0.4 1:26.93
707 4.5 0.4 1:26.96
707 5.6 0.4 1:26.98
707 0.0 0.4 1:27.00
707 5.6 0.4 1:27.03
707 0.0 0.4 1:27.05
707 0.0 0.4 1:27.07
707 5.6 0.4 1:27.10
707 0.0 0.4 1:27.12
707 5.6 0.4 1:27.15
707 0.0 0.4 1:27.17
707 0.0 0.4 1:27.19
707 0.0 0.4 1:27.21
707 5.0 0.4 1:27.24
707 5.6 0.4 1:27.27
707 0.0 0.4 1:27.29
707 5.6 0.4 1:27.32
707 0.0 0.4 1:27.35
707 5.6 0.4 1:27.38
707 0.0 0.4 1:27.40
707 0.0 0.4 1:27.43
707 5.6 0.4 1:27.46
707 0.0 0.4 1:27.48
707 5.6 0.4 1:27.51
16707 11.1 0.2 0:00.04
707 5.6 0.4 1:27.56
707 5.6 0.4 1:27.58
707 0.0 0.4 1:27.61
707 5.6 0.4 1:27.63
707 0.0 0.4 1:27.65
707 5.9 0.4 1:27.68
707 5.6 0.4 1:27.70
707 0.0 0.4 1:27.72
17077 10.5 0.2 0:00.06
707 5.6 0.4 1:27.78
707 5.3 0.4 1:27.81
707 5.6 0.4 1:27.84
707 0.0 0.4 1:27.86
707 4.8 0.4 1:27.89
707 0.0 0.4 1:27.91
707 0.0 0.4 1:27.94
707 5.6 0.4 1:27.97
707 0.0 0.4 1:27.99
707 0.0 0.4 1:28.00
707 0.0 0.4 1:28.00
707 0.0 0.4 1:28.00
707 0.0 0.4 1:28.00
707 0.0 0.4 1:28.00
707 0.0 0.4 1:28.00
707 0.0 0.4 1:28.00
707 0.0 0.4 1:28.00
