707 0.0 0.4 1:22.13
707 0.0 0.4 1:22.15
707 5.3 0.4 1:22.18
7075 16.7 0.2 0:00.03
707 0.0 0.4 1:22.23
707 0.0 0.4 1:22.26
707 5.3 0.4 1:22.28
707 5.6 0.4 1:22.31
707 11.1 0.4 1:22.34
707 0.0 0.4 1:22.36
707 5.0 0.4 1:22.39
707 0.0 0.4 1:22.41
707 5.6 0.4 1:22.43
707 0.0 0.4 1:22.45
707 5.6 0.4 1:22.48
707 0.0 0.4 1:22.51
707 0.0 0.4 1:22.53
707 5.6 0.4 1:22.55
707 5.6 0.4 1:22.58
707 5.0 0.4 1:22.60
707 0.0 0.4 1:22.62
707 0.0 0.4 1:22.64
707 5.6 0.4 1:22.67
707 0.0 0.4 1:22.69
707 0.0 0.4 1:22.72
707 0.0 0.4 1:22.74
707 0.0 0.4 1:22.77
707 0.0 0.4 1:22.79
707 5.6 0.4 1:22.82
707 0.0 0.4 1:22.85
707 5.3 0.4 1:22.88
707 0.0 0.4 1:22.90
707 0.0 0.4 1:22.93
707 5.3 0.4 1:22.95
707 0.0 0.4 1:22.97
707 0.0 0.4 1:23.00
707 0.0 0.4 1:23.02
707 5.3 0.4 1:23.06
707 0.0 0.4 1:23.08
707 0.0 0.4 1:23.10
707 0.0 0.4 1:23.12
707 0.0 0.4 1:23.15
707 0.0 0.4 1:23.17
8707 11.1 0.2 0:00.04
707 0.0 0.4 1:23.23
707 5.6 0.4 1:23.26
707 0.0 0.4 1:23.28
707 0.0 0.4 1:23.31
707 0.0 0.4 1:23.33
707 0.0 0.4 1:23.35
707 0.0 0.4 1:23.38
707 5.6 0.4 1:23.41
707 0.0 0.4 1:23.43
707 0.0 0.4 1:23.46
707 0.0 0.4 1:23.49
707 0.0 0.4 1:23.51
707 0.0 0.4 1:23.54
707 0.0 0.4 1:23.57
707 0.0 0.4 1:23.59
707 5.6 0.4 1:23.62
707 0.0 0.4 1:23.64
707 0.0 0.4 1:23.67
707 5.6 0.4 1:23.70
707 0.0 0.4 1:23.71
707 0.0 0.4 1:23.73
707 0.0 0.4 1:23.75
707 0.0 0.4 1:23.78
707 5.6 0.4 1:23.82
707 5.6 0.4 1:23.84
707 0.0 0.4 1:23.86
707 0.0 0.4 1:23.89
707 4.8 0.4 1:23.92
707 5.3 0.4 1:23.95
707 0.0 0.4 1:23.97
707 0.0 0.4 1:23.99
707 5.6 0.4 1:24.02
707 5.6 0.4 1:24.04
707 0.0 0.4 1:24.06
707 5.3 0.4 1:24.09
707 0.0 0.4 1:24.09
707 0.0 0.4 1:24.09
707 0.0 0.4 1:24.09
707 0.0 0.4 1:24.09
707 0.0 0.4 1:24.09
707 0.0 0.4 1:24.09
