707 0.0 0.4 0:19.86
707 5.0 0.4 0:19.93
707 10.5 0.4 0:19.99
707 10.5 0.4 0:20.05
707 5.6 0.4 0:20.11
707 10.5 0.4 0:20.19
707 5.6 0.4 0:20.24
707 10.5 0.4 0:20.32
707 5.6 0.4 0:20.37
707 5.6 0.4 0:20.43
707 15.8 0.4 0:20.52
707 16.7 0.4 0:20.58
707 8.7 0.4 0:20.65
707 3.8 0.4 0:20.72
707 5.3 0.4 0:20.77
707 0.0 0.4 0:20.84
707 5.6 0.4 0:20.90
707 11.1 0.4 0:20.97
707 5.6 0.4 0:21.03
707 5.3 0.4 0:21.09
707 5.6 0.4 0:21.15
707 4.5 0.4 0:21.24
707 5.6 0.4 0:21.29
707 7.7 0.4 0:21.36
707 5.9 0.4 0:21.40
707 5.6 0.4 0:21.46
707 5.6 0.4 0:21.51
707 11.1 0.4 0:21.58
707 5.3 0.4 0:21.63
707 5.3 0.4 0:21.71
707 11.1 0.4 0:21.77
707 5.6 0.4 0:21.84
707 5.0 0.4 0:21.90
707 11.1 0.4 0:21.96
707 0.0 0.4 0:22.01
707 0.0 0.4 0:22.08
707 11.1 0.4 0:22.14
707 5.3 0.4 0:22.19
707 11.1 0.4 0:22.27
707 5.3 0.4 0:22.32
707 11.1 0.4 0:22.38
707 5.6 0.4 0:22.44
707 0.0 0.4 0:22.49
707 10.5 0.4 0:22.55
707 5.6 0.4 0:22.60
707 10.5 0.4 0:22.68
707 5.6 0.4 0:22.74
707 5.6 0.4 0:22.80
707 11.1 0.4 0:22.86
707 5.3 0.4 0:22.91
707 4.2 0.4 0:22.98
707 5.6 0.4 0:23.02
707 0.0 0.4 0:23.09
707 4.2 0.4 0:23.14
707 5.6 0.4 0:23.19
707 8.3 0.4 0:23.26
707 4.2 0.4 0:23.31
707 5.9 0.4 0:23.36
707 5.6 0.4 0:23.42
707 4.0 0.4 0:23.49
707 0.0 0.4 0:23.55
707 11.8 0.4 0:23.62
707 8.0 0.4 0:23.70
707 5.6 0.4 0:23.75
707 10.5 0.4 0:23.82
707 5.6 0.4 0:23.87
707 5.6 0.4 0:23.94
707 9.1 0.4 0:24.01
707 5.6 0.4 0:24.06
707 11.1 0.4 0:24.13
707 10.5 0.4 0:24.19
707 5.3 0.4 0:24.25
707 11.1 0.4 0:24.32
707 11.1 0.4 0:24.39
707 4.5 0.4 0:24.45
707 5.3 0.4 0:24.50
707 5.6 0.4 0:24.55
707 0.0 0.4 0:24.58
707 0.0 0.4 0:24.58
707 0.0 0.4 0:24.58
707 0.0 0.4 0:24.58
