713 10.0 0.3 0:35.39
713 5.3 0.3 0:35.41
713 0.0 0.3 0:35.41
713 0.0 0.3 0:35.41
713 0.0 0.3 0:35.42
713 0.0 0.3 0:35.42
713 5.3 0.3 0:35.47
713 15.0 0.3 0:35.57
713 5.6 0.3 0:35.67
713 10.5 0.3 0:35.80
713 16.7 0.3 0:35.92
713 22.2 0.3 0:36.04
713 10.5 0.3 0:36.14
713 11.1 0.3 0:36.25
713 0.0 0.3 0:36.30
713 0.0 0.3 0:36.31
713 0.0 0.3 0:36.31
713 0.0 0.3 0:36.31
713 0.0 0.3 0:36.31
713 0.0 0.3 0:36.31
713 0.0 0.3 0:36.31
713 0.0 0.3 0:36.31
713 0.0 0.3 0:36.31
713 0.0 0.3 0:36.31
713 0.0 0.3 0:36.31
713 0.0 0.3 0:36.31
713 0.0 0.3 0:36.31
713 0.0 0.3 0:36.31
713 0.0 0.3 0:36.31
713 0.0 0.3 0:36.31
713 0.0 0.3 0:36.31
713 0.0 0.3 0:36.31
713 0.0 0.3 0:36.31
713 0.0 0.3 0:36.31
713 0.0 0.3 0:36.31
713 0.0 0.3 0:36.31
