716 22.2 0.3 0:06.06
606 5.6 0.5 0:00.47
606 0.0 0.5 0:00.47
606 5.6 0.5 0:00.48
606 0.0 0.5 0:00.48
606 0.0 0.5 0:00.49
716 28.6 0.3 0:06.41
716 44.4 0.3 0:06.73
716 31.6 0.3 0:07.00
716 52.6 0.3 0:07.39
716 25.0 0.3 0:07.72
716 40.0 0.3 0:08.12
716 35.0 0.3 0:08.50
606 0.0 0.5 0:00.56
606 5.9 0.5 0:00.57
606 0.0 0.5 0:00.57
606 5.9 0.5 0:00.58
606 0.0 0.5 0:00.58
606 5.6 0.5 0:00.59
606 0.0 0.5 0:00.59
606 0.0 0.5 0:00.60
606 5.6 0.5 0:00.61
606 0.0 0.5 0:00.61
606 5.6 0.5 0:00.62
606 0.0 0.5 0:00.62
606 5.6 0.5 0:00.63
