716 22.2 0.3 0:26.55
716 10.0 0.3 0:26.60
606 5.6 0.5 0:01.56
606 0.0 0.5 0:01.56
606 5.0 0.5 0:01.57
606 0.0 0.5 0:01.57
606 5.9 0.5 0:01.58
606 0.0 0.5 0:01.58
716 7.1 0.3 0:26.70
716 11.1 0.3 0:26.82
716 31.6 0.3 0:27.07
716 10.5 0.3 0:27.25
716 16.7 0.3 0:27.46
716 21.1 0.3 0:27.67
716 27.8 0.3 0:27.91
716 31.8 0.3 0:28.14
716 21.1 0.3 0:28.38
606 5.6 0.5 0:01.67
606 0.0 0.5 0:01.67
606 5.6 0.5 0:01.68
606 0.0 0.5 0:01.68
606 5.6 0.5 0:01.69
606 0.0 0.5 0:01.69
606 5.9 0.5 0:01.70
606 0.0 0.5 0:01.70
606 5.6 0.5 0:01.71
606 0.0 0.5 0:01.71
606 11.1 0.5 0:01.73
