2833 14.3 0.1 0:04.20
2833 4.8 0.1 0:04.29
2833 4.8 0.1 0:04.34
2833 4.5 0.1 0:04.40
2833 8.0 0.1 0:04.47
2833 8.3 0.1 0:04.52
2833 5.0 0.1 0:04.55
2833 11.1 0.1 0:04.60
2833 0.0 0.1 0:04.64
2833 4.8 0.1 0:04.71
2833 5.3 0.1 0:04.75
2833 6.9 0.1 0:04.83
2833 5.0 0.1 0:04.86
2833 0.0 0.1 0:04.92
2833 3.7 0.1 0:04.99
2833 4.2 0.1 0:05.04
2833 4.8 0.1 0:05.08
2833 3.1 0.1 0:05.15
2833 0.0 0.1 0:05.20
2833 4.2 0.1 0:05.26
2833 8.7 0.1 0:05.32
2833 0.0 0.1 0:05.37
2833 9.5 0.1 0:05.44
2833 5.0 0.1 0:05.49
2833 10.5 0.1 0:05.56
2833 5.0 0.1 0:05.65
2833 8.7 0.1 0:05.77
2833 5.3 0.1 0:05.82
2833 4.8 0.1 0:05.89
2833 10.0 0.1 0:05.96
2833 5.6 0.1 0:06.06
2833 11.1 0.1 0:06.15
2833 15.8 0.1 0:06.28
2833 4.2 0.1 0:06.32
2833 5.3 0.1 0:06.39
2833 5.6 0.1 0:06.45
2833 0.0 0.1 0:06.51
2833 0.0 0.1 0:06.57
2833 4.3 0.1 0:06.68
2833 5.3 0.1 0:06.77
2833 4.3 0.1 0:06.83
2833 10.5 0.1 0:06.93
2833 0.0 0.1 0:06.94
2833 0.0 0.1 0:06.94
2833 0.0 0.1 0:06.94
2833 0.0 0.1 0:06.94
2833 0.0 0.1 0:06.94
2833 0.0 0.1 0:06.94
2833 0.0 0.1 0:06.94
2833 0.0 0.1 0:06.94
2833 0.0 0.1 0:06.94
2833 0.0 0.1 0:06.94
2833 0.0 0.1 0:06.94
2833 0.0 0.1 0:06.94
2833 0.0 0.1 0:06.94
2833 0.0 0.1 0:06.94
2833 0.0 0.1 0:06.94
2833 0.0 0.1 0:06.94
2833 0.0 0.1 0:06.94
2833 0.0 0.1 0:06.94
2833 0.0 0.1 0:06.94
2833 0.0 0.1 0:06.94
2833 0.0 0.1 0:06.94
2833 0.0 0.1 0:06.94
2833 0.0 0.1 0:06.94
2833 0.0 0.1 0:06.94
2833 0.0 0.1 0:06.94
2833 0.0 0.1 0:06.94
2833 0.0 0.1 0:06.94
2833 0.0 0.1 0:06.94
2833 0.0 0.1 0:06.94
2833 0.0 0.1 0:06.94
2833 0.0 0.1 0:06.94
2833 0.0 0.1 0:06.94
2833 0.0 0.1 0:06.94
2833 0.0 0.1 0:06.94
2833 0.0 0.1 0:06.94
2833 0.0 0.1 0:06.94
2833 0.0 0.1 0:06.94
2833 0.0 0.1 0:06.94
2833 0.0 0.1 0:06.94
2833 0.0 0.1 0:06.94
