3679 29.2 0.1 0:30.98
3679 17.4 0.1 0:31.27
3679 32.0 0.1 0:31.61
3679 20.0 0.1 0:31.90
3679 25.0 0.1 0:32.17
3679 26.3 0.1 0:32.52
3679 21.1 0.1 0:32.81
3679 16.7 0.1 0:33.09
3679 10.5 0.1 0:33.38
3679 27.8 0.1 0:33.68
3679 19.0 0.1 0:33.93
3679 22.2 0.1 0:34.21
3679 25.0 0.1 0:34.45
3679 15.8 0.1 0:34.65
3679 16.0 0.1 0:34.95
3679 21.1 0.1 0:35.15
3679 25.0 0.1 0:35.47
3679 19.0 0.1 0:35.74
3679 19.0 0.1 0:35.99
3679 15.8 0.1 0:36.32
3679 21.1 0.1 0:36.64
3679 30.0 0.1 0:36.98
3679 21.7 0.1 0:37.23
3679 19.0 0.1 0:37.46
3679 21.1 0.1 0:37.78
3679 13.6 0.1 0:38.13
3679 26.3 0.1 0:38.42
3679 19.0 0.1 0:38.70
3679 31.6 0.1 0:39.02
3679 25.0 0.1 0:39.32
3679 26.1 0.1 0:39.64
3679 21.1 0.1 0:39.97
3679 9.5 0.1 0:40.24
3679 0.0 0.1 0:40.28
3679 0.0 0.1 0:40.29
3679 0.0 0.1 0:40.29
3679 0.0 0.1 0:40.29
3679 0.0 0.1 0:40.29
3679 0.0 0.1 0:40.29
3679 0.0 0.1 0:40.29
3679 0.0 0.1 0:40.29
3679 0.0 0.1 0:40.29
3679 0.0 0.1 0:40.29
3679 0.0 0.1 0:40.29
3679 0.0 0.1 0:40.29
3679 0.0 0.1 0:40.29
3679 0.0 0.1 0:40.29
3679 0.0 0.1 0:40.29
3679 0.0 0.1 0:40.29
3679 0.0 0.1 0:40.29
3679 0.0 0.1 0:40.29
3679 0.0 0.1 0:40.29
3679 0.0 0.1 0:40.29
3679 0.0 0.1 0:40.29
3679 0.0 0.1 0:40.29
3679 0.0 0.1 0:40.29
3679 0.0 0.1 0:40.29
3679 0.0 0.1 0:40.29
3679 0.0 0.1 0:40.29
3679 0.0 0.1 0:40.29
3679 0.0 0.1 0:40.29
3679 0.0 0.1 0:40.29
3679 0.0 0.1 0:40.29
3679 0.0 0.1 0:40.29
3679 0.0 0.1 0:40.29
3679 0.0 0.1 0:40.29
3679 0.0 0.1 0:40.29
3679 0.0 0.1 0:40.29
