3645 5.0 0.2 0:30.19
3645 15.8 0.2 0:30.32
3645 19.0 0.2 0:30.57
3645 50.0 0.2 0:30.75
3645 31.6 0.2 0:31.04
3645 15.0 0.2 0:31.20
3645 15.8 0.2 0:31.38
3645 33.3 0.2 0:31.63
3645 16.7 0.2 0:31.85
3645 26.3 0.2 0:32.08
3645 18.2 0.2 0:32.37
3645 16.7 0.2 0:32.68
3645 57.9 0.2 0:32.99
3645 15.8 0.2 0:33.31
3645 15.8 0.2 0:33.57
3645 22.2 0.2 0:33.81
3645 42.1 0.2 0:34.16
3645 16.7 0.2 0:34.61
3645 21.1 0.2 0:34.83
3645 40.0 0.2 0:35.09
3645 31.6 0.2 0:35.29
3645 31.6 0.2 0:35.52
3645 21.1 0.2 0:35.77
3645 15.8 0.2 0:36.00
3645 15.0 0.2 0:36.26
3645 31.6 0.2 0:36.53
3645 16.7 0.2 0:36.76
3645 20.0 0.2 0:37.07
3645 21.1 0.2 0:37.33
3645 21.1 0.2 0:37.58
3645 22.2 0.2 0:37.85
3645 27.3 0.2 0:38.10
3645 22.2 0.2 0:38.56
3645 42.1 0.2 0:38.84
3645 47.4 0.2 0:39.11
3645 27.8 0.2 0:39.33
3645 36.8 0.2 0:39.59
3645 20.0 0.2 0:39.85
3645 21.1 0.2 0:40.12
3645 42.1 0.2 0:40.40
3645 22.2 0.2 0:40.65
3645 21.1 0.2 0:40.92
3645 15.8 0.2 0:41.25
3645 15.8 0.2 0:41.48
3645 27.8 0.2 0:41.72
3645 26.3 0.2 0:42.13
3645 31.6 0.2 0:42.37
3645 40.0 0.2 0:42.64
3645 31.6 0.2 0:42.87
3645 42.1 0.2 0:43.14
3645 50.0 0.2 0:43.44
3645 27.8 0.2 0:43.68
3645 15.8 0.2 0:43.93
3645 15.8 0.2 0:44.19
3645 15.8 0.2 0:44.53
3645 72.2 0.2 0:44.87
3645 15.0 0.2 0:45.21
3645 36.8 0.2 0:45.53
3645 42.9 0.2 0:45.89
3645 33.3 0.2 0:46.14
3645 28.0 0.2 0:46.45
3645 23.8 0.2 0:46.75
3645 35.0 0.2 0:47.04
3645 30.0 0.2 0:47.36
3645 36.8 0.2 0:47.64
3645 26.3 0.2 0:47.92
3645 40.0 0.2 0:48.19
3645 36.8 0.2 0:48.46
3645 50.0 0.2 0:48.74
3645 15.8 0.2 0:49.11
3645 26.3 0.2 0:49.36
3645 38.9 0.2 0:49.66
3645 30.0 0.2 0:50.03
3645 22.2 0.2 0:50.33
3645 22.2 0.2 0:50.56
3645 36.8 0.2 0:50.84
3645 30.0 0.2 0:51.10
3645 33.3 0.2 0:51.34
3645 38.9 0.2 0:51.59
3645 26.3 0.2 0:51.84
3645 36.8 0.2 0:52.12
3645 36.8 0.2 0:52.39
3645 38.1 0.2 0:52.67
3645 15.0 0.2 0:52.91
3645 33.3 0.2 0:53.18
3645 47.4 0.2 0:53.51
3645 20.0 0.2 0:53.75
3645 22.2 0.2 0:53.99
3645 57.9 0.2 0:54.31
3645 44.4 0.2 0:54.58
3645 21.1 0.2 0:54.81
3645 36.8 0.2 0:55.09
3645 21.1 0.2 0:55.33
3645 21.1 0.2 0:55.59
3645 42.1 0.2 0:55.87
3645 26.3 0.2 0:56.17
3645 26.3 0.2 0:56.46
3645 42.1 0.2 0:56.75
3645 33.3 0.2 0:57.00
3645 26.3 0.2 0:57.29
3645 50.0 0.2 0:57.68
3645 31.6 0.2 0:57.97
3645 15.8 0.2 0:58.32
3645 38.9 0.2 0:58.59
3645 42.1 0.2 0:58.91
3645 16.7 0.2 0:59.19
3645 47.4 0.2 0:59.49
3645 21.1 0.2 0:59.73
