3645 5.6 0.2 8:10.79
3645 15.8 0.2 8:10.98
3645 21.1 0.2 8:11.24
3645 15.0 0.2 8:11.47
3645 31.6 0.2 8:11.71
3645 31.6 0.2 8:11.99
3645 38.1 0.2 8:12.25
3645 57.9 0.2 8:12.61
3645 36.8 0.2 8:12.87
3645 17.4 0.2 8:13.13
3645 22.7 0.2 8:13.43
3645 21.1 0.2 8:13.73
3645 16.7 0.2 8:13.97
3645 15.0 0.2 8:14.24
3645 15.0 0.2 8:14.47
3645 26.3 0.2 8:14.72
3645 58.3 0.2 8:15.07
3645 26.3 0.2 8:15.31
3645 47.4 0.2 8:15.66
3645 10.5 0.2 8:15.93
3645 26.3 0.2 8:16.16
3645 27.8 0.2 8:16.44
3645 42.1 0.2 8:16.73
3645 26.3 0.2 8:17.00
3645 25.0 0.2 8:17.26
3645 36.8 0.2 8:17.54
3645 15.8 0.2 8:17.76
3645 27.8 0.2 8:18.14
3645 16.7 0.2 8:18.36
3645 31.6 0.2 8:18.64
3645 33.3 0.2 8:18.89
3645 21.1 0.2 8:19.16
3645 26.3 0.2 8:19.42
3645 23.8 0.2 8:19.73
3645 26.3 0.2 8:20.01
3645 15.0 0.2 8:20.25
3645 21.1 0.2 8:20.50
3645 22.2 0.2 8:20.75
3645 40.0 0.2 8:21.05
3645 26.3 0.2 8:21.33
3645 33.3 0.2 8:21.58
3645 27.8 0.2 8:21.81
3645 26.3 0.2 8:22.06
3645 15.8 0.2 8:22.31
3645 33.3 0.2 8:22.59
3645 21.1 0.2 8:22.82
3645 27.8 0.2 8:23.09
3645 22.2 0.2 8:23.33
3645 22.2 0.2 8:23.68
3645 36.8 0.2 8:23.96
3645 52.6 0.2 8:24.24
3645 50.0 0.2 8:24.55
3645 31.6 0.2 8:24.81
3645 31.6 0.2 8:25.10
3645 26.3 0.2 8:25.43
3645 31.6 0.2 8:25.72
3645 27.8 0.2 8:26.01
3645 21.1 0.2 8:26.25
3645 40.0 0.2 8:26.60
3645 21.1 0.2 8:26.90
3645 20.0 0.2 8:27.20
3645 23.8 0.2 8:27.48
3645 18.2 0.2 8:27.77
3645 31.6 0.2 8:28.09
3645 21.1 0.2 8:28.35
3645 26.3 0.2 8:28.61
3645 20.0 0.2 8:28.89
3645 38.9 0.2 8:29.19
3645 52.6 0.2 8:29.50
3645 22.7 0.2 8:29.74
3645 19.0 0.2 8:29.98
3645 31.6 0.2 8:30.24
3645 26.3 0.2 8:30.52
3645 36.8 0.2 8:30.80
3645 31.6 0.2 8:31.07
3645 26.3 0.2 8:31.32
