3645 5.0 0.2 1:32.33
3645 10.5 0.2 1:32.43
3645 10.5 0.2 1:32.57
3645 9.5 0.2 1:32.72
3645 52.6 0.2 1:32.92
3645 21.1 0.2 1:33.25
3645 10.0 0.2 1:33.39
3645 5.6 0.2 1:33.59
3645 15.8 0.2 1:33.78
3645 52.6 0.2 1:34.05
3645 15.8 0.2 1:34.26
3645 15.0 0.2 1:34.50
3645 27.8 0.2 1:34.85
3645 9.1 0.2 1:35.12
3645 20.0 0.2 1:35.40
3645 21.1 0.2 1:35.67
3645 15.8 0.2 1:36.11
3645 36.8 0.2 1:36.38
3645 36.8 0.2 1:36.62
3645 40.0 0.2 1:36.88
3645 36.8 0.2 1:37.14
3645 26.3 0.2 1:37.39
3645 26.3 0.2 1:37.69
3645 30.0 0.2 1:37.95
3645 10.5 0.2 1:38.17
3645 36.8 0.2 1:38.46
3645 15.8 0.2 1:38.76
3645 21.1 0.2 1:39.02
3645 20.0 0.2 1:39.34
3645 36.8 0.2 1:39.61
3645 33.3 0.2 1:39.85
3645 30.0 0.2 1:40.12
3645 36.8 0.2 1:40.39
3645 38.9 0.2 1:40.63
3645 31.6 0.2 1:40.89
3645 15.0 0.2 1:41.12
3645 20.0 0.2 1:41.36
3645 21.1 0.2 1:41.61
3645 10.0 0.2 1:41.83
3645 30.0 0.2 1:42.10
3645 27.8 0.2 1:42.36
3645 30.0 0.2 1:42.64
3645 57.9 0.2 1:42.97
3645 36.8 0.2 1:43.21
3645 26.3 0.2 1:43.46
3645 21.1 0.2 1:43.80
3645 20.0 0.2 1:44.06
3645 15.8 0.2 1:44.30
3645 26.3 0.2 1:44.55
3645 47.4 0.2 1:44.87
3645 44.4 0.2 1:45.16
3645 35.0 0.2 1:45.48
3645 47.4 0.2 1:45.76
3645 42.1 0.2 1:46.08
3645 20.0 0.2 1:46.35
3645 33.3 0.2 1:46.65
3645 23.8 0.2 1:46.88
3645 31.6 0.2 1:47.13
3645 21.1 0.2 1:47.39
3645 36.8 0.2 1:47.65
3645 42.1 0.2 1:47.96
3645 20.0 0.2 1:48.19
3645 25.0 0.2 1:48.44
3645 20.0 0.2 1:48.69
3645 26.3 0.2 1:48.95
3645 40.0 0.2 1:49.28
3645 31.8 0.2 1:49.71
3645 36.8 0.2 1:50.00
3645 21.1 0.2 1:50.26
3645 50.0 0.2 1:50.54
3645 42.1 0.2 1:50.83
3645 42.1 0.2 1:51.12
3645 21.1 0.2 1:51.43
3645 22.2 0.2 1:51.66
3645 26.3 0.2 1:51.90
3645 26.3 0.2 1:52.18
3645 22.2 0.2 1:52.42
3645 26.3 0.2 1:52.73
3645 33.3 0.2 1:53.02
3645 36.8 0.2 1:53.36
3645 21.1 0.2 1:53.64
3645 21.1 0.2 1:53.88
3645 31.6 0.2 1:54.16
3645 27.8 0.2 1:54.42
3645 15.8 0.2 1:54.69
3645 26.3 0.2 1:54.96
3645 26.3 0.2 1:55.29
3645 30.0 0.2 1:55.56
3645 52.6 0.2 1:55.84
3645 42.1 0.2 1:56.10
3645 31.6 0.2 1:56.39
3645 38.9 0.2 1:56.67
3645 26.3 0.2 1:56.92
3645 40.0 0.2 1:57.24
3645 57.9 0.2 1:57.61
3645 44.4 0.2 1:57.90
3645 36.8 0.2 1:58.17
3645 27.8 0.2 1:58.42
3645 20.0 0.2 1:58.69
3645 21.1 0.2 1:58.94
3645 21.1 0.2 1:59.18
3645 26.3 0.2 1:59.46
3645 31.6 0.2 1:59.75
3645 15.0 0.2 2:00.00
3645 21.1 0.2 2:00.27
3645 36.8 0.2 2:00.54
3645 21.1 0.2 2:00.80
3645 10.5 0.2 2:01.02
