3646 31.6 0.2 0:19.55
3646 9.5 0.2 0:19.62
3646 0.0 0.2 0:19.65
3646 5.3 0.2 0:19.68
3646 9.1 0.2 0:19.74
3646 5.0 0.2 0:19.80
3646 0.0 0.2 0:19.82
3646 0.0 0.2 0:19.85
3646 5.0 0.2 0:19.89
3646 4.8 0.2 0:19.92
3646 0.0 0.2 0:19.95
3646 0.0 0.2 0:19.98
3646 0.0 0.2 0:20.02
3646 5.6 0.2 0:20.06
3646 0.0 0.2 0:20.10
3646 0.0 0.2 0:20.11
3646 0.0 0.2 0:20.12
3646 0.0 0.2 0:20.13
3646 16.7 0.2 0:20.24
3646 0.0 0.2 0:20.26
3646 0.0 0.2 0:20.28
3646 0.0 0.2 0:20.31
3646 4.8 0.2 0:20.34
3646 5.6 0.2 0:20.36
3646 5.3 0.2 0:20.39
3646 0.0 0.2 0:20.42
3646 0.0 0.2 0:20.44
3646 0.0 0.2 0:20.46
3646 5.0 0.2 0:20.50
3646 0.0 0.2 0:20.53
3646 0.0 0.2 0:20.55
3646 0.0 0.2 0:20.56
3646 5.0 0.2 0:20.59
3646 5.0 0.2 0:20.63
3646 5.6 0.2 0:20.67
3646 4.8 0.2 0:20.72
3646 5.0 0.2 0:20.77
3646 5.6 0.2 0:20.82
3646 4.8 0.2 0:20.86
3646 5.6 0.2 0:20.91
3646 10.0 0.2 0:20.95
3646 0.0 0.2 0:21.01
3646 0.0 0.2 0:21.03
3646 0.0 0.2 0:21.05
3646 0.0 0.2 0:21.07
3646 0.0 0.2 0:21.09
3646 0.0 0.2 0:21.12
3646 5.6 0.2 0:21.16
3646 5.6 0.2 0:21.20
3646 5.0 0.2 0:21.25
3646 5.3 0.2 0:21.32
3646 5.6 0.2 0:21.36
3646 0.0 0.2 0:21.39
3646 0.0 0.2 0:21.43
3646 5.6 0.2 0:21.45
3646 0.0 0.2 0:21.48
3646 5.0 0.2 0:21.53
3646 0.0 0.2 0:21.55
3646 0.0 0.2 0:21.58
3646 4.8 0.2 0:21.63
3646 5.6 0.2 0:21.71
3646 5.0 0.2 0:21.75
3646 0.0 0.2 0:21.79
3646 0.0 0.2 0:21.81
3646 0.0 0.2 0:21.86
3646 5.6 0.2 0:21.89
3646 10.0 0.2 0:21.95
3646 0.0 0.2 0:21.98
3646 5.0 0.2 0:22.01
3646 4.8 0.2 0:22.07
3646 0.0 0.2 0:22.10
3646 0.0 0.2 0:22.15
3646 0.0 0.2 0:22.22
3646 0.0 0.2 0:22.28
3646 0.0 0.2 0:22.31
3646 5.3 0.2 0:22.34
3646 5.3 0.2 0:22.37
3646 0.0 0.2 0:22.39
3646 10.0 0.2 0:22.45
3646 5.3 0.2 0:22.48
3646 4.8 0.2 0:22.53
3646 5.3 0.2 0:22.58
3646 5.0 0.2 0:22.62
3646 5.0 0.2 0:22.65
3646 10.0 0.2 0:22.71
3646 0.0 0.2 0:22.76
3646 5.3 0.2 0:22.81
3646 4.5 0.2 0:22.86
3646 5.3 0.2 0:22.88
3646 0.0 0.2 0:22.92
3646 0.0 0.2 0:22.98
3646 5.6 0.2 0:23.02
3646 0.0 0.2 0:23.05
3646 0.0 0.2 0:23.07
