3646 4.8 0.2 0:37.60
3646 0.0 0.2 0:37.68
3646 4.8 0.2 0:37.71
3646 0.0 0.2 0:37.73
3646 0.0 0.2 0:37.75
3646 0.0 0.2 0:37.77
3646 0.0 0.2 0:37.83
3646 5.3 0.2 0:37.87
3646 4.8 0.2 0:37.91
3646 4.5 0.2 0:37.95
3646 5.3 0.2 0:37.98
3646 5.3 0.2 0:38.01
3646 0.0 0.2 0:38.02
3646 0.0 0.2 0:38.05
3646 4.8 0.2 0:38.11
3646 0.0 0.2 0:38.12
3646 0.0 0.2 0:38.15
3646 0.0 0.2 0:38.20
3646 0.0 0.2 0:38.21
3646 5.3 0.2 0:38.26
3646 4.8 0.2 0:38.28
3646 0.0 0.2 0:38.30
3646 0.0 0.2 0:38.34
3646 10.0 0.2 0:38.43
3646 4.8 0.2 0:38.51
3646 0.0 0.2 0:38.60
3646 0.0 0.2 0:38.62
3646 10.0 0.2 0:38.66
3646 5.3 0.2 0:38.69
3646 0.0 0.2 0:38.72
3646 5.3 0.2 0:38.75
3646 5.3 0.2 0:38.77
3646 5.6 0.2 0:38.79
3646 0.0 0.2 0:38.81
3646 0.0 0.2 0:38.83
3646 0.0 0.2 0:38.86
3646 5.3 0.2 0:38.88
3646 5.0 0.2 0:38.93
3646 0.0 0.2 0:38.96
3646 5.0 0.2 0:39.00
3646 5.0 0.2 0:39.05
3646 0.0 0.2 0:39.10
3646 5.6 0.2 0:39.15
3646 5.6 0.2 0:39.19
3646 16.7 0.2 0:39.24
3646 0.0 0.2 0:39.33
3646 5.0 0.2 0:39.41
3646 5.3 0.2 0:39.42
3646 0.0 0.2 0:39.47
3646 5.0 0.2 0:39.51
3646 5.3 0.2 0:39.55
3646 0.0 0.2 0:39.61
3646 0.0 0.2 0:39.64
3646 5.0 0.2 0:39.67
3646 10.5 0.2 0:39.74
3646 5.3 0.2 0:39.76
3646 0.0 0.2 0:39.77
3646 0.0 0.2 0:39.80
3646 4.8 0.2 0:39.86
3646 5.3 0.2 0:39.89
3646 5.0 0.2 0:39.92
3646 0.0 0.2 0:39.96
3646 0.0 0.2 0:39.98
3646 5.6 0.2 0:40.02
3646 5.6 0.2 0:40.05
3646 5.3 0.2 0:40.08
3646 0.0 0.2 0:40.10
3646 0.0 0.2 0:40.13
3646 5.6 0.2 0:40.16
3646 5.3 0.2 0:40.19
3646 5.3 0.2 0:40.22
3646 0.0 0.2 0:40.24
3646 0.0 0.2 0:40.26
3646 0.0 0.2 0:40.30
3646 0.0 0.2 0:40.33
3646 9.5 0.2 0:40.39
3646 0.0 0.2 0:40.41
3646 5.6 0.2 0:40.46
3646 0.0 0.2 0:40.48
3646 0.0 0.2 0:40.52
3646 5.0 0.2 0:40.53
3646 0.0 0.2 0:40.59
3646 0.0 0.2 0:40.60
3646 0.0 0.2 0:40.63
