3646 3.3 0.2 0:26.65
3646 10.0 0.2 0:26.73
3646 4.2 0.2 0:26.80
3646 5.0 0.2 0:26.88
3646 9.1 0.2 0:26.95
3646 5.3 0.2 0:27.02
3646 0.0 0.2 0:27.12
3646 4.3 0.2 0:27.23
3646 0.0 0.2 0:27.27
3646 0.0 0.2 0:27.30
3646 0.0 0.2 0:27.31
3646 0.0 0.2 0:27.32
3646 0.0 0.2 0:27.34
3646 4.0 0.2 0:27.37
3646 0.0 0.2 0:27.40
3646 0.0 0.2 0:27.43
3646 4.2 0.2 0:27.55
3646 0.0 0.2 0:27.60
3646 0.0 0.2 0:27.63
3646 0.0 0.2 0:27.65
3646 5.0 0.2 0:27.67
3646 0.0 0.2 0:27.72
3646 0.0 0.2 0:27.74
3646 0.0 0.2 0:27.82
3646 5.6 0.2 0:27.85
3646 0.0 0.2 0:27.87
3646 0.0 0.2 0:27.91
3646 0.0 0.2 0:27.93
3646 5.3 0.2 0:27.95
3646 4.0 0.2 0:27.99
3646 5.0 0.2 0:28.04
3646 8.0 0.2 0:28.08
3646 5.3 0.2 0:28.11
3646 4.0 0.2 0:28.15
3646 0.0 0.2 0:28.16
3646 0.0 0.2 0:28.19
3646 5.6 0.2 0:28.25
3646 0.0 0.2 0:28.27
3646 4.8 0.2 0:28.33
3646 9.5 0.2 0:28.40
3646 0.0 0.2 0:28.43
3646 5.0 0.2 0:28.45
3646 5.3 0.2 0:28.51
3646 0.0 0.2 0:28.54
3646 0.0 0.2 0:28.59
3646 0.0 0.2 0:28.64
3646 0.0 0.2 0:28.66
3646 5.3 0.2 0:28.68
3646 0.0 0.2 0:28.73
3646 10.0 0.2 0:28.79
3646 4.0 0.2 0:28.91
3646 5.0 0.2 0:28.94
3646 0.0 0.2 0:28.98
3646 0.0 0.2 0:29.01
3646 4.8 0.2 0:29.04
3646 0.0 0.2 0:29.08
3646 5.3 0.2 0:29.11
3646 0.0 0.2 0:29.15
3646 3.8 0.2 0:29.20
3646 5.3 0.2 0:29.24
3646 4.2 0.2 0:29.26
3646 4.5 0.2 0:29.30
3646 5.6 0.2 0:29.38
3646 18.2 0.2 0:29.44
3646 0.0 0.2 0:29.51
3646 0.0 0.2 0:29.52
3646 9.1 0.2 0:29.56
3646 5.0 0.2 0:29.59
3646 0.0 0.2 0:29.64
3646 4.5 0.2 0:29.68
3646 4.8 0.2 0:29.73
3646 0.0 0.2 0:29.76
3646 0.0 0.2 0:29.81
3646 4.3 0.2 0:29.86
3646 7.1 0.2 0:29.91
3646 5.6 0.2 0:29.96
3646 7.1 0.2 0:30.03
3646 0.0 0.2 0:30.05
3646 4.3 0.2 0:30.10
3646 0.0 0.2 0:30.14
3646 4.5 0.2 0:30.17
3646 0.0 0.2 0:30.18
3646 9.5 0.2 0:30.23
3646 4.2 0.2 0:30.25
3646 0.0 0.2 0:30.30
3646 0.0 0.2 0:30.32
3646 0.0 0.2 0:30.34
3646 0.0 0.2 0:30.37
3646 5.0 0.2 0:30.42
3646 0.0 0.2 0:30.49
3646 0.0 0.2 0:30.51
