3646 5.3 0.2 0:49.61
3646 0.0 0.2 0:49.65
3646 0.0 0.2 0:49.67
3646 0.0 0.2 0:49.72
3646 14.3 0.2 0:49.77
3646 10.5 0.2 0:49.83
3646 0.0 0.2 0:49.85
3646 0.0 0.2 0:49.87
3646 0.0 0.2 0:49.87
3646 5.3 0.2 0:49.91
3646 4.8 0.2 0:49.95
3646 0.0 0.2 0:49.98
3646 0.0 0.2 0:49.99
3646 0.0 0.2 0:50.01
3646 5.0 0.2 0:50.04
3646 5.3 0.2 0:50.07
3646 14.3 0.2 0:50.13
3646 0.0 0.2 0:50.15
3646 0.0 0.2 0:50.21
3646 15.8 0.2 0:50.29
3646 4.8 0.2 0:50.32
3646 0.0 0.2 0:50.35
3646 5.0 0.2 0:50.38
3646 5.3 0.2 0:50.40
3646 0.0 0.2 0:50.42
3646 4.2 0.2 0:50.44
3646 5.3 0.2 0:50.50
3646 0.0 0.2 0:50.57
3646 0.0 0.2 0:50.58
3646 0.0 0.2 0:50.60
3646 0.0 0.2 0:50.63
3646 0.0 0.2 0:50.66
3646 10.5 0.2 0:50.69
3646 0.0 0.2 0:50.70
3646 5.0 0.2 0:50.72
3646 5.3 0.2 0:50.76
3646 0.0 0.2 0:50.77
3646 5.6 0.2 0:50.79
3646 0.0 0.2 0:50.82
3646 4.8 0.2 0:50.90
3646 0.0 0.2 0:50.92
3646 10.0 0.2 0:50.96
3646 9.5 0.2 0:51.02
3646 0.0 0.2 0:51.06
3646 0.0 0.2 0:51.06
3646 5.3 0.2 0:51.09
3646 5.6 0.2 0:51.15
3646 5.3 0.2 0:51.17
3646 0.0 0.2 0:51.19
3646 0.0 0.2 0:51.21
3646 0.0 0.2 0:51.24
3646 5.6 0.2 0:51.28
3646 5.0 0.2 0:51.30
3646 0.0 0.2 0:51.32
3646 0.0 0.2 0:51.34
3646 5.6 0.2 0:51.38
3646 10.5 0.2 0:51.41
3646 10.5 0.2 0:51.46
3646 5.0 0.2 0:51.48
3646 0.0 0.2 0:51.50
3646 0.0 0.2 0:51.51
3646 0.0 0.2 0:51.52
3646 10.5 0.2 0:51.57
3646 0.0 0.2 0:51.59
3646 5.3 0.2 0:51.62
3646 5.6 0.2 0:51.64
3646 5.6 0.2 0:51.66
3646 5.3 0.2 0:51.71
3646 5.3 0.2 0:51.77
3646 0.0 0.2 0:51.84
3646 0.0 0.2 0:51.88
3646 5.3 0.2 0:51.94
3646 0.0 0.2 0:52.00
3646 5.6 0.2 0:52.03
3646 3.8 0.2 0:52.15
3646 2.9 0.2 0:52.22
3646 3.8 0.2 0:52.31
3646 0.0 0.2 0:52.34
3646 0.0 0.2 0:52.38
3646 5.3 0.2 0:52.44
3646 5.0 0.2 0:52.49
3646 0.0 0.2 0:52.50
3646 5.3 0.2 0:52.52
3646 0.0 0.2 0:52.58
