3647 3.2 0.2 0:00.44
3647 5.0 0.2 0:00.47
3647 0.0 0.2 0:00.48
3647 0.0 0.2 0:00.50
3647 0.0 0.2 0:00.50
3647 0.0 0.2 0:00.50
3647 0.0 0.2 0:00.50
3647 0.0 0.2 0:00.50
3647 0.0 0.2 0:00.50
3647 0.0 0.2 0:00.50
3647 0.0 0.2 0:00.50
3647 0.0 0.2 0:00.50
3647 0.0 0.2 0:00.50
3647 0.0 0.2 0:00.50
3647 0.0 0.2 0:00.50
3647 0.0 0.2 0:00.50
3647 0.0 0.2 0:00.50
3647 0.0 0.2 0:00.50
3647 0.0 0.2 0:00.50
3647 0.0 0.2 0:00.50
3647 0.0 0.2 0:00.50
3647 0.0 0.2 0:00.50
3647 0.0 0.2 0:00.50
3647 0.0 0.2 0:00.50
3647 0.0 0.2 0:00.50
3647 0.0 0.2 0:00.50
3647 0.0 0.2 0:00.50
3647 0.0 0.2 0:00.50
3647 0.0 0.2 0:00.50
3647 0.0 0.2 0:00.50
3647 0.0 0.2 0:00.50
3647 0.0 0.2 0:00.50
3647 0.0 0.2 0:00.50
3647 0.0 0.2 0:00.50
3647 0.0 0.2 0:00.50
3647 0.0 0.2 0:00.50
3647 0.0 0.2 0:00.50
3647 0.0 0.2 0:00.50
3647 0.0 0.2 0:00.50
3647 0.0 0.2 0:00.50
3647 0.0 0.2 0:00.50
3647 0.0 0.2 0:00.50
3647 0.0 0.2 0:00.50
3647 0.0 0.2 0:00.50
3647 0.0 0.2 0:00.50
3647 0.0 0.2 0:00.50
3647 0.0 0.2 0:00.50
3647 0.0 0.2 0:00.50
3647 0.0 0.2 0:00.50
3647 0.0 0.2 0:00.50
3647 0.0 0.2 0:00.50
3647 0.0 0.2 0:00.50
3647 0.0 0.2 0:00.50
3647 0.0 0.2 0:00.50
3647 0.0 0.2 0:00.50
3647 0.0 0.2 0:00.50
3647 0.0 0.2 0:00.50
3647 0.0 0.2 0:00.50
3647 0.0 0.2 0:00.50
3647 0.0 0.2 0:00.50
3647 0.0 0.2 0:00.50
3647 0.0 0.2 0:00.50
3647 0.0 0.2 0:00.50
3647 0.0 0.2 0:00.50
3647 0.0 0.2 0:00.50
3647 0.0 0.2 0:00.50
3647 0.0 0.2 0:00.50
3647 0.0 0.2 0:00.50
3647 0.0 0.2 0:00.50
3647 0.0 0.2 0:00.50
3647 0.0 0.2 0:00.50
3647 0.0 0.2 0:00.50
3647 0.0 0.2 0:00.50
3647 0.0 0.2 0:00.50
3647 0.0 0.2 0:00.50
3647 0.0 0.2 0:00.50
3647 0.0 0.2 0:00.50
3647 0.0 0.2 0:00.50
3647 0.0 0.2 0:00.50
3647 0.0 0.2 0:00.50
3647 0.0 0.2 0:00.50
3647 0.0 0.2 0:00.50
3647 0.0 0.2 0:00.50
3647 0.0 0.2 0:00.50
3647 0.0 0.2 0:00.50
3647 0.0 0.2 0:00.50
3647 0.0 0.2 0:00.50
3647 0.0 0.2 0:00.50
3647 0.0 0.2 0:00.50
3647 0.0 0.2 0:00.50
3647 0.0 0.2 0:00.50
