3647 0.0 0.2 0:00.56
3647 0.0 0.2 0:00.58
3647 0.0 0.2 0:00.60
3647 0.0 0.2 0:00.60
3647 0.0 0.2 0:00.60
3647 0.0 0.2 0:00.60
3647 0.0 0.2 0:00.60
3647 0.0 0.2 0:00.60
3647 0.0 0.2 0:00.60
3647 0.0 0.2 0:00.60
3647 0.0 0.2 0:00.60
3647 0.0 0.2 0:00.60
3647 0.0 0.2 0:00.60
3647 0.0 0.2 0:00.60
3647 0.0 0.2 0:00.60
3647 0.0 0.2 0:00.60
3647 0.0 0.2 0:00.60
3647 0.0 0.2 0:00.60
3647 0.0 0.2 0:00.60
3647 0.0 0.2 0:00.60
3647 0.0 0.2 0:00.60
3647 0.0 0.2 0:00.60
3647 0.0 0.2 0:00.60
3647 0.0 0.2 0:00.60
3647 0.0 0.2 0:00.60
3647 0.0 0.2 0:00.60
3647 0.0 0.2 0:00.60
3647 0.0 0.2 0:00.60
3647 0.0 0.2 0:00.60
3647 0.0 0.2 0:00.60
3647 0.0 0.2 0:00.60
3647 0.0 0.2 0:00.60
3647 0.0 0.2 0:00.60
3647 0.0 0.2 0:00.60
3647 0.0 0.2 0:00.60
3647 0.0 0.2 0:00.60
3647 0.0 0.2 0:00.60
3647 0.0 0.2 0:00.60
3647 0.0 0.2 0:00.60
3647 0.0 0.2 0:00.60
3647 0.0 0.2 0:00.60
3647 0.0 0.2 0:00.60
3647 0.0 0.2 0:00.60
3647 0.0 0.2 0:00.60
3647 0.0 0.2 0:00.60
3647 0.0 0.2 0:00.60
3647 0.0 0.2 0:00.60
3647 0.0 0.2 0:00.60
3647 0.0 0.2 0:00.60
3647 0.0 0.2 0:00.60
3647 0.0 0.2 0:00.60
3647 0.0 0.2 0:00.60
3647 0.0 0.2 0:00.60
3647 0.0 0.2 0:00.60
3647 0.0 0.2 0:00.60
3647 0.0 0.2 0:00.60
3647 0.0 0.2 0:00.60
3647 0.0 0.2 0:00.60
3647 0.0 0.2 0:00.60
3647 0.0 0.2 0:00.60
3647 0.0 0.2 0:00.60
3647 0.0 0.2 0:00.60
3647 0.0 0.2 0:00.60
3647 0.0 0.2 0:00.60
3647 0.0 0.2 0:00.60
3647 0.0 0.2 0:00.60
3647 0.0 0.2 0:00.60
3647 0.0 0.2 0:00.60
3647 0.0 0.2 0:00.60
3647 0.0 0.2 0:00.60
3647 0.0 0.2 0:00.60
3647 0.0 0.2 0:00.60
3647 0.0 0.2 0:00.60
3647 0.0 0.2 0:00.60
3647 0.0 0.2 0:00.60
3647 0.0 0.2 0:00.60
3647 0.0 0.2 0:00.60
3647 0.0 0.2 0:00.60
3647 0.0 0.2 0:00.60
3647 0.0 0.2 0:00.60
3647 0.0 0.2 0:00.60
3647 0.0 0.2 0:00.60
3647 0.0 0.2 0:00.60
3647 0.0 0.2 0:00.60
3647 0.0 0.2 0:00.60
3647 0.0 0.2 0:00.60
3647 0.0 0.2 0:00.60
3647 0.0 0.2 0:00.60
3647 0.0 0.2 0:00.60
3647 0.0 0.2 0:00.60
3647 0.0 0.2 0:00.60
3647 0.0 0.2 0:00.60
3647 0.0 0.2 0:00.60
3647 0.0 0.2 0:00.60
