3647 0.0 0.2 0:00.39
3647 5.3 0.2 0:00.41
3647 0.0 0.2 0:00.41
3647 0.0 0.2 0:00.41
3647 0.0 0.2 0:00.41
3647 0.0 0.2 0:00.41
3647 0.0 0.2 0:00.41
3647 0.0 0.2 0:00.41
3647 0.0 0.2 0:00.41
3647 0.0 0.2 0:00.41
3647 0.0 0.2 0:00.41
3647 0.0 0.2 0:00.41
3647 0.0 0.2 0:00.41
3647 0.0 0.2 0:00.41
3647 0.0 0.2 0:00.41
3647 0.0 0.2 0:00.41
3647 0.0 0.2 0:00.41
3647 0.0 0.2 0:00.41
3647 0.0 0.2 0:00.41
3647 0.0 0.2 0:00.41
3647 0.0 0.2 0:00.41
3647 0.0 0.2 0:00.41
3647 0.0 0.2 0:00.41
3647 0.0 0.2 0:00.41
3647 0.0 0.2 0:00.41
3647 0.0 0.2 0:00.41
3647 0.0 0.2 0:00.41
3647 0.0 0.2 0:00.41
3647 0.0 0.2 0:00.41
3647 0.0 0.2 0:00.41
3647 0.0 0.2 0:00.41
3647 0.0 0.2 0:00.41
3647 0.0 0.2 0:00.41
3647 0.0 0.2 0:00.41
3647 0.0 0.2 0:00.41
3647 0.0 0.2 0:00.41
3647 0.0 0.2 0:00.41
3647 0.0 0.2 0:00.41
3647 0.0 0.2 0:00.41
3647 0.0 0.2 0:00.41
3647 0.0 0.2 0:00.41
3647 0.0 0.2 0:00.41
3647 0.0 0.2 0:00.41
3647 0.0 0.2 0:00.41
3647 0.0 0.2 0:00.41
3647 0.0 0.2 0:00.41
3647 0.0 0.2 0:00.41
3647 0.0 0.2 0:00.41
3647 0.0 0.2 0:00.41
3647 0.0 0.2 0:00.41
3647 0.0 0.2 0:00.41
3647 0.0 0.2 0:00.41
3647 0.0 0.2 0:00.41
3647 0.0 0.2 0:00.41
3647 0.0 0.2 0:00.41
3647 0.0 0.2 0:00.41
3647 0.0 0.2 0:00.41
3647 0.0 0.2 0:00.41
3647 0.0 0.2 0:00.41
3647 0.0 0.2 0:00.41
3647 0.0 0.2 0:00.41
3647 0.0 0.2 0:00.41
3647 0.0 0.2 0:00.41
3647 0.0 0.2 0:00.41
3647 0.0 0.2 0:00.41
3647 0.0 0.2 0:00.41
3647 0.0 0.2 0:00.41
3647 0.0 0.2 0:00.41
3647 0.0 0.2 0:00.41
3647 0.0 0.2 0:00.41
3647 0.0 0.2 0:00.41
3647 0.0 0.2 0:00.41
3647 0.0 0.2 0:00.41
3647 0.0 0.2 0:00.41
3647 0.0 0.2 0:00.41
3647 0.0 0.2 0:00.41
3647 0.0 0.2 0:00.41
3647 0.0 0.2 0:00.41
3647 0.0 0.2 0:00.41
3647 0.0 0.2 0:00.41
3647 0.0 0.2 0:00.41
3647 0.0 0.2 0:00.41
3647 0.0 0.2 0:00.41
3647 0.0 0.2 0:00.41
3647 0.0 0.2 0:00.41
3647 0.0 0.2 0:00.41
3647 0.0 0.2 0:00.41
3647 0.0 0.2 0:00.41
3647 0.0 0.2 0:00.41
3647 0.0 0.2 0:00.41
3647 0.0 0.2 0:00.41
3647 0.0 0.2 0:00.41
3647 0.0 0.2 0:00.41
3647 0.0 0.2 0:00.41
3647 0.0 0.2 0:00.41
