3648 5.6 0.2 0:00.68
3648 5.3 0.2 0:00.72
3648 0.0 0.2 0:00.74
3648 10.0 0.2 0:00.76
3648 0.0 0.2 0:00.76
3648 0.0 0.2 0:00.77
3648 0.0 0.2 0:00.80
3648 0.0 0.2 0:00.81
3648 0.0 0.2 0:00.82
3648 0.0 0.2 0:00.82
3648 0.0 0.2 0:00.82
3648 0.0 0.2 0:00.82
3648 0.0 0.2 0:00.82
3648 0.0 0.2 0:00.83
3648 0.0 0.2 0:00.83
3648 0.0 0.2 0:00.83
3648 0.0 0.2 0:00.83
3648 0.0 0.2 0:00.83
3648 0.0 0.2 0:00.83
3648 0.0 0.2 0:00.83
3648 0.0 0.2 0:00.83
3648 0.0 0.2 0:00.83
3648 0.0 0.2 0:00.83
3648 0.0 0.2 0:00.83
3648 0.0 0.2 0:00.83
3648 0.0 0.2 0:00.83
3648 0.0 0.2 0:00.83
3648 0.0 0.2 0:00.83
3648 0.0 0.2 0:00.83
3648 0.0 0.2 0:00.83
3648 0.0 0.2 0:00.83
3648 0.0 0.2 0:00.83
3648 0.0 0.2 0:00.83
3648 0.0 0.2 0:00.83
3648 0.0 0.2 0:00.83
3648 0.0 0.2 0:00.83
3648 0.0 0.2 0:00.83
3648 0.0 0.2 0:00.83
3648 0.0 0.2 0:00.83
3648 0.0 0.2 0:00.83
3648 0.0 0.2 0:00.83
3648 0.0 0.2 0:00.83
3648 0.0 0.2 0:00.83
3648 0.0 0.2 0:00.83
3648 0.0 0.2 0:00.84
3648 0.0 0.2 0:00.84
3648 0.0 0.2 0:00.84
3648 0.0 0.2 0:00.84
3648 0.0 0.2 0:00.84
3648 0.0 0.2 0:00.84
3648 0.0 0.2 0:00.84
3648 0.0 0.2 0:00.84
3648 0.0 0.2 0:00.84
3648 0.0 0.2 0:00.84
3648 0.0 0.2 0:00.84
3648 0.0 0.2 0:00.84
3648 0.0 0.2 0:00.84
3648 0.0 0.2 0:00.84
3648 0.0 0.2 0:00.84
3648 0.0 0.2 0:00.84
3648 0.0 0.2 0:00.84
3648 0.0 0.2 0:00.84
3648 0.0 0.2 0:00.84
3648 0.0 0.2 0:00.84
3648 0.0 0.2 0:00.84
3648 0.0 0.2 0:00.84
3648 0.0 0.2 0:00.84
3648 0.0 0.2 0:00.84
3648 0.0 0.2 0:00.84
3648 0.0 0.2 0:00.84
3648 0.0 0.2 0:00.84
3648 0.0 0.2 0:00.84
3648 0.0 0.2 0:00.84
3648 0.0 0.2 0:00.84
3648 0.0 0.2 0:00.84
3648 0.0 0.2 0:00.84
3648 0.0 0.2 0:00.84
3648 0.0 0.2 0:00.84
3648 0.0 0.2 0:00.84
3648 0.0 0.2 0:00.84
3648 0.0 0.2 0:00.85
3648 0.0 0.2 0:00.85
3648 0.0 0.2 0:00.85
3648 0.0 0.2 0:00.85
3648 0.0 0.2 0:00.85
3648 0.0 0.2 0:00.85
3648 0.0 0.2 0:00.85
3648 0.0 0.2 0:00.85
3648 0.0 0.2 0:00.85
3648 0.0 0.2 0:00.85
3648 0.0 0.2 0:00.85
3648 0.0 0.2 0:00.85
3648 0.0 0.2 0:00.85
3648 0.0 0.2 0:00.85
3648 0.0 0.2 0:00.85
3648 0.0 0.2 0:00.85
3648 0.0 0.2 0:00.85
3648 0.0 0.2 0:00.85
3648 0.0 0.2 0:00.85
3648 0.0 0.2 0:00.85
3648 0.0 0.2 0:00.85
3648 0.0 0.2 0:00.85
3648 0.0 0.2 0:00.85
3648 0.0 0.2 0:00.85
3648 0.0 0.2 0:00.85
3648 0.0 0.2 0:00.85
3648 0.0 0.2 0:00.86
3648 0.0 0.2 0:00.86
