718 0.0 0.4 0:54.99
718 0.0 0.4 0:54.99
718 0.0 0.4 0:54.99
718 0.0 0.4 0:55.01
718 0.0 0.4 0:55.01
718 0.0 0.4 0:55.01
718 0.0 0.4 0:55.01
718 0.0 0.4 0:55.01
718 0.0 0.4 0:55.01
718 0.0 0.4 0:55.01
718 0.0 0.4 0:55.01
718 0.0 0.4 0:55.01
718 0.0 0.4 0:55.01
718 0.0 0.4 0:55.01
718 0.0 0.4 0:55.01
718 0.0 0.4 0:55.01
718 0.0 0.4 0:55.01
718 0.0 0.4 0:55.02
718 0.0 0.4 0:55.02
718 0.0 0.4 0:55.04
718 0.0 0.4 0:55.04
718 5.6 0.4 0:55.05
718 0.0 0.4 0:55.06
718 0.0 0.4 0:55.06
718 0.0 0.4 0:55.06
718 0.0 0.4 0:55.06
718 0.0 0.4 0:55.06
718 0.0 0.4 0:55.06
718 0.0 0.4 0:55.06
718 0.0 0.4 0:55.06
718 0.0 0.4 0:55.06
718 0.0 0.4 0:55.06
718 0.0 0.4 0:55.07
718 0.0 0.4 0:55.07
718 0.0 0.4 0:55.07
718 0.0 0.4 0:55.07
718 0.0 0.4 0:55.07
718 0.0 0.4 0:55.09
718 0.0 0.4 0:55.09
718 0.0 0.4 0:55.09
718 0.0 0.4 0:55.10
718 0.0 0.4 0:55.10
718 0.0 0.4 0:55.10
718 0.0 0.4 0:55.10
7183 11.1 0.2 0:00.04
718 0.0 0.4 0:55.10
718 0.0 0.4 0:55.10
718 0.0 0.4 0:55.10
718 0.0 0.4 0:55.10
718 0.0 0.4 0:55.10
718 0.0 0.4 0:55.11
718 0.0 0.4 0:55.11
718 0.0 0.4 0:55.11
718 0.0 0.4 0:55.12
718 0.0 0.4 0:55.12
718 16.7 0.4 0:55.15
718 0.0 0.4 0:55.17
718 0.0 0.4 0:55.17
718 0.0 0.4 0:55.18
718 0.0 0.4 0:55.18
718 0.0 0.4 0:55.18
718 0.0 0.4 0:55.18
718 0.0 0.4 0:55.18
718 0.0 0.4 0:55.18
718 0.0 0.4 0:55.18
718 0.0 0.4 0:55.18
718 0.0 0.4 0:55.18
718 0.0 0.4 0:55.18
718 5.3 0.4 0:55.19
718 0.0 0.4 0:55.19
718 0.0 0.4 0:55.19
718 0.0 0.4 0:55.20
718 0.0 0.4 0:55.20
718 0.0 0.4 0:55.20
718 0.0 0.4 0:55.22
718 0.0 0.4 0:55.22
718 0.0 0.4 0:55.22
718 0.0 0.4 0:55.23
718 0.0 0.4 0:55.23
718 0.0 0.4 0:55.23
718 0.0 0.4 0:55.23
718 0.0 0.4 0:55.23
718 0.0 0.4 0:55.23
718 0.0 0.4 0:55.23
718 0.0 0.4 0:55.23
718 0.0 0.4 0:55.23
718 0.0 0.4 0:55.23
718 0.0 0.4 0:55.24
718 0.0 0.4 0:55.24
718 10.5 0.4 0:55.26
718 0.0 0.4 0:55.26
718 0.0 0.4 0:55.26
718 0.0 0.4 0:55.27
718 0.0 0.4 0:55.28
718 0.0 0.4 0:55.28
718 0.0 0.4 0:55.30
718 0.0 0.4 0:55.30
718 0.0 0.4 0:55.30
718 0.0 0.4 0:55.30
718 0.0 0.4 0:55.30
718 0.0 0.4 0:55.30
718 0.0 0.4 0:55.30
718 0.0 0.4 0:55.30
718 0.0 0.4 0:55.30
718 0.0 0.4 0:55.30
718 0.0 0.4 0:55.30
718 0.0 0.4 0:55.30
718 0.0 0.4 0:55.30
718 0.0 0.4 0:55.30
718 5.6 0.4 0:55.31
718 0.0 0.4 0:55.31
718 0.0 0.4 0:55.32
718 0.0 0.4 0:55.32
718 5.6 0.4 0:55.33
718 0.0 0.4 0:55.33
718 0.0 0.4 0:55.33
718 0.0 0.4 0:55.33
718 0.0 0.4 0:55.33
718 0.0 0.4 0:55.33
718 0.0 0.4 0:55.33
718 0.0 0.4 0:55.33
718 0.0 0.4 0:55.33
718 0.0 0.4 0:55.33
718 0.0 0.4 0:55.33
718 0.0 0.4 0:55.33
718 0.0 0.4 0:55.33
718 0.0 0.4 0:55.34
718 0.0 0.4 0:55.34
718 0.0 0.4 0:55.34
718 5.6 0.4 0:55.36
718 0.0 0.4 0:55.36
718 0.0 0.4 0:55.36
718 0.0 0.4 0:55.37
718 0.0 0.4 0:55.37
718 0.0 0.4 0:55.37
718 0.0 0.4 0:55.37
718 0.0 0.4 0:55.37
718 0.0 0.4 0:55.37
718 0.0 0.4 0:55.37
718 0.0 0.4 0:55.37
718 0.0 0.4 0:55.37
718 0.0 0.4 0:55.37
718 0.0 0.4 0:55.37
718 0.0 0.4 0:55.39
718 0.0 0.4 0:55.39
718 0.0 0.4 0:55.39
718 0.0 0.4 0:55.39
718 0.0 0.4 0:55.43
718 0.0 0.4 0:55.43
718 0.0 0.4 0:55.43
718 0.0 0.4 0:55.43
718 0.0 0.4 0:55.43
718 0.0 0.4 0:55.43
718 0.0 0.4 0:55.43
718 0.0 0.4 0:55.43
718 0.0 0.4 0:55.43
718 0.0 0.4 0:55.43
718 0.0 0.4 0:55.43
718 0.0 0.4 0:55.43
718 0.0 0.4 0:55.43
718 0.0 0.4 0:55.45
718 0.0 0.4 0:55.45
718 0.0 0.4 0:55.45
718 0.0 0.4 0:55.45
718 0.0 0.4 0:55.47
718 0.0 0.4 0:55.47
718 0.0 0.4 0:55.47
718 0.0 0.4 0:55.47
718 0.0 0.4 0:55.47
718 0.0 0.4 0:55.48
718 0.0 0.4 0:55.48
718 0.0 0.4 0:55.48
718 0.0 0.4 0:55.48
718 0.0 0.4 0:55.48
718 0.0 0.4 0:55.48
718 0.0 0.4 0:55.48
718 0.0 0.4 0:55.48
718 5.6 0.4 0:55.49
718 0.0 0.4 0:55.49
718 0.0 0.4 0:55.49
718 0.0 0.4 0:55.50
718 0.0 0.4 0:55.50
718 0.0 0.4 0:55.51
718 0.0 0.4 0:55.51
718 0.0 0.4 0:55.53
718 0.0 0.4 0:55.53
718 0.0 0.4 0:55.54
718 0.0 0.4 0:55.54
718 0.0 0.4 0:55.54
718 0.0 0.4 0:55.54
718 0.0 0.4 0:55.55
718 0.0 0.4 0:55.55
718 0.0 0.4 0:55.55
718 0.0 0.4 0:55.55
718 0.0 0.4 0:55.55
718 0.0 0.4 0:55.55
718 0.0 0.4 0:55.57
718 0.0 0.4 0:55.57
718 0.0 0.4 0:55.57
718 0.0 0.4 0:55.57
718 0.0 0.4 0:55.57
718 5.6 0.4 0:55.58
718 5.6 0.4 0:55.60
718 0.0 0.4 0:55.60
718 0.0 0.4 0:55.60
718 0.0 0.4 0:55.62
718 0.0 0.4 0:55.62
718 0.0 0.4 0:55.62
718 0.0 0.4 0:55.62
718 0.0 0.4 0:55.62
718 0.0 0.4 0:55.62
718 0.0 0.4 0:55.62
718 0.0 0.4 0:55.62
718 0.0 0.4 0:55.63
718 0.0 0.4 0:55.63
718 0.0 0.4 0:55.63
718 0.0 0.4 0:55.64
718 0.0 0.4 0:55.64
718 0.0 0.4 0:55.64
718 0.0 0.4 0:55.64
718 0.0 0.4 0:55.64
718 0.0 0.4 0:55.64
718 0.0 0.4 0:55.64
718 0.0 0.4 0:55.64
718 0.0 0.4 0:55.64
718 0.0 0.4 0:55.64
718 0.0 0.4 0:55.64
718 0.0 0.4 0:55.64
718 0.0 0.4 0:55.64
718 0.0 0.4 0:55.64
718 0.0 0.4 0:55.64
718 0.0 0.4 0:55.64
718 0.0 0.4 0:55.64
718 0.0 0.4 0:55.64
718 0.0 0.4 0:55.64
718 0.0 0.4 0:55.64
718 0.0 0.4 0:55.64
