2917 0.0 0.0 0:00.00
2917 0.0 0.0 0:00.00
2917 0.0 0.0 0:00.00
2917 0.0 0.0 0:00.00
2917 0.0 0.0 0:00.00
2917 0.0 0.0 0:00.00
2917 0.0 0.0 0:00.00
2917 0.0 0.0 0:00.00
2917 0.0 0.0 0:00.00
2917 0.0 0.0 0:00.00
2917 0.0 0.0 0:00.00
2917 0.0 0.0 0:00.00
2917 0.0 0.0 0:00.00
2917 0.0 0.0 0:00.00
2917 0.0 0.0 0:00.00
2917 0.0 0.0 0:00.00
2917 0.0 0.0 0:00.00
2917 0.0 0.0 0:00.00
2917 0.0 0.0 0:00.00
2917 0.0 0.0 0:00.00
2917 0.0 0.0 0:00.00
2917 0.0 0.0 0:00.00
2917 0.0 0.0 0:00.00
2917 0.0 0.0 0:00.00
2917 0.0 0.0 0:00.00
2917 0.0 0.0 0:00.00
2917 0.0 0.0 0:00.00
2917 0.0 0.0 0:00.00
2917 0.0 0.0 0:00.00
2917 0.0 0.0 0:00.00
2917 0.0 0.0 0:00.00
2917 0.0 0.0 0:00.00
2917 0.0 0.0 0:00.00
2917 0.0 0.0 0:00.00
2917 0.0 0.0 0:00.00
12917 5.6 0.0 0:00.01
2917 0.0 0.0 0:00.00
2917 0.0 0.0 0:00.00
2917 0.0 0.0 0:00.00
2917 0.0 0.0 0:00.00
2917 0.0 0.0 0:00.00
2917 0.0 0.0 0:00.00
2917 0.0 0.0 0:00.00
2917 0.0 0.0 0:00.00
2917 0.0 0.0 0:00.00
2917 0.0 0.0 0:00.00
2917 0.0 0.0 0:00.00
2917 0.0 0.0 0:00.00
2917 0.0 0.0 0:00.00
2917 0.0 0.0 0:00.00
2917 0.0 0.0 0:00.00
2917 0.0 0.0 0:00.00
2917 0.0 0.0 0:00.00
2917 0.0 0.0 0:00.00
2917 0.0 0.0 0:00.00
2917 0.0 0.0 0:00.00
2917 0.0 0.0 0:00.00
2917 0.0 0.0 0:00.00
2917 0.0 0.0 0:00.00
2917 0.0 0.0 0:00.00
2917 0.0 0.0 0:00.00
2917 0.0 0.0 0:00.00
2917 0.0 0.0 0:00.00
2917 0.0 0.0 0:00.00
2917 0.0 0.0 0:00.00
2917 0.0 0.0 0:00.00
2917 0.0 0.0 0:00.00
2917 0.0 0.0 0:00.00
2917 0.0 0.0 0:00.00
2917 0.0 0.0 0:00.00
2917 0.0 0.0 0:00.00
2917 0.0 0.0 0:00.00
2917 0.0 0.0 0:00.00
2917 0.0 0.0 0:00.00
2917 0.0 0.0 0:00.00
2917 0.0 0.0 0:00.00
