2918 5.6 0.2 0:16.22
2918 5.3 0.2 0:16.24
2918 0.0 0.2 0:16.25
2918 0.0 0.2 0:16.27
2918 0.0 0.2 0:16.30
2918 5.0 0.2 0:16.32
2918 0.0 0.2 0:16.33
2918 0.0 0.2 0:16.34
2918 0.0 0.2 0:16.35
2918 0.0 0.2 0:16.38
2918 5.3 0.2 0:16.39
2918 0.0 0.2 0:16.39
2918 0.0 0.2 0:16.39
2918 0.0 0.2 0:16.40
2918 0.0 0.2 0:16.40
2918 0.0 0.2 0:16.41
2918 5.3 0.2 0:16.42
2918 0.0 0.2 0:16.42
2918 0.0 0.2 0:16.42
2918 0.0 0.2 0:16.43
2918 5.3 0.2 0:16.44
2918 0.0 0.2 0:16.44
2918 0.0 0.2 0:16.45
2918 0.0 0.2 0:16.45
2918 0.0 0.2 0:16.45
2918 0.0 0.2 0:16.46
2918 0.0 0.2 0:16.46
2918 0.0 0.2 0:16.46
2918 0.0 0.2 0:16.47
2918 0.0 0.2 0:16.47
2918 0.0 0.2 0:16.48
2918 0.0 0.2 0:16.48
2918 0.0 0.2 0:16.49
2918 0.0 0.2 0:16.49
2918 0.0 0.2 0:16.49
2918 0.0 0.2 0:16.50
2918 0.0 0.2 0:16.50
2918 0.0 0.2 0:16.50
2918 0.0 0.2 0:16.50
2918 0.0 0.2 0:16.51
2918 0.0 0.2 0:16.51
2918 0.0 0.2 0:16.51
2918 5.0 0.2 0:16.52
2918 0.0 0.2 0:16.53
2918 5.0 0.2 0:16.54
2918 0.0 0.2 0:16.55
2918 0.0 0.2 0:16.57
2918 0.0 0.2 0:16.58
2918 0.0 0.2 0:16.58
2918 0.0 0.2 0:16.59
2918 0.0 0.2 0:16.59
2918 0.0 0.2 0:16.59
2918 0.0 0.2 0:16.61
2918 0.0 0.2 0:16.61
2918 0.0 0.2 0:16.61
2918 0.0 0.2 0:16.61
2918 0.0 0.2 0:16.62
2918 0.0 0.2 0:16.62
2918 0.0 0.2 0:16.63
2918 0.0 0.2 0:16.64
2918 0.0 0.2 0:16.64
2918 0.0 0.2 0:16.64
2918 0.0 0.2 0:16.65
2918 0.0 0.2 0:16.65
2918 5.6 0.2 0:16.66
2918 0.0 0.2 0:16.66
2918 0.0 0.2 0:16.66
2918 0.0 0.2 0:16.67
2918 0.0 0.2 0:16.67
2918 0.0 0.2 0:16.67
2918 0.0 0.2 0:16.69
2918 0.0 0.2 0:16.69
2918 5.0 0.2 0:16.70
2918 0.0 0.2 0:16.70
2918 5.3 0.2 0:16.72
2918 0.0 0.2 0:16.72
2918 0.0 0.2 0:16.73
2918 0.0 0.2 0:16.73
2918 0.0 0.2 0:16.75
2918 0.0 0.2 0:16.75
2918 0.0 0.2 0:16.76
2918 0.0 0.2 0:16.76
2918 0.0 0.2 0:16.76
2918 0.0 0.2 0:16.76
2918 0.0 0.2 0:16.76
2918 0.0 0.2 0:16.76
2918 0.0 0.2 0:16.77
2918 0.0 0.2 0:16.77
2918 0.0 0.2 0:16.78
2918 0.0 0.2 0:16.78
