29182 0.0 0.0 0:00.01
2918 5.3 0.2 0:09.71
2918 0.0 0.2 0:09.74
2918 4.8 0.2 0:09.78
2918 5.3 0.2 0:09.80
2918 4.8 0.2 0:09.81
2918 0.0 0.2 0:09.81
2918 0.0 0.2 0:09.81
2918 0.0 0.2 0:09.83
2918 0.0 0.2 0:09.83
2918 0.0 0.2 0:09.83
2918 0.0 0.2 0:09.83
2918 0.0 0.2 0:09.85
2918 0.0 0.2 0:09.85
2918 0.0 0.2 0:09.86
2918 5.0 0.2 0:09.87
2918 0.0 0.2 0:09.87
2918 0.0 0.2 0:09.88
2918 0.0 0.2 0:09.88
2918 0.0 0.2 0:09.89
2918 5.3 0.2 0:09.91
2918 0.0 0.2 0:09.91
2918 5.3 0.2 0:09.92
2918 0.0 0.2 0:09.92
2918 0.0 0.2 0:09.92
2918 0.0 0.2 0:09.93
2918 0.0 0.2 0:09.94
2918 0.0 0.2 0:09.95
2918 0.0 0.2 0:09.95
2918 0.0 0.2 0:09.96
2918 0.0 0.2 0:09.96
2918 0.0 0.2 0:09.96
2918 5.3 0.2 0:09.97
2918 5.3 0.2 0:09.98
2918 0.0 0.2 0:09.99
2918 5.6 0.2 0:10.00
2918 5.3 0.2 0:10.01
2918 0.0 0.2 0:10.01
2918 0.0 0.2 0:10.02
2918 0.0 0.2 0:10.02
2918 0.0 0.2 0:10.04
2918 0.0 0.2 0:10.04
2918 0.0 0.2 0:10.05
2918 0.0 0.2 0:10.05
2918 0.0 0.2 0:10.05
2918 0.0 0.2 0:10.05
2918 0.0 0.2 0:10.05
2918 0.0 0.2 0:10.06
2918 0.0 0.2 0:10.06
2918 0.0 0.2 0:10.06
2918 0.0 0.2 0:10.07
2918 0.0 0.2 0:10.07
2918 0.0 0.2 0:10.07
2918 0.0 0.2 0:10.08
2918 0.0 0.2 0:10.08
2918 0.0 0.2 0:10.08
2918 0.0 0.2 0:10.09
2918 0.0 0.2 0:10.09
2918 0.0 0.2 0:10.09
2918 0.0 0.2 0:10.10
2918 0.0 0.2 0:10.10
2918 5.0 0.2 0:10.11
2918 0.0 0.2 0:10.12
2918 0.0 0.2 0:10.12
2918 0.0 0.2 0:10.13
2918 0.0 0.2 0:10.13
2918 0.0 0.2 0:10.14
2918 0.0 0.2 0:10.14
2918 0.0 0.2 0:10.14
2918 5.3 0.2 0:10.15
2918 0.0 0.2 0:10.15
2918 5.6 0.2 0:10.16
2918 5.3 0.2 0:10.17
2918 0.0 0.2 0:10.17
2918 0.0 0.2 0:10.17
2918 0.0 0.2 0:10.18
2918 0.0 0.2 0:10.18
2918 0.0 0.2 0:10.20
2918 0.0 0.2 0:10.22
2918 0.0 0.2 0:10.22
2918 5.6 0.2 0:10.23
2918 0.0 0.2 0:10.24
2918 0.0 0.2 0:10.24
2918 0.0 0.2 0:10.24
2918 0.0 0.2 0:10.25
2918 0.0 0.2 0:10.25
2918 0.0 0.2 0:10.26
2918 0.0 0.2 0:10.26
2918 0.0 0.2 0:10.27
2918 0.0 0.2 0:10.27
2918 0.0 0.2 0:10.28
2918 0.0 0.2 0:10.29
2918 0.0 0.2 0:10.29
2918 0.0 0.2 0:10.30
2918 0.0 0.2 0:10.31
2918 0.0 0.2 0:10.32
2918 5.3 0.2 0:10.33
2918 0.0 0.2 0:10.33
2918 0.0 0.2 0:10.34
2918 0.0 0.2 0:10.34
2918 0.0 0.2 0:10.36
2918 5.6 0.2 0:10.37
2918 0.0 0.2 0:10.38
2918 0.0 0.2 0:10.39
2918 0.0 0.2 0:10.41
2918 0.0 0.2 0:10.42
2918 0.0 0.2 0:10.44
2918 5.3 0.2 0:10.46
2918 0.0 0.2 0:10.47
