2918 0.0 0.2 0:26.58
2918 0.0 0.2 0:26.64
2918 0.0 0.2 0:26.66
2918 0.0 0.2 0:26.67
2918 0.0 0.2 0:26.67
2918 0.0 0.2 0:26.68
2918 0.0 0.2 0:26.69
2918 5.6 0.2 0:26.71
2918 0.0 0.2 0:26.73
2918 0.0 0.2 0:26.74
2918 0.0 0.2 0:26.75
2918 5.3 0.2 0:26.76
2918 0.0 0.2 0:26.76
2918 0.0 0.2 0:26.76
2918 0.0 0.2 0:26.77
2918 0.0 0.2 0:26.78
2918 0.0 0.2 0:26.79
2918 0.0 0.2 0:26.79
2918 5.0 0.2 0:26.80
2918 5.3 0.2 0:26.81
2918 0.0 0.2 0:26.82
2918 5.6 0.2 0:26.83
2918 0.0 0.2 0:26.83
2918 0.0 0.2 0:26.84
2918 0.0 0.2 0:26.84
2918 5.6 0.2 0:26.85
2918 0.0 0.2 0:26.85
2918 0.0 0.2 0:26.85
2918 0.0 0.2 0:26.86
2918 0.0 0.2 0:26.87
2918 0.0 0.2 0:26.87
2918 0.0 0.2 0:26.87
2918 0.0 0.2 0:26.89
2918 0.0 0.2 0:26.90
2918 5.3 0.2 0:26.91
2918 0.0 0.2 0:26.93
2918 0.0 0.2 0:26.93
2918 0.0 0.2 0:26.95
2918 5.3 0.2 0:26.96
2918 0.0 0.2 0:26.96
2918 0.0 0.2 0:26.97
2918 0.0 0.2 0:26.98
2918 0.0 0.2 0:26.98
2918 0.0 0.2 0:26.99
2918 0.0 0.2 0:27.00
2918 0.0 0.2 0:27.01
2918 0.0 0.2 0:27.01
2918 0.0 0.2 0:27.02
2918 0.0 0.2 0:27.03
2918 0.0 0.2 0:27.03
2918 0.0 0.2 0:27.04
2918 0.0 0.2 0:27.04
2918 0.0 0.2 0:27.04
2918 0.0 0.2 0:27.04
2918 0.0 0.2 0:27.05
2918 0.0 0.2 0:27.05
2918 0.0 0.2 0:27.05
2918 0.0 0.2 0:27.06
2918 0.0 0.2 0:27.07
2918 0.0 0.2 0:27.07
2918 0.0 0.2 0:27.07
2918 0.0 0.2 0:27.12
2918 0.0 0.2 0:27.13
2918 0.0 0.2 0:27.13
2918 0.0 0.2 0:27.14
2918 0.0 0.2 0:27.14
2918 0.0 0.2 0:27.14
2918 0.0 0.2 0:27.15
2918 0.0 0.2 0:27.15
2918 5.6 0.2 0:27.17
2918 0.0 0.2 0:27.17
2918 5.0 0.2 0:27.19
2918 5.6 0.2 0:27.20
2918 0.0 0.2 0:27.21
2918 0.0 0.2 0:27.22
2918 0.0 0.2 0:27.22
