2919 10.5 0.3 4:00.12
2919 5.3 0.3 4:00.22
2919 0.0 0.3 4:00.32
2919 0.0 0.3 4:00.44
2919 0.0 0.3 4:00.56
2919 5.3 0.3 4:00.69
2919 16.7 0.3 4:00.83
2919 28.6 0.3 4:01.00
2919 8.8 0.3 4:01.22
2919 13.3 0.3 4:01.43
2919 8.8 0.3 4:01.63
2919 15.0 0.3 4:01.82
2919 13.0 0.3 4:02.01
2919 10.0 0.3 4:02.18
2919 15.0 0.3 4:02.39
2919 13.0 0.3 4:02.59
2919 9.1 0.3 4:02.77
2919 17.4 0.3 4:02.97
2919 15.8 0.3 4:03.15
2919 13.0 0.3 4:03.35
2919 16.7 0.3 4:03.54
2919 11.5 0.3 4:03.74
2919 10.0 0.3 4:03.92
2919 15.0 0.3 4:04.10
2919 18.2 0.3 4:04.29
2919 18.2 0.3 4:04.49
2919 17.4 0.3 4:04.69
2919 15.0 0.3 4:04.88
2919 13.6 0.3 4:05.09
2919 14.3 0.3 4:05.29
2919 12.5 0.3 4:05.47
2919 16.7 0.3 4:05.66
2919 14.3 0.3 4:05.84
2919 19.0 0.3 4:06.05
2919 13.6 0.3 4:06.26
2919 11.5 0.3 4:06.46
2919 14.3 0.3 4:06.64
2919 18.2 0.3 4:06.85
2919 14.3 0.3 4:07.04
2919 15.0 0.3 4:07.23
2919 11.5 0.3 4:07.43
2919 13.0 0.3 4:07.61
2919 16.7 0.3 4:07.79
2919 15.8 0.3 4:08.00
2919 15.8 0.3 4:08.18
2919 20.0 0.3 4:08.35
2919 21.1 0.3 4:08.52
2919 15.8 0.3 4:08.67
2919 19.0 0.3 4:08.87
2919 15.0 0.3 4:09.06
2919 11.1 0.3 4:09.23
2919 20.0 0.2 4:09.41
2919 11.1 0.2 4:09.56
2919 15.8 0.2 4:09.74
2919 15.8 0.2 4:09.90
2919 20.0 0.2 4:10.09
2919 21.1 0.2 4:10.26
2919 17.9 0.2 4:10.46
2919 18.2 0.2 4:10.64
2919 18.2 0.2 4:10.83
2919 20.0 0.2 4:11.01
2919 16.7 0.2 4:11.17
2919 20.0 0.2 4:11.38
2919 22.7 0.2 4:11.59
2919 16.7 0.2 4:11.79
2919 15.0 0.2 4:11.96
2919 21.1 0.2 4:12.16
2919 14.3 0.2 4:12.35
2919 10.0 0.2 4:12.53
2919 13.6 0.2 4:12.74
2919 16.7 0.2 4:12.93
2919 14.3 0.2 4:13.12
2919 15.8 0.2 4:13.31
2919 15.0 0.3 4:13.51
2919 19.0 0.3 4:13.71
2919 12.0 0.3 4:13.91
2919 16.7 0.3 4:14.07
2919 22.2 0.3 4:14.28
2919 16.7 0.3 4:14.48
2919 19.0 0.3 4:14.68
2919 19.0 0.3 4:14.88
2919 15.8 0.3 4:15.06
2919 15.8 0.3 4:15.25
2919 14.3 0.3 4:15.45
2919 13.0 0.3 4:15.64
2919 8.3 0.3 4:15.82
2919 17.4 0.3 4:16.03
2919 22.2 0.3 4:16.21
2919 20.0 0.2 4:16.43
2919 17.4 0.2 4:16.63
2919 16.7 0.2 4:16.82
2919 15.0 0.2 4:17.01
2919 0.0 0.2 4:17.05
