2919 5.0 0.4 6:07.16
2919 0.0 0.4 6:07.23
2919 15.8 0.4 6:07.37
2919 10.0 0.4 6:07.53
2919 5.0 0.4 6:07.65
2919 11.1 0.4 6:07.80
2919 16.7 0.4 6:07.97
2919 11.1 0.4 6:08.13
2919 10.5 0.4 6:08.31
2919 15.0 0.4 6:08.47
2919 15.0 0.3 6:08.62
2919 10.5 0.3 6:08.76
2919 10.5 0.3 6:08.92
2919 18.2 0.3 6:09.10
2919 10.7 0.3 6:09.30
2919 16.0 0.3 6:09.51
2919 27.8 0.3 6:09.73
2919 21.1 0.3 6:09.90
2919 16.7 0.3 6:10.06
2919 15.8 0.3 6:10.21
2919 11.1 0.3 6:10.36
2919 21.1 0.3 6:10.54
2919 19.0 0.3 6:10.70
2919 10.0 0.3 6:10.86
2919 10.5 0.3 6:11.01
2919 16.7 0.3 6:11.16
2919 11.1 0.3 6:11.32
2919 10.5 0.3 6:11.48
2919 20.0 0.3 6:11.68
2919 10.0 0.3 6:11.83
2919 10.0 0.2 6:11.99
2919 15.8 0.2 6:12.14
2919 10.0 0.2 6:12.29
2919 15.8 0.2 6:12.47
2919 15.8 0.2 6:12.64
12919 21.1 0.1 0:00.06
2919 15.0 0.2 6:12.96
2919 15.8 0.2 6:13.12
2919 15.0 0.2 6:13.28
2919 22.2 0.2 6:13.43
2919 15.8 0.2 6:13.58
2919 16.7 0.2 6:13.73
2919 21.1 0.2 6:13.90
2919 9.5 0.2 6:14.05
2919 15.0 0.2 6:14.22
2919 21.1 0.2 6:14.38
2919 11.1 0.2 6:14.52
2919 10.0 0.2 6:14.68
2919 10.5 0.2 6:14.84
2919 19.0 0.3 6:15.02
2919 10.5 0.3 6:15.19
2919 10.0 0.3 6:15.34
2919 23.5 0.3 6:15.50
2919 10.0 0.3 6:15.65
2919 15.8 0.3 6:15.81
2919 5.3 0.3 6:15.95
2919 16.7 0.3 6:16.11
2919 16.7 0.3 6:16.26
2919 10.0 0.3 6:16.42
2919 15.0 0.3 6:16.57
2919 10.0 0.3 6:16.72
2919 15.8 0.3 6:16.88
2919 15.8 0.3 6:17.04
2919 15.8 0.3 6:17.22
2919 10.5 0.3 6:17.37
2919 15.8 0.3 6:17.57
2919 13.0 0.3 6:17.76
2919 12.0 0.3 6:17.94
2919 15.8 0.3 6:18.10
2919 15.8 0.3 6:18.26
2919 15.0 0.3 6:18.42
2919 23.8 0.3 6:18.62
2919 15.0 0.3 6:18.77
2919 15.8 0.3 6:18.92
2919 10.5 0.3 6:19.08
2919 0.0 0.3 6:19.14
