2919 5.6 0.4 4:45.70
2919 4.5 0.4 4:45.77
2919 16.7 0.4 4:45.88
2919 21.1 0.4 4:46.06
2919 4.5 0.4 4:46.24
2919 22.7 0.4 4:46.45
2919 16.7 0.3 4:46.68
2919 9.1 0.3 4:46.83
2919 15.8 0.3 4:47.02
2919 15.8 0.3 4:47.20
2919 5.3 0.3 4:47.36
29190 16.7 0.1 0:00.03
29196 0.0 0.0 0:00.01
2919 26.3 0.3 4:47.89
2919 22.2 0.3 4:48.10
2919 15.0 0.3 4:48.28
2919 10.5 0.3 4:48.44
2919 21.1 0.3 4:48.63
2919 27.8 0.3 4:48.83
2919 15.8 0.3 4:49.00
2919 19.0 0.3 4:49.20
2919 15.8 0.3 4:49.39
2919 15.0 0.3 4:49.56
2919 26.3 0.3 4:49.76
2919 11.1 0.3 4:49.93
2919 16.7 0.3 4:50.11
2919 21.1 0.3 4:50.30
2919 15.8 0.3 4:50.49
2919 20.0 0.3 4:50.72
2919 15.8 0.3 4:50.89
2919 14.3 0.3 4:51.10
2919 26.3 0.2 4:51.29
2919 15.8 0.2 4:51.47
2919 21.1 0.2 4:51.67
2919 11.1 0.2 4:51.84
2919 21.1 0.2 4:52.03
2919 22.2 0.2 4:52.20
2919 26.3 0.2 4:52.42
2919 15.8 0.2 4:52.58
2919 15.8 0.2 4:52.82
2919 13.6 0.2 4:53.00
2919 15.0 0.2 4:53.17
2919 15.8 0.2 4:53.35
2919 20.0 0.2 4:53.53
2919 16.7 0.2 4:53.69
2919 15.8 0.2 4:53.86
2919 22.2 0.2 4:54.05
2919 10.5 0.2 4:54.24
2919 25.0 0.2 4:54.44
2919 20.0 0.2 4:54.64
2919 20.0 0.2 4:54.81
2919 14.3 0.2 4:55.01
2919 22.2 0.2 4:55.18
2919 17.4 0.2 4:55.40
2919 10.5 0.2 4:55.55
2919 21.1 0.2 4:55.82
2919 16.7 0.2 4:56.04
2919 10.5 0.2 4:56.25
2919 21.1 0.2 4:56.46
2919 30.0 0.2 4:56.71
2919 21.1 0.2 4:56.90
2919 11.1 0.2 4:57.08
2919 26.3 0.2 4:57.28
2919 15.0 0.2 4:57.46
2919 10.0 0.2 4:57.64
2919 16.7 0.2 4:57.81
2919 19.0 0.2 4:57.99
2919 16.7 0.2 4:58.16
2919 22.2 0.2 4:58.34
2919 15.0 0.2 4:58.51
2919 21.1 0.2 4:58.69
2919 16.7 0.2 4:58.90
2919 27.8 0.2 4:59.13
2919 15.8 0.2 4:59.31
2919 16.7 0.2 4:59.49
2919 0.0 0.2 4:59.55
