2919 0.0 0.4 1:46.25
2919 0.0 0.4 1:46.33
2919 5.3 0.4 1:46.45
2919 11.1 0.4 1:46.59
2919 25.0 0.4 1:46.75
2919 31.6 0.4 1:46.89
2919 36.8 0.4 1:47.03
2919 31.6 0.4 1:47.17
2919 21.1 0.4 1:47.30
2919 11.1 0.4 1:47.45
2919 9.5 0.4 1:47.61
2919 5.6 0.4 1:47.77
2919 11.1 0.4 1:47.94
2919 10.5 0.4 1:48.11
2919 10.5 0.4 1:48.27
2919 15.0 0.4 1:48.45
2919 15.8 0.4 1:48.62
2919 13.6 0.4 1:48.79
2919 16.7 0.4 1:48.95
2919 21.1 0.4 1:49.13
2919 15.8 0.4 1:49.29
2919 15.8 0.4 1:49.46
2919 21.1 0.4 1:49.63
2919 16.7 0.4 1:49.79
2919 15.0 0.4 1:49.97
2919 15.8 0.4 1:50.14
2919 13.6 0.4 1:50.31
2919 15.8 0.4 1:50.48
2919 14.3 0.4 1:50.66
2919 13.6 0.4 1:50.83
2919 14.3 0.4 1:51.00
2919 15.0 0.4 1:51.17
2919 15.8 0.4 1:51.34
2919 15.8 0.4 1:51.52
2919 14.3 0.4 1:51.71
2919 13.0 0.4 1:51.91
2919 10.5 0.4 1:52.07
2919 16.7 0.4 1:52.25
2919 16.7 0.4 1:52.43
2919 15.8 0.4 1:52.60
2919 15.8 0.4 1:52.77
2919 15.0 0.4 1:52.93
2919 10.5 0.4 1:53.09
2919 14.3 0.4 1:53.27
2919 15.8 0.4 1:53.44
2919 21.1 0.4 1:53.61
2919 15.8 0.4 1:53.77
2919 15.8 0.4 1:53.94
2919 14.3 0.4 1:54.11
2919 15.8 0.4 1:54.27
2919 16.7 0.4 1:54.43
2919 15.0 0.4 1:54.60
2919 15.0 0.4 1:54.78
2919 15.8 0.4 1:54.94
2919 22.2 0.4 1:55.12
2919 15.8 0.4 1:55.29
2919 14.3 0.4 1:55.46
2919 15.0 0.4 1:55.63
2919 11.1 0.4 1:55.79
2919 21.1 0.4 1:55.97
2919 16.7 0.4 1:56.14
2919 15.0 0.4 1:56.30
2919 15.8 0.4 1:56.47
2919 21.1 0.4 1:56.64
2919 10.5 0.4 1:56.80
2919 15.0 0.4 1:56.98
2919 21.1 0.4 1:57.15
2919 21.1 0.4 1:57.32
2919 15.8 0.4 1:57.47
2919 14.3 0.4 1:57.65
2919 15.0 0.4 1:57.81
2919 15.8 0.4 1:57.98
2919 15.8 0.4 1:58.15
2919 15.0 0.4 1:58.32
2919 15.8 0.4 1:58.49
2919 15.8 0.4 1:58.66
2919 15.8 0.4 1:58.83
2919 15.0 0.4 1:59.00
2919 16.7 0.4 1:59.17
2919 11.1 0.4 1:59.34
2919 20.0 0.4 1:59.52
2919 10.5 0.4 1:59.68
2919 16.7 0.4 1:59.85
2919 15.8 0.4 2:00.02
2919 5.3 0.4 2:00.18
2919 15.8 0.4 2:00.37
2919 15.8 0.4 2:00.56
2919 20.0 0.4 2:00.76
2919 9.5 0.4 2:00.93
2919 19.0 0.4 2:01.12
2919 15.8 0.4 2:01.29
2919 13.6 0.4 2:01.46
2919 11.1 0.4 2:01.62
2919 16.7 0.4 2:01.80
2919 16.7 0.4 2:01.97
2919 15.8 0.4 2:02.14
2919 15.0 0.4 2:02.32
2919 15.0 0.4 2:02.48
2919 15.8 0.4 2:02.65
2919 11.1 0.4 2:02.82
2919 15.8 0.4 2:03.00
2919 11.1 0.4 2:03.16
2919 15.8 0.4 2:03.34
2919 21.1 0.4 2:03.51
2919 15.8 0.4 2:03.67
2919 10.0 0.4 2:03.84
2919 10.0 0.4 2:04.01
2919 0.0 0.4 2:04.03
