29190 0.0 0.0 0:00.00
2919 5.3 0.4 2:04.21
2919 15.8 0.4 2:04.34
2919 17.4 0.4 2:04.48
2919 38.9 0.4 2:04.62
2919 27.3 0.4 2:04.76
2919 26.3 0.4 2:04.88
2919 11.1 0.4 2:05.01
2919 9.1 0.4 2:05.16
2919 5.3 0.4 2:05.31
2919 5.3 0.4 2:05.47
2919 3.1 0.2 2:05.66
2919 5.3 0.2 2:05.87
2919 6.5 0.2 2:06.11
2919 5.3 0.3 2:06.28
2919 5.0 0.3 2:06.46
2919 15.0 0.3 2:06.64
2919 26.3 0.3 2:06.82
2919 20.0 0.3 2:06.98
2919 19.0 0.3 2:07.15
2919 21.1 0.3 2:07.31
2919 21.1 0.3 2:07.47
2919 20.0 0.3 2:07.63
2919 15.8 0.3 2:07.80
2919 10.5 0.3 2:07.96
2919 14.3 0.3 2:08.14
2919 21.1 0.3 2:08.31
2919 10.5 0.3 2:08.47
2919 10.5 0.3 2:08.64
2919 16.7 0.3 2:08.82
2919 15.0 0.3 2:08.99
2919 16.7 0.3 2:09.16
2919 15.0 0.3 2:09.33
2919 15.8 0.3 2:09.49
2919 15.8 0.3 2:09.66
2919 15.8 0.3 2:09.82
2919 10.5 0.3 2:10.00
2919 16.7 0.3 2:10.17
2919 11.1 0.3 2:10.34
2919 10.5 0.3 2:10.51
2919 22.2 0.3 2:10.69
2919 15.0 0.3 2:10.86
2919 10.0 0.3 2:11.02
2919 14.3 0.3 2:11.19
2919 15.0 0.3 2:11.36
2919 17.6 0.3 2:11.52
2919 15.8 0.3 2:11.69
2919 11.1 0.3 2:11.86
2919 15.8 0.3 2:12.04
2919 10.5 0.3 2:12.20
2919 15.0 0.3 2:12.37
2919 15.0 0.3 2:12.54
2919 10.5 0.3 2:12.70
2919 16.7 0.3 2:12.87
2919 10.5 0.3 2:13.03
2919 16.7 0.3 2:13.21
2919 16.7 0.3 2:13.37
2919 10.5 0.3 2:13.54
2919 20.0 0.3 2:13.72
2919 15.8 0.3 2:13.88
2919 15.8 0.3 2:14.05
2919 10.5 0.3 2:14.21
2919 15.8 0.3 2:14.39
2919 14.3 0.3 2:14.59
2919 10.5 0.3 2:14.76
2919 9.5 0.3 2:14.95
2919 10.0 0.3 2:15.12
2919 10.5 0.3 2:15.30
2919 10.0 0.3 2:15.47
2919 10.5 0.3 2:15.64
2919 20.0 0.3 2:15.82
2919 16.7 0.3 2:15.99
2919 16.7 0.3 2:16.16
2919 15.8 0.3 2:16.33
2919 15.8 0.3 2:16.49
2919 15.8 0.3 2:16.67
2919 22.2 0.3 2:16.85
2919 15.8 0.3 2:17.02
2919 15.8 0.3 2:17.18
2919 15.8 0.3 2:17.35
2919 16.7 0.3 2:17.52
2919 11.1 0.3 2:17.69
2919 15.0 0.3 2:17.86
2919 15.8 0.3 2:18.03
2919 10.5 0.3 2:18.19
2919 10.0 0.3 2:18.37
2919 11.1 0.3 2:18.53
2919 15.0 0.3 2:18.71
2919 15.8 0.3 2:18.88
2919 15.0 0.3 2:19.05
2919 11.1 0.3 2:19.21
2919 15.8 0.3 2:19.38
2919 15.0 0.3 2:19.56
2919 15.8 0.3 2:19.73
2919 16.7 0.3 2:19.90
2919 22.2 0.3 2:20.07
2919 15.8 0.3 2:20.23
2919 15.8 0.4 2:20.38
2919 10.5 0.4 2:20.54
2919 15.8 0.4 2:20.70
2919 10.5 0.4 2:20.86
2919 10.5 0.4 2:21.02
2919 11.1 0.4 2:21.18
2919 11.1 0.4 2:21.33
2919 14.3 0.4 2:21.49
2919 15.8 0.4 2:21.64
2919 5.3 0.4 2:21.79
2919 5.0 0.4 2:21.90
2919 0.0 0.4 2:21.95
