2920 0.0 0.2 0:01.26
2920 0.0 0.2 0:01.26
2920 0.0 0.2 0:01.26
2920 0.0 0.2 0:01.26
2920 0.0 0.2 0:01.26
2920 0.0 0.2 0:01.26
2920 0.0 0.2 0:01.26
2920 0.0 0.2 0:01.26
2920 0.0 0.2 0:01.26
2920 0.0 0.2 0:01.26
2920 0.0 0.2 0:01.26
2920 0.0 0.2 0:01.26
2920 0.0 0.2 0:01.26
2920 0.0 0.2 0:01.26
2920 0.0 0.2 0:01.26
2920 0.0 0.2 0:01.26
2920 0.0 0.2 0:01.26
2920 0.0 0.2 0:01.26
2920 0.0 0.2 0:01.26
2920 0.0 0.2 0:01.26
2920 0.0 0.2 0:01.26
2920 0.0 0.2 0:01.26
2920 0.0 0.2 0:01.26
2920 0.0 0.2 0:01.26
2920 0.0 0.2 0:01.26
2920 0.0 0.2 0:01.26
2920 0.0 0.2 0:01.26
2920 0.0 0.2 0:01.26
2920 0.0 0.2 0:01.26
2920 0.0 0.2 0:01.26
2920 0.0 0.2 0:01.26
2920 0.0 0.2 0:01.26
2920 0.0 0.2 0:01.26
2920 0.0 0.2 0:01.26
2920 0.0 0.2 0:01.26
2920 0.0 0.2 0:01.26
2920 0.0 0.2 0:01.26
2920 0.0 0.2 0:01.26
2920 0.0 0.2 0:01.26
2920 0.0 0.2 0:01.26
2920 0.0 0.2 0:01.26
2920 0.0 0.2 0:01.26
2920 0.0 0.2 0:01.26
2920 0.0 0.2 0:01.26
2920 0.0 0.2 0:01.26
2920 0.0 0.2 0:01.26
2920 0.0 0.2 0:01.26
2920 0.0 0.2 0:01.26
2920 0.0 0.2 0:01.26
2920 0.0 0.2 0:01.26
2920 0.0 0.2 0:01.26
2920 0.0 0.2 0:01.26
2920 0.0 0.2 0:01.26
2920 0.0 0.2 0:01.26
2920 0.0 0.2 0:01.26
2920 0.0 0.2 0:01.26
2920 0.0 0.2 0:01.26
2920 0.0 0.2 0:01.26
2920 0.0 0.2 0:01.26
2920 0.0 0.2 0:01.26
2920 0.0 0.2 0:01.26
2920 0.0 0.2 0:01.26
2920 0.0 0.2 0:01.26
2920 0.0 0.2 0:01.26
2920 0.0 0.2 0:01.26
2920 0.0 0.2 0:01.26
2920 0.0 0.2 0:01.26
2920 0.0 0.2 0:01.26
2920 0.0 0.2 0:01.26
2920 0.0 0.2 0:01.26
2920 0.0 0.2 0:01.26
2920 0.0 0.2 0:01.26
2920 0.0 0.2 0:01.26
2920 0.0 0.2 0:01.26
2920 0.0 0.2 0:01.26
2920 0.0 0.2 0:01.26
