2920 0.0 0.2 0:00.56
2920 0.0 0.2 0:00.57
2920 0.0 0.2 0:00.57
2920 0.0 0.2 0:00.57
2920 5.6 0.2 0:00.58
2920 0.0 0.2 0:00.58
2920 0.0 0.2 0:00.58
2920 0.0 0.2 0:00.58
2920 0.0 0.2 0:00.58
2920 0.0 0.2 0:00.58
2920 0.0 0.2 0:00.58
2920 0.0 0.2 0:00.58
2920 0.0 0.2 0:00.58
2920 0.0 0.2 0:00.58
2920 0.0 0.2 0:00.58
2920 0.0 0.2 0:00.58
2920 0.0 0.2 0:00.58
2920 0.0 0.2 0:00.58
2920 0.0 0.2 0:00.58
2920 0.0 0.2 0:00.58
2920 0.0 0.2 0:00.58
2920 0.0 0.2 0:00.58
2920 0.0 0.2 0:00.58
2920 0.0 0.2 0:00.58
2920 0.0 0.2 0:00.58
2920 0.0 0.2 0:00.58
2920 0.0 0.2 0:00.58
2920 0.0 0.2 0:00.58
2920 0.0 0.2 0:00.58
2920 0.0 0.2 0:00.58
2920 0.0 0.2 0:00.58
2920 0.0 0.2 0:00.58
2920 0.0 0.2 0:00.58
2920 0.0 0.2 0:00.58
2920 0.0 0.2 0:00.58
2920 0.0 0.2 0:00.58
2920 0.0 0.2 0:00.58
2920 0.0 0.2 0:00.58
2920 0.0 0.2 0:00.58
2920 0.0 0.2 0:00.58
2920 0.0 0.2 0:00.58
2920 0.0 0.2 0:00.58
2920 0.0 0.2 0:00.58
2920 0.0 0.2 0:00.58
2920 0.0 0.2 0:00.58
2920 0.0 0.2 0:00.58
2920 0.0 0.2 0:00.58
2920 0.0 0.2 0:00.58
2920 0.0 0.2 0:00.58
2920 0.0 0.2 0:00.58
2920 0.0 0.2 0:00.58
2920 0.0 0.2 0:00.58
2920 0.0 0.2 0:00.58
2920 0.0 0.2 0:00.58
2920 0.0 0.2 0:00.58
2920 0.0 0.2 0:00.58
2920 0.0 0.2 0:00.58
2920 0.0 0.2 0:00.58
2920 0.0 0.2 0:00.58
2920 0.0 0.2 0:00.58
2920 0.0 0.2 0:00.58
2920 0.0 0.2 0:00.58
2920 0.0 0.2 0:00.58
2920 0.0 0.2 0:00.58
2920 0.0 0.2 0:00.58
2920 0.0 0.2 0:00.58
2920 0.0 0.2 0:00.58
2920 0.0 0.2 0:00.58
2920 0.0 0.2 0:00.58
2920 0.0 0.2 0:00.58
2920 0.0 0.2 0:00.58
2920 0.0 0.2 0:00.58
2920 0.0 0.2 0:00.58
2920 0.0 0.2 0:00.58
2920 0.0 0.2 0:00.58
2920 0.0 0.2 0:00.58
2920 0.0 0.2 0:00.58
2920 0.0 0.2 0:00.58
2920 0.0 0.2 0:00.58
2920 0.0 0.2 0:00.58
2920 0.0 0.2 0:00.58
2920 0.0 0.2 0:00.58
2920 0.0 0.2 0:00.58
2920 0.0 0.2 0:00.58
2920 0.0 0.2 0:00.58
2920 0.0 0.2 0:00.58
2920 0.0 0.2 0:00.58
2920 0.0 0.2 0:00.58
2920 0.0 0.2 0:00.58
2920 0.0 0.2 0:00.58
2920 0.0 0.2 0:00.58
2920 0.0 0.2 0:00.58
2920 0.0 0.2 0:00.58
2920 0.0 0.2 0:00.58
2920 0.0 0.2 0:00.58
2920 0.0 0.2 0:00.58
2920 0.0 0.2 0:00.58
2920 0.0 0.2 0:00.58
2920 0.0 0.2 0:00.58
2920 0.0 0.2 0:00.58
2920 0.0 0.2 0:00.58
2920 0.0 0.2 0:00.58
2920 0.0 0.2 0:00.58
2920 0.0 0.2 0:00.58
2920 0.0 0.2 0:00.58
2920 0.0 0.2 0:00.58
2920 0.0 0.2 0:00.58
2920 0.0 0.2 0:00.58
