2920 5.3 0.2 0:00.84
2920 0.0 0.2 0:00.85
2920 5.3 0.2 0:00.87
2920 0.0 0.2 0:00.87
2920 0.0 0.2 0:00.87
2920 0.0 0.2 0:00.87
2920 0.0 0.2 0:00.87
2920 0.0 0.2 0:00.87
2920 0.0 0.2 0:00.87
2920 0.0 0.2 0:00.87
2920 0.0 0.2 0:00.87
2920 0.0 0.2 0:00.87
2920 0.0 0.2 0:00.87
2920 0.0 0.2 0:00.87
2920 0.0 0.2 0:00.87
2920 0.0 0.2 0:00.87
2920 0.0 0.2 0:00.87
2920 0.0 0.2 0:00.87
2920 0.0 0.2 0:00.87
2920 0.0 0.2 0:00.87
2920 0.0 0.2 0:00.87
2920 0.0 0.2 0:00.87
2920 0.0 0.2 0:00.87
2920 0.0 0.2 0:00.87
2920 0.0 0.2 0:00.87
2920 0.0 0.2 0:00.87
2920 0.0 0.2 0:00.87
2920 0.0 0.2 0:00.87
2920 0.0 0.2 0:00.87
2920 0.0 0.2 0:00.87
2920 0.0 0.2 0:00.87
2920 0.0 0.2 0:00.87
2920 0.0 0.2 0:00.87
2920 0.0 0.2 0:00.87
2920 0.0 0.2 0:00.87
2920 0.0 0.2 0:00.87
2920 0.0 0.2 0:00.87
2920 0.0 0.2 0:00.87
2920 0.0 0.2 0:00.87
2920 0.0 0.2 0:00.87
2920 0.0 0.2 0:00.87
2920 0.0 0.2 0:00.87
2920 0.0 0.2 0:00.87
2920 0.0 0.2 0:00.87
2920 0.0 0.2 0:00.87
2920 0.0 0.2 0:00.87
2920 0.0 0.2 0:00.87
2920 0.0 0.2 0:00.87
2920 0.0 0.2 0:00.87
2920 0.0 0.2 0:00.87
2920 0.0 0.2 0:00.87
2920 0.0 0.2 0:00.87
2920 0.0 0.2 0:00.87
2920 0.0 0.2 0:00.87
2920 0.0 0.2 0:00.87
2920 0.0 0.2 0:00.87
2920 0.0 0.2 0:00.87
2920 0.0 0.2 0:00.87
2920 0.0 0.2 0:00.87
2920 0.0 0.2 0:00.87
2920 0.0 0.2 0:00.87
12920 0.0 0.0 0:00.00
2920 0.0 0.2 0:00.87
2920 0.0 0.2 0:00.87
2920 0.0 0.2 0:00.87
2920 0.0 0.2 0:00.87
2920 0.0 0.2 0:00.87
2920 0.0 0.2 0:00.87
2920 0.0 0.2 0:00.87
2920 0.0 0.2 0:00.87
2920 0.0 0.2 0:00.87
2920 0.0 0.2 0:00.87
2920 0.0 0.2 0:00.87
2920 0.0 0.2 0:00.87
2920 0.0 0.2 0:00.87
2920 0.0 0.2 0:00.87
2920 0.0 0.2 0:00.87
2920 0.0 0.2 0:00.87
2920 0.0 0.2 0:00.87
2920 0.0 0.2 0:00.87
2920 0.0 0.2 0:00.87
2920 0.0 0.2 0:00.87
2920 0.0 0.2 0:00.87
2920 0.0 0.2 0:00.87
2920 0.0 0.2 0:00.87
2920 0.0 0.2 0:00.87
2920 0.0 0.2 0:00.87
2920 0.0 0.2 0:00.87
2920 0.0 0.2 0:00.87
2920 0.0 0.2 0:00.87
