2970 5.3 0.2 5:08.32
2970 15.8 0.2 5:08.43
2970 25.0 0.2 5:08.60
2970 15.8 0.2 5:08.76
2970 11.1 0.2 5:08.89
2970 16.7 0.2 5:09.02
2970 26.3 0.2 5:09.17
2970 10.5 0.2 5:09.29
2970 11.1 0.2 5:09.44
2970 11.1 0.2 5:09.59
2970 10.5 0.2 5:09.72
2970 26.3 0.2 5:09.88
2970 19.0 0.2 5:10.02
2970 5.6 0.2 5:10.14
2970 10.5 0.2 5:10.27
2970 16.7 0.2 5:10.40
2970 10.5 0.2 5:10.53
2970 5.3 0.2 5:10.69
2970 10.5 0.2 5:10.84
2970 15.0 0.2 5:11.01
2970 10.5 0.2 5:11.16
2970 9.5 0.2 5:11.33
2970 5.6 0.2 5:11.46
2970 11.1 0.2 5:11.62
2970 10.5 0.2 5:11.75
2970 5.0 0.2 5:11.89
2970 25.0 0.2 5:12.06
2970 16.7 0.2 5:12.21
2970 15.8 0.2 5:12.38
2970 10.5 0.2 5:12.51
2970 10.5 0.2 5:12.65
2970 11.1 0.2 5:12.79
2970 11.1 0.2 5:12.93
2970 10.5 0.2 5:13.08
2970 15.0 0.2 5:13.26
2970 15.0 0.2 5:13.40
2970 5.3 0.2 5:13.51
2970 5.6 0.2 5:13.63
2970 11.1 0.2 5:13.77
2970 11.1 0.2 5:13.91
2970 10.5 0.2 5:14.03
2970 5.3 0.2 5:14.15
2970 11.1 0.2 5:14.29
2970 10.0 0.2 5:14.42
2970 15.8 0.2 5:14.57
2970 10.5 0.2 5:14.70
2970 10.5 0.2 5:14.84
2970 10.5 0.2 5:14.97
2970 10.0 0.2 5:15.11
2970 15.8 0.2 5:15.24
2970 5.3 0.2 5:15.38
2970 10.5 0.2 5:15.52
2970 10.0 0.2 5:15.69
2970 22.2 0.2 5:15.84
2970 5.3 0.2 5:15.96
2970 16.7 0.2 5:16.10
2970 5.6 0.2 5:16.22
2970 10.0 0.2 5:16.35
2970 15.8 0.2 5:16.49
2970 11.1 0.2 5:16.61
2970 11.1 0.2 5:16.74
2970 16.7 0.2 5:16.91
2970 5.6 0.2 5:17.04
2970 10.5 0.2 5:17.17
2970 9.1 0.2 5:17.31
2970 11.1 0.2 5:17.48
2970 10.5 0.2 5:17.68
2970 11.1 0.2 5:17.81
2970 11.1 0.2 5:17.94
2970 10.5 0.2 5:18.07
2970 10.5 0.2 5:18.20
2970 15.0 0.2 5:18.36
2970 5.3 0.2 5:18.51
2970 15.8 0.2 5:18.67
2970 15.8 0.2 5:18.82
