2970 5.3 0.2 1:57.50
2970 5.3 0.2 1:57.57
2970 10.5 0.2 1:57.66
2970 10.0 0.2 1:57.78
2970 5.3 0.2 1:57.87
2970 16.7 0.2 1:57.99
2970 25.0 0.2 1:58.20
2970 5.6 0.2 1:58.32
2970 5.3 0.2 1:58.46
2970 15.8 0.2 1:58.66
2970 10.5 0.2 1:58.81
2970 10.5 0.2 1:58.98
2970 19.0 0.2 1:59.20
2970 11.1 0.2 1:59.35
2970 10.5 0.2 1:59.52
2970 31.6 0.2 1:59.76
2970 16.7 0.2 1:59.93
2970 15.8 0.2 2:00.10
2970 20.0 0.2 2:00.30
2970 16.7 0.2 2:00.49
2970 10.5 0.2 2:00.65
2970 16.7 0.2 2:00.83
2970 21.1 0.2 2:01.02
2970 15.8 0.2 2:01.20
2970 16.7 0.2 2:01.40
2970 26.3 0.2 2:01.59
2970 10.5 0.2 2:01.78
2970 11.1 0.2 2:01.95
2970 21.1 0.2 2:02.14
2970 21.1 0.2 2:02.33
2970 15.0 0.2 2:02.50
2970 10.5 0.2 2:02.68
2970 21.1 0.2 2:02.88
2970 15.8 0.2 2:03.04
2970 21.1 0.2 2:03.25
2970 11.1 0.2 2:03.42
2970 15.8 0.2 2:03.59
2970 15.0 0.2 2:03.77
2970 21.1 0.2 2:03.97
2970 15.8 0.2 2:04.15
2970 25.0 0.2 2:04.35
2970 15.8 0.2 2:04.51
2970 16.7 0.2 2:04.76
2970 22.2 0.2 2:04.95
2970 15.0 0.2 2:05.14
2970 25.0 0.2 2:05.33
2970 10.0 0.2 2:05.53
2970 16.7 0.2 2:05.71
2970 33.3 0.2 2:05.99
2970 25.0 0.2 2:06.21
2970 15.8 0.2 2:06.40
2970 16.7 0.2 2:06.57
2970 27.8 0.2 2:06.80
2970 15.8 0.2 2:06.98
2970 10.5 0.2 2:07.20
2970 10.5 0.2 2:07.37
2970 15.0 0.2 2:07.58
2970 14.3 0.2 2:07.84
2970 15.8 0.2 2:08.06
2970 13.0 0.2 2:08.27
2970 10.0 0.2 2:08.47
2970 16.7 0.2 2:08.65
2970 21.1 0.2 2:08.83
2970 33.3 0.2 2:09.04
2970 15.0 0.2 2:09.22
2970 15.8 0.2 2:09.40
2970 26.3 0.2 2:09.59
2970 26.3 0.2 2:09.79
2970 21.1 0.2 2:09.98
2970 15.8 0.2 2:10.16
2970 26.3 0.2 2:10.37
2970 15.8 0.2 2:10.56
2970 15.8 0.2 2:10.73
2970 15.8 0.2 2:10.91
2970 22.2 0.2 2:11.09
2970 0.0 0.2 2:11.16
