2971 5.3 0.2 0:20.51
2971 0.0 0.2 0:20.53
2971 5.0 0.2 0:20.54
2971 0.0 0.2 0:20.55
2971 0.0 0.2 0:20.56
2971 0.0 0.2 0:20.56
2971 0.0 0.2 0:20.56
2971 0.0 0.2 0:20.57
2971 0.0 0.2 0:20.57
2971 0.0 0.2 0:20.58
2971 0.0 0.2 0:20.60
2971 0.0 0.2 0:20.61
2971 0.0 0.2 0:20.63
2971 4.8 0.2 0:20.68
2971 0.0 0.2 0:20.69
2971 0.0 0.2 0:20.69
2971 0.0 0.2 0:20.69
2971 5.3 0.2 0:20.70
2971 0.0 0.2 0:20.70
2971 0.0 0.2 0:20.71
2971 0.0 0.2 0:20.72
2971 0.0 0.2 0:20.74
2971 0.0 0.2 0:20.75
2971 5.6 0.2 0:20.76
2971 0.0 0.2 0:20.76
2971 0.0 0.2 0:20.77
2971 0.0 0.2 0:20.77
2971 0.0 0.2 0:20.77
2971 0.0 0.2 0:20.78
2971 0.0 0.2 0:20.78
2971 0.0 0.2 0:20.81
2971 11.1 0.2 0:20.84
2971 0.0 0.2 0:20.84
2971 0.0 0.2 0:20.85
2971 0.0 0.2 0:20.86
2971 0.0 0.2 0:20.86
2971 0.0 0.2 0:20.86
2971 0.0 0.2 0:20.87
2971 0.0 0.2 0:20.87
2971 0.0 0.2 0:20.88
2971 0.0 0.2 0:20.89
2971 0.0 0.2 0:20.89
2971 0.0 0.2 0:20.90
2971 0.0 0.2 0:20.90
2971 0.0 0.2 0:20.90
2971 0.0 0.2 0:20.90
2971 0.0 0.2 0:20.93
2971 0.0 0.2 0:20.93
2971 0.0 0.2 0:20.95
2971 0.0 0.2 0:20.95
2971 5.0 0.2 0:20.97
2971 0.0 0.2 0:20.97
2971 0.0 0.2 0:21.02
2971 0.0 0.2 0:21.03
2971 0.0 0.2 0:21.03
2971 0.0 0.2 0:21.05
2971 0.0 0.2 0:21.06
2971 0.0 0.2 0:21.06
2971 0.0 0.2 0:21.06
2971 0.0 0.2 0:21.06
2971 0.0 0.2 0:21.08
2971 0.0 0.2 0:21.08
2971 0.0 0.2 0:21.08
2971 0.0 0.2 0:21.08
2971 0.0 0.2 0:21.09
2971 0.0 0.2 0:21.11
2971 0.0 0.2 0:21.12
2971 0.0 0.2 0:21.13
2971 0.0 0.2 0:21.14
2971 0.0 0.2 0:21.14
2971 0.0 0.2 0:21.14
2971 0.0 0.2 0:21.15
2971 0.0 0.2 0:21.15
2971 0.0 0.2 0:21.15
2971 0.0 0.2 0:21.16
