2971 0.0 0.2 0:13.28
2971 11.1 0.2 0:13.33
2971 0.0 0.2 0:13.35
2971 0.0 0.2 0:13.37
2971 5.3 0.2 0:13.39
2971 0.0 0.2 0:13.41
2971 0.0 0.2 0:13.41
2971 0.0 0.2 0:13.42
2971 0.0 0.2 0:13.44
2971 0.0 0.2 0:13.44
2971 0.0 0.2 0:13.45
2971 4.8 0.2 0:13.47
2971 5.3 0.2 0:13.48
2971 0.0 0.2 0:13.48
2971 0.0 0.2 0:13.48
2971 3.0 0.2 0:13.50
2971 0.0 0.2 0:13.50
2971 3.7 0.2 0:13.52
2971 0.0 0.2 0:13.54
2971 0.0 0.2 0:13.54
2971 0.0 0.2 0:13.55
2971 5.0 0.2 0:13.57
2971 0.0 0.2 0:13.57
2971 4.5 0.2 0:13.58
2971 0.0 0.2 0:13.59
2971 0.0 0.2 0:13.59
2971 5.3 0.2 0:13.60
2971 0.0 0.2 0:13.61
2971 0.0 0.2 0:13.61
2971 5.3 0.2 0:13.62
2971 0.0 0.2 0:13.62
2971 0.0 0.2 0:13.63
2971 0.0 0.2 0:13.63
2971 0.0 0.2 0:13.64
2971 0.0 0.2 0:13.65
2971 0.0 0.2 0:13.67
2971 0.0 0.2 0:13.68
2971 0.0 0.2 0:13.70
2971 0.0 0.2 0:13.73
2971 0.0 0.2 0:13.73
2971 0.0 0.2 0:13.74
2971 0.0 0.2 0:13.75
2971 0.0 0.2 0:13.78
2971 0.0 0.2 0:13.81
2971 0.0 0.2 0:13.81
2971 0.0 0.2 0:13.82
2971 0.0 0.2 0:13.82
2971 0.0 0.2 0:13.84
2971 0.0 0.2 0:13.85
2971 5.3 0.2 0:13.86
2971 0.0 0.2 0:13.86
2971 5.6 0.2 0:13.88
2971 0.0 0.2 0:13.88
2971 0.0 0.2 0:13.89
2971 0.0 0.2 0:13.90
2971 0.0 0.2 0:13.91
2971 0.0 0.2 0:13.92
2971 0.0 0.2 0:13.93
2971 4.8 0.2 0:13.94
2971 0.0 0.2 0:13.95
2971 0.0 0.2 0:13.96
2971 0.0 0.2 0:13.96
2971 0.0 0.2 0:13.98
2971 0.0 0.2 0:13.99
2971 0.0 0.2 0:14.00
2971 0.0 0.2 0:14.03
2971 0.0 0.2 0:14.04
2971 0.0 0.2 0:14.05
2971 10.0 0.2 0:14.13
2971 0.0 0.2 0:14.13
2971 0.0 0.2 0:14.14
2971 0.0 0.2 0:14.15
2971 0.0 0.2 0:14.16
2971 0.0 0.2 0:14.17
2971 5.6 0.2 0:14.20
2971 0.0 0.2 0:14.20
