2824 33.3 0.1 2:01.24
2824 31.6 0.1 2:01.63
2824 31.6 0.1 2:01.98
2824 26.3 0.1 2:02.36
2824 31.6 0.1 2:02.71
2824 36.8 0.1 2:03.15
2824 38.9 0.1 2:03.58
2824 38.1 0.1 2:04.04
2824 28.6 0.1 2:04.48
2824 36.8 0.1 2:04.86
2824 31.6 0.1 2:05.29
2824 31.8 0.1 2:05.70
2824 31.6 0.1 2:06.04
2824 31.6 0.1 2:06.49
2824 36.8 0.1 2:06.91
2824 30.0 0.1 2:07.34
2824 31.6 0.1 2:07.99
2824 30.0 0.1 2:08.57
2824 35.5 0.1 2:09.28
2824 40.9 0.1 2:09.75
2824 45.5 0.1 2:10.27
2824 18.5 0.1 2:10.79
2824 23.1 0.1 2:11.20
2824 25.0 0.1 2:11.63
2824 28.6 0.1 2:12.07
2824 31.8 0.1 2:12.55
2824 25.0 0.1 2:13.05
2824 19.2 0.1 2:13.43
2824 31.0 0.1 2:13.83
2824 38.1 0.1 2:14.25
2824 21.4 0.1 2:14.76
2824 25.0 0.1 2:15.22
2824 23.1 0.1 2:15.67
2824 42.9 0.1 2:16.10
2824 22.6 0.1 2:16.58
2824 26.3 0.1 2:16.98
2824 34.8 0.1 2:17.52
2824 25.0 0.1 2:17.90
2824 30.4 0.1 2:18.42
2824 22.2 0.1 2:18.94
2824 26.9 0.1 2:19.34
2824 0.0 0.1 2:19.54
2824 0.0 0.1 2:19.54
