2825 9.5 0.1 1:01.82
2825 5.3 0.1 1:01.95
2825 10.5 0.1 1:02.14
2825 10.0 0.1 1:02.30
2825 22.2 0.1 1:02.50
2825 19.0 0.1 1:02.64
2825 10.5 0.1 1:02.77
2825 8.7 0.1 1:02.94
2825 20.0 0.1 1:03.08
2825 10.0 0.1 1:03.26
2825 10.0 0.1 1:03.40
2825 15.8 0.1 1:03.58
2825 9.5 0.1 1:03.77
2825 10.5 0.1 1:03.93
2825 5.6 0.1 1:04.07
2825 10.0 0.1 1:04.22
2825 9.4 0.1 1:04.37
22825 0.0 0.0 0:00.00
2825 7.7 0.1 1:04.98
2825 11.1 0.1 1:05.25
2825 13.0 0.1 1:05.51
2825 19.0 0.1 1:05.76
2825 15.4 0.1 1:06.08
2825 15.0 0.1 1:06.34
2825 10.0 0.1 1:06.58
2825 12.0 0.1 1:06.82
2825 17.4 0.1 1:07.15
2825 20.0 0.1 1:07.42
2825 10.7 0.1 1:07.70
2825 15.0 0.1 1:07.95
2825 16.7 0.1 1:08.22
2825 9.5 0.1 1:08.50
2825 15.4 0.1 1:08.81
2825 31.6 0.1 1:09.10
2825 18.5 0.1 1:09.42
2825 22.7 0.1 1:09.76
2825 22.7 0.1 1:09.99
2825 16.0 0.1 1:10.30
2825 9.1 0.1 1:10.58
2825 11.5 0.1 1:10.83
2825 16.0 0.1 1:11.13
2825 0.0 0.1 1:11.26
2825 0.0 0.1 1:11.26
