715 0.0 0.1 0:00.00
715 0.0 0.1 0:00.00
715 0.0 0.1 0:00.00
715 0.0 0.1 0:00.00
715 0.0 0.1 0:00.00
715 0.0 0.1 0:00.00
715 0.0 0.1 0:00.00
715 0.0 0.1 0:00.00
715 0.0 0.1 0:00.00
715 0.0 0.1 0:00.00
715 0.0 0.1 0:00.00
715 0.0 0.1 0:00.00
715 0.0 0.1 0:00.00
715 0.0 0.1 0:00.00
715 0.0 0.1 0:00.00
715 0.0 0.1 0:00.00
715 0.0 0.1 0:00.00
715 0.0 0.1 0:00.00
715 0.0 0.1 0:00.00
715 0.0 0.1 0:00.00
715 0.0 0.1 0:00.00
715 0.0 0.1 0:00.00
715 0.0 0.1 0:00.00
715 0.0 0.1 0:00.00
715 0.0 0.1 0:00.00
715 0.0 0.1 0:00.00
715 0.0 0.1 0:00.00
715 0.0 0.1 0:00.00
715 0.0 0.1 0:00.00
715 0.0 0.1 0:00.00
715 0.0 0.1 0:00.00
715 0.0 0.1 0:00.00
715 0.0 0.1 0:00.00
715 0.0 0.1 0:00.00
715 0.0 0.1 0:00.00
715 0.0 0.1 0:00.00
715 0.0 0.1 0:00.00
715 0.0 0.1 0:00.00
715 0.0 0.1 0:00.00
715 0.0 0.1 0:00.00
715 0.0 0.1 0:00.00
715 0.0 0.1 0:00.00
715 0.0 0.1 0:00.00
715 0.0 0.1 0:00.00
715 0.0 0.1 0:00.00
715 0.0 0.1 0:00.00
715 0.0 0.1 0:00.00
715 0.0 0.1 0:00.00
715 0.0 0.1 0:00.00
715 0.0 0.1 0:00.00
715 0.0 0.1 0:00.00
715 0.0 0.1 0:00.00
715 0.0 0.1 0:00.00
715 0.0 0.1 0:00.00
715 0.0 0.1 0:00.00
715 0.0 0.1 0:00.00
715 0.0 0.1 0:00.00
715 0.0 0.1 0:00.00
715 0.0 0.1 0:00.00
715 0.0 0.1 0:00.00
715 0.0 0.1 0:00.00
715 0.0 0.1 0:00.00
715 0.0 0.1 0:00.00
715 0.0 0.1 0:00.00
715 0.0 0.1 0:00.00
715 0.0 0.1 0:00.00
715 0.0 0.1 0:00.00
715 0.0 0.1 0:00.00
715 0.0 0.1 0:00.00
715 0.0 0.1 0:00.00
715 0.0 0.1 0:00.00
715 0.0 0.1 0:00.00
715 0.0 0.1 0:00.00
715 0.0 0.1 0:00.00
715 0.0 0.1 0:00.00
715 0.0 0.1 0:00.00
715 0.0 0.1 0:00.00
715 0.0 0.1 0:00.00
715 0.0 0.1 0:00.00
715 0.0 0.1 0:00.00
KiB used, 261364 buff/cache
715 0.0 0.1 0:00.00
715 0.0 0.1 0:00.00
715 0.0 0.1 0:00.00
715 0.0 0.1 0:00.00
715 0.0 0.1 0:00.00
715 0.0 0.1 0:00.00
715 0.0 0.1 0:00.00
715 0.0 0.1 0:00.00
715 0.0 0.1 0:00.00
715 0.0 0.1 0:00.00
715 0.0 0.1 0:00.00
715 0.0 0.1 0:00.00
715 0.0 0.1 0:00.00
715 0.0 0.1 0:00.00
715 0.0 0.1 0:00.00
715 0.0 0.1 0:00.00
