716 0.0 0.4 0:05.68
716 0.0 0.4 0:05.70
KiB 1534716 avail Mem
716 0.0 0.4 0:05.75
716 5.0 0.4 0:05.78
716 0.0 0.4 0:05.79
716 5.3 0.4 0:05.82
716 0.0 0.4 0:05.84
716 0.0 0.4 0:05.86
716 5.6 0.4 0:05.89
716 5.3 0.4 0:05.91
716 5.6 0.4 0:05.93
KiB 1535716 avail Mem
716 0.0 0.4 0:05.98
716 0.0 0.4 0:06.00
716 5.6 0.4 0:06.03
716 0.0 0.4 0:06.05
716 5.6 0.4 0:06.07
716 0.0 0.4 0:06.09
716 5.0 0.4 0:06.12
716 0.0 0.4 0:06.14
716 5.6 0.4 0:06.17
716 0.0 0.4 0:06.19
716 5.3 0.4 0:06.22
716 5.3 0.4 0:06.25
716 0.0 0.4 0:06.27
716 0.0 0.4 0:06.29
716 0.0 0.4 0:06.31
716 0.0 0.4 0:06.34
716 5.6 0.4 0:06.36
716 0.0 0.4 0:06.38
716 10.5 0.4 0:06.42
716 5.0 0.4 0:06.44
716 0.0 0.4 0:06.46
716 0.0 0.4 0:06.48
716 0.0 0.4 0:06.52
716 0.0 0.4 0:06.55
716 0.0 0.4 0:06.57
716 0.0 0.4 0:06.60
716 5.3 0.4 0:06.62
716 10.5 0.4 0:06.65
KiB used, 260716 buff/cache
716 0.0 0.4 0:06.68
716 0.0 0.4 0:06.71
716 0.0 0.4 0:06.73
716 5.6 0.4 0:06.76
716 5.3 0.4 0:06.78
716 5.6 0.4 0:06.80
716 0.0 0.4 0:06.82
716 0.0 0.4 0:06.85
716 5.3 0.4 0:06.88
716 5.6 0.4 0:06.90
716 5.6 0.4 0:06.93
716 0.0 0.4 0:06.95
716 0.0 0.4 0:06.98
716 0.0 0.4 0:07.00
716 5.6 0.4 0:07.03
716 5.0 0.4 0:07.06
716 0.0 0.4 0:07.08
716 5.6 0.4 0:07.11
716 0.0 0.4 0:07.13
716 5.3 0.4 0:07.16
716 5.6 0.4 0:07.18
716 0.0 0.4 0:07.21
716 5.6 0.4 0:07.25
716 0.0 0.4 0:07.27
716 5.6 0.4 0:07.30
716 5.0 0.4 0:07.32
716 5.0 0.4 0:07.34
716 5.3 0.4 0:07.36
716 0.0 0.4 0:07.38
716 0.0 0.4 0:07.40
716 5.6 0.4 0:07.43
716 0.0 0.4 0:07.45
716 0.0 0.4 0:07.47
716 5.6 0.4 0:07.50
716 0.0 0.4 0:07.52
716 0.0 0.4 0:07.54
716 5.3 0.4 0:07.57
716 0.0 0.4 0:07.58
716 0.0 0.4 0:07.58
716 0.0 0.4 0:07.58
716 0.0 0.4 0:07.58
716 0.0 0.4 0:07.58
716 0.0 0.4 0:07.58
716 0.0 0.4 0:07.58
716 0.0 0.4 0:07.58
716 0.0 0.4 0:07.58
716 0.0 0.4 0:07.58
716 0.0 0.4 0:07.58
716 0.0 0.4 0:07.58
716 0.0 0.4 0:07.58
716 0.0 0.4 0:07.58
716 0.0 0.4 0:07.58
716 0.0 0.4 0:07.58
716 0.0 0.4 0:07.58
716 0.0 0.4 0:07.58
