717 0.0 0.4 0:20.22
717 0.0 0.4 0:20.24
717 0.0 0.4 0:20.26
717 5.3 0.4 0:20.28
717 0.0 0.4 0:20.29
717 5.6 0.4 0:20.32
717 5.6 0.4 0:20.34
717 5.6 0.4 0:20.36
717 5.6 0.4 0:20.38
717 5.0 0.4 0:20.40
717 0.0 0.4 0:20.42
717 0.0 0.4 0:20.44
717 0.0 0.4 0:20.46
717 0.0 0.4 0:20.48
717 4.8 0.4 0:20.51
717 5.6 0.4 0:20.53
717 0.0 0.4 0:20.54
717 5.0 0.4 0:20.56
717 0.0 0.4 0:20.57
717 5.6 0.4 0:20.60
717 0.0 0.4 0:20.61
717 0.0 0.4 0:20.63
717 5.3 0.4 0:20.66
717 5.3 0.4 0:20.68
717 0.0 0.4 0:20.69
717 0.0 0.4 0:20.72
717 0.0 0.4 0:20.74
717 0.0 0.4 0:20.75
717 5.0 0.4 0:20.78
717 5.6 0.4 0:20.80
717 0.0 0.4 0:20.82
717 5.0 0.4 0:20.85
717 0.0 0.4 0:20.86
717 0.0 0.4 0:20.88
717 0.0 0.4 0:20.90
717 0.0 0.4 0:20.92
717 0.0 0.4 0:20.94
717 0.0 0.4 0:20.96
717 0.0 0.4 0:20.98
717 0.0 0.4 0:21.00
717 0.0 0.4 0:21.02
717 0.0 0.4 0:21.04
717 0.0 0.4 0:21.06
717 5.3 0.4 0:21.08
717 0.0 0.4 0:21.09
717 0.0 0.4 0:21.11
717 0.0 0.4 0:21.13
717 5.0 0.4 0:21.15
717 5.3 0.4 0:21.17
717 0.0 0.4 0:21.19
717 5.3 0.4 0:21.21
717 0.0 0.4 0:21.23
717 0.0 0.4 0:21.25
717 0.0 0.4 0:21.27
717 0.0 0.4 0:21.29
717 0.0 0.4 0:21.31
717 0.0 0.4 0:21.33
717 0.0 0.4 0:21.35
717 0.0 0.4 0:21.37
717 0.0 0.4 0:21.40
717 0.0 0.4 0:21.42
717 0.0 0.4 0:21.44
717 0.0 0.4 0:21.46
717 0.0 0.4 0:21.48
717 5.6 0.4 0:21.50
717 5.6 0.4 0:21.53
717 0.0 0.4 0:21.55
717 0.0 0.4 0:21.56
717 0.0 0.4 0:21.58
717 0.0 0.4 0:21.60
717 0.0 0.4 0:21.62
717 0.0 0.4 0:21.64
717 0.0 0.4 0:21.66
717 0.0 0.4 0:21.67
717 5.3 0.4 0:21.70
717 5.6 0.4 0:21.72
717 0.0 0.4 0:21.73
717 0.0 0.4 0:21.75
717 0.0 0.4 0:21.77
717 0.0 0.4 0:21.80
717 0.0 0.4 0:21.80
717 0.0 0.4 0:21.80
717 0.0 0.4 0:21.80
717 0.0 0.4 0:21.80
717 0.0 0.4 0:21.80
717 0.0 0.4 0:21.80
717 0.0 0.4 0:21.80
717 0.0 0.4 0:21.80
717 0.0 0.4 0:21.80
717 0.0 0.4 0:21.80
717 0.0 0.4 0:21.80
