718 0.0 0.4 0:20.41
718 10.5 0.4 0:20.46
718 0.0 0.4 0:20.48
718 0.0 0.4 0:20.52
718 0.0 0.4 0:20.54
718 0.0 0.4 0:20.57
718 0.0 0.4 0:20.60
718 5.0 0.4 0:20.64
718 10.5 0.4 0:20.68
718 0.0 0.4 0:20.70
718 10.0 0.4 0:20.75
718 0.0 0.4 0:20.76
718 5.3 0.4 0:20.80
718 5.6 0.4 0:20.83
718 15.8 0.4 0:20.88
718 0.0 0.4 0:20.89
718 11.1 0.4 0:20.94
718 5.0 0.4 0:20.98
718 0.0 0.4 0:21.02
718 0.0 0.4 0:21.05
718 0.0 0.4 0:21.08
718 0.0 0.4 0:21.12
718 0.0 0.4 0:21.16
718 0.0 0.4 0:21.19
718 5.6 0.4 0:21.23
718 5.3 0.4 0:21.26
718 5.3 0.4 0:21.29
718 5.6 0.4 0:21.32
718 4.8 0.4 0:21.36
718 11.1 0.4 0:21.40
718 5.6 0.4 0:21.42
718 0.0 0.4 0:21.46
718 0.0 0.4 0:21.49
718 0.0 0.4 0:21.52
718 5.6 0.4 0:21.55
718 5.6 0.4 0:21.58
718 5.6 0.4 0:21.61
718 0.0 0.4 0:21.64
718 0.0 0.4 0:21.67
718 5.6 0.4 0:21.72
718 5.0 0.4 0:21.75
718 5.3 0.4 0:21.78
718 10.5 0.4 0:21.82
718 5.6 0.4 0:21.85
718 0.0 0.4 0:21.88
718 0.0 0.4 0:21.91
718 0.0 0.4 0:21.94
718 5.6 0.4 0:21.98
718 5.6 0.4 0:22.02
718 5.3 0.4 0:22.05
718 0.0 0.4 0:22.07
718 0.0 0.4 0:22.10
718 5.6 0.4 0:22.14
718 5.6 0.4 0:22.18
718 5.3 0.4 0:22.22
718 5.6 0.4 0:22.25
718 15.8 0.4 0:22.31
718 4.8 0.4 0:22.32
718 0.0 0.4 0:22.35
718 4.5 0.4 0:22.40
718 5.3 0.4 0:22.44
718 0.0 0.4 0:22.47
718 0.0 0.4 0:22.51
718 0.0 0.4 0:22.54
718 0.0 0.4 0:22.58
718 0.0 0.4 0:22.60
718 0.0 0.4 0:22.64
718 11.1 0.4 0:22.68
718 5.3 0.4 0:22.70
718 0.0 0.4 0:22.73
718 0.0 0.4 0:22.76
718 0.0 0.4 0:22.79
718 5.0 0.4 0:22.83
718 0.0 0.4 0:22.86
718 5.6 0.4 0:22.89
718 0.0 0.4 0:22.92
718 0.0 0.4 0:22.96
718 11.1 0.4 0:23.00
718 0.0 0.4 0:23.02
718 0.0 0.4 0:23.04
718 0.0 0.4 0:23.04
718 0.0 0.4 0:23.04
718 0.0 0.4 0:23.04
718 0.0 0.4 0:23.04
718 0.0 0.4 0:23.04
718 0.0 0.4 0:23.04
718 0.0 0.4 0:23.04
718 0.0 0.4 0:23.04
718 0.0 0.4 0:23.04
