718 15.0 0.4 0:03.04
718 0.0 0.4 0:03.06
718 5.0 0.4 0:03.10
718 4.8 0.4 0:03.14
718 10.5 0.4 0:03.19
718 5.3 0.4 0:03.22
718 5.3 0.4 0:03.25
718 5.3 0.4 0:03.28
718 0.0 0.4 0:03.32
718 5.6 0.4 0:03.36
718 5.6 0.4 0:03.40
718 0.0 0.4 0:03.43
718 5.3 0.4 0:03.47
718 0.0 0.4 0:03.51
718 5.6 0.4 0:03.55
718 16.7 0.4 0:03.61
718 5.3 0.4 0:03.64
718 0.0 0.4 0:03.68
718 5.0 0.4 0:03.72
718 5.6 0.4 0:03.75
718 5.3 0.4 0:03.79
718 0.0 0.4 0:03.82
718 5.0 0.4 0:03.86
718 5.6 0.4 0:03.90
718 11.1 0.4 0:03.95
718 0.0 0.4 0:03.98
718 5.3 0.4 0:04.02
718 0.0 0.4 0:04.05
718 0.0 0.4 0:04.09
718 5.3 0.4 0:04.13
718 5.6 0.4 0:04.16
718 5.6 0.4 0:04.20
718 0.0 0.4 0:04.23
718 5.3 0.4 0:04.27
718 5.6 0.4 0:04.30
718 4.8 0.4 0:04.34
718 0.0 0.4 0:04.37
718 5.3 0.4 0:04.41
718 5.3 0.4 0:04.45
718 5.6 0.4 0:04.49
718 5.3 0.4 0:04.53
718 5.6 0.4 0:04.57
718 5.6 0.4 0:04.61
718 0.0 0.4 0:04.64
718 0.0 0.4 0:04.68
KiB used, 257716 buff/cache
718 5.6 0.4 0:04.76
718 0.0 0.4 0:04.79
718 0.0 0.4 0:04.83
718 5.3 0.4 0:04.87
718 4.8 0.4 0:04.91
718 4.8 0.4 0:04.94
718 4.8 0.4 0:04.98
718 5.3 0.4 0:05.02
718 0.0 0.4 0:05.05
718 4.3 0.4 0:05.11
718 5.6 0.4 0:05.14
718 5.0 0.4 0:05.17
718 5.3 0.4 0:05.21
718 5.6 0.4 0:05.24
718 4.8 0.4 0:05.27
718 5.6 0.4 0:05.30
718 5.3 0.4 0:05.34
718 5.3 0.4 0:05.38
718 5.3 0.4 0:05.42
718 5.6 0.4 0:05.46
718 5.3 0.4 0:05.50
718 5.6 0.4 0:05.54
718 4.5 0.4 0:05.57
718 11.1 0.4 0:05.61
718 0.0 0.4 0:05.65
718 5.3 0.4 0:05.69
718 0.0 0.4 0:05.72
718 5.3 0.4 0:05.76
718 5.6 0.4 0:05.80
718 0.0 0.4 0:05.84
718 0.0 0.4 0:05.87
718 0.0 0.4 0:05.91
718 4.8 0.4 0:05.95
718 5.3 0.4 0:05.98
718 0.0 0.4 0:05.98
718 0.0 0.4 0:05.98
718 0.0 0.4 0:05.98
718 0.0 0.4 0:05.98
718 0.0 0.4 0:05.98
718 0.0 0.4 0:05.98
718 0.0 0.4 0:05.98
718 0.0 0.4 0:05.98
718 0.0 0.4 0:05.98
718 0.0 0.4 0:05.98
718 0.0 0.4 0:05.98
