719 0.0 0.4 0:06.95
719 0.0 0.4 0:06.97
719 0.0 0.4 0:07.00
719 5.0 0.4 0:07.03
719 0.0 0.4 0:07.05
719 0.0 0.4 0:07.08
719 0.0 0.4 0:07.11
719 5.9 0.4 0:07.14
719 5.6 0.4 0:07.17
719 0.0 0.4 0:07.19
719 4.8 0.4 0:07.23
719 0.0 0.4 0:07.25
719 0.0 0.4 0:07.28
719 5.6 0.4 0:07.31
719 5.6 0.4 0:07.34
719 0.0 0.4 0:07.37
719 5.3 0.4 0:07.40
719 0.0 0.4 0:07.43
719 0.0 0.4 0:07.46
719 0.0 0.4 0:07.49
719 0.0 0.4 0:07.52
719 5.6 0.4 0:07.55
719 5.6 0.4 0:07.58
719 5.6 0.4 0:07.61
719 5.6 0.4 0:07.64
719 0.0 0.4 0:07.67
719 0.0 0.4 0:07.71
719 0.0 0.4 0:07.74
719 0.0 0.4 0:07.77
719 0.0 0.4 0:07.80
719 0.0 0.4 0:07.83
719 4.5 0.4 0:07.87
719 0.0 0.4 0:07.89
719 0.0 0.4 0:07.92
719 0.0 0.4 0:07.95
719 0.0 0.4 0:07.98
719 0.0 0.4 0:08.00
719 0.0 0.4 0:08.04
719 0.0 0.4 0:08.07
719 0.0 0.4 0:08.09
719 5.3 0.4 0:08.12
719 5.6 0.4 0:08.16
719 0.0 0.4 0:08.18
719 0.0 0.4 0:08.21
719 0.0 0.4 0:08.24
719 0.0 0.4 0:08.27
719 5.6 0.4 0:08.32
719 0.0 0.4 0:08.34
719 0.0 0.4 0:08.37
719 5.6 0.4 0:08.40
719 5.6 0.4 0:08.44
719 5.6 0.4 0:08.48
719 0.0 0.4 0:08.50
719 0.0 0.4 0:08.52
719 0.0 0.4 0:08.56
719 5.6 0.4 0:08.59
719 0.0 0.4 0:08.61
719 4.5 0.4 0:08.65
719 5.3 0.4 0:08.68
719 5.6 0.4 0:08.71
719 5.6 0.4 0:08.74
719 0.0 0.4 0:08.76
719 5.6 0.4 0:08.79
719 5.6 0.4 0:08.82
719 0.0 0.4 0:08.84
719 0.0 0.4 0:08.87
719 9.5 0.4 0:08.91
719 10.5 0.4 0:08.93
719 4.5 0.4 0:08.95
719 0.0 0.4 0:08.97
719 5.6 0.4 0:09.00
719 4.8 0.4 0:09.03
719 0.0 0.4 0:09.05
719 5.3 0.4 0:09.08
719 5.6 0.4 0:09.11
719 0.0 0.4 0:09.13
719 0.0 0.4 0:09.16
719 5.6 0.4 0:09.20
719 5.6 0.4 0:09.23
719 0.0 0.4 0:09.24
719 0.0 0.4 0:09.24
719 0.0 0.4 0:09.24
719 0.0 0.4 0:09.24
719 0.0 0.4 0:09.24
719 0.0 0.4 0:09.24
719 0.0 0.4 0:09.24
719 0.0 0.4 0:09.24
719 0.0 0.4 0:09.24
719 0.0 0.4 0:09.24
719 0.0 0.4 0:09.24
719 0.0 0.4 0:09.24
719 0.0 0.4 0:09.24
719 0.0 0.4 0:09.24
719 0.0 0.4 0:09.24
719 0.0 0.4 0:09.24
719 0.0 0.4 0:09.24
719 0.0 0.4 0:09.24
