2944 18.8 0.3 0:23.33
2944 3.7 0.3 0:23.36
2944 0.0 0.3 0:23.38
2944 5.6 0.3 0:23.40
2944 5.3 0.3 0:23.44
2944 0.0 0.3 0:23.48
2944 0.0 0.3 0:23.51
2944 0.0 0.3 0:23.53
2944 0.0 0.3 0:23.55
2944 5.3 0.3 0:23.59
2944 5.3 0.3 0:23.61
2944 5.3 0.3 0:23.64
2944 5.3 0.3 0:23.67
2944 5.3 0.3 0:23.72
2944 0.0 0.3 0:23.76
2944 0.0 0.3 0:23.81
2944 5.3 0.3 0:23.86
2944 5.6 0.3 0:23.90
2944 5.3 0.3 0:23.93
2944 11.1 0.3 0:23.97
2944 0.0 0.3 0:23.99
2944 5.3 0.3 0:24.03
22944 0.0 0.0 0:00.00
2944 5.6 0.3 0:24.09
2944 5.3 0.3 0:24.14
2944 5.6 0.3 0:24.17
2944 0.0 0.3 0:24.21
2944 0.0 0.3 0:24.25
2944 0.0 0.3 0:24.28
2944 0.0 0.3 0:24.32
2944 5.6 0.3 0:24.36
2944 5.3 0.3 0:24.40
2944 5.3 0.3 0:24.45
2944 5.0 0.3 0:24.49
2944 5.3 0.3 0:24.53
2944 5.6 0.3 0:24.57
2944 0.0 0.3 0:24.62
2944 5.3 0.3 0:24.66
2944 0.0 0.3 0:24.69
2944 5.3 0.3 0:24.72
2944 0.0 0.3 0:24.74
2944 0.0 0.3 0:24.76
2944 5.3 0.3 0:24.79
2944 0.0 0.3 0:24.81
2944 5.3 0.3 0:24.84
2944 0.0 0.3 0:24.87
2944 5.3 0.3 0:24.91
2944 0.0 0.3 0:24.96
2944 0.0 0.3 0:25.02
2944 0.0 0.3 0:25.06
2944 0.0 0.3 0:25.09
2944 0.0 0.3 0:25.13
2944 0.0 0.3 0:25.18
2944 0.0 0.3 0:25.23
2944 5.3 0.3 0:25.29
2944 0.0 0.3 0:25.33
2944 5.6 0.3 0:25.37
2944 5.3 0.3 0:25.41
2944 5.3 0.3 0:25.45
2944 0.0 0.3 0:25.50
2944 5.3 0.3 0:25.55
2944 5.3 0.3 0:25.62
2944 5.3 0.3 0:25.65
2944 5.3 0.3 0:25.69
2944 0.0 0.3 0:25.71
2944 0.0 0.3 0:25.74
2944 0.0 0.3 0:25.76
2944 0.0 0.3 0:25.79
2944 5.0 0.3 0:25.82
2944 5.3 0.3 0:25.84
2944 5.3 0.3 0:25.89
2944 0.0 0.3 0:25.93
2944 5.3 0.3 0:25.97
2944 0.0 0.3 0:26.00
2944 0.0 0.3 0:26.02
2944 5.3 0.3 0:26.05
2944 5.3 0.3 0:26.09
2944 5.3 0.3 0:26.13
2944 0.0 0.3 0:26.16
2944 5.3 0.3 0:26.20
2944 0.0 0.3 0:26.22
2944 5.3 0.3 0:26.25
2944 5.0 0.3 0:26.28
2944 0.0 0.3 0:26.30
2944 5.3 0.3 0:26.34
2944 0.0 0.3 0:26.37
2944 0.0 0.3 0:26.41
2944 5.6 0.3 0:26.46
2944 10.5 0.3 0:26.51
2944 0.0 0.3 0:26.52
2944 0.0 0.3 0:26.55
2944 0.0 0.3 0:26.58
2944 5.3 0.3 0:26.62
2944 0.0 0.3 0:26.64
2944 0.0 0.3 0:26.68
2944 5.3 0.3 0:26.72
2944 0.0 0.3 0:26.75
2944 0.0 0.3 0:26.78
2944 4.2 0.3 0:26.83
2944 0.0 0.3 0:26.86
2944 0.0 0.3 0:26.89
2944 0.0 0.3 0:26.93
2944 0.0 0.3 0:26.98
2944 0.0 0.3 0:27.03
2944 0.0 0.3 0:27.07
2944 5.3 0.3 0:27.13
2944 0.0 0.3 0:27.16
2944 5.3 0.3 0:27.21
2944 4.8 0.3 0:27.26
2944 5.3 0.3 0:27.31
2944 10.5 0.3 0:27.35
2944 0.0 0.3 0:27.38
2944 5.3 0.3 0:27.42
2944 5.3 0.3 0:27.47
2944 5.3 0.3 0:27.55
2944 5.3 0.3 0:27.58
2944 0.0 0.3 0:27.60
2944 5.6 0.3 0:27.65
2944 0.0 0.3 0:27.69
2944 5.3 0.3 0:27.73
2944 0.0 0.3 0:27.76
2944 0.0 0.3 0:27.79
2944 0.0 0.3 0:27.81
2944 0.0 0.3 0:27.84
2944 5.3 0.3 0:27.87
2944 5.6 0.3 0:27.91
2944 5.0 0.3 0:27.96
2944 5.3 0.3 0:28.00
2944 0.0 0.3 0:28.04
2944 5.3 0.3 0:28.08
2944 5.6 0.3 0:28.12
2944 0.0 0.3 0:28.16
2944 5.3 0.3 0:28.21
2944 0.0 0.3 0:28.24
2944 5.3 0.3 0:28.28
2944 10.5 0.3 0:28.32
2944 5.3 0.3 0:28.36
2944 0.0 0.3 0:28.41
2944 5.3 0.3 0:28.48
2944 0.0 0.3 0:28.51
2944 5.3 0.3 0:28.56
2944 0.0 0.3 0:28.59
2944 0.0 0.3 0:28.63
2944 5.0 0.3 0:28.65
2944 5.3 0.3 0:28.69
2944 5.0 0.3 0:28.72
2944 0.0 0.3 0:28.74
2944 0.0 0.3 0:28.76
2944 0.0 0.3 0:28.79
2944 5.3 0.3 0:28.82
2944 0.0 0.3 0:28.84
2944 0.0 0.3 0:28.88
2944 5.6 0.3 0:28.91
2944 5.3 0.3 0:28.96
2944 3.8 0.3 0:29.01
2944 4.8 0.3 0:29.07
2944 5.3 0.3 0:29.11
2944 0.0 0.3 0:29.14
2944 0.0 0.3 0:29.18
2944 5.3 0.3 0:29.22
2944 5.3 0.3 0:29.25
2944 5.3 0.3 0:29.27
2944 5.3 0.3 0:29.31
2944 10.5 0.3 0:29.35
2944 0.0 0.3 0:29.37
2944 0.0 0.3 0:29.39
2944 5.0 0.3 0:29.42
2944 5.3 0.3 0:29.45
2944 5.3 0.3 0:29.48
2944 0.0 0.3 0:29.51
2944 5.3 0.3 0:29.55
2944 10.0 0.3 0:29.59
2944 0.0 0.3 0:29.62
2944 0.0 0.3 0:29.64
2944 11.1 0.3 0:29.69
2944 5.6 0.3 0:29.73
2944 5.6 0.3 0:29.77
2944 5.3 0.3 0:29.82
2944 5.3 0.3 0:29.88
2944 5.6 0.3 0:29.93
2944 0.0 0.3 0:29.96
2944 0.0 0.3 0:29.99
2944 0.0 0.3 0:30.02
2944 5.0 0.3 0:30.06
2944 5.3 0.3 0:30.10
2944 0.0 0.3 0:30.13
2944 5.0 0.3 0:30.17
2944 5.3 0.3 0:30.21
2944 0.0 0.3 0:30.23
2944 5.3 0.3 0:30.26
2944 0.0 0.3 0:30.29
2944 0.0 0.3 0:30.30
2944 0.0 0.3 0:30.33
2944 0.0 0.3 0:30.38
2944 0.0 0.3 0:30.41
2944 10.5 0.3 0:30.48
2944 5.3 0.3 0:30.51
2944 0.0 0.3 0:30.54
2944 5.6 0.3 0:30.57
2944 5.3 0.3 0:30.60
2944 5.3 0.3 0:30.63
2944 5.3 0.3 0:30.65
2944 5.6 0.3 0:30.69
2944 5.3 0.3 0:30.72
2944 5.3 0.3 0:30.76
2944 3.8 0.3 0:30.80
2944 0.0 0.3 0:30.84
2944 5.3 0.3 0:30.89
2944 0.0 0.3 0:30.92
2944 5.3 0.3 0:30.96
2944 0.0 0.3 0:30.98
2944 10.5 0.3 0:31.02
2944 5.6 0.3 0:31.07
2944 0.0 0.3 0:31.10
2944 5.3 0.3 0:31.16
2944 5.3 0.3 0:31.21
2944 0.0 0.3 0:31.23
2944 5.3 0.3 0:31.27
2944 0.0 0.3 0:31.30
2944 0.0 0.3 0:31.33
2944 5.3 0.3 0:31.36
2944 5.0 0.3 0:31.41
2944 0.0 0.3 0:31.43
2944 5.3 0.3 0:31.48
2944 0.0 0.3 0:31.52
2944 5.3 0.3 0:31.57
2944 5.3 0.3 0:31.62
2944 5.0 0.3 0:31.67
29444 0.0 0.0 0:00.00
2944 5.6 0.3 0:31.75
2944 5.3 0.3 0:31.79
2944 5.3 0.3 0:31.82
2944 0.0 0.3 0:31.85
2944 5.3 0.3 0:31.90
2944 5.6 0.3 0:31.94
2944 0.0 0.3 0:31.98
2944 0.0 0.3 0:32.01
2944 0.0 0.3 0:32.03
2944 5.3 0.3 0:32.06
2944 0.0 0.3 0:32.08
2944 5.6 0.3 0:32.11
2944 5.3 0.3 0:32.15
2944 5.6 0.3 0:32.21
2944 5.6 0.3 0:32.25
2944 5.3 0.3 0:32.31
2944 5.0 0.3 0:32.36
2944 5.6 0.3 0:32.40
2944 5.3 0.3 0:32.43
2944 5.0 0.3 0:32.46
2944 5.0 0.3 0:32.50
2944 5.3 0.3 0:32.54
2944 5.3 0.3 0:32.59
2944 5.3 0.3 0:32.62
2944 5.3 0.3 0:32.66
2944 0.0 0.3 0:32.69
2944 5.3 0.3 0:32.73
2944 5.0 0.3 0:32.76
2944 0.0 0.3 0:32.79
2944 5.3 0.3 0:32.82
2944 0.0 0.3 0:32.85
2944 0.0 0.3 0:32.88
2944 16.7 0.3 0:32.94
2944 0.0 0.3 0:32.97
2944 5.6 0.3 0:33.00
2944 0.0 0.3 0:33.04
2944 5.3 0.3 0:33.09
2944 5.6 0.3 0:33.12
2944 5.0 0.3 0:33.17
2944 5.0 0.3 0:33.22
2944 0.0 0.3 0:33.25
2944 0.0 0.3 0:33.28
2944 0.0 0.3 0:33.31
2944 5.3 0.3 0:33.34
2944 5.0 0.3 0:33.37
2944 0.0 0.3 0:33.39
2944 5.3 0.3 0:33.42
2944 5.6 0.3 0:33.45
2944 5.3 0.3 0:33.48
2944 0.0 0.3 0:33.51
2944 5.3 0.3 0:33.55
2944 0.0 0.3 0:33.59
2944 10.5 0.3 0:33.64
2944 5.6 0.3 0:33.68
2944 5.3 0.3 0:33.71
2944 5.3 0.3 0:33.76
2944 0.0 0.3 0:33.80
2944 0.0 0.3 0:33.83
2944 0.0 0.3 0:33.86
2944 0.0 0.3 0:33.89
2944 0.0 0.3 0:33.92
2944 5.3 0.3 0:33.95
2944 0.0 0.3 0:33.98
2944 5.0 0.3 0:34.03
2944 5.3 0.3 0:34.06
2944 5.6 0.3 0:34.08
2944 0.0 0.3 0:34.10
2944 0.0 0.3 0:34.13
2944 0.0 0.3 0:34.16
2944 5.3 0.3 0:34.20
2944 0.0 0.3 0:34.24
2944 0.0 0.3 0:34.26
2944 0.0 0.3 0:34.30
2944 5.0 0.3 0:34.33
2944 0.0 0.3 0:34.36
2944 5.3 0.3 0:34.40
2944 5.3 0.3 0:34.44
2944 11.1 0.3 0:34.49
2944 0.0 0.3 0:34.52
2944 0.0 0.3 0:34.58
2944 0.0 0.3 0:34.62
2944 0.0 0.3 0:34.65
2944 0.0 0.3 0:34.70
2944 4.8 0.3 0:34.74
2944 5.3 0.3 0:34.78
2944 0.0 0.3 0:34.82
2944 5.3 0.3 0:34.87
2944 0.0 0.3 0:34.90
2944 15.0 0.3 0:34.96
2944 5.0 0.3 0:34.99
2944 0.0 0.3 0:35.02
2944 5.0 0.3 0:35.07
2944 0.0 0.3 0:35.12
2944 5.3 0.3 0:35.18
2944 5.3 0.3 0:35.23
2944 5.6 0.3 0:35.28
2944 5.3 0.3 0:35.33
2944 5.3 0.3 0:35.39
2944 5.6 0.3 0:35.45
2944 5.3 0.3 0:35.51
2944 0.0 0.3 0:35.55
2944 0.0 0.3 0:35.58
2944 5.3 0.3 0:35.61
2944 5.3 0.3 0:35.63
2944 5.3 0.3 0:35.68
2944 5.6 0.3 0:35.71
2944 5.6 0.3 0:35.75
2944 5.3 0.3 0:35.78
2944 5.3 0.3 0:35.82
2944 5.0 0.3 0:35.87
2944 5.3 0.3 0:35.90
2944 0.0 0.3 0:35.93
2944 5.3 0.3 0:35.97
2944 0.0 0.3 0:36.00
2944 0.0 0.3 0:36.03
2944 5.6 0.3 0:36.06
2944 0.0 0.3 0:36.11
2944 0.0 0.3 0:36.16
2944 5.3 0.3 0:36.21
2944 0.0 0.3 0:36.26
2944 0.0 0.3 0:36.29
2944 0.0 0.3 0:36.32
2944 0.0 0.3 0:36.35
2944 5.3 0.3 0:36.39
2944 0.0 0.3 0:36.41
2944 4.8 0.3 0:36.45
2944 5.0 0.3 0:36.48
2944 5.3 0.3 0:36.53
2944 0.0 0.3 0:36.55
2944 5.3 0.3 0:36.58
2944 0.0 0.3 0:36.62
2944 5.3 0.3 0:36.67
2944 0.0 0.3 0:36.70
2944 5.3 0.3 0:36.78
2944 5.3 0.3 0:36.82
2944 4.8 0.3 0:36.85
2944 0.0 0.3 0:36.88
2944 0.0 0.3 0:36.90
2944 5.3 0.3 0:36.93
2944 5.3 0.3 0:36.97
2944 5.6 0.3 0:37.00
2944 5.0 0.3 0:37.05
2944 5.3 0.3 0:37.08
2944 0.0 0.3 0:37.11
2944 0.0 0.3 0:37.13
2944 0.0 0.3 0:37.15
2944 5.3 0.3 0:37.20
2944 5.6 0.3 0:37.23
2944 5.3 0.3 0:37.27
2944 5.6 0.3 0:37.30
2944 0.0 0.3 0:37.34
2944 5.6 0.3 0:37.37
2944 5.6 0.3 0:37.40
2944 0.0 0.3 0:37.43
2944 5.0 0.3 0:37.48
2944 5.0 0.3 0:37.52
2944 0.0 0.3 0:37.55
2944 0.0 0.3 0:37.59
2944 5.3 0.3 0:37.62
2944 0.0 0.3 0:37.64
2944 0.0 0.3 0:37.66
2944 5.3 0.3 0:37.69
2944 0.0 0.3 0:37.72
2944 0.0 0.3 0:37.74
2944 0.0 0.3 0:37.78
2944 0.0 0.3 0:37.82
2944 0.0 0.3 0:37.85
2944 0.0 0.3 0:37.88
2944 5.6 0.3 0:37.91
2944 0.0 0.3 0:37.93
2944 0.0 0.3 0:37.97
2944 0.0 0.3 0:38.02
2944 5.6 0.3 0:38.07
2944 5.6 0.3 0:38.11
2944 5.3 0.3 0:38.14
2944 5.3 0.3 0:38.17
2944 5.3 0.3 0:38.20
2944 0.0 0.3 0:38.22
2944 5.3 0.3 0:38.27
2944 5.6 0.3 0:38.31
2944 0.0 0.3 0:38.34
2944 5.3 0.3 0:38.38
2944 5.3 0.3 0:38.42
2944 5.3 0.3 0:38.47
2944 5.0 0.3 0:38.51
2944 0.0 0.3 0:38.54
2944 5.3 0.3 0:38.58
2944 0.0 0.3 0:38.60
2944 5.6 0.3 0:38.64
2944 0.0 0.3 0:38.66
2944 0.0 0.3 0:38.70
2944 0.0 0.3 0:38.73
2944 0.0 0.3 0:38.77
2944 0.0 0.3 0:38.82
2944 5.3 0.3 0:38.86
2944 0.0 0.3 0:38.89
2944 5.6 0.3 0:38.92
2944 0.0 0.3 0:38.94
2944 5.0 0.3 0:38.98
2944 5.6 0.3 0:39.01
2944 5.3 0.3 0:39.05
2944 0.0 0.3 0:39.08
2944 0.0 0.3 0:39.12
2944 5.3 0.3 0:39.18
2944 0.0 0.3 0:39.21
2944 0.0 0.3 0:39.24
2944 5.0 0.3 0:39.28
2944 0.0 0.3 0:39.31
2944 0.0 0.3 0:39.36
2944 5.3 0.3 0:39.41
2944 5.6 0.3 0:39.46
2944 5.3 0.3 0:39.52
2944 0.0 0.3 0:39.56
2944 5.3 0.3 0:39.60
2944 5.3 0.3 0:39.65
2944 5.3 0.3 0:39.71
2944 5.6 0.3 0:39.78
2944 0.0 0.3 0:39.81
2944 0.0 0.3 0:39.85
2944 0.0 0.3 0:39.89
2944 0.0 0.3 0:39.92
2944 5.3 0.3 0:39.96
2944 5.3 0.3 0:39.98
2944 0.0 0.3 0:40.02
2944 0.0 0.3 0:40.06
2944 0.0 0.3 0:40.09
2944 5.3 0.3 0:40.13
2944 5.3 0.3 0:40.16
2944 5.0 0.3 0:40.22
2944 0.0 0.3 0:40.24
2944 5.3 0.3 0:40.27
2944 5.6 0.3 0:40.32
2944 5.3 0.3 0:40.36
2944 3.2 0.3 0:40.41
2944 4.5 0.3 0:40.45
2944 8.3 0.3 0:40.51
2944 10.5 0.3 0:40.55
2944 5.3 0.3 0:40.59
2944 0.0 0.3 0:40.62
2944 10.5 0.3 0:40.66
2944 0.0 0.3 0:40.68
2944 0.0 0.3 0:40.73
2944 5.3 0.3 0:40.78
2944 5.3 0.3 0:40.84
2944 5.3 0.3 0:40.87
2944 0.0 0.3 0:40.90
2944 0.0 0.3 0:40.93
2944 10.5 0.3 0:40.98
2944 5.3 0.3 0:41.02
2944 5.3 0.3 0:41.06
2944 0.0 0.3 0:41.08
2944 0.0 0.3 0:41.11
2944 0.0 0.3 0:41.14
2944 0.0 0.3 0:41.17
2944 0.0 0.3 0:41.20
2944 5.0 0.3 0:41.23
2944 5.3 0.3 0:41.26
2944 0.0 0.3 0:41.28
2944 0.0 0.3 0:41.31
2944 4.8 0.3 0:41.36
2944 5.6 0.3 0:41.42
2944 5.6 0.3 0:41.46
2944 5.6 0.3 0:41.51
2944 0.0 0.3 0:41.55
2944 5.3 0.3 0:41.58
2944 10.5 0.3 0:41.62
2944 0.0 0.3 0:41.65
2944 10.5 0.3 0:41.71
2944 0.0 0.3 0:41.73
2944 5.6 0.3 0:41.78
2944 0.0 0.3 0:41.81
2944 10.5 0.3 0:41.85
2944 0.0 0.3 0:41.87
2944 0.0 0.2 0:41.90
2944 0.0 0.2 0:41.93
2944 0.0 0.2 0:41.98
2944 0.0 0.2 0:42.02
2944 5.3 0.2 0:42.06
2944 0.0 0.2 0:42.09
2944 5.0 0.2 0:42.13
2944 0.0 0.2 0:42.16
2944 5.3 0.2 0:42.21
2944 0.0 0.2 0:42.24
2944 5.0 0.2 0:42.28
2944 0.0 0.2 0:42.33
2944 5.3 0.2 0:42.38
2944 4.5 0.2 0:42.43
2944 0.0 0.2 0:42.48
2944 5.3 0.2 0:42.55
2944 5.3 0.2 0:42.59
2944 0.0 0.2 0:42.63
2944 5.0 0.2 0:42.68
2944 5.6 0.2 0:42.72
2944 5.3 0.2 0:42.76
2944 5.3 0.2 0:42.79
2944 0.0 0.2 0:42.81
2944 5.3 0.2 0:42.86
2944 0.0 0.2 0:42.88
2944 5.0 0.2 0:42.93
2944 5.3 0.2 0:42.98
2944 10.0 0.2 0:43.03
2944 5.3 0.2 0:43.07
2944 0.0 0.2 0:43.11
2944 5.3 0.2 0:43.14
2944 5.0 0.2 0:43.18
2944 5.3 0.2 0:43.21
2944 0.0 0.2 0:43.23
2944 5.3 0.2 0:43.27
2944 0.0 0.2 0:43.32
2944 0.0 0.2 0:43.36
2944 5.6 0.2 0:43.43
2944 10.5 0.2 0:43.48
2944 0.0 0.2 0:43.51
2944 5.3 0.2 0:43.54
2944 0.0 0.2 0:43.58
2944 0.0 0.2 0:43.61
2944 0.0 0.2 0:43.64
2944 0.0 0.2 0:43.66
2944 0.0 0.2 0:43.69
2944 0.0 0.2 0:43.72
2944 10.5 0.2 0:43.76
2944 0.0 0.2 0:43.78
2944 5.0 0.2 0:43.81
2944 5.3 0.2 0:43.84
2944 5.0 0.2 0:43.88
2944 0.0 0.2 0:43.92
2944 5.0 0.2 0:43.97
2944 5.3 0.2 0:44.02
2944 0.0 0.2 0:44.05
2944 0.0 0.2 0:44.08
2944 5.3 0.2 0:44.13
2944 0.0 0.2 0:44.17
2944 0.0 0.2 0:44.21
2944 5.6 0.2 0:44.25
2944 5.3 0.2 0:44.28
2944 5.3 0.2 0:44.32
2944 5.0 0.2 0:44.36
2944 5.0 0.2 0:44.41
2944 0.0 0.2 0:44.45
2944 0.0 0.2 0:44.47
2944 5.3 0.2 0:44.50
2944 5.0 0.2 0:44.54
2944 5.3 0.2 0:44.59
2944 0.0 0.2 0:44.62
2944 5.3 0.2 0:44.67
2944 5.6 0.2 0:44.72
2944 5.3 0.2 0:44.76
2944 0.0 0.2 0:44.80
2944 0.0 0.2 0:44.83
2944 5.3 0.2 0:44.86
2944 0.0 0.2 0:44.87
2944 0.0 0.2 0:44.88
