2944 5.6 0.3 3:04.49
2944 0.0 0.3 3:04.51
2944 0.0 0.3 3:04.51
2944 0.0 0.3 3:04.53
2944 0.0 0.3 3:04.53
2944 0.0 0.3 3:04.53
2944 0.0 0.3 3:04.54
2944 0.0 0.3 3:04.54
2944 0.0 0.3 3:04.58
2944 0.0 0.3 3:04.59
2944 0.0 0.3 3:04.60
2944 0.0 0.3 3:04.60
2944 0.0 0.3 3:04.61
2944 0.0 0.3 3:04.61
2944 0.0 0.3 3:04.61
2944 0.0 0.3 3:04.62
2944 0.0 0.3 3:04.62
2944 0.0 0.3 3:04.63
2944 0.0 0.3 3:04.63
2944 0.0 0.3 3:04.64
2944 0.0 0.3 3:04.65
2944 5.3 0.3 3:04.66
2944 0.0 0.3 3:04.67
2944 0.0 0.3 3:04.68
2944 0.0 0.3 3:04.68
2944 0.0 0.3 3:04.69
2944 5.3 0.3 3:04.70
2944 0.0 0.3 3:04.71
2944 0.0 0.3 3:04.71
2944 0.0 0.3 3:04.74
2944 5.6 0.3 3:04.75
2944 0.0 0.3 3:04.75
2944 0.0 0.3 3:04.75
2944 5.6 0.3 3:04.76
2944 0.0 0.3 3:04.76
2944 0.0 0.3 3:04.77
2944 0.0 0.3 3:04.78
2944 0.0 0.3 3:04.80
2944 0.0 0.3 3:04.80
2944 0.0 0.3 3:04.81
2944 0.0 0.3 3:04.81
2944 0.0 0.3 3:04.82
2944 0.0 0.3 3:04.82
2944 0.0 0.3 3:04.82
2944 0.0 0.3 3:04.83
2944 0.0 0.3 3:04.84
2944 0.0 0.3 3:04.85
2944 0.0 0.3 3:04.85
2944 0.0 0.3 3:04.86
2944 0.0 0.3 3:04.86
2944 0.0 0.3 3:04.86
2944 0.0 0.3 3:04.87
2944 0.0 0.3 3:04.87
2944 0.0 0.3 3:04.88
2944 0.0 0.3 3:04.88
2944 0.0 0.3 3:04.88
2944 0.0 0.3 3:04.89
2944 0.0 0.3 3:04.89
2944 0.0 0.3 3:04.91
2944 0.0 0.3 3:04.91
2944 5.3 0.3 3:04.92
2944 0.0 0.3 3:04.94
2944 5.3 0.3 3:04.95
2944 5.3 0.3 3:04.96
2944 0.0 0.3 3:04.96
2944 0.0 0.3 3:04.96
2944 0.0 0.3 3:04.97
2944 5.3 0.3 3:04.98
2944 0.0 0.3 3:04.98
2944 0.0 0.3 3:04.98
2944 0.0 0.3 3:04.99
2944 0.0 0.3 3:05.01
2944 0.0 0.3 3:05.01
2944 0.0 0.3 3:05.02
2944 0.0 0.3 3:05.02
2944 0.0 0.3 3:05.02
