2944 0.0 0.3 1:55.92
2944 10.5 0.3 1:55.96
2944 0.0 0.3 1:55.96
2944 0.0 0.3 1:55.98
2944 0.0 0.3 1:55.99
2944 0.0 0.3 1:56.01
2944 0.0 0.3 1:56.03
2944 0.0 0.3 1:56.04
2944 0.0 0.3 1:56.05
2944 5.3 0.3 1:56.08
2944 0.0 0.3 1:56.10
2944 0.0 0.3 1:56.11
2944 0.0 0.3 1:56.13
2944 0.0 0.3 1:56.14
2944 0.0 0.3 1:56.16
2944 0.0 0.3 1:56.20
2944 0.0 0.3 1:56.21
2944 0.0 0.3 1:56.23
2944 0.0 0.3 1:56.24
2944 0.0 0.3 1:56.25
2944 0.0 0.3 1:56.27
2944 0.0 0.3 1:56.28
2944 0.0 0.3 1:56.31
2944 0.0 0.3 1:56.34
2944 5.6 0.3 1:56.37
2944 5.0 0.3 1:56.40
2944 0.0 0.3 1:56.42
2944 0.0 0.3 1:56.44
2944 5.3 0.3 1:56.47
2944 0.0 0.3 1:56.48
2944 0.0 0.3 1:56.52
2944 5.3 0.3 1:56.56
2944 0.0 0.3 1:56.59
2944 5.3 0.3 1:56.63
2944 0.0 0.3 1:56.64
2944 0.0 0.3 1:56.67
2944 5.3 0.3 1:56.69
2944 5.3 0.3 1:56.71
2944 0.0 0.3 1:56.73
2944 5.3 0.3 1:56.75
2944 0.0 0.3 1:56.77
2944 5.3 0.3 1:56.81
2944 5.6 0.3 1:56.83
2944 5.3 0.3 1:56.86
2944 0.0 0.3 1:56.90
2944 5.0 0.3 1:56.93
2944 0.0 0.3 1:56.96
2944 0.0 0.3 1:56.99
2944 0.0 0.3 1:57.02
2944 0.0 0.3 1:57.07
2944 5.3 0.3 1:57.12
2944 5.3 0.3 1:57.16
2944 0.0 0.3 1:57.20
2944 5.6 0.3 1:57.24
2944 0.0 0.3 1:57.27
2944 5.3 0.3 1:57.30
2944 5.3 0.3 1:57.34
2944 0.0 0.3 1:57.37
2944 5.6 0.3 1:57.40
2944 5.6 0.3 1:57.42
2944 5.3 0.3 1:57.46
2944 0.0 0.3 1:57.49
2944 0.0 0.3 1:57.51
2944 0.0 0.3 1:57.54
2944 5.3 0.3 1:57.58
2944 5.3 0.3 1:57.61
2944 5.3 0.3 1:57.63
2944 5.6 0.3 1:57.65
2944 5.3 0.3 1:57.70
2944 10.5 0.3 1:57.75
2944 5.3 0.3 1:57.79
2944 0.0 0.3 1:57.82
2944 0.0 0.3 1:57.85
2944 5.3 0.3 1:57.88
2944 5.3 0.3 1:57.92
2944 5.6 0.3 1:57.96
2944 5.3 0.3 1:58.01
2944 11.1 0.3 1:58.06
2944 0.0 0.3 1:58.10
2944 0.0 0.3 1:58.12
2944 5.3 0.3 1:58.15
2944 0.0 0.3 1:58.19
2944 5.6 0.3 1:58.21
2944 5.6 0.3 1:58.24
2944 5.3 0.3 1:58.26
2944 0.0 0.3 1:58.28
2944 0.0 0.3 1:58.30
2944 0.0 0.3 1:58.33
2944 5.6 0.3 1:58.36
2944 5.0 0.3 1:58.39
2944 5.3 0.3 1:58.43
2944 5.0 0.3 1:58.45
2944 5.3 0.3 1:58.47
2944 5.6 0.3 1:58.51
2944 0.0 0.3 1:58.53
2944 5.3 0.3 1:58.55
2944 0.0 0.3 1:58.57
2944 5.3 0.3 1:58.59
2944 5.0 0.3 1:58.62
2944 4.2 0.3 1:58.67
2944 4.0 0.3 1:58.71
2944 5.3 0.3 1:58.74
2944 5.3 0.3 1:58.77
2944 5.3 0.3 1:58.79
2944 5.3 0.3 1:58.81
2944 4.8 0.3 1:58.83
2944 5.3 0.3 1:58.85
2944 0.0 0.3 1:58.88
2944 0.0 0.3 1:58.90
2944 5.3 0.3 1:58.93
2944 0.0 0.3 1:58.95
2944 0.0 0.3 1:58.97
2944 5.0 0.3 1:59.01
2944 5.3 0.3 1:59.05
2944 5.3 0.3 1:59.07
2944 5.3 0.3 1:59.11
2944 0.0 0.3 1:59.13
2944 0.0 0.3 1:59.15
2944 0.0 0.3 1:59.19
2944 5.3 0.3 1:59.22
2944 5.0 0.3 1:59.26
2944 0.0 0.3 1:59.28
2944 0.0 0.3 1:59.31
2944 0.0 0.3 1:59.34
2944 0.0 0.3 1:59.37
2944 5.3 0.3 1:59.40
2944 5.0 0.3 1:59.43
2944 5.6 0.3 1:59.48
2944 0.0 0.3 1:59.49
2944 0.0 0.3 1:59.53
2944 5.6 0.3 1:59.55
2944 5.3 0.3 1:59.57
2944 0.0 0.3 1:59.59
2944 5.3 0.3 1:59.61
2944 0.0 0.3 1:59.62
2944 5.6 0.3 1:59.64
2944 5.3 0.3 1:59.66
2944 0.0 0.3 1:59.67
2944 0.0 0.3 1:59.69
2944 0.0 0.3 1:59.72
2944 0.0 0.3 1:59.75
2944 0.0 0.3 1:59.76
2944 5.0 0.3 1:59.79
2944 5.3 0.3 1:59.82
2944 5.6 0.3 1:59.86
2944 5.3 0.3 1:59.89
2944 0.0 0.3 1:59.91
2944 0.0 0.3 1:59.94
2944 0.0 0.3 1:59.97
2944 5.6 0.3 2:00.00
2944 4.8 0.3 2:00.03
2944 5.0 0.3 2:00.06
2944 0.0 0.3 2:00.08
2944 5.6 0.3 2:00.11
2944 5.6 0.3 2:00.13
2944 0.0 0.3 2:00.14
2944 0.0 0.3 2:00.16
2944 5.0 0.3 2:00.19
2944 0.0 0.3 2:00.22
2944 5.0 0.3 2:00.26
2944 0.0 0.3 2:00.28
2944 5.3 0.3 2:00.31
2944 5.3 0.3 2:00.34
2944 0.0 0.3 2:00.37
2944 0.0 0.3 2:00.40
2944 0.0 0.3 2:00.43
2944 0.0 0.3 2:00.45
2944 0.0 0.3 2:00.47
2944 0.0 0.3 2:00.49
2944 0.0 0.3 2:00.51
2944 0.0 0.3 2:00.52
2944 0.0 0.3 2:00.54
2944 5.0 0.3 2:00.57
2944 0.0 0.3 2:00.60
2944 5.3 0.3 2:00.63
2944 5.6 0.3 2:00.66
2944 0.0 0.3 2:00.68
2944 5.3 0.3 2:00.72
2944 0.0 0.3 2:00.76
2944 0.0 0.3 2:00.80
2944 5.3 0.3 2:00.83
2944 0.0 0.3 2:00.86
2944 5.3 0.3 2:00.90
2944 5.6 0.3 2:00.94
2944 0.0 0.3 2:00.96
2944 5.3 0.3 2:01.01
2944 5.6 0.3 2:01.05
2944 0.0 0.3 2:01.08
2944 5.3 0.3 2:01.10
2944 0.0 0.3 2:01.13
2944 0.0 0.3 2:01.17
2944 5.3 0.3 2:01.21
2944 0.0 0.3 2:01.24
2944 5.3 0.3 2:01.28
2944 5.6 0.3 2:01.31
2944 0.0 0.3 2:01.34
2944 5.0 0.3 2:01.37
2944 0.0 0.3 2:01.39
2944 5.3 0.3 2:01.42
2944 0.0 0.3 2:01.44
2944 5.3 0.3 2:01.48
2944 0.0 0.3 2:01.50
2944 5.0 0.3 2:01.54
2944 0.0 0.3 2:01.56
2944 0.0 0.3 2:01.57
2944 5.3 0.3 2:01.61
2944 5.3 0.3 2:01.63
2944 0.0 0.3 2:01.66
2944 0.0 0.3 2:01.68
2944 5.3 0.3 2:01.71
2944 0.0 0.3 2:01.73
2944 5.6 0.3 2:01.76
2944 0.0 0.3 2:01.78
2944 0.0 0.3 2:01.83
2944 5.3 0.3 2:01.85
2944 5.3 0.3 2:01.90
2944 0.0 0.3 2:01.92
2944 5.3 0.3 2:01.95
2944 5.3 0.3 2:01.99
2944 0.0 0.3 2:02.02
2944 10.0 0.3 2:02.06
2944 0.0 0.3 2:02.08
2944 5.3 0.3 2:02.12
2944 5.3 0.3 2:02.16
2944 5.3 0.3 2:02.20
2944 0.0 0.3 2:02.24
2944 5.3 0.3 2:02.28
2944 0.0 0.3 2:02.30
2944 0.0 0.3 2:02.33
2944 5.6 0.3 2:02.35
2944 0.0 0.3 2:02.38
2944 5.3 0.3 2:02.42
2944 0.0 0.3 2:02.45
2944 5.3 0.3 2:02.48
2944 5.3 0.3 2:02.50
2944 5.3 0.3 2:02.53
2944 0.0 0.3 2:02.56
2944 5.3 0.3 2:02.61
2944 0.0 0.3 2:02.65
2944 5.3 0.3 2:02.70
2944 5.6 0.3 2:02.74
2944 0.0 0.3 2:02.77
2944 5.3 0.3 2:02.80
2944 0.0 0.3 2:02.82
2944 0.0 0.3 2:02.85
2944 0.0 0.3 2:02.88
2944 5.6 0.3 2:02.91
2944 0.0 0.3 2:02.93
2944 5.6 0.3 2:02.96
2944 0.0 0.3 2:02.97
2944 0.0 0.3 2:02.99
2944 10.5 0.3 2:03.03
2944 5.3 0.3 2:03.05
2944 0.0 0.3 2:03.07
2944 0.0 0.3 2:03.12
2944 0.0 0.3 2:03.15
2944 10.5 0.3 2:03.20
2944 0.0 0.3 2:03.22
2944 5.0 0.3 2:03.27
2944 0.0 0.3 2:03.29
2944 5.3 0.3 2:03.32
2944 0.0 0.3 2:03.34
2944 0.0 0.3 2:03.37
2944 0.0 0.3 2:03.41
2944 5.3 0.3 2:03.45
2944 0.0 0.3 2:03.49
2944 0.0 0.3 2:03.51
2944 5.6 0.3 2:03.54
2944 5.3 0.3 2:03.56
2944 10.5 0.3 2:03.59
2944 0.0 0.3 2:03.60
2944 5.3 0.3 2:03.64
2944 5.3 0.3 2:03.67
2944 0.0 0.3 2:03.69
2944 5.3 0.3 2:03.71
2944 5.3 0.3 2:03.75
2944 5.3 0.3 2:03.79
2944 0.0 0.3 2:03.81
2944 0.0 0.3 2:03.84
2944 0.0 0.3 2:03.87
2944 10.5 0.3 2:03.91
2944 0.0 0.3 2:03.93
2944 5.3 0.3 2:03.96
2944 5.0 0.3 2:03.99
2944 0.0 0.3 2:04.01
2944 5.0 0.3 2:04.04
2944 5.0 0.3 2:04.07
2944 5.3 0.3 2:04.11
2944 5.3 0.3 2:04.14
2944 5.3 0.3 2:04.17
2944 0.0 0.3 2:04.20
2944 5.3 0.3 2:04.24
2944 0.0 0.3 2:04.26
2944 5.6 0.3 2:04.29
2944 5.3 0.3 2:04.33
2944 0.0 0.3 2:04.36
2944 0.0 0.3 2:04.38
2944 5.3 0.3 2:04.41
2944 0.0 0.3 2:04.43
2944 0.0 0.3 2:04.46
2944 0.0 0.3 2:04.47
2944 0.0 0.3 2:04.50
2944 0.0 0.3 2:04.52
2944 0.0 0.3 2:04.54
2944 0.0 0.3 2:04.56
2944 4.8 0.3 2:04.58
