2944 0.0 0.3 2:22.41
2944 5.0 0.3 2:22.48
2944 4.2 0.3 2:22.51
2944 0.0 0.3 2:22.54
2944 5.3 0.3 2:22.57
2944 0.0 0.3 2:22.57
2944 0.0 0.3 2:22.58
2944 0.0 0.3 2:22.59
2944 0.0 0.3 2:22.59
2944 0.0 0.3 2:22.60
2944 5.6 0.3 2:22.61
2944 0.0 0.3 2:22.61
2944 0.0 0.3 2:22.61
2944 0.0 0.3 2:22.62
2944 0.0 0.3 2:22.62
2944 0.0 0.3 2:22.63
2944 0.0 0.3 2:22.63
2944 0.0 0.3 2:22.63
2944 0.0 0.3 2:22.64
2944 0.0 0.3 2:22.67
2944 5.3 0.3 2:22.68
2944 5.3 0.3 2:22.69
2944 0.0 0.3 2:22.69
2944 0.0 0.3 2:22.70
2944 0.0 0.3 2:22.72
2944 22.2 0.3 2:22.77
2944 0.0 0.3 2:22.77
2944 0.0 0.3 2:22.78
2944 0.0 0.3 2:22.80
2944 5.3 0.3 2:22.82
2944 0.0 0.3 2:22.83
2944 0.0 0.3 2:22.85
2944 11.1 0.3 2:22.87
2944 5.6 0.3 2:22.89
2944 11.1 0.3 2:22.92
2944 0.0 0.3 2:22.95
2944 0.0 0.3 2:22.95
2944 0.0 0.3 2:22.96
2944 15.0 0.3 2:23.01
2944 5.3 0.3 2:23.03
2944 5.6 0.3 2:23.05
2944 5.3 0.3 2:23.06
2944 0.0 0.3 2:23.08
2944 0.0 0.3 2:23.09
2944 5.0 0.3 2:23.11
2944 0.0 0.3 2:23.14
2944 5.3 0.3 2:23.19
2944 0.0 0.3 2:23.25
2944 0.0 0.3 2:23.31
2944 0.0 0.3 2:23.32
2944 5.6 0.3 2:23.35
2944 5.3 0.3 2:23.37
2944 0.0 0.3 2:23.39
2944 5.0 0.3 2:23.45
2944 0.0 0.3 2:23.59
2944 11.9 0.3 2:23.70
2944 4.8 0.3 2:23.74
2944 0.0 0.3 2:23.76
2944 5.0 0.3 2:23.79
2944 0.0 0.3 2:23.80
2944 5.3 0.3 2:23.82
2944 5.6 0.3 2:23.84
2944 0.0 0.3 2:23.86
2944 5.0 0.3 2:23.89
2944 0.0 0.3 2:23.89
2944 0.0 0.3 2:23.91
2944 0.0 0.3 2:23.91
2944 0.0 0.3 2:23.92
2944 5.3 0.3 2:23.94
2944 5.3 0.3 2:23.96
2944 5.3 0.3 2:23.99
2944 5.3 0.3 2:24.01
2944 5.0 0.3 2:24.03
2944 0.0 0.3 2:24.04
2944 4.8 0.3 2:24.06
2944 0.0 0.3 2:24.09
2944 0.0 0.3 2:24.10
2944 4.5 0.3 2:24.12
2944 5.3 0.3 2:24.13
2944 0.0 0.3 2:24.14
2944 0.0 0.3 2:24.16
2944 5.0 0.3 2:24.19
2944 5.0 0.3 2:24.22
2944 0.0 0.3 2:24.23
2944 10.0 0.3 2:24.27
2944 0.0 0.3 2:24.29
2944 0.0 0.3 2:24.32
2944 0.0 0.3 2:24.33
2944 0.0 0.3 2:24.33
2944 0.0 0.3 2:24.35
2944 5.0 0.3 2:24.39
2944 0.0 0.3 2:24.41
2944 5.3 0.3 2:24.43
2944 0.0 0.3 2:24.47
2944 5.6 0.3 2:24.49
2944 5.6 0.3 2:24.50
2944 0.0 0.3 2:24.50
2944 0.0 0.3 2:24.54
2944 0.0 0.3 2:24.56
2944 0.0 0.3 2:24.58
2944 0.0 0.3 2:24.60
2944 5.3 0.3 2:24.62
2944 0.0 0.3 2:24.64
2944 5.0 0.3 2:24.72
2944 8.8 0.3 2:24.84
2944 0.0 0.3 2:24.89
2944 0.0 0.3 2:24.92
2944 0.0 0.3 2:24.94
2944 0.0 0.3 2:24.96
2944 4.0 0.3 2:24.99
2944 0.0 0.3 2:25.01
2944 0.0 0.3 2:25.02
2944 4.5 0.3 2:25.06
2944 0.0 0.3 2:25.09
2944 0.0 0.3 2:25.11
2944 0.0 0.3 2:25.13
2944 0.0 0.3 2:25.15
2944 0.0 0.3 2:25.17
2944 5.0 0.3 2:25.20
2944 5.6 0.3 2:25.25
2944 4.2 0.3 2:25.27
2944 0.0 0.3 2:25.29
2944 0.0 0.3 2:25.30
2944 0.0 0.3 2:25.32
2944 0.0 0.3 2:25.33
2944 0.0 0.3 2:25.35
2944 5.0 0.3 2:25.40
2944 0.0 0.3 2:25.42
2944 9.5 0.3 2:25.45
2944 0.0 0.3 2:25.49
2944 0.0 0.3 2:25.50
2944 5.0 0.3 2:25.53
2944 0.0 0.3 2:25.54
2944 0.0 0.3 2:25.56
2944 10.0 0.3 2:25.59
2944 0.0 0.3 2:25.60
2944 0.0 0.3 2:25.61
2944 5.3 0.3 2:25.63
2944 0.0 0.3 2:25.65
2944 5.6 0.3 2:25.66
2944 4.5 0.3 2:25.68
2944 5.3 0.3 2:25.71
2944 0.0 0.3 2:25.72
2944 0.0 0.3 2:25.73
2944 0.0 0.3 2:25.74
2944 0.0 0.3 2:25.75
2944 0.0 0.3 2:25.76
2944 0.0 0.3 2:25.78
2944 5.3 0.3 2:25.80
2944 0.0 0.3 2:25.82
2944 0.0 0.3 2:25.82
2944 5.3 0.3 2:25.84
2944 0.0 0.3 2:25.88
2944 10.0 0.3 2:25.90
2944 0.0 0.3 2:25.93
2944 11.1 0.3 2:25.96
2944 0.0 0.3 2:25.98
2944 5.0 0.3 2:26.00
2944 0.0 0.3 2:26.02
2944 0.0 0.3 2:26.08
2944 0.0 0.3 2:26.09
2944 0.0 0.3 2:26.09
2944 5.3 0.3 2:26.12
2944 5.3 0.3 2:26.13
2944 0.0 0.3 2:26.15
2944 5.3 0.3 2:26.17
2944 5.3 0.3 2:26.19
2944 0.0 0.3 2:26.19
2944 0.0 0.3 2:26.20
2944 0.0 0.3 2:26.22
2944 5.6 0.3 2:26.24
2944 5.6 0.3 2:26.27
2944 5.3 0.3 2:26.29
2944 0.0 0.3 2:26.29
2944 0.0 0.3 2:26.30
2944 0.0 0.3 2:26.32
2944 0.0 0.3 2:26.33
2944 0.0 0.3 2:26.35
2944 0.0 0.3 2:26.36
2944 0.0 0.3 2:26.37
2944 0.0 0.3 2:26.38
2944 5.3 0.3 2:26.46
2944 5.0 0.3 2:26.48
2944 5.3 0.3 2:26.50
2944 5.3 0.3 2:26.52
2944 5.6 0.3 2:26.54
2944 10.5 0.3 2:26.62
2944 0.0 0.3 2:26.64
2944 5.3 0.3 2:26.66
2944 5.3 0.3 2:26.68
2944 15.8 0.3 2:26.72
2944 5.6 0.3 2:26.75
2944 5.6 0.3 2:26.77
2944 0.0 0.3 2:26.78
2944 5.3 0.3 2:26.81
2944 0.0 0.3 2:26.83
2944 0.0 0.3 2:26.84
2944 0.0 0.3 2:26.85
2944 5.6 0.3 2:26.87
2944 0.0 0.3 2:26.88
2944 5.3 0.3 2:26.89
2944 5.3 0.3 2:26.91
2944 0.0 0.3 2:26.92
2944 0.0 0.3 2:26.97
2944 0.0 0.3 2:26.99
2944 0.0 0.3 2:27.05
2944 5.0 0.3 2:27.08
2944 0.0 0.3 2:27.11
2944 5.3 0.3 2:27.14
2944 10.5 0.3 2:27.19
2944 5.0 0.3 2:27.21
2944 5.3 0.3 2:27.23
2944 5.3 0.3 2:27.25
2944 0.0 0.3 2:27.27
2944 0.0 0.3 2:27.29
2944 5.3 0.3 2:27.31
2944 0.0 0.3 2:27.35
2944 0.0 0.3 2:27.38
2944 0.0 0.3 2:27.40
2944 0.0 0.3 2:27.42
2944 0.0 0.3 2:27.45
2944 5.3 0.3 2:27.47
2944 0.0 0.3 2:27.49
2944 0.0 0.3 2:27.50
2944 0.0 0.3 2:27.51
2944 0.0 0.3 2:27.52
2944 0.0 0.3 2:27.56
2944 4.8 0.3 2:27.59
2944 0.0 0.3 2:27.60
2944 0.0 0.3 2:27.63
2944 0.0 0.3 2:27.65
2944 0.0 0.3 2:27.68
2944 0.0 0.3 2:27.69
2944 5.6 0.3 2:27.72
2944 5.3 0.3 2:27.74
2944 0.0 0.3 2:27.75
2944 0.0 0.3 2:27.79
2944 0.0 0.3 2:27.80
2944 5.0 0.3 2:27.84
2944 0.0 0.3 2:27.85
2944 5.0 0.3 2:27.87
2944 0.0 0.3 2:27.89
2944 11.1 0.3 2:27.92
2944 0.0 0.3 2:27.92
2944 5.3 0.3 2:27.96
2944 5.3 0.3 2:27.98
2944 0.0 0.3 2:28.00
2944 0.0 0.3 2:28.01
2944 5.3 0.3 2:28.03
2944 5.6 0.3 2:28.05
2944 5.0 0.3 2:28.07
2944 5.6 0.3 2:28.09
2944 5.3 0.3 2:28.11
2944 0.0 0.3 2:28.12
2944 0.0 0.3 2:28.13
2944 0.0 0.3 2:28.16
2944 0.0 0.3 2:28.18
2944 10.5 0.3 2:28.21
2944 5.3 0.3 2:28.23
2944 0.0 0.3 2:28.27
2944 0.0 0.3 2:28.29
2944 0.0 0.3 2:28.30
2944 5.3 0.3 2:28.32
2944 5.6 0.3 2:28.34
2944 0.0 0.3 2:28.35
2944 0.0 0.3 2:28.35
2944 10.5 0.3 2:28.39
2944 0.0 0.3 2:28.40
2944 5.3 0.3 2:28.42
2944 5.6 0.3 2:28.45
2944 0.0 0.3 2:28.48
2944 5.3 0.3 2:28.50
2944 0.0 0.3 2:28.51
2944 0.0 0.3 2:28.55
2944 0.0 0.3 2:28.56
2944 0.0 0.3 2:28.58
2944 0.0 0.3 2:28.60
2944 0.0 0.3 2:28.62
2944 0.0 0.3 2:28.64
2944 0.0 0.3 2:28.66
2944 0.0 0.3 2:28.69
2944 11.1 0.3 2:28.75
2944 0.0 0.3 2:28.76
2944 0.0 0.3 2:28.78
2944 0.0 0.3 2:28.78
2944 0.0 0.3 2:28.79
2944 0.0 0.3 2:28.82
2944 0.0 0.3 2:28.83
2944 0.0 0.3 2:28.85
2944 0.0 0.3 2:28.87
2944 0.0 0.3 2:28.88
2944 0.0 0.3 2:28.90
2944 0.0 0.3 2:28.91
2944 0.0 0.3 2:28.93
2944 5.0 0.3 2:28.96
2944 0.0 0.3 2:28.98
2944 5.3 0.3 2:29.00
2944 0.0 0.3 2:29.02
2944 5.3 0.3 2:29.03
2944 0.0 0.3 2:29.04
2944 5.3 0.3 2:29.07
2944 0.0 0.3 2:29.08
2944 0.0 0.3 2:29.09
2944 0.0 0.3 2:29.13
2944 0.0 0.3 2:29.18
2944 5.3 0.3 2:29.20
2944 0.0 0.3 2:29.21
2944 0.0 0.3 2:29.21
2944 0.0 0.3 2:29.21
2944 0.0 0.3 2:29.21
