2945 0.0 0.2 15:15.05
2945 0.0 0.2 15:15.11
2945 9.5 0.2 15:15.20
2945 21.1 0.2 15:15.31
2945 36.8 0.2 15:15.45
2945 26.3 0.2 15:15.57
2945 26.3 0.2 15:15.71
2945 10.5 0.2 15:15.84
2945 15.8 0.3 15:16.01
2945 15.0 0.3 15:16.18
2945 11.1 0.3 15:16.34
2945 10.0 0.3 15:16.51
2945 13.6 0.3 15:16.69
2945 15.8 0.3 15:16.86
2945 10.5 0.3 15:17.03
2945 21.1 0.3 15:17.22
2945 15.8 0.3 15:17.38
2945 21.1 0.3 15:17.56
2945 22.2 0.3 15:17.72
2945 13.6 0.3 15:17.89
2945 16.7 0.3 15:18.05
2945 10.0 0.3 15:18.21
2945 14.3 0.3 15:18.40
2945 19.0 0.3 15:18.58
2945 14.3 0.3 15:18.75
2945 16.7 0.3 15:18.92
2945 10.5 0.3 15:19.09
2945 15.8 0.3 15:19.27
2945 16.7 0.3 15:19.44
2945 15.8 0.3 15:19.61
2945 16.7 0.3 15:19.79
2945 15.0 0.3 15:19.96
2945 16.7 0.3 15:20.14
2945 20.0 0.3 15:20.34
2945 14.8 0.3 15:20.55
2945 18.2 0.3 15:20.73
2945 14.3 0.3 15:20.90
2945 15.8 0.3 15:21.07
2945 15.8 0.3 15:21.23
2945 15.0 0.3 15:21.40
2945 15.8 0.3 15:21.57
2945 19.0 0.3 15:21.75
2945 10.5 0.3 15:21.91
2945 20.0 0.3 15:22.09
2945 15.8 0.3 15:22.26
2945 15.8 0.3 15:22.43
2945 21.1 0.3 15:22.61
2945 10.0 0.3 15:22.77
2945 15.8 0.3 15:22.94
2945 15.8 0.3 15:23.11
2945 16.7 0.3 15:23.28
2945 16.7 0.3 15:23.45
2945 15.8 0.3 15:23.63
2945 20.0 0.3 15:23.81
2945 15.0 0.3 15:23.97
2945 15.0 0.3 15:24.14
2945 15.8 0.3 15:24.31
2945 16.7 0.3 15:24.48
2945 15.8 0.3 15:24.64
2945 10.5 0.3 15:24.81
2945 13.0 0.3 15:24.99
2945 16.7 0.3 15:25.15
2945 15.0 0.3 15:25.32
2945 15.8 0.3 15:25.49
2945 15.0 0.3 15:25.66
2945 15.8 0.3 15:25.83
2945 16.7 0.3 15:25.99
2945 16.7 0.3 15:26.17
2945 15.8 0.3 15:26.34
2945 15.8 0.3 15:26.51
2945 15.8 0.3 15:26.68
2945 15.0 0.3 15:26.85
2945 15.8 0.3 15:27.02
2945 21.1 0.3 15:27.19
2945 13.6 0.3 15:27.36
2945 10.5 0.3 15:27.52
2945 20.0 0.3 15:27.70
2945 15.0 0.3 15:27.86
2945 10.0 0.3 15:28.03
2945 15.0 0.3 15:28.19
2945 15.8 0.3 15:28.36
2945 11.1 0.3 15:28.53
2945 15.0 0.3 15:28.70
2945 14.3 0.3 15:28.88
2945 15.0 0.3 15:29.04
2945 12.0 0.3 15:29.25
2945 18.2 0.3 15:29.44
2945 9.1 0.3 15:29.62
2945 21.1 0.3 15:29.79
2945 15.0 0.3 15:29.95
2945 10.5 0.3 15:30.12
2945 16.7 0.3 15:30.29
2945 15.0 0.3 15:30.47
2945 16.7 0.3 15:30.64
2945 15.8 0.3 15:30.82
2945 20.0 0.3 15:31.00
2945 14.3 0.3 15:31.16
2945 15.8 0.3 15:31.33
2945 9.5 0.3 15:31.50
2945 20.0 0.3 15:31.67
2945 16.7 0.3 15:31.83
2945 20.0 0.3 15:32.01
2945 15.0 0.3 15:32.17
2945 14.3 0.3 15:32.35
2945 15.8 0.3 15:32.52
2945 15.8 0.3 15:32.68
2945 5.3 0.2 15:32.83
2945 0.0 0.2 15:32.83
