2945 4.8 0.4 17:51.06
2945 5.6 0.4 17:51.16
2945 5.3 0.4 17:51.27
2945 4.8 0.4 17:51.40
2945 5.3 0.4 17:51.52
2945 16.7 0.4 17:51.67
2945 28.6 0.4 17:51.86
2945 15.8 0.4 17:52.01
2945 5.0 0.4 17:52.16
2945 5.3 0.4 17:52.31
2945 15.8 0.4 17:52.48
2945 10.0 0.3 17:52.64
2945 15.8 0.3 17:52.80
2945 15.8 0.3 17:52.97
2945 20.0 0.3 17:53.15
2945 15.0 0.3 17:53.32
2945 15.8 0.3 17:53.48
2945 10.0 0.3 17:53.65
2945 15.8 0.3 17:53.82
2945 11.1 0.3 17:53.98
2945 15.8 0.3 17:54.16
2945 20.0 0.3 17:54.33
2945 14.3 0.3 17:54.50
2945 15.8 0.3 17:54.66
2945 10.5 0.3 17:54.83
2945 15.8 0.3 17:55.01
2945 15.8 0.3 17:55.18
2945 15.0 0.3 17:55.34
2945 21.1 0.3 17:55.52
2945 15.8 0.3 17:55.69
2945 10.5 0.3 17:55.86
2945 15.8 0.3 17:56.03
2945 15.8 0.3 17:56.20
2945 21.1 0.3 17:56.37
2945 14.3 0.3 17:56.53
2945 10.0 0.3 17:56.69
2945 15.0 0.3 17:56.87
2945 15.8 0.4 17:57.03
2945 14.3 0.4 17:57.21
2945 15.8 0.4 17:57.37
2945 15.8 0.4 17:57.54
2945 10.0 0.4 17:57.71
2945 10.5 0.4 17:57.88
2945 10.5 0.4 17:58.05
2945 16.7 0.4 17:58.22
2945 10.5 0.4 17:58.38
2945 10.5 0.4 17:58.56
2945 15.0 0.4 17:58.75
2945 10.7 0.4 17:58.96
2945 14.8 0.4 17:59.16
2945 13.6 0.2 17:59.36
2945 15.0 0.2 17:59.53
2945 10.5 0.2 17:59.70
2945 9.5 0.2 17:59.87
2945 15.8 0.2 18:00.03
2945 10.0 0.2 18:00.21
2945 15.8 0.2 18:00.38
2945 10.0 0.2 18:00.54
2945 21.1 0.2 18:00.72
2945 15.8 0.2 18:00.88
2945 38.9 0.2 18:01.14
2945 27.8 0.2 18:01.42
2945 21.1 0.2 18:01.68
2945 22.2 0.2 18:01.95
2945 26.3 0.2 18:02.27
2945 14.3 0.2 18:02.53
2945 27.8 0.2 18:02.79
2945 15.0 0.2 18:03.06
2945 15.0 0.2 18:03.30
2945 20.0 0.2 18:03.59
2945 15.0 0.2 18:03.83
2945 11.1 0.2 18:04.08
2945 15.8 0.2 18:04.35
2945 15.0 0.2 18:04.62
2945 15.0 0.2 18:04.85
2945 26.3 0.2 18:05.11
2945 19.0 0.2 18:05.39
2945 15.0 0.2 18:05.63
2945 18.2 0.2 18:05.88
2945 15.8 0.2 18:06.11
2945 16.7 0.2 18:06.35
2945 15.0 0.2 18:06.63
2945 20.0 0.2 18:06.88
2945 15.8 0.2 18:07.15
2945 16.7 0.2 18:07.39
2945 22.2 0.2 18:07.64
2945 21.1 0.2 18:07.89
2945 19.0 0.2 18:08.13
2945 16.7 0.2 18:08.37
2945 0.0 0.2 18:08.44
