2945 0.0 0.2 20:19.95
2945 5.0 0.2 20:20.05
2945 21.1 0.2 20:20.19
2945 15.8 0.2 20:20.34
2945 11.1 0.2 20:20.50
2945 16.7 0.2 20:20.64
2945 20.0 0.2 20:20.80
2945 5.6 0.2 20:20.93
2945 25.0 0.3 20:21.14
2945 10.5 0.2 20:21.28
2945 15.8 0.2 20:21.42
2945 10.5 0.2 20:21.56
2945 15.8 0.2 20:21.73
2945 15.8 0.2 20:21.89
2945 10.5 0.2 20:22.03
2945 21.1 0.2 20:22.22
2945 11.1 0.2 20:22.36
2945 11.1 0.2 20:22.52
2945 5.3 0.2 20:22.65
2945 26.3 0.2 20:22.82
2945 26.3 0.2 20:23.00
2945 15.0 0.2 20:23.13
2945 11.1 0.2 20:23.27
2945 15.0 0.2 20:23.48
2945 16.7 0.2 20:23.62
2945 15.8 0.2 20:23.76
2945 21.1 0.2 20:23.92
2945 10.5 0.2 20:24.08
2945 11.1 0.2 20:24.23
2945 10.5 0.2 20:24.36
2945 16.7 0.2 20:24.52
2945 15.8 0.2 20:24.66
2945 15.8 0.2 20:24.81
2945 9.5 0.2 20:24.96
2945 10.5 0.2 20:25.10
2945 11.1 0.2 20:25.24
2945 20.0 0.2 20:25.43
2945 10.5 0.2 20:25.59
2945 21.1 0.2 20:25.75
2945 10.5 0.2 20:25.88
2945 10.5 0.2 20:26.01
2945 10.5 0.2 20:26.15
2945 15.8 0.2 20:26.32
2945 10.5 0.2 20:26.46
2945 10.0 0.2 20:26.61
2945 9.5 0.2 20:26.75
2945 15.0 0.2 20:26.91
2945 9.1 0.2 20:27.07
2945 15.0 0.2 20:27.26
2945 19.0 0.3 20:27.41
2945 10.5 0.3 20:27.56
2945 11.1 0.3 20:27.70
2945 5.3 0.3 20:27.84
2945 10.5 0.3 20:27.98
2945 13.6 0.3 20:28.13
2945 15.0 0.2 20:28.26
2945 13.0 0.2 20:28.41
2945 11.1 0.2 20:28.54
2945 10.0 0.2 20:28.70
2945 5.6 0.2 20:28.84
2945 10.5 0.2 20:28.99
2945 10.5 0.2 20:29.13
2945 16.7 0.2 20:29.30
2945 10.5 0.2 20:29.44
2945 15.0 0.2 20:29.60
2945 15.0 0.2 20:29.74
2945 10.5 0.2 20:29.88
2945 15.0 0.2 20:30.06
2945 15.8 0.2 20:30.21
2945 15.8 0.2 20:30.36
2945 11.1 0.2 20:30.51
2945 5.0 0.2 20:30.65
2945 10.0 0.2 20:30.80
2945 11.1 0.2 20:30.94
2945 10.5 0.2 20:31.08
2945 0.0 0.2 20:31.15
