2946 0.0 0.3 0:27.94
2946 0.0 0.3 0:27.94
2946 0.0 0.3 0:27.94
2946 0.0 0.3 0:27.94
2946 0.0 0.3 0:27.94
2946 0.0 0.3 0:27.94
2946 0.0 0.3 0:27.94
2946 0.0 0.3 0:27.94
2946 0.0 0.3 0:27.94
2946 0.0 0.3 0:27.94
2946 0.0 0.3 0:27.94
2946 0.0 0.3 0:27.94
2946 0.0 0.3 0:27.94
2946 0.0 0.3 0:27.94
2946 0.0 0.3 0:27.94
2946 0.0 0.3 0:27.94
2946 0.0 0.3 0:27.94
2946 0.0 0.3 0:27.94
2946 0.0 0.3 0:27.94
2946 0.0 0.3 0:27.94
2946 0.0 0.3 0:27.94
2946 0.0 0.3 0:27.94
2946 0.0 0.3 0:27.95
2946 0.0 0.3 0:27.95
2946 0.0 0.3 0:27.95
2946 0.0 0.3 0:27.95
2946 0.0 0.3 0:27.95
2946 0.0 0.3 0:27.95
2946 0.0 0.3 0:27.95
2946 0.0 0.3 0:27.95
2946 0.0 0.3 0:27.95
2946 0.0 0.3 0:27.95
2946 0.0 0.3 0:27.95
2946 0.0 0.3 0:27.95
2946 0.0 0.3 0:27.95
2946 0.0 0.3 0:27.95
2946 0.0 0.3 0:27.95
2946 0.0 0.3 0:27.95
2946 0.0 0.3 0:27.95
2946 0.0 0.3 0:27.95
2946 0.0 0.3 0:27.95
2946 0.0 0.3 0:27.95
2946 0.0 0.3 0:27.95
2946 0.0 0.3 0:27.95
2946 0.0 0.3 0:27.95
2946 0.0 0.3 0:27.95
2946 0.0 0.3 0:27.95
2946 0.0 0.3 0:27.95
2946 0.0 0.3 0:27.95
2946 0.0 0.3 0:27.95
2946 0.0 0.3 0:27.95
2946 0.0 0.3 0:27.95
2946 0.0 0.3 0:27.95
2946 0.0 0.3 0:27.95
2946 0.0 0.3 0:27.95
2946 0.0 0.3 0:27.95
2946 0.0 0.3 0:27.95
2946 0.0 0.3 0:27.95
2946 0.0 0.3 0:27.95
2946 0.0 0.3 0:27.95
2946 0.0 0.3 0:27.95
2946 0.0 0.3 0:27.95
2946 0.0 0.3 0:27.95
2946 0.0 0.3 0:27.95
2946 0.0 0.3 0:27.95
2946 0.0 0.3 0:27.95
2946 0.0 0.3 0:27.95
2946 0.0 0.3 0:27.95
2946 0.0 0.3 0:27.95
2946 0.0 0.3 0:27.95
2946 0.0 0.3 0:27.95
2946 0.0 0.3 0:27.95
2946 0.0 0.3 0:27.95
2946 0.0 0.3 0:27.95
2946 0.0 0.3 0:27.95
2946 0.0 0.3 0:27.95
