2947 0.0 0.3 0:05.84
2947 0.0 0.3 0:05.85
2947 0.0 0.3 0:05.85
2947 0.0 0.3 0:05.85
2947 0.0 0.3 0:05.85
2947 0.0 0.3 0:05.85
2947 0.0 0.3 0:05.85
2947 0.0 0.3 0:05.85
2947 0.0 0.3 0:05.85
2947 0.0 0.3 0:05.85
2947 0.0 0.3 0:05.85
2947 0.0 0.3 0:05.85
2947 0.0 0.3 0:05.85
2947 0.0 0.3 0:05.85
2947 0.0 0.3 0:05.85
2947 0.0 0.3 0:05.85
2947 0.0 0.3 0:05.85
2947 0.0 0.3 0:05.85
2947 0.0 0.3 0:05.85
2947 0.0 0.3 0:05.85
2947 0.0 0.3 0:05.85
2947 0.0 0.3 0:05.85
2947 0.0 0.3 0:05.85
2947 0.0 0.3 0:05.85
2947 0.0 0.3 0:05.85
2947 0.0 0.3 0:05.85
2947 0.0 0.3 0:05.85
2947 0.0 0.3 0:05.85
2947 0.0 0.3 0:05.85
2947 0.0 0.3 0:05.85
2947 0.0 0.3 0:05.85
2947 0.0 0.3 0:05.85
2947 0.0 0.3 0:05.85
2947 0.0 0.3 0:05.85
2947 0.0 0.3 0:05.85
2947 0.0 0.3 0:05.85
2947 0.0 0.3 0:05.85
2947 0.0 0.3 0:05.85
2947 0.0 0.3 0:05.85
2947 0.0 0.3 0:05.85
2947 0.0 0.3 0:05.85
2947 0.0 0.3 0:05.85
2947 0.0 0.3 0:05.85
2947 0.0 0.3 0:05.85
2947 0.0 0.3 0:05.85
2947 0.0 0.3 0:05.85
2947 0.0 0.3 0:05.85
2947 0.0 0.3 0:05.85
2947 0.0 0.3 0:05.85
2947 0.0 0.3 0:05.85
2947 0.0 0.3 0:05.85
2947 0.0 0.3 0:05.85
2947 0.0 0.3 0:05.85
2947 0.0 0.3 0:05.85
2947 0.0 0.3 0:05.85
2947 0.0 0.3 0:05.85
2947 0.0 0.3 0:05.85
2947 0.0 0.3 0:05.85
2947 0.0 0.3 0:05.85
2947 0.0 0.3 0:05.85
2947 0.0 0.3 0:05.85
2947 0.0 0.3 0:05.85
2947 0.0 0.3 0:05.85
2947 0.0 0.3 0:05.85
2947 0.0 0.3 0:05.85
2947 0.0 0.3 0:05.85
2947 0.0 0.3 0:05.85
2947 0.0 0.3 0:05.85
2947 0.0 0.3 0:05.85
2947 0.0 0.3 0:05.85
2947 0.0 0.3 0:05.85
2947 0.0 0.3 0:05.85
2947 0.0 0.3 0:05.85
2947 0.0 0.3 0:05.85
2947 0.0 0.3 0:05.85
