710 10.5 0.3 0:43.46
504 0.0 0.9 0:00.48
504 0.0 0.9 0:00.48
504 0.0 0.9 0:00.48
504 0.0 0.9 0:00.48
504 0.0 0.9 0:00.48
504 0.0 0.9 0:00.48
KiB 1537108 avail Mem
504 0.0 0.9 0:00.48
504 0.0 0.9 0:00.48
504 0.0 0.9 0:00.48
504 0.0 0.9 0:00.48
504 0.0 0.9 0:00.48
504 0.0 0.9 0:00.48
504 0.0 0.9 0:00.48
504 0.0 0.9 0:00.48
504 0.0 0.9 0:00.48
504 0.0 0.9 0:00.48
710 5.6 0.3 0:43.47
504 0.0 0.9 0:00.48
504 0.0 0.9 0:00.48
504 0.0 0.9 0:00.48
504 0.0 0.9 0:00.48
504 0.0 0.9 0:00.48
504 0.0 0.9 0:00.48
504 0.0 0.9 0:00.48
504 0.0 0.9 0:00.48
504 0.0 0.9 0:00.48
504 0.0 0.9 0:00.48
504 0.0 0.9 0:00.48
504 0.0 0.9 0:00.48
504 0.0 0.9 0:00.48
504 0.0 0.9 0:00.48
504 0.0 0.9 0:00.48
504 0.0 0.9 0:00.48
504 0.0 0.9 0:00.48
504 0.0 0.9 0:00.48
504 0.0 0.9 0:00.48
504 0.0 0.9 0:00.48
504 0.0 0.9 0:00.48
504 0.0 0.9 0:00.48
504 0.0 0.9 0:00.48
504 0.0 0.9 0:00.48
504 0.0 0.9 0:00.48
504 0.0 0.9 0:00.48
504 0.0 0.9 0:00.48
504 0.0 0.9 0:00.48
504 0.0 0.9 0:00.48
504 0.0 0.9 0:00.48
504 0.0 0.9 0:00.48
504 0.0 0.9 0:00.48
504 0.0 0.9 0:00.48
504 0.0 0.9 0:00.48
710 5.6 0.3 0:43.52
504 0.0 0.9 0:00.48
504 0.0 0.9 0:00.48
KiB 1537100 avail Mem
504 0.0 0.9 0:00.48
504 0.0 0.9 0:00.48
504 0.0 0.9 0:00.48
504 0.0 0.9 0:00.48
504 0.0 0.9 0:00.48
504 0.0 0.9 0:00.48
504 0.0 0.9 0:00.48
504 0.0 0.9 0:00.48
504 0.0 0.9 0:00.48
504 0.0 0.9 0:00.48
504 0.0 0.9 0:00.48
504 0.0 0.9 0:00.48
504 0.0 0.9 0:00.48
504 0.0 0.9 0:00.48
504 0.0 0.9 0:00.48
504 0.0 0.9 0:00.48
710 5.0 0.3 0:43.57
504 0.0 0.9 0:00.48
504 0.0 0.9 0:00.48
504 0.0 0.9 0:00.48
504 0.0 0.9 0:00.48
504 0.0 0.9 0:00.48
504 0.0 0.9 0:00.48
504 0.0 0.9 0:00.48
504 0.0 0.9 0:00.48
504 0.0 0.9 0:00.48
504 0.0 0.9 0:00.48
504 0.0 0.9 0:00.48
504 0.0 0.9 0:00.48
504 0.0 0.9 0:00.48
504 0.0 0.9 0:00.48
710 5.6 0.3 0:43.59
504 0.0 0.9 0:00.48
504 0.0 0.9 0:00.48
504 0.0 0.9 0:00.48
504 0.0 0.9 0:00.48
504 0.0 0.9 0:00.48
504 0.0 0.9 0:00.48
504 0.0 0.9 0:00.48
504 0.0 0.9 0:00.48
504 0.0 0.9 0:00.48
504 0.0 0.9 0:00.48
504 0.0 0.9 0:00.48
504 0.0 0.9 0:00.48
504 0.0 0.9 0:00.48
KiB 1537108 avail Mem
504 0.0 0.9 0:00.48
504 0.0 0.9 0:00.48
504 0.0 0.9 0:00.48
504 0.0 0.9 0:00.48
504 0.0 0.9 0:00.48
504 0.0 0.9 0:00.48
504 0.0 0.9 0:00.48
504 0.0 0.9 0:00.48
504 0.0 0.9 0:00.48
504 0.0 0.9 0:00.48
504 0.0 0.9 0:00.48
504 0.0 0.9 0:00.48
504 0.0 0.9 0:00.48
504 0.0 0.9 0:00.48
504 0.0 0.9 0:00.48
504 0.0 0.9 0:00.48
504 0.0 0.9 0:00.48
504 0.0 0.9 0:00.48
504 0.0 0.9 0:00.48
504 0.0 0.9 0:00.48
504 0.0 0.9 0:00.48
504 0.0 0.9 0:00.48
504 0.0 0.9 0:00.48
504 0.0 0.9 0:00.48
504 0.0 0.9 0:00.48
504 0.0 0.9 0:00.48
504 0.0 0.9 0:00.48
504 0.0 0.9 0:00.48
504 0.0 0.9 0:00.48
504 0.0 0.9 0:00.48
504 0.0 0.9 0:00.48
504 0.0 0.9 0:00.48
504 0.0 0.9 0:00.48
504 0.0 0.9 0:00.48
504 0.0 0.9 0:00.48
504 0.0 0.9 0:00.48
504 0.0 0.9 0:00.48
504 0.0 0.9 0:00.48
710 5.6 0.3 0:43.70
504 0.0 0.9 0:00.48
504 0.0 0.9 0:00.48
504 0.0 0.9 0:00.48
504 0.0 0.9 0:00.48
710 5.6 0.3 0:43.71
504 0.0 0.9 0:00.48
504 0.0 0.9 0:00.48
504 0.0 0.9 0:00.48
504 0.0 0.9 0:00.48
504 0.0 0.9 0:00.48
504 0.0 0.9 0:00.48
504 0.0 0.9 0:00.48
504 0.0 0.9 0:00.48
504 0.0 0.9 0:00.48
504 0.0 0.9 0:00.48
504 0.0 0.9 0:00.48
KiB 1537108 avail Mem
504 0.0 0.9 0:00.48
504 0.0 0.9 0:00.48
504 0.0 0.9 0:00.48
710 5.6 0.3 0:43.74
504 0.0 0.9 0:00.48
504 0.0 0.9 0:00.48
504 0.0 0.9 0:00.48
504 0.0 0.9 0:00.48
504 0.0 0.9 0:00.48
710 5.6 0.3 0:43.76
504 0.0 0.9 0:00.48
504 0.0 0.9 0:00.48
504 0.0 0.9 0:00.48
504 0.0 0.9 0:00.48
504 0.0 0.9 0:00.48
504 0.0 0.9 0:00.48
504 0.0 0.9 0:00.48
504 0.0 0.9 0:00.48
504 0.0 0.9 0:00.48
504 0.0 0.9 0:00.48
504 0.0 0.9 0:00.48
710 5.3 0.3 0:43.79
504 0.0 0.9 0:00.48
504 0.0 0.9 0:00.48
504 0.0 0.9 0:00.48
504 0.0 0.9 0:00.48
504 0.0 0.9 0:00.48
504 0.0 0.9 0:00.48
504 0.0 0.9 0:00.48
504 0.0 0.9 0:00.48
504 0.0 0.9 0:00.48
504 0.0 0.9 0:00.48
KiB 1537108 avail Mem
504 0.0 0.9 0:00.48
504 0.0 0.9 0:00.48
504 0.0 0.9 0:00.48
KiB used, 391752 buff/cache
504 0.0 0.9 0:00.48
504 0.0 0.9 0:00.48
504 0.0 0.9 0:00.48
504 0.0 0.9 0:00.48
504 0.0 0.9 0:00.48
504 0.0 0.9 0:00.48
504 0.0 0.9 0:00.48
504 0.0 0.9 0:00.48
504 0.0 0.9 0:00.48
504 0.0 0.9 0:00.48
504 0.0 0.9 0:00.48
504 0.0 0.9 0:00.48
504 0.0 0.9 0:00.48
504 0.0 0.9 0:00.48
504 0.0 0.9 0:00.48
504 0.0 0.9 0:00.48
504 0.0 0.9 0:00.48
504 0.0 0.9 0:00.48
504 0.0 0.9 0:00.48
504 0.0 0.9 0:00.48
504 0.0 0.9 0:00.48
504 0.0 0.9 0:00.48
504 0.0 0.9 0:00.48
504 0.0 0.9 0:00.48
504 0.0 0.9 0:00.48
504 0.0 0.9 0:00.48
504 0.0 0.9 0:00.48
504 0.0 0.9 0:00.48
504 0.0 0.9 0:00.48
504 0.0 0.9 0:00.48
504 0.0 0.9 0:00.48
504 0.0 0.9 0:00.48
504 0.0 0.9 0:00.48
504 0.0 0.9 0:00.48
504 0.0 0.9 0:00.48
504 0.0 0.9 0:00.48
504 0.0 0.9 0:00.48
504 0.0 0.9 0:00.48
504 0.0 0.9 0:00.48
504 0.0 0.9 0:00.48
504 0.0 0.9 0:00.48
504 0.0 0.9 0:00.48
504 0.0 0.9 0:00.48
504 0.0 0.9 0:00.48
504 0.0 0.9 0:00.48
504 0.0 0.9 0:00.48
504 0.0 0.9 0:00.48
504 0.0 0.9 0:00.48
504 0.0 0.9 0:00.48
504 0.0 0.9 0:00.48
504 0.0 0.9 0:00.48
504 0.0 0.9 0:00.48
504 0.0 0.9 0:00.48
504 0.0 0.9 0:00.48
504 0.0 0.9 0:00.48
504 0.0 0.9 0:00.48
504 0.0 0.9 0:00.48
504 0.0 0.9 0:00.48
504 0.0 0.9 0:00.48
504 0.0 0.9 0:00.48
504 0.0 0.9 0:00.48
504 0.0 0.9 0:00.48
504 0.0 0.9 0:00.48
504 0.0 0.9 0:00.48
504 0.0 0.9 0:00.48
504 0.0 0.9 0:00.48
504 0.0 0.9 0:00.48
710 5.6 0.3 0:44.03
504 0.0 0.9 0:00.48
504 0.0 0.9 0:00.48
504 0.0 0.9 0:00.48
504 0.0 0.9 0:00.48
504 0.0 0.9 0:00.48
504 0.0 0.9 0:00.48
504 0.0 0.9 0:00.48
504 0.0 0.9 0:00.48
504 0.0 0.9 0:00.48
504 0.0 0.9 0:00.48
504 0.0 0.9 0:00.48
504 0.0 0.9 0:00.48
504 0.0 0.9 0:00.48
504 0.0 0.9 0:00.48
504 0.0 0.9 0:00.48
504 0.0 0.9 0:00.48
504 0.0 0.9 0:00.48
504 0.0 0.9 0:00.48
504 0.0 0.9 0:00.48
504 0.0 0.9 0:00.48
504 0.0 0.9 0:00.48
504 0.0 0.9 0:00.48
504 0.0 0.9 0:00.48
504 0.0 0.9 0:00.48
504 0.0 0.9 0:00.48
504 0.0 0.9 0:00.48
504 0.0 0.9 0:00.48
504 0.0 0.9 0:00.48
504 0.0 0.9 0:00.48
504 0.0 0.9 0:00.48
504 0.0 0.9 0:00.48
504 0.0 0.9 0:00.48
504 0.0 0.9 0:00.48
504 0.0 0.9 0:00.48
504 0.0 0.9 0:00.48
504 0.0 0.9 0:00.48
504 0.0 0.9 0:00.48
504 0.0 0.9 0:00.48
504 0.0 0.9 0:00.48
504 0.0 0.9 0:00.48
504 0.0 0.9 0:00.48
504 0.0 0.9 0:00.48
504 0.0 0.9 0:00.48
504 0.0 0.9 0:00.48
504 0.0 0.9 0:00.48
504 0.0 0.9 0:00.48
504 0.0 0.9 0:00.48
504 0.0 0.9 0:00.48
504 0.0 0.9 0:00.48
504 0.0 0.9 0:00.48
710 5.6 0.3 0:44.16
504 0.0 0.9 0:00.48
504 0.0 0.9 0:00.48
504 0.0 0.9 0:00.48
504 0.0 0.9 0:00.48
504 0.0 0.9 0:00.48
504 0.0 0.9 0:00.48
504 0.0 0.9 0:00.48
504 0.0 0.9 0:00.48
504 0.0 0.9 0:00.48
504 0.0 0.9 0:00.48
504 0.0 0.9 0:00.48
504 0.0 0.9 0:00.48
504 0.0 0.9 0:00.48
504 0.0 0.9 0:00.48
504 0.0 0.9 0:00.48
504 0.0 0.9 0:00.48
504 0.0 0.9 0:00.48
504 0.0 0.9 0:00.48
504 0.0 0.9 0:00.48
504 0.0 0.9 0:00.48
504 0.0 0.9 0:00.48
504 0.0 0.9 0:00.48
504 0.0 0.9 0:00.48
504 0.0 0.9 0:00.48
504 0.0 0.9 0:00.48
504 0.0 0.9 0:00.48
504 0.0 0.9 0:00.48
504 0.0 0.9 0:00.48
504 0.0 0.9 0:00.48
504 0.0 0.9 0:00.48
504 0.0 0.9 0:00.48
504 0.0 0.9 0:00.48
504 0.0 0.9 0:00.48
504 0.0 0.9 0:00.48
504 0.0 0.9 0:00.48
504 0.0 0.9 0:00.48
504 0.0 0.9 0:00.48
504 0.0 0.9 0:00.48
504 0.0 0.9 0:00.48
504 0.0 0.9 0:00.48
504 0.0 0.9 0:00.48
504 0.0 0.9 0:00.48
504 0.0 0.9 0:00.48
504 0.0 0.9 0:00.48
504 0.0 0.9 0:00.48
504 0.0 0.9 0:00.48
504 0.0 0.9 0:00.48
504 0.0 0.9 0:00.48
