711 10.0 0.3 0:37.98
711 0.0 0.3 0:38.02
711 0.0 0.3 0:38.02
711 0.0 0.3 0:38.02
711 0.0 0.3 0:38.02
711 0.0 0.3 0:38.02
711 0.0 0.3 0:38.02
711 0.0 0.3 0:38.02
711 0.0 0.3 0:38.02
711 0.0 0.3 0:38.02
711 0.0 0.3 0:38.02
711 0.0 0.3 0:38.02
711 0.0 0.3 0:38.02
711 0.0 0.3 0:38.02
711 0.0 0.3 0:38.02
711 0.0 0.3 0:38.02
711 0.0 0.3 0:38.02
711 0.0 0.3 0:38.02
711 0.0 0.3 0:38.02
711 0.0 0.3 0:38.09
711 0.0 0.3 0:38.09
711 0.0 0.3 0:38.09
711 0.0 0.3 0:38.09
711 0.0 0.3 0:38.09
711 0.0 0.3 0:38.09
711 0.0 0.3 0:38.09
711 0.0 0.3 0:38.09
711 0.0 0.3 0:38.09
711 0.0 0.3 0:38.09
711 0.0 0.3 0:38.09
711 0.0 0.3 0:38.09
711 0.0 0.3 0:38.09
711 0.0 0.3 0:38.10
711 0.0 0.3 0:38.10
711 0.0 0.3 0:38.12
711 0.0 0.3 0:38.12
711 0.0 0.3 0:38.12
711 0.0 0.3 0:38.16
711 0.0 0.3 0:38.16
711 0.0 0.3 0:38.16
711 0.0 0.3 0:38.16
711 0.0 0.3 0:38.16
711 0.0 0.3 0:38.16
711 0.0 0.3 0:38.16
711 0.0 0.3 0:38.16
711 0.0 0.3 0:38.16
711 0.0 0.3 0:38.16
711 0.0 0.3 0:38.16
711 0.0 0.3 0:38.16
711 0.0 0.3 0:38.16
711 0.0 0.3 0:38.16
711 0.0 0.3 0:38.16
711 0.0 0.3 0:38.16
711 0.0 0.3 0:38.17
711 0.0 0.3 0:38.17
711 5.6 0.3 0:38.23
711 0.0 0.3 0:38.23
711 0.0 0.3 0:38.23
711 0.0 0.3 0:38.23
711 0.0 0.3 0:38.23
711 0.0 0.3 0:38.23
711 0.0 0.3 0:38.23
711 0.0 0.3 0:38.23
711 0.0 0.3 0:38.23
711 0.0 0.3 0:38.23
711 0.0 0.3 0:38.23
711 0.0 0.3 0:38.23
711 0.0 0.3 0:38.23
711 0.0 0.3 0:38.24
711 0.0 0.3 0:38.25
711 0.0 0.3 0:38.25
711 0.0 0.3 0:38.26
711 0.0 0.3 0:38.26
711 21.1 0.3 0:38.31
711 0.0 0.3 0:38.32
711 0.0 0.3 0:38.32
711 0.0 0.3 0:38.32
711 0.0 0.3 0:38.32
711 0.0 0.3 0:38.32
711 0.0 0.3 0:38.32
711 0.0 0.3 0:38.32
711 0.0 0.3 0:38.32
711 0.0 0.3 0:38.32
711 0.0 0.3 0:38.32
711 0.0 0.3 0:38.32
711 0.0 0.3 0:38.32
711 0.0 0.3 0:38.32
711 0.0 0.3 0:38.33
711 0.0 0.3 0:38.34
711 5.6 0.3 0:38.35
711 0.0 0.3 0:38.35
711 10.5 0.3 0:38.38
711 0.0 0.3 0:38.41
711 0.0 0.3 0:38.41
711 0.0 0.3 0:38.41
711 0.0 0.3 0:38.41
711 0.0 0.3 0:38.41
711 0.0 0.3 0:38.41
711 0.0 0.3 0:38.41
711 0.0 0.3 0:38.41
711 0.0 0.3 0:38.41
711 0.0 0.3 0:38.41
711 5.6 0.3 0:38.42
711 0.0 0.3 0:38.42
711 0.0 0.3 0:38.42
711 5.3 0.3 0:38.43
711 0.0 0.3 0:38.43
711 0.0 0.3 0:38.43
711 0.0 0.3 0:38.44
711 5.6 0.3 0:38.46
711 0.0 0.3 0:38.49
711 0.0 0.3 0:38.49
711 0.0 0.3 0:38.49
711 0.0 0.3 0:38.49
711 0.0 0.3 0:38.49
711 0.0 0.3 0:38.49
711 0.0 0.3 0:38.49
711 0.0 0.3 0:38.49
711 0.0 0.3 0:38.49
711 0.0 0.3 0:38.49
711 0.0 0.3 0:38.49
711 0.0 0.3 0:38.49
711 0.0 0.3 0:38.49
711 0.0 0.3 0:38.49
711 0.0 0.3 0:38.52
711 0.0 0.3 0:38.52
711 0.0 0.3 0:38.53
711 0.0 0.3 0:38.53
711 5.0 0.3 0:38.57
711 0.0 0.3 0:38.57
711 0.0 0.3 0:38.57
711 0.0 0.3 0:38.57
711 0.0 0.3 0:38.57
711 0.0 0.3 0:38.57
711 0.0 0.3 0:38.57
711 0.0 0.3 0:38.57
711 0.0 0.3 0:38.57
711 0.0 0.3 0:38.57
711 0.0 0.3 0:38.57
711 0.0 0.3 0:38.58
711 0.0 0.3 0:38.58
711 0.0 0.3 0:38.58
711 0.0 0.3 0:38.60
711 5.0 0.3 0:38.61
711 5.6 0.3 0:38.62
711 0.0 0.3 0:38.62
711 5.6 0.3 0:38.64
711 0.0 0.3 0:38.64
711 0.0 0.3 0:38.64
711 0.0 0.3 0:38.64
711 0.0 0.3 0:38.64
711 0.0 0.3 0:38.64
711 0.0 0.3 0:38.64
711 0.0 0.3 0:38.65
711 0.0 0.3 0:38.65
711 0.0 0.3 0:38.65
711 0.0 0.3 0:38.65
711 0.0 0.3 0:38.67
711 0.0 0.3 0:38.67
711 0.0 0.3 0:38.67
711 0.0 0.3 0:38.68
711 11.1 0.3 0:38.70
711 0.0 0.3 0:38.70
711 0.0 0.3 0:38.70
711 0.0 0.3 0:38.70
711 0.0 0.3 0:38.73
711 0.0 0.3 0:38.73
711 0.0 0.3 0:38.73
711 0.0 0.3 0:38.73
711 0.0 0.3 0:38.73
711 0.0 0.3 0:38.73
711 0.0 0.3 0:38.73
711 0.0 0.3 0:38.73
711 0.0 0.3 0:38.73
711 0.0 0.3 0:38.73
711 0.0 0.3 0:38.73
711 0.0 0.3 0:38.74
711 0.0 0.3 0:38.74
711 10.5 0.3 0:38.78
711 0.0 0.3 0:38.78
711 0.0 0.3 0:38.78
711 0.0 0.3 0:38.78
711 11.1 0.3 0:38.80
711 0.0 0.3 0:38.81
711 0.0 0.3 0:38.81
27118 16.7 0.2 0:00.03
711 0.0 0.3 0:38.81
711 0.0 0.3 0:38.81
711 0.0 0.3 0:38.81
711 0.0 0.3 0:38.81
711 0.0 0.3 0:38.82
711 0.0 0.3 0:38.82
711 0.0 0.3 0:38.82
711 0.0 0.3 0:38.82
711 0.0 0.3 0:38.83
711 0.0 0.3 0:38.83
711 0.0 0.3 0:38.84
711 0.0 0.3 0:38.86
711 0.0 0.3 0:38.86
711 0.0 0.3 0:38.87
711 0.0 0.3 0:38.87
711 5.0 0.3 0:38.91
711 0.0 0.3 0:38.91
711 0.0 0.3 0:38.91
711 0.0 0.3 0:38.91
711 0.0 0.3 0:38.91
711 0.0 0.3 0:38.91
711 0.0 0.3 0:38.91
711 0.0 0.3 0:38.91
711 0.0 0.3 0:38.91
711 5.6 0.3 0:38.92
711 0.0 0.3 0:38.92
711 0.0 0.3 0:38.92
711 0.0 0.3 0:38.93
711 0.0 0.3 0:38.93
711 0.0 0.3 0:38.96
711 0.0 0.3 0:38.96
711 0.0 0.3 0:38.96
711 0.0 0.3 0:38.96
711 0.0 0.3 0:38.96
711 0.0 0.3 0:38.96
711 0.0 0.3 0:38.96
711 0.0 0.3 0:38.96
711 0.0 0.3 0:38.96
711 0.0 0.3 0:38.96
711 0.0 0.3 0:38.96
711 0.0 0.3 0:38.96
711 0.0 0.3 0:38.96
711 0.0 0.3 0:38.96
711 0.0 0.3 0:38.96
711 0.0 0.3 0:38.96
711 0.0 0.3 0:38.96
711 0.0 0.3 0:38.96
711 0.0 0.3 0:38.96
711 0.0 0.3 0:38.96
