712 10.0 0.3 0:28.30
712 0.0 0.3 0:28.31
712 0.0 0.3 0:28.31
712 0.0 0.3 0:28.31
712 0.0 0.3 0:28.31
712 0.0 0.3 0:28.31
712 0.0 0.3 0:28.31
712 0.0 0.3 0:28.31
712 0.0 0.3 0:28.31
712 0.0 0.3 0:28.31
712 0.0 0.3 0:28.31
712 0.0 0.3 0:28.31
712 0.0 0.3 0:28.31
712 0.0 0.3 0:28.31
712 0.0 0.3 0:28.33
712 0.0 0.3 0:28.33
712 0.0 0.3 0:28.33
712 0.0 0.3 0:28.33
712 0.0 0.3 0:28.33
712 0.0 0.3 0:28.37
712 0.0 0.3 0:28.38
712 0.0 0.3 0:28.38
712 0.0 0.3 0:28.38
712 0.0 0.3 0:28.38
712 0.0 0.3 0:28.38
712 0.0 0.3 0:28.38
712 0.0 0.3 0:28.38
712 0.0 0.3 0:28.38
712 0.0 0.3 0:28.38
712 0.0 0.3 0:28.38
712 0.0 0.3 0:28.38
712 0.0 0.3 0:28.38
712 0.0 0.3 0:28.38
712 0.0 0.3 0:28.38
712 0.0 0.3 0:28.38
712 0.0 0.3 0:28.38
712 0.0 0.3 0:28.39
712 0.0 0.3 0:28.42
712 0.0 0.3 0:28.43
712 0.0 0.3 0:28.43
712 0.0 0.3 0:28.43
712 0.0 0.3 0:28.43
712 0.0 0.3 0:28.43
712 0.0 0.3 0:28.43
712 0.0 0.3 0:28.43
712 0.0 0.3 0:28.43
712 0.0 0.3 0:28.43
712 0.0 0.3 0:28.43
712 0.0 0.3 0:28.43
712 0.0 0.3 0:28.43
712 0.0 0.3 0:28.43
712 0.0 0.3 0:28.43
712 0.0 0.3 0:28.43
712 0.0 0.3 0:28.44
712 0.0 0.3 0:28.44
712 10.5 0.3 0:28.49
712 0.0 0.3 0:28.49
712 0.0 0.3 0:28.49
712 0.0 0.3 0:28.49
712 0.0 0.3 0:28.49
712 0.0 0.3 0:28.49
712 0.0 0.3 0:28.49
KiB 1536712 avail Mem
712 0.0 0.3 0:28.49
712 0.0 0.3 0:28.49
712 0.0 0.3 0:28.49
712 0.0 0.3 0:28.49
712 0.0 0.3 0:28.49
712 0.0 0.3 0:28.49
712 0.0 0.3 0:28.49
712 0.0 0.3 0:28.49
712 0.0 0.3 0:28.50
712 0.0 0.3 0:28.50
712 17.6 0.3 0:28.53
712 5.6 0.3 0:28.55
712 0.0 0.3 0:28.55
712 0.0 0.3 0:28.55
712 0.0 0.3 0:28.55
712 0.0 0.3 0:28.55
712 0.0 0.3 0:28.55
712 0.0 0.3 0:28.55
712 0.0 0.3 0:28.55
712 0.0 0.3 0:28.55
712 0.0 0.3 0:28.55
712 0.0 0.3 0:28.55
712 0.0 0.3 0:28.55
712 0.0 0.3 0:28.55
712 5.6 0.3 0:28.56
712 0.0 0.3 0:28.57
712 0.0 0.3 0:28.57
712 0.0 0.3 0:28.57
712 0.0 0.3 0:28.59
712 0.0 0.3 0:28.61
712 0.0 0.3 0:28.62
712 0.0 0.3 0:28.62
712 0.0 0.3 0:28.62
712 0.0 0.3 0:28.62
712 0.0 0.3 0:28.62
712 0.0 0.3 0:28.62
712 0.0 0.3 0:28.62
712 0.0 0.3 0:28.62
712 0.0 0.3 0:28.62
712 0.0 0.3 0:28.62
712 0.0 0.3 0:28.62
712 0.0 0.3 0:28.62
712 0.0 0.3 0:28.62
712 0.0 0.3 0:28.63
712 0.0 0.3 0:28.63
712 0.0 0.3 0:28.63
712 0.0 0.3 0:28.63
712 0.0 0.3 0:28.68
712 0.0 0.3 0:28.68
712 0.0 0.3 0:28.68
712 0.0 0.3 0:28.68
712 0.0 0.3 0:28.68
712 0.0 0.3 0:28.68
712 0.0 0.3 0:28.68
712 0.0 0.3 0:28.68
712 0.0 0.3 0:28.68
712 0.0 0.3 0:28.68
712 0.0 0.3 0:28.68
712 0.0 0.3 0:28.68
712 0.0 0.3 0:28.68
712 0.0 0.3 0:28.69
712 5.6 0.3 0:28.70
712 0.0 0.3 0:28.70
712 0.0 0.3 0:28.70
712 0.0 0.3 0:28.70
712 0.0 0.3 0:28.73
712 0.0 0.3 0:28.73
712 0.0 0.3 0:28.73
KiB used, 369768 buff/cache
712 0.0 0.3 0:28.73
712 0.0 0.3 0:28.73
712 0.0 0.3 0:28.73
712 0.0 0.3 0:28.73
712 0.0 0.3 0:28.73
712 0.0 0.3 0:28.73
712 0.0 0.3 0:28.73
712 0.0 0.3 0:28.73
712 0.0 0.3 0:28.73
712 0.0 0.3 0:28.73
712 0.0 0.3 0:28.74
712 5.6 0.3 0:28.75
712 0.0 0.3 0:28.75
712 0.0 0.3 0:28.75
712 5.6 0.3 0:28.77
712 5.6 0.3 0:28.79
712 0.0 0.3 0:28.79
712 0.0 0.3 0:28.79
712 0.0 0.3 0:28.79
712 0.0 0.3 0:28.79
712 0.0 0.3 0:28.79
712 0.0 0.3 0:28.79
712 0.0 0.3 0:28.79
712 0.0 0.3 0:28.79
712 0.0 0.3 0:28.79
712 0.0 0.3 0:28.79
712 0.0 0.3 0:28.79
KiB used, 369876 buff/cache
712 0.0 0.3 0:28.81
712 0.0 0.3 0:28.81
712 0.0 0.3 0:28.81
712 0.0 0.3 0:28.82
712 0.0 0.3 0:28.82
712 0.0 0.3 0:28.85
712 0.0 0.3 0:28.85
712 0.0 0.3 0:28.85
712 0.0 0.3 0:28.85
712 0.0 0.3 0:28.85
712 0.0 0.3 0:28.85
712 0.0 0.3 0:28.85
712 0.0 0.3 0:28.85
712 0.0 0.3 0:28.85
712 0.0 0.3 0:28.85
712 0.0 0.3 0:28.85
KiB used, 369972 buff/cache
712 0.0 0.3 0:28.86
712 0.0 0.3 0:28.86
712 0.0 0.3 0:28.87
712 0.0 0.3 0:28.87
712 0.0 0.3 0:28.87
712 0.0 0.3 0:28.88
712 0.0 0.3 0:28.89
712 0.0 0.3 0:28.89
712 0.0 0.3 0:28.89
712 0.0 0.3 0:28.89
712 0.0 0.3 0:28.89
712 0.0 0.3 0:28.89
712 0.0 0.3 0:28.89
712 0.0 0.3 0:28.89
712 0.0 0.3 0:28.89
712 0.0 0.3 0:28.90
712 0.0 0.3 0:28.90
712 0.0 0.3 0:28.90
712 0.0 0.3 0:28.90
712 0.0 0.3 0:28.91
712 0.0 0.3 0:28.91
712 0.0 0.3 0:28.92
712 0.0 0.3 0:28.92
712 0.0 0.3 0:28.93
7125 15.8 0.2 0:00.03
712 0.0 0.3 0:28.95
712 0.0 0.3 0:28.95
712 0.0 0.3 0:28.96
712 0.0 0.3 0:28.96
712 0.0 0.3 0:28.96
712 0.0 0.3 0:28.96
712 0.0 0.3 0:28.96
712 0.0 0.3 0:28.96
712 0.0 0.3 0:28.96
712 0.0 0.3 0:28.96
712 0.0 0.3 0:28.96
712 0.0 0.3 0:28.96
712 0.0 0.3 0:28.97
712 0.0 0.3 0:28.97
712 0.0 0.3 0:28.97
712 0.0 0.3 0:28.98
712 0.0 0.3 0:29.00
712 0.0 0.3 0:29.01
712 0.0 0.3 0:29.03
712 0.0 0.3 0:29.03
712 0.0 0.3 0:29.03
712 0.0 0.3 0:29.03
712 0.0 0.3 0:29.03
712 0.0 0.3 0:29.03
712 0.0 0.3 0:29.03
712 0.0 0.3 0:29.03
712 0.0 0.3 0:29.03
712 0.0 0.3 0:29.03
712 0.0 0.3 0:29.03
KiB used, 370304 buff/cache
712 0.0 0.3 0:29.05
712 0.0 0.3 0:29.05
712 0.0 0.3 0:29.06
712 0.0 0.3 0:29.06
712 0.0 0.3 0:29.07
712 0.0 0.3 0:29.08
712 0.0 0.3 0:29.10
712 0.0 0.3 0:29.10
712 0.0 0.3 0:29.10
712 0.0 0.3 0:29.10
712 0.0 0.3 0:29.10
712 0.0 0.3 0:29.10
712 0.0 0.3 0:29.10
712 0.0 0.3 0:29.10
712 0.0 0.3 0:29.10
712 0.0 0.3 0:29.10
712 0.0 0.3 0:29.10
712 0.0 0.3 0:29.11
712 5.3 0.3 0:29.12
712 0.0 0.3 0:29.12
712 0.0 0.3 0:29.12
712 0.0 0.3 0:29.12
712 0.0 0.3 0:29.12
712 0.0 0.3 0:29.12
712 0.0 0.3 0:29.12
712 0.0 0.3 0:29.12
712 0.0 0.3 0:29.12
712 0.0 0.3 0:29.12
712 0.0 0.3 0:29.12
712 0.0 0.3 0:29.12
712 0.0 0.3 0:29.12
712 0.0 0.3 0:29.12
9712 15.8 0.2 0:00.03
712 0.0 0.3 0:29.12
712 0.0 0.3 0:29.12
712 0.0 0.3 0:29.12
712 0.0 0.3 0:29.12
