712 26.3 0.3 0:33.69
560 0.0 0.8 0:00.89
560 0.0 0.8 0:00.89
560 0.0 0.8 0:00.89
560 0.0 0.8 0:00.89
560 0.0 0.8 0:00.89
560 0.0 0.8 0:00.89
560 0.0 0.8 0:00.89
560 0.0 0.8 0:00.89
560 0.0 0.8 0:00.89
7120 16.7 0.2 0:00.03
560 0.0 0.8 0:00.89
560 0.0 0.8 0:00.89
560 0.0 0.8 0:00.89
560 0.0 0.8 0:00.89
560 0.0 0.8 0:00.89
560 0.0 0.8 0:00.89
560 0.0 0.8 0:00.89
560 0.0 0.8 0:00.89
560 0.0 0.8 0:00.89
560 0.0 0.8 0:00.89
560 0.0 0.8 0:00.89
560 0.0 0.8 0:00.89
560 0.0 0.8 0:00.89
560 0.0 0.8 0:00.89
560 0.0 0.8 0:00.89
560 0.0 0.8 0:00.89
560 0.0 0.8 0:00.89
560 0.0 0.8 0:00.89
560 0.0 0.8 0:00.89
560 0.0 0.8 0:00.89
560 0.0 0.8 0:00.89
560 0.0 0.8 0:00.89
560 0.0 0.8 0:00.89
560 0.0 0.8 0:00.89
560 0.0 0.8 0:00.89
560 0.0 0.8 0:00.89
560 0.0 0.8 0:00.89
560 0.0 0.8 0:00.89
560 0.0 0.8 0:00.89
560 0.0 0.8 0:00.89
560 0.0 0.8 0:00.89
560 0.0 0.8 0:00.89
560 0.0 0.8 0:00.89
560 0.0 0.8 0:00.89
560 0.0 0.8 0:00.89
560 0.0 0.8 0:00.89
560 0.0 0.8 0:00.89
560 0.0 0.8 0:00.89
560 0.0 0.8 0:00.89
560 0.0 0.8 0:00.89
560 0.0 0.8 0:00.89
560 0.0 0.8 0:00.89
560 0.0 0.8 0:00.89
560 0.0 0.8 0:00.89
712 5.0 0.3 0:33.91
560 0.0 0.8 0:00.89
560 0.0 0.8 0:00.89
560 0.0 0.8 0:00.89
560 0.0 0.8 0:00.89
560 0.0 0.8 0:00.89
560 0.0 0.8 0:00.89
560 0.0 0.8 0:00.89
560 0.0 0.8 0:00.89
560 0.0 0.8 0:00.89
560 0.0 0.8 0:00.89
560 0.0 0.8 0:00.89
560 0.0 0.8 0:00.89
712 5.3 0.3 0:33.92
560 0.0 0.8 0:00.89
560 0.0 0.8 0:00.89
560 0.0 0.8 0:00.89
560 0.0 0.8 0:00.89
712 5.6 0.3 0:33.95
560 0.0 0.8 0:00.89
560 0.0 0.8 0:00.89
560 0.0 0.8 0:00.89
560 0.0 0.8 0:00.89
560 0.0 0.8 0:00.89
560 0.0 0.8 0:00.89
560 0.0 0.8 0:00.89
560 0.0 0.8 0:00.89
560 0.0 0.8 0:00.89
560 0.0 0.8 0:00.89
560 0.0 0.8 0:00.89
560 0.0 0.8 0:00.89
560 0.0 0.8 0:00.89
560 0.0 0.8 0:00.89
560 0.0 0.8 0:00.89
560 0.0 0.8 0:00.89
560 0.0 0.8 0:00.89
560 0.0 0.8 0:00.89
560 0.0 0.8 0:00.89
560 0.0 0.8 0:00.89
560 0.0 0.8 0:00.89
560 0.0 0.8 0:00.89
560 0.0 0.8 0:00.89
560 0.0 0.8 0:00.89
560 0.0 0.8 0:00.89
560 0.0 0.8 0:00.89
560 0.0 0.8 0:00.89
560 0.0 0.8 0:00.89
560 0.0 0.8 0:00.89
560 0.0 0.8 0:00.89
712 11.1 0.3 0:34.05
560 0.0 0.8 0:00.89
560 0.0 0.8 0:00.89
560 0.0 0.8 0:00.89
560 0.0 0.8 0:00.89
560 0.0 0.8 0:00.89
560 0.0 0.8 0:00.89
560 0.0 0.8 0:00.89
560 0.0 0.8 0:00.89
560 0.0 0.8 0:00.89
560 0.0 0.8 0:00.89
560 0.0 0.8 0:00.89
560 0.0 0.8 0:00.89
560 0.0 0.8 0:00.89
560 0.0 0.8 0:00.89
560 0.0 0.8 0:00.89
560 0.0 0.8 0:00.89
560 0.0 0.8 0:00.89
560 0.0 0.8 0:00.89
560 0.0 0.8 0:00.89
560 0.0 0.8 0:00.89
560 0.0 0.8 0:00.89
560 0.0 0.8 0:00.89
712 5.9 0.3 0:34.13
712 11.1 0.3 0:34.18
560 0.0 0.8 0:00.89
560 0.0 0.8 0:00.89
560 0.0 0.8 0:00.89
560 0.0 0.8 0:00.89
560 0.0 0.8 0:00.89
560 0.0 0.8 0:00.89
560 0.0 0.8 0:00.89
560 0.0 0.8 0:00.90
712 11.1 0.3 0:34.20
560 0.0 0.8 0:00.90
560 0.0 0.8 0:00.90
KiB used, 382712 buff/cache
560 0.0 0.8 0:00.90
560 0.0 0.8 0:00.90
KiB used, 382736 buff/cache
560 0.0 0.8 0:00.90
560 0.0 0.8 0:00.90
560 0.0 0.8 0:00.90
560 0.0 0.8 0:00.90
560 0.0 0.8 0:00.90
560 0.0 0.8 0:00.90
560 0.0 0.8 0:00.90
560 0.0 0.8 0:00.90
560 0.0 0.8 0:00.90
560 0.0 0.8 0:00.90
560 0.0 0.8 0:00.90
560 0.0 0.8 0:00.90
560 0.0 0.8 0:00.90
560 0.0 0.8 0:00.90
560 0.0 0.8 0:00.90
560 0.0 0.8 0:00.90
560 0.0 0.8 0:00.90
560 0.0 0.8 0:00.90
560 0.0 0.8 0:00.90
712 5.3 0.3 0:34.28
560 0.0 0.8 0:00.90
560 0.0 0.8 0:00.90
560 0.0 0.8 0:00.90
560 0.0 0.8 0:00.90
560 0.0 0.8 0:00.90
560 0.0 0.8 0:00.90
560 0.0 0.8 0:00.90
560 0.0 0.8 0:00.90
560 0.0 0.8 0:00.90
560 0.0 0.8 0:00.90
560 0.0 0.8 0:00.90
560 0.0 0.8 0:00.90
560 0.0 0.8 0:00.90
560 0.0 0.8 0:00.90
560 0.0 0.8 0:00.90
560 0.0 0.8 0:00.90
560 0.0 0.8 0:00.90
560 0.0 0.8 0:00.90
712 5.3 0.3 0:34.34
560 0.0 0.8 0:00.90
560 0.0 0.8 0:00.90
560 0.0 0.8 0:00.90
560 0.0 0.8 0:00.90
560 0.0 0.8 0:00.90
560 0.0 0.8 0:00.90
560 0.0 0.8 0:00.90
560 0.0 0.8 0:00.90
560 0.0 0.8 0:00.90
560 0.0 0.8 0:00.90
560 0.0 0.8 0:00.90
560 0.0 0.8 0:00.90
560 0.0 0.8 0:00.90
560 0.0 0.8 0:00.90
560 0.0 0.8 0:00.90
560 0.0 0.8 0:00.90
560 0.0 0.8 0:00.90
712 5.6 0.3 0:34.42
560 0.0 0.8 0:00.90
560 0.0 0.8 0:00.90
560 0.0 0.8 0:00.90
560 0.0 0.8 0:00.90
560 0.0 0.8 0:00.90
560 0.0 0.8 0:00.90
560 0.0 0.8 0:00.90
560 0.0 0.8 0:00.90
560 0.0 0.8 0:00.90
560 0.0 0.8 0:00.90
560 0.0 0.8 0:00.90
560 0.0 0.8 0:00.90
560 0.0 0.8 0:00.90
560 0.0 0.8 0:00.90
560 0.0 0.8 0:00.90
560 0.0 0.8 0:00.90
560 0.0 0.8 0:00.90
560 0.0 0.8 0:00.90
560 0.0 0.8 0:00.90
560 0.0 0.8 0:00.90
560 0.0 0.8 0:00.90
560 0.0 0.8 0:00.90
560 0.0 0.8 0:00.90
560 0.0 0.8 0:00.90
560 0.0 0.8 0:00.90
560 0.0 0.8 0:00.90
560 0.0 0.8 0:00.90
560 0.0 0.8 0:00.90
560 0.0 0.8 0:00.90
560 0.0 0.8 0:00.90
560 0.0 0.8 0:00.90
560 0.0 0.8 0:00.90
560 0.0 0.8 0:00.90
560 0.0 0.8 0:00.90
560 0.0 0.8 0:00.90
