706 0.0 0.4 0:52.69
706 0.0 0.4 0:52.74
706 5.3 0.4 0:52.79
706 10.0 0.4 0:52.85
706 5.3 0.4 0:52.88
706 5.6 0.4 0:52.93
706 0.0 0.4 0:52.99
706 5.6 0.4 0:53.04
6706 16.7 0.2 0:00.03
706 5.3 0.4 0:53.14
706 0.0 0.4 0:53.19
706 5.6 0.4 0:53.24
706 5.3 0.4 0:53.28
706 5.6 0.4 0:53.32
706 0.0 0.4 0:53.37
706 0.0 0.4 0:53.41
706 5.6 0.4 0:53.47
706 5.6 0.4 0:53.52
706 0.0 0.4 0:53.57
706 0.0 0.4 0:53.62
706 11.1 0.4 0:53.68
706 0.0 0.4 0:53.71
706 0.0 0.4 0:53.76
706 0.0 0.4 0:53.81
706 11.1 0.4 0:53.88
706 5.6 0.4 0:53.92
706 5.3 0.4 0:53.96
706 0.0 0.4 0:54.01
706 5.6 0.4 0:54.06
706 5.6 0.4 0:54.12
706 0.0 0.4 0:54.17
706 0.0 0.4 0:54.23
706 5.6 0.4 0:54.29
706 5.3 0.4 0:54.33
706 10.5 0.4 0:54.39
706 5.0 0.4 0:54.43
706 5.0 0.4 0:54.49
706 5.6 0.4 0:54.53
706 5.6 0.4 0:54.58
706 5.3 0.4 0:54.62
706 0.0 0.4 0:54.66
706 4.8 0.4 0:54.71
706 11.1 0.4 0:54.76
706 0.0 0.4 0:54.80
706 11.1 0.4 0:54.85
706 5.3 0.4 0:54.89
706 5.3 0.4 0:54.94
706 5.0 0.4 0:54.99
706 5.3 0.4 0:55.03
706 0.0 0.4 0:55.08
706 10.5 0.4 0:55.15
706 5.0 0.4 0:55.21
706 0.0 0.4 0:55.25
706 0.0 0.4 0:55.30
706 0.0 0.4 0:55.36
706 0.0 0.4 0:55.42
706 0.0 0.4 0:55.48
706 5.6 0.4 0:55.53
706 0.0 0.4 0:55.58
706 5.6 0.4 0:55.64
706 5.6 0.4 0:55.69
706 0.0 0.4 0:55.73
706 5.6 0.4 0:55.78
706 5.6 0.4 0:55.83
706 9.5 0.4 0:55.89
706 10.5 0.4 0:55.93
706 5.0 0.4 0:55.97
706 5.3 0.4 0:56.02
706 0.0 0.4 0:56.06
706 5.3 0.4 0:56.12
706 5.3 0.4 0:56.16
706 0.0 0.4 0:56.21
706 0.0 0.4 0:56.25
KiB used, 342032 buff/cache
706 0.0 0.4 0:56.34
706 5.6 0.4 0:56.39
706 5.6 0.4 0:56.44
706 5.3 0.4 0:56.49
706 5.6 0.4 0:56.52
706 0.0 0.4 0:56.52
706 0.0 0.4 0:56.52
706 0.0 0.4 0:56.52
706 0.0 0.4 0:56.52
706 0.0 0.4 0:56.52
706 0.0 0.4 0:56.52
706 0.0 0.4 0:56.52
706 0.0 0.4 0:56.52
706 0.0 0.4 0:56.52
706 0.0 0.4 0:56.52
706 0.0 0.4 0:56.52
706 0.0 0.4 0:56.52
706 0.0 0.4 0:56.52
706 0.0 0.4 0:56.52
706 0.0 0.4 0:56.52
706 0.0 0.4 0:56.52
