706 0.0 0.4 1:37.84
706 0.0 0.4 1:37.87
706 5.0 0.4 1:37.91
706 5.6 0.4 1:37.95
706 5.3 0.4 1:37.99
706 0.0 0.4 1:38.02
706 5.3 0.4 1:38.07
706 0.0 0.4 1:38.10
706 0.0 0.4 1:38.15
706 0.0 0.4 1:38.19
706 0.0 0.4 1:38.24
706 0.0 0.4 1:38.28
706 11.1 0.4 1:38.32
706 0.0 0.4 1:38.34
706 5.3 0.4 1:38.38
706 0.0 0.4 1:38.41
706 11.1 0.4 1:38.46
706 0.0 0.4 1:38.48
706 0.0 0.4 1:38.52
706 0.0 0.4 1:38.56
706 0.0 0.4 1:38.58
706 5.6 0.4 1:38.62
706 5.3 0.4 1:38.65
706 5.3 0.4 1:38.69
706 0.0 0.4 1:38.73
706 0.0 0.4 1:38.77
706 5.0 0.4 1:38.81
706 5.3 0.4 1:38.85
706 5.6 0.4 1:38.89
706 5.3 0.4 1:38.92
706 5.3 0.4 1:38.97
27067 15.8 0.2 0:00.03
706 5.6 0.4 1:39.05
706 5.6 0.4 1:39.08
706 0.0 0.4 1:39.12
706 0.0 0.4 1:39.15
KiB used, 364980 buff/cache
706 5.3 0.4 1:39.23
706 0.0 0.4 1:39.26
706 0.0 0.4 1:39.30
706 0.0 0.4 1:39.34
706 0.0 0.4 1:39.37
706 5.3 0.4 1:39.41
706 5.6 0.4 1:39.44
706 0.0 0.4 1:39.46
706 5.3 0.4 1:39.50
706 0.0 0.4 1:39.54
706 5.3 0.4 1:39.58
706 5.6 0.4 1:39.62
706 0.0 0.4 1:39.65
706 0.0 0.4 1:39.69
706 5.3 0.4 1:39.73
706 0.0 0.4 1:39.76
706 5.3 0.4 1:39.81
706 0.0 0.4 1:39.84
706 5.9 0.4 1:39.88
706 0.0 0.4 1:39.91
706 0.0 0.4 1:39.95
706 5.6 0.4 1:39.99
706 5.6 0.4 1:40.02
706 15.8 0.4 1:40.08
706 16.7 0.4 1:40.11
706 0.0 0.4 1:40.13
706 11.1 0.4 1:40.18
706 0.0 0.4 1:40.20
706 5.6 0.4 1:40.25
706 5.6 0.4 1:40.29
706 0.0 0.4 1:40.32
706 0.0 0.4 1:40.36
706 10.5 0.4 1:40.42
706 5.6 0.4 1:40.45
28706 16.7 0.2 0:00.03
706 0.0 0.4 1:40.52
706 5.3 0.4 1:40.56
706 0.0 0.4 1:40.59
706 5.3 0.4 1:40.63
706 0.0 0.4 1:40.68
706 5.3 0.4 1:40.71
706 0.0 0.4 1:40.75
706 5.6 0.4 1:40.76
706 0.0 0.4 1:40.76
706 0.0 0.4 1:40.76
706 0.0 0.4 1:40.76
706 0.0 0.4 1:40.76
706 0.0 0.4 1:40.76
706 0.0 0.4 1:40.76
706 0.0 0.4 1:40.76
706 0.0 0.4 1:40.76
706 0.0 0.4 1:40.76
706 0.0 0.4 1:40.76
