709 4.8 0.4 1:01.56
709 5.3 0.4 1:01.59
709 5.0 0.4 1:01.62
709 0.0 0.4 1:01.64
709 4.5 0.4 1:01.69
709 0.0 0.4 1:01.72
709 4.8 0.4 1:01.75
709 5.6 0.4 1:01.78
709 0.0 0.4 1:01.81
709 0.0 0.4 1:01.84
709 5.6 0.4 1:01.88
709 5.3 0.4 1:01.92
709 5.6 0.4 1:01.95
709 0.0 0.4 1:01.98
709 5.3 0.4 1:02.02
709 5.6 0.4 1:02.05
709 5.3 0.4 1:02.08
709 0.0 0.4 1:02.11
709 0.0 0.4 1:02.14
709 5.6 0.4 1:02.19
709 0.0 0.4 1:02.21
709 0.0 0.4 1:02.25
709 0.0 0.4 1:02.28
709 5.6 0.4 1:02.31
709 0.0 0.4 1:02.33
709 5.3 0.4 1:02.37
709 5.6 0.4 1:02.40
709 5.6 0.4 1:02.43
709 0.0 0.4 1:02.46
709 5.3 0.4 1:02.49
709 5.6 0.4 1:02.53
709 5.3 0.4 1:02.56
709 5.3 0.4 1:02.59
709 0.0 0.4 1:02.61
709 5.6 0.4 1:02.65
709 4.5 0.4 1:02.68
709 5.6 0.4 1:02.71
709 0.0 0.4 1:02.74
709 4.8 0.4 1:02.78
709 0.0 0.4 1:02.81
709 0.0 0.4 1:02.84
709 0.0 0.4 1:02.88
709 0.0 0.4 1:02.91
709 5.6 0.4 1:02.95
709 5.6 0.4 1:02.98
709 5.0 0.4 1:03.01
709 0.0 0.4 1:03.04
709 10.0 0.4 1:03.09
709 0.0 0.4 1:03.12
709 4.8 0.4 1:03.15
709 5.6 0.4 1:03.18
709 5.9 0.4 1:03.22
709 5.6 0.4 1:03.26
709 0.0 0.4 1:03.28
709 0.0 0.4 1:03.31
709 4.8 0.4 1:03.35
709 0.0 0.4 1:03.37
709 0.0 0.4 1:03.40
709 0.0 0.4 1:03.44
709 0.0 0.4 1:03.47
709 5.6 0.4 1:03.51
709 0.0 0.4 1:03.54
709 5.6 0.4 1:03.58
709 0.0 0.4 1:03.61
709 0.0 0.4 1:03.64
709 5.6 0.4 1:03.67
709 0.0 0.4 1:03.70
709 0.0 0.4 1:03.73
709 0.0 0.4 1:03.77
709 11.1 0.4 1:03.80
709 5.6 0.4 1:03.83
709 0.0 0.4 1:03.86
709 4.8 0.4 1:03.90
709 5.6 0.4 1:03.93
709 4.5 0.4 1:03.97
709 0.0 0.4 1:04.01
709 5.9 0.4 1:04.03
709 5.6 0.4 1:04.06
709 5.6 0.4 1:04.09
709 0.0 0.4 1:04.09
709 0.0 0.4 1:04.09
709 0.0 0.4 1:04.10
709 0.0 0.4 1:04.10
709 0.0 0.4 1:04.10
709 0.0 0.4 1:04.10
709 0.0 0.4 1:04.10
709 0.0 0.4 1:04.10
709 0.0 0.4 1:04.10
709 0.0 0.4 1:04.10
709 0.0 0.4 1:04.10
709 0.0 0.4 1:04.10
709 0.0 0.4 1:04.10
709 0.0 0.4 1:04.10
709 0.0 0.4 1:04.10
709 0.0 0.4 1:04.10
709 0.0 0.4 1:04.10
709 0.0 0.4 1:04.10
709 0.0 0.4 1:04.10
709 0.0 0.4 1:04.10
709 0.0 0.4 1:04.10
