709 16.7 0.4 1:31.46
709 0.0 0.4 1:31.46
709 0.0 0.4 1:31.49
709 0.0 0.4 1:31.52
709 0.0 0.4 1:31.54
709 0.0 0.4 1:31.56
709 5.6 0.4 1:31.59
709 0.0 0.4 1:31.61
709 0.0 0.4 1:31.61
709 0.0 0.4 1:31.61
709 0.0 0.4 1:31.61
709 0.0 0.4 1:31.61
709 0.0 0.4 1:31.61
709 0.0 0.4 1:31.61
709 0.0 0.4 1:31.61
709 0.0 0.4 1:31.61
709 0.0 0.4 1:31.61
709 0.0 0.4 1:31.61
709 0.0 0.4 1:31.61
709 0.0 0.4 1:31.63
709 0.0 0.4 1:31.66
709 0.0 0.4 1:31.68
709 4.3 0.4 1:31.72
709 0.0 0.4 1:31.74
709 5.6 0.4 1:31.76
709 0.0 0.4 1:31.78
709 0.0 0.4 1:31.78
709 0.0 0.4 1:31.78
709 0.0 0.4 1:31.78
709 0.0 0.4 1:31.78
709 0.0 0.4 1:31.78
709 0.0 0.4 1:31.78
709 0.0 0.4 1:31.78
709 0.0 0.4 1:31.78
709 0.0 0.4 1:31.78
709 0.0 0.4 1:31.78
709 0.0 0.4 1:31.79
709 0.0 0.4 1:31.80
709 0.0 0.4 1:31.81
709 0.0 0.4 1:31.83
709 0.0 0.4 1:31.85
709 5.0 0.4 1:31.87
709 0.0 0.4 1:31.88
709 0.0 0.4 1:31.89
709 0.0 0.4 1:31.89
709 0.0 0.4 1:31.89
709 0.0 0.4 1:31.89
709 0.0 0.4 1:31.89
709 0.0 0.4 1:31.89
709 0.0 0.4 1:31.89
709 0.0 0.4 1:31.89
709 0.0 0.4 1:31.89
709 0.0 0.4 1:31.89
709 0.0 0.4 1:31.89
709 0.0 0.4 1:31.91
709 10.0 0.4 1:31.93
709 0.0 0.4 1:31.94
709 5.9 0.4 1:31.97
709 5.3 0.4 1:31.98
709 5.0 0.4 1:31.99
709 5.0 0.4 1:32.00
709 0.0 0.4 1:32.02
709 0.0 0.4 1:32.05
709 0.0 0.4 1:32.05
709 0.0 0.4 1:32.05
709 0.0 0.4 1:32.05
709 0.0 0.4 1:32.05
709 0.0 0.4 1:32.05
709 0.0 0.4 1:32.05
709 0.0 0.4 1:32.05
709 0.0 0.4 1:32.05
709 0.0 0.4 1:32.05
709 0.0 0.4 1:32.05
709 0.0 0.4 1:32.06
709 0.0 0.4 1:32.07
709 0.0 0.4 1:32.09
709 0.0 0.4 1:32.10
709 5.0 0.4 1:32.11
709 0.0 0.4 1:32.11
709 0.0 0.4 1:32.13
709 0.0 0.4 1:32.15
709 0.0 0.4 1:32.15
709 0.0 0.4 1:32.15
709 0.0 0.4 1:32.15
709 0.0 0.4 1:32.15
709 0.0 0.4 1:32.15
709 0.0 0.4 1:32.15
709 0.0 0.4 1:32.16
709 0.0 0.4 1:32.16
709 0.0 0.4 1:32.16
709 0.0 0.4 1:32.16
709 0.0 0.4 1:32.16
709 0.0 0.4 1:32.17
709 0.0 0.4 1:32.19
709 0.0 0.4 1:32.22
709 0.0 0.4 1:32.24
709 0.0 0.4 1:32.24
709 0.0 0.4 1:32.25
709 5.6 0.4 1:32.28
709 0.0 0.4 1:32.28
709 0.0 0.4 1:32.28
709 0.0 0.4 1:32.28
709 0.0 0.4 1:32.28
709 0.0 0.4 1:32.28
709 0.0 0.4 1:32.28
709 0.0 0.4 1:32.28
709 0.0 0.4 1:32.28
709 0.0 0.4 1:32.29
709 0.0 0.4 1:32.29
709 0.0 0.4 1:32.30
709 0.0 0.4 1:32.31
709 0.0 0.4 1:32.33
709 0.0 0.4 1:32.34
709 0.0 0.4 1:32.37
709 0.0 0.4 1:32.39
709 5.6 0.4 1:32.40
709 0.0 0.4 1:32.40
709 0.0 0.4 1:32.41
709 0.0 0.4 1:32.41
709 0.0 0.4 1:32.41
709 0.0 0.4 1:32.41
709 0.0 0.4 1:32.41
709 0.0 0.4 1:32.41
709 0.0 0.4 1:32.41
709 0.0 0.4 1:32.41
709 5.6 0.4 1:32.42
709 0.0 0.4 1:32.42
709 0.0 0.4 1:32.44
709 5.6 0.4 1:32.46
709 5.6 0.4 1:32.47
709 5.6 0.4 1:32.49
709 5.6 0.4 1:32.51
709 0.0 0.4 1:32.52
709 0.0 0.4 1:32.53
709 0.0 0.4 1:32.54
709 0.0 0.4 1:32.55
709 0.0 0.4 1:32.55
709 0.0 0.4 1:32.55
709 0.0 0.4 1:32.55
709 0.0 0.4 1:32.55
709 0.0 0.4 1:32.55
709 0.0 0.4 1:32.55
709 0.0 0.4 1:32.55
709 0.0 0.4 1:32.55
709 0.0 0.4 1:32.55
709 0.0 0.4 1:32.56
709 5.6 0.4 1:32.57
709 0.0 0.4 1:32.57
709 0.0 0.4 1:32.58
709 0.0 0.4 1:32.61
709 5.6 0.4 1:32.64
709 0.0 0.4 1:32.65
709 0.0 0.4 1:32.65
709 0.0 0.4 1:32.66
709 0.0 0.4 1:32.66
709 0.0 0.4 1:32.66
709 0.0 0.4 1:32.66
709 0.0 0.4 1:32.66
709 0.0 0.4 1:32.66
709 0.0 0.4 1:32.66
709 0.0 0.4 1:32.67
709 0.0 0.4 1:32.67
709 0.0 0.4 1:32.67
709 0.0 0.4 1:32.67
709 5.3 0.4 1:32.68
709 0.0 0.4 1:32.69
709 0.0 0.4 1:32.70
709 0.0 0.4 1:32.70
709 0.0 0.4 1:32.71
709 0.0 0.4 1:32.72
709 5.6 0.4 1:32.75
709 0.0 0.4 1:32.79
709 0.0 0.4 1:32.79
709 0.0 0.4 1:32.79
709 0.0 0.4 1:32.79
709 0.0 0.4 1:32.79
709 0.0 0.4 1:32.79
709 0.0 0.4 1:32.79
709 0.0 0.4 1:32.79
709 0.0 0.4 1:32.79
709 0.0 0.4 1:32.79
709 0.0 0.4 1:32.79
709 0.0 0.4 1:32.79
709 0.0 0.4 1:32.79
709 0.0 0.4 1:32.79
709 0.0 0.4 1:32.79
709 0.0 0.4 1:32.79
709 0.0 0.4 1:32.79
709 0.0 0.4 1:32.79
709 0.0 0.4 1:32.79
709 0.0 0.4 1:32.79
