2812 0.0 0.1 0:00.04
2812 0.0 0.1 0:00.05
2812 0.0 0.1 0:00.05
2812 0.0 0.1 0:00.05
2812 0.0 0.1 0:00.05
2812 0.0 0.1 0:00.05
2812 0.0 0.1 0:00.05
2812 0.0 0.1 0:00.05
2812 0.0 0.1 0:00.05
2812 0.0 0.1 0:00.05
2812 0.0 0.1 0:00.05
2812 0.0 0.1 0:00.05
2812 0.0 0.1 0:00.05
2812 0.0 0.1 0:00.05
2812 0.0 0.1 0:00.05
2812 0.0 0.1 0:00.05
2812 0.0 0.1 0:00.05
2812 0.0 0.1 0:00.05
2812 0.0 0.1 0:00.05
2812 0.0 0.1 0:00.05
2812 0.0 0.1 0:00.05
2812 0.0 0.1 0:00.05
2812 0.0 0.1 0:00.05
2812 0.0 0.1 0:00.05
2812 0.0 0.1 0:00.05
2812 0.0 0.1 0:00.05
2812 0.0 0.1 0:00.05
2812 0.0 0.1 0:00.05
2812 0.0 0.1 0:00.05
2812 0.0 0.1 0:00.05
2812 0.0 0.1 0:00.05
2812 0.0 0.1 0:00.05
2812 0.0 0.1 0:00.05
2812 0.0 0.1 0:00.05
2812 0.0 0.1 0:00.05
2812 0.0 0.1 0:00.05
2812 0.0 0.1 0:00.05
2812 0.0 0.1 0:00.05
2812 0.0 0.1 0:00.05
2812 0.0 0.1 0:00.05
2812 0.0 0.1 0:00.05
2812 0.0 0.1 0:00.05
2812 0.0 0.1 0:00.05
2812 0.0 0.1 0:00.05
2812 0.0 0.1 0:00.05
2812 0.0 0.1 0:00.05
2812 0.0 0.1 0:00.05
2812 0.0 0.1 0:00.05
2812 0.0 0.1 0:00.05
2812 0.0 0.1 0:00.05
2812 0.0 0.1 0:00.05
2812 0.0 0.1 0:00.05
2812 0.0 0.1 0:00.05
2812 0.0 0.1 0:00.05
2812 0.0 0.1 0:00.05
2812 0.0 0.1 0:00.05
2812 0.0 0.1 0:00.05
2812 0.0 0.1 0:00.05
2812 0.0 0.1 0:00.05
2812 0.0 0.1 0:00.05
2812 0.0 0.1 0:00.05
2812 0.0 0.1 0:00.05
2812 0.0 0.1 0:00.05
2812 0.0 0.1 0:00.05
2812 0.0 0.1 0:00.05
2812 0.0 0.1 0:00.05
2812 0.0 0.1 0:00.05
2812 0.0 0.1 0:00.05
2812 0.0 0.1 0:00.05
2812 0.0 0.1 0:00.05
2812 0.0 0.1 0:00.05
2812 0.0 0.1 0:00.05
2812 0.0 0.1 0:00.05
2812 0.0 0.1 0:00.05
2812 0.0 0.1 0:00.05
2812 0.0 0.1 0:00.05
