2812 5.6 0.1 0:00.14
2812 0.0 0.1 0:00.14
2812 0.0 0.1 0:00.14
2812 0.0 0.1 0:00.14
2812 0.0 0.1 0:00.14
2812 0.0 0.1 0:00.14
2812 0.0 0.1 0:00.14
2812 0.0 0.1 0:00.14
2812 0.0 0.1 0:00.14
2812 0.0 0.1 0:00.14
2812 0.0 0.1 0:00.14
2812 0.0 0.1 0:00.14
2812 0.0 0.1 0:00.14
2812 0.0 0.1 0:00.14
2812 0.0 0.1 0:00.14
2812 0.0 0.1 0:00.14
2812 0.0 0.1 0:00.14
2812 0.0 0.1 0:00.14
2812 0.0 0.1 0:00.14
2812 0.0 0.1 0:00.14
2812 0.0 0.1 0:00.14
2812 0.0 0.1 0:00.14
2812 0.0 0.1 0:00.14
2812 0.0 0.1 0:00.14
2812 0.0 0.1 0:00.14
2812 0.0 0.1 0:00.14
2812 0.0 0.1 0:00.14
2812 0.0 0.1 0:00.14
2812 0.0 0.1 0:00.14
2812 0.0 0.1 0:00.14
2812 0.0 0.1 0:00.14
2812 0.0 0.1 0:00.14
2812 0.0 0.1 0:00.14
2812 0.0 0.1 0:00.14
2812 0.0 0.1 0:00.14
2812 0.0 0.1 0:00.14
2812 0.0 0.1 0:00.14
2812 0.0 0.1 0:00.14
2812 0.0 0.1 0:00.14
2812 0.0 0.1 0:00.14
2812 0.0 0.1 0:00.14
2812 0.0 0.1 0:00.14
2812 0.0 0.1 0:00.14
2812 0.0 0.1 0:00.14
2812 0.0 0.1 0:00.14
2812 0.0 0.1 0:00.14
2812 0.0 0.1 0:00.14
2812 0.0 0.1 0:00.14
2812 0.0 0.1 0:00.14
2812 0.0 0.1 0:00.14
2812 0.0 0.1 0:00.14
2812 0.0 0.1 0:00.14
2812 0.0 0.1 0:00.14
2812 0.0 0.1 0:00.14
2812 0.0 0.1 0:00.14
2812 0.0 0.1 0:00.14
2812 0.0 0.1 0:00.14
2812 0.0 0.1 0:00.14
2812 0.0 0.1 0:00.14
2812 0.0 0.1 0:00.14
2812 0.0 0.1 0:00.14
2812 0.0 0.1 0:00.14
2812 0.0 0.1 0:00.14
2812 0.0 0.1 0:00.14
2812 0.0 0.1 0:00.14
2812 0.0 0.1 0:00.14
2812 0.0 0.1 0:00.14
2812 0.0 0.1 0:00.14
2812 0.0 0.1 0:00.14
2812 0.0 0.1 0:00.14
2812 0.0 0.1 0:00.14
2812 0.0 0.1 0:00.14
2812 0.0 0.1 0:00.14
2812 0.0 0.1 0:00.14
2812 0.0 0.1 0:00.14
2812 0.0 0.1 0:00.14
