2925 16.7 0.2 7:37.33
2925 42.1 0.2 7:37.59
2925 20.0 0.2 7:37.84
2925 21.1 0.2 7:38.08
2925 15.0 0.2 7:38.30
2925 26.3 0.2 7:38.62
2925 15.0 0.2 7:38.88
2925 55.6 0.2 7:39.18
2925 38.9 0.2 7:39.44
2925 15.8 0.2 7:39.66
2925 9.5 0.2 7:39.91
2925 25.0 0.2 7:40.16
2925 35.0 0.2 7:40.46
2925 31.6 0.2 7:40.74
2925 42.1 0.2 7:41.02
2925 16.7 0.2 7:41.36
2925 31.6 0.2 7:41.61
2925 27.8 0.2 7:41.91
2925 36.8 0.2 7:42.20
2925 50.0 0.2 7:42.59
2925 31.6 0.2 7:42.86
2925 36.8 0.2 7:43.13
2925 50.0 0.2 7:43.40
2925 31.6 0.2 7:43.68
2925 36.8 0.2 7:43.95
2925 22.2 0.2 7:44.28
2925 31.6 0.2 7:44.55
2925 21.1 0.2 7:44.82
2925 21.1 0.2 7:45.09
2925 15.8 0.2 7:45.48
2925 31.6 0.2 7:45.74
2925 55.6 0.2 7:46.08
2925 31.6 0.2 7:46.34
2925 47.4 0.2 7:46.62
2925 21.1 0.2 7:46.86
2925 35.0 0.2 7:47.17
2925 22.2 0.2 7:47.43
2925 61.1 0.2 7:47.76
2925 42.1 0.2 7:48.06
2925 25.0 0.2 7:48.32
2925 35.0 0.2 7:48.60
2925 21.1 0.2 7:48.85
2925 31.6 0.2 7:49.16
2925 29.2 0.2 7:49.49
2925 28.6 0.2 7:49.78
2925 36.8 0.2 7:50.05
2925 38.9 0.2 7:50.31
2925 38.9 0.2 7:50.59
2925 22.2 0.2 7:50.89
2925 42.1 0.2 7:51.23
2925 47.4 0.2 7:51.57
2925 21.1 0.2 7:51.84
2925 15.8 0.2 7:52.10
2925 21.1 0.2 7:52.37
2925 21.1 0.2 7:52.64
2925 25.0 0.2 7:52.90
2925 45.0 0.2 7:53.27
2925 15.0 0.2 7:53.52
2925 21.1 0.2 7:53.76
2925 15.8 0.2 7:54.09
2925 22.2 0.2 7:54.33
2925 35.0 0.2 7:54.60
2925 25.0 0.2 7:55.03
2925 25.0 0.2 7:55.36
2925 33.3 0.2 7:55.61
2925 36.8 0.2 7:55.87
2925 36.8 0.2 7:56.16
2925 33.3 0.2 7:56.42
2925 30.0 0.2 7:56.69
2925 42.1 0.2 7:56.99
2925 55.6 0.2 7:57.27
2925 23.8 0.2 7:57.53
2925 15.8 0.2 7:57.78
2925 36.8 0.2 7:58.05
2925 31.6 0.2 7:58.30
2925 40.0 0.2 7:58.60
