2926 0.0 0.2 0:21.97
2926 5.3 0.2 0:22.05
2926 5.3 0.2 0:22.09
2926 0.0 0.2 0:22.12
2926 0.0 0.2 0:22.14
2926 9.1 0.2 0:22.17
2926 0.0 0.2 0:22.22
2926 0.0 0.2 0:22.25
2926 13.0 0.2 0:22.31
2926 0.0 0.2 0:22.36
2926 0.0 0.2 0:22.38
2926 0.0 0.2 0:22.38
2926 0.0 0.2 0:22.40
2926 0.0 0.2 0:22.43
2926 0.0 0.2 0:22.50
2926 5.3 0.2 0:22.52
2926 5.3 0.2 0:22.57
2926 4.2 0.2 0:22.61
2926 5.3 0.2 0:22.65
2926 0.0 0.2 0:22.68
2926 4.8 0.2 0:22.71
2926 0.0 0.2 0:22.75
2926 5.3 0.2 0:22.78
2926 15.8 0.2 0:22.83
2926 5.3 0.2 0:22.85
2926 0.0 0.2 0:22.86
2926 0.0 0.2 0:22.89
2926 0.0 0.2 0:22.91
2926 5.3 0.2 0:22.95
2926 0.0 0.2 0:22.97
2926 0.0 0.2 0:22.97
2926 5.6 0.2 0:23.00
2926 5.0 0.2 0:23.02
2926 0.0 0.2 0:23.03
2926 0.0 0.2 0:23.07
2926 0.0 0.2 0:23.12
2926 5.0 0.2 0:23.16
2926 0.0 0.2 0:23.18
2926 4.8 0.2 0:23.21
2926 0.0 0.2 0:23.29
2926 0.0 0.2 0:23.32
2926 0.0 0.2 0:23.35
2926 0.0 0.2 0:23.37
2926 15.8 0.2 0:23.41
2926 0.0 0.2 0:23.44
2926 5.3 0.2 0:23.46
2926 0.0 0.2 0:23.48
2926 5.3 0.2 0:23.51
2926 5.0 0.2 0:23.55
2926 4.8 0.2 0:23.59
2926 4.8 0.2 0:23.61
2926 0.0 0.2 0:23.65
2926 4.5 0.2 0:23.69
2926 0.0 0.2 0:23.72
2926 0.0 0.2 0:23.75
2926 0.0 0.2 0:23.79
2926 5.3 0.2 0:23.81
2926 4.0 0.2 0:23.86
2926 4.2 0.2 0:23.95
2926 4.3 0.2 0:24.01
2926 0.0 0.2 0:24.04
2926 4.8 0.2 0:24.09
2926 5.0 0.2 0:24.13
2926 5.0 0.2 0:24.16
2926 5.6 0.2 0:24.23
2926 0.0 0.2 0:24.28
2926 5.0 0.2 0:24.31
2926 0.0 0.2 0:24.34
2926 0.0 0.2 0:24.36
2926 0.0 0.2 0:24.40
2926 5.6 0.2 0:24.44
2926 5.3 0.2 0:24.47
2926 0.0 0.2 0:24.53
2926 0.0 0.2 0:24.54
2926 5.3 0.2 0:24.55
2926 0.0 0.2 0:24.56
2926 0.0 0.2 0:24.61
2926 4.8 0.2 0:24.68
2926 0.0 0.2 0:24.70
2926 5.3 0.2 0:24.73
2926 0.0 0.2 0:24.78
2926 0.0 0.2 0:24.81
2926 0.0 0.2 0:24.88
2926 4.8 0.2 0:24.90
2926 0.0 0.2 0:24.91
2926 0.0 0.2 0:24.93
2926 5.3 0.2 0:24.96
2926 0.0 0.2 0:24.98
2926 5.3 0.2 0:25.03
2926 10.0 0.2 0:25.09
2926 0.0 0.2 0:25.12
2926 0.0 0.2 0:25.14
2926 0.0 0.2 0:25.17
2926 0.0 0.2 0:25.18
