2926 10.0 0.2 0:35.77
2926 5.0 0.2 0:35.83
2926 0.0 0.2 0:35.84
2926 0.0 0.2 0:35.85
2926 5.6 0.2 0:35.87
2926 0.0 0.2 0:35.92
2926 5.0 0.2 0:35.94
2926 5.6 0.2 0:35.97
2926 0.0 0.2 0:35.98
2926 10.5 0.2 0:36.03
2926 5.3 0.2 0:36.06
2926 0.0 0.2 0:36.07
2926 5.0 0.2 0:36.10
2926 0.0 0.2 0:36.12
2926 5.0 0.2 0:36.15
2926 20.0 0.2 0:36.20
2926 5.3 0.2 0:36.26
2926 5.6 0.2 0:36.31
2926 5.6 0.2 0:36.33
2926 5.6 0.2 0:36.35
2926 4.5 0.2 0:36.40
2926 9.1 0.2 0:36.47
2926 0.0 0.2 0:36.52
2926 0.0 0.2 0:36.54
2926 4.8 0.2 0:36.56
2926 5.3 0.2 0:36.58
2926 0.0 0.2 0:36.59
2926 5.6 0.2 0:36.61
2926 4.8 0.2 0:36.64
2926 0.0 0.2 0:36.67
2926 0.0 0.2 0:36.70
2926 0.0 0.2 0:36.72
2926 16.7 0.2 0:36.76
2926 10.0 0.2 0:36.83
2926 9.5 0.2 0:36.88
2926 0.0 0.2 0:36.92
2926 0.0 0.2 0:36.94
2926 0.0 0.2 0:36.96
2926 0.0 0.2 0:36.97
2926 0.0 0.2 0:36.99
2926 5.3 0.2 0:37.04
2926 4.8 0.2 0:37.10
2926 0.0 0.2 0:37.15
2926 10.5 0.2 0:37.19
2926 5.3 0.2 0:37.22
2926 5.3 0.2 0:37.26
2926 0.0 0.2 0:37.27
2926 5.6 0.2 0:37.28
2926 0.0 0.2 0:37.30
2926 5.3 0.2 0:37.33
2926 0.0 0.2 0:37.37
2926 0.0 0.2 0:37.39
2926 0.0 0.2 0:37.43
2926 5.0 0.2 0:37.50
2926 0.0 0.2 0:37.51
2926 5.0 0.2 0:37.55
2926 5.3 0.2 0:37.57
2926 5.3 0.2 0:37.59
2926 0.0 0.2 0:37.62
2926 5.3 0.2 0:37.65
2926 0.0 0.2 0:37.68
2926 4.5 0.2 0:37.72
2926 4.8 0.2 0:37.77
2926 5.3 0.2 0:37.81
2926 5.3 0.2 0:37.83
2926 5.6 0.2 0:37.86
2926 0.0 0.2 0:37.94
2926 5.3 0.2 0:37.96
2926 5.3 0.2 0:37.99
2926 0.0 0.2 0:38.01
2926 4.8 0.2 0:38.04
2926 4.5 0.2 0:38.08
2926 0.0 0.2 0:38.11
2926 5.0 0.2 0:38.16
2926 5.0 0.2 0:38.21
2926 0.0 0.2 0:38.24
2926 5.0 0.2 0:38.28
2926 0.0 0.2 0:38.30
2926 0.0 0.2 0:38.31
2926 5.3 0.2 0:38.35
2926 5.3 0.2 0:38.37
2926 5.0 0.2 0:38.43
2926 0.0 0.2 0:38.46
2926 0.0 0.2 0:38.48
