2926 9.5 0.2 0:47.72
2926 5.6 0.2 0:47.80
2926 0.0 0.2 0:47.84
2926 0.0 0.2 0:47.89
2926 5.3 0.2 0:47.94
2926 0.0 0.2 0:47.98
2926 0.0 0.2 0:48.00
2926 0.0 0.2 0:48.03
2926 0.0 0.2 0:48.04
2926 4.8 0.2 0:48.07
2926 5.6 0.2 0:48.13
2926 0.0 0.2 0:48.20
2926 5.3 0.2 0:48.21
2926 5.3 0.2 0:48.23
2926 0.0 0.2 0:48.26
2926 0.0 0.2 0:48.34
2926 5.3 0.2 0:48.37
2926 5.0 0.2 0:48.42
2926 10.5 0.2 0:48.48
2926 5.3 0.2 0:48.50
2926 5.0 0.2 0:48.54
2926 0.0 0.2 0:48.57
2926 2.6 0.2 0:48.63
2926 0.0 0.2 0:48.67
2926 4.0 0.2 0:48.77
2926 0.0 0.2 0:48.80
2926 0.0 0.2 0:48.84
2926 0.0 0.2 0:48.93
2926 0.0 0.2 0:48.97
2926 3.6 0.2 0:49.01
2926 0.0 0.2 0:49.05
2926 0.0 0.2 0:49.07
2926 5.3 0.2 0:49.11
2926 0.0 0.2 0:49.14
2926 4.0 0.2 0:49.17
2926 0.0 0.2 0:49.24
2926 4.5 0.2 0:49.27
2926 5.3 0.2 0:49.35
2926 5.3 0.2 0:49.40
2926 5.3 0.2 0:49.42
2926 0.0 0.2 0:49.45
2926 0.0 0.2 0:49.49
2926 4.0 0.2 0:49.51
2926 4.5 0.2 0:49.54
2926 5.0 0.2 0:49.58
2926 5.0 0.2 0:49.64
2926 3.6 0.2 0:49.69
2926 0.0 0.2 0:49.71
2926 4.8 0.2 0:49.75
2926 4.8 0.2 0:49.79
2926 0.0 0.2 0:49.82
2926 12.5 0.2 0:49.88
2926 4.8 0.2 0:49.93
2926 0.0 0.2 0:49.96
2926 5.0 0.2 0:50.01
2926 5.0 0.2 0:50.03
2926 5.6 0.2 0:50.06
2926 0.0 0.2 0:50.08
2926 9.1 0.2 0:50.13
2926 0.0 0.2 0:50.14
2926 5.0 0.2 0:50.18
2926 5.3 0.2 0:50.24
2926 5.3 0.2 0:50.25
2926 0.0 0.2 0:50.27
2926 0.0 0.2 0:50.29
2926 0.0 0.2 0:50.31
2926 0.0 0.2 0:50.34
2926 0.0 0.2 0:50.42
2926 5.0 0.2 0:50.44
2926 0.0 0.2 0:50.46
2926 4.3 0.2 0:50.66
2926 4.8 0.2 0:50.70
2926 3.6 0.2 0:50.78
2926 0.0 0.2 0:50.82
2926 0.0 0.2 0:50.86
2926 0.0 0.2 0:50.88
2926 0.0 0.2 0:50.94
2926 5.6 0.2 0:50.97
2926 4.3 0.2 0:51.00
2926 0.0 0.2 0:51.04
2926 0.0 0.2 0:51.06
