2926 5.0 0.2 0:44.72
2926 0.0 0.2 0:44.74
2926 5.3 0.2 0:44.75
2926 0.0 0.2 0:44.78
2926 5.0 0.2 0:44.82
2926 5.3 0.2 0:44.86
2926 4.5 0.2 0:44.88
2926 4.5 0.2 0:44.90
2926 11.1 0.2 0:44.96
2926 15.8 0.2 0:45.09
2926 5.0 0.2 0:45.16
2926 0.0 0.2 0:45.20
2926 5.3 0.2 0:45.23
2926 5.3 0.2 0:45.29
2926 0.0 0.2 0:45.32
2926 5.3 0.2 0:45.35
2926 0.0 0.2 0:45.36
2926 0.0 0.2 0:45.37
2926 10.0 0.2 0:45.41
2926 5.6 0.2 0:45.45
2926 0.0 0.2 0:45.48
2926 4.8 0.2 0:45.52
2926 0.0 0.2 0:45.54
2926 5.3 0.2 0:45.60
2926 0.0 0.2 0:45.64
2926 5.3 0.2 0:45.69
2926 0.0 0.2 0:45.71
2926 10.5 0.2 0:45.73
2926 0.0 0.2 0:45.82
2926 5.6 0.2 0:45.86
2926 5.3 0.2 0:45.90
2926 0.0 0.2 0:45.93
2926 0.0 0.2 0:45.94
2926 5.3 0.2 0:45.97
2926 5.3 0.2 0:46.05
2926 0.0 0.2 0:46.08
2926 5.6 0.2 0:46.12
2926 4.8 0.2 0:46.15
2926 0.0 0.2 0:46.17
2926 0.0 0.2 0:46.21
2926 0.0 0.2 0:46.22
2926 0.0 0.2 0:46.23
2926 0.0 0.2 0:46.24
2926 5.3 0.2 0:46.27
2926 5.0 0.2 0:46.29
2926 5.6 0.2 0:46.31
2926 5.3 0.2 0:46.35
2926 5.3 0.2 0:46.37
2926 10.5 0.2 0:46.41
2926 10.0 0.2 0:46.48
2926 5.3 0.2 0:46.50
2926 0.0 0.2 0:46.52
2926 5.3 0.2 0:46.56
2926 0.0 0.2 0:46.59
2926 5.0 0.2 0:46.63
2926 0.0 0.2 0:46.67
2926 5.0 0.2 0:46.70
2926 0.0 0.2 0:46.71
2926 0.0 0.2 0:46.73
2926 0.0 0.2 0:46.77
2926 5.3 0.2 0:46.86
2926 5.3 0.2 0:46.90
2926 4.5 0.2 0:46.95
2926 5.3 0.2 0:47.02
2926 5.3 0.2 0:47.04
2926 0.0 0.2 0:47.07
2926 5.6 0.2 0:47.11
2926 5.0 0.2 0:47.16
2926 5.0 0.2 0:47.20
2926 10.5 0.2 0:47.22
2926 0.0 0.2 0:47.23
2926 0.0 0.2 0:47.25
2926 0.0 0.2 0:47.29
2926 0.0 0.2 0:47.31
2926 5.6 0.2 0:47.35
2926 5.3 0.2 0:47.43
2926 0.0 0.2 0:47.45
2926 5.3 0.2 0:47.47
2926 0.0 0.2 0:47.50
2926 5.6 0.2 0:47.54
2926 0.0 0.2 0:47.56
2926 0.0 0.2 0:47.58
2926 5.0 0.2 0:47.63
2926 0.0 0.2 0:47.66
