2928 10.5 0.2 0:00.38
2928 0.0 0.2 0:00.41
2928 0.0 0.2 0:00.41
2928 0.0 0.2 0:00.41
2928 0.0 0.2 0:00.41
2928 0.0 0.2 0:00.41
2928 0.0 0.2 0:00.41
2928 0.0 0.2 0:00.41
2928 0.0 0.2 0:00.41
2928 0.0 0.2 0:00.41
2928 0.0 0.2 0:00.41
2928 0.0 0.2 0:00.41
2928 0.0 0.2 0:00.41
2928 0.0 0.2 0:00.41
2928 0.0 0.2 0:00.41
2928 0.0 0.2 0:00.41
2928 0.0 0.2 0:00.41
2928 0.0 0.2 0:00.41
2928 0.0 0.2 0:00.41
2928 0.0 0.2 0:00.41
2928 0.0 0.2 0:00.41
2928 0.0 0.2 0:00.41
2928 0.0 0.2 0:00.41
2928 0.0 0.2 0:00.41
2928 0.0 0.2 0:00.41
2928 0.0 0.2 0:00.41
2928 0.0 0.2 0:00.41
2928 0.0 0.2 0:00.41
2928 0.0 0.2 0:00.41
2928 0.0 0.2 0:00.41
2928 0.0 0.2 0:00.41
2928 0.0 0.2 0:00.41
2928 0.0 0.2 0:00.41
2928 0.0 0.2 0:00.41
2928 0.0 0.2 0:00.41
2928 0.0 0.2 0:00.41
2928 0.0 0.2 0:00.41
2928 0.0 0.2 0:00.41
2928 0.0 0.2 0:00.41
2928 0.0 0.2 0:00.41
2928 0.0 0.2 0:00.41
2928 0.0 0.2 0:00.41
2928 0.0 0.2 0:00.41
2928 0.0 0.2 0:00.41
2928 0.0 0.2 0:00.41
2928 0.0 0.2 0:00.41
2928 0.0 0.2 0:00.41
2928 0.0 0.2 0:00.41
2928 0.0 0.2 0:00.41
2928 0.0 0.2 0:00.41
2928 0.0 0.2 0:00.41
2928 0.0 0.2 0:00.41
2928 0.0 0.2 0:00.41
2928 0.0 0.2 0:00.41
2928 0.0 0.2 0:00.41
2928 0.0 0.2 0:00.41
2928 0.0 0.2 0:00.41
2928 0.0 0.2 0:00.41
2928 0.0 0.2 0:00.41
2928 0.0 0.2 0:00.41
2928 0.0 0.2 0:00.41
2928 0.0 0.2 0:00.41
2928 0.0 0.2 0:00.41
2928 0.0 0.2 0:00.41
2928 0.0 0.2 0:00.41
2928 0.0 0.2 0:00.41
2928 0.0 0.2 0:00.41
2928 0.0 0.2 0:00.41
2928 0.0 0.2 0:00.41
2928 0.0 0.2 0:00.41
2928 0.0 0.2 0:00.41
2928 0.0 0.2 0:00.41
2928 0.0 0.2 0:00.41
2928 0.0 0.2 0:00.41
2928 0.0 0.2 0:00.41
2928 0.0 0.2 0:00.41
2928 0.0 0.2 0:00.41
2928 0.0 0.2 0:00.41
2928 0.0 0.2 0:00.41
2928 0.0 0.2 0:00.41
2928 0.0 0.2 0:00.41
2928 0.0 0.2 0:00.41
2928 0.0 0.2 0:00.41
2928 0.0 0.2 0:00.41
2928 0.0 0.2 0:00.41
2928 0.0 0.2 0:00.41
2928 0.0 0.2 0:00.41
2928 0.0 0.2 0:00.41
2928 0.0 0.2 0:00.41
2928 0.0 0.2 0:00.41
2928 0.0 0.2 0:00.41
2928 0.0 0.2 0:00.41
2928 0.0 0.2 0:00.41
2928 0.0 0.2 0:00.41
2928 0.0 0.2 0:00.41
