2928 5.6 0.2 0:00.50
2928 0.0 0.2 0:00.52
2928 0.0 0.2 0:00.52
2928 0.0 0.2 0:00.52
2928 0.0 0.2 0:00.52
2928 0.0 0.2 0:00.52
2928 0.0 0.2 0:00.52
2928 0.0 0.2 0:00.52
2928 0.0 0.2 0:00.52
2928 0.0 0.2 0:00.52
2928 0.0 0.2 0:00.52
2928 0.0 0.2 0:00.52
2928 0.0 0.2 0:00.52
2928 0.0 0.2 0:00.52
2928 0.0 0.2 0:00.52
2928 0.0 0.2 0:00.52
2928 0.0 0.2 0:00.52
2928 0.0 0.2 0:00.52
2928 0.0 0.2 0:00.52
2928 0.0 0.2 0:00.52
2928 0.0 0.2 0:00.52
2928 0.0 0.2 0:00.52
2928 0.0 0.2 0:00.52
2928 0.0 0.2 0:00.52
2928 0.0 0.2 0:00.52
2928 0.0 0.2 0:00.52
2928 0.0 0.2 0:00.52
2928 0.0 0.2 0:00.52
2928 0.0 0.2 0:00.52
2928 0.0 0.2 0:00.52
2928 0.0 0.2 0:00.52
2928 0.0 0.2 0:00.52
2928 0.0 0.2 0:00.52
2928 0.0 0.2 0:00.52
2928 0.0 0.2 0:00.52
2928 0.0 0.2 0:00.52
2928 0.0 0.2 0:00.52
2928 0.0 0.2 0:00.52
2928 0.0 0.2 0:00.52
2928 0.0 0.2 0:00.52
2928 0.0 0.2 0:00.52
2928 0.0 0.2 0:00.52
2928 0.0 0.2 0:00.52
2928 0.0 0.2 0:00.52
2928 0.0 0.2 0:00.52
2928 0.0 0.2 0:00.52
2928 0.0 0.2 0:00.52
2928 0.0 0.2 0:00.52
2928 0.0 0.2 0:00.52
2928 0.0 0.2 0:00.52
2928 0.0 0.2 0:00.52
2928 0.0 0.2 0:00.52
2928 0.0 0.2 0:00.52
2928 0.0 0.2 0:00.52
2928 0.0 0.2 0:00.52
2928 0.0 0.2 0:00.52
2928 0.0 0.2 0:00.52
2928 0.0 0.2 0:00.52
2928 0.0 0.2 0:00.52
2928 0.0 0.2 0:00.52
2928 0.0 0.2 0:00.52
2928 0.0 0.2 0:00.52
2928 0.0 0.2 0:00.52
2928 0.0 0.2 0:00.52
2928 0.0 0.2 0:00.52
2928 0.0 0.2 0:00.52
2928 0.0 0.2 0:00.52
2928 0.0 0.2 0:00.52
2928 0.0 0.2 0:00.52
2928 0.0 0.2 0:00.52
2928 0.0 0.2 0:00.52
2928 0.0 0.2 0:00.52
2928 0.0 0.2 0:00.52
2928 0.0 0.2 0:00.52
2928 0.0 0.2 0:00.52
2928 0.0 0.2 0:00.52
2928 0.0 0.2 0:00.52
2928 0.0 0.2 0:00.52
2928 0.0 0.2 0:00.52
2928 0.0 0.2 0:00.52
2928 0.0 0.2 0:00.52
2928 0.0 0.2 0:00.52
2928 0.0 0.2 0:00.52
2928 0.0 0.2 0:00.52
