2928 0.0 0.2 0:00.26
2928 0.0 0.2 0:00.27
2928 0.0 0.2 0:00.27
2928 0.0 0.2 0:00.27
2928 0.0 0.2 0:00.27
2928 0.0 0.2 0:00.27
2928 0.0 0.2 0:00.27
2928 0.0 0.2 0:00.27
2928 0.0 0.2 0:00.27
2928 0.0 0.2 0:00.27
2928 0.0 0.2 0:00.27
2928 0.0 0.2 0:00.27
2928 0.0 0.2 0:00.27
2928 0.0 0.2 0:00.27
2928 0.0 0.2 0:00.27
2928 0.0 0.2 0:00.27
2928 0.0 0.2 0:00.27
2928 0.0 0.2 0:00.27
2928 0.0 0.2 0:00.27
2928 0.0 0.2 0:00.27
2928 0.0 0.2 0:00.27
2928 0.0 0.2 0:00.27
2928 0.0 0.2 0:00.27
2928 0.0 0.2 0:00.27
2928 0.0 0.2 0:00.27
2928 0.0 0.2 0:00.27
2928 0.0 0.2 0:00.27
2928 0.0 0.2 0:00.27
2928 0.0 0.2 0:00.27
2928 0.0 0.2 0:00.27
2928 0.0 0.2 0:00.27
2928 0.0 0.2 0:00.27
2928 0.0 0.2 0:00.27
2928 0.0 0.2 0:00.27
2928 0.0 0.2 0:00.27
2928 0.0 0.2 0:00.27
2928 0.0 0.2 0:00.27
2928 0.0 0.2 0:00.27
2928 0.0 0.2 0:00.27
2928 0.0 0.2 0:00.27
2928 0.0 0.2 0:00.27
2928 0.0 0.2 0:00.27
2928 0.0 0.2 0:00.27
2928 0.0 0.2 0:00.27
2928 0.0 0.2 0:00.27
2928 0.0 0.2 0:00.27
2928 0.0 0.2 0:00.27
2928 0.0 0.2 0:00.27
2928 0.0 0.2 0:00.27
2928 0.0 0.2 0:00.27
2928 0.0 0.2 0:00.27
2928 0.0 0.2 0:00.27
2928 0.0 0.2 0:00.27
2928 0.0 0.2 0:00.27
2928 0.0 0.2 0:00.27
2928 0.0 0.2 0:00.27
2928 0.0 0.2 0:00.27
2928 0.0 0.2 0:00.27
2928 0.0 0.2 0:00.27
2928 0.0 0.2 0:00.27
2928 0.0 0.2 0:00.27
2928 0.0 0.2 0:00.27
2928 0.0 0.2 0:00.27
2928 0.0 0.2 0:00.27
2928 0.0 0.2 0:00.27
2928 0.0 0.2 0:00.27
2928 0.0 0.2 0:00.27
2928 0.0 0.2 0:00.27
2928 0.0 0.2 0:00.27
2928 0.0 0.2 0:00.27
2928 0.0 0.2 0:00.27
2928 0.0 0.2 0:00.27
2928 0.0 0.2 0:00.27
2928 0.0 0.2 0:00.27
2928 0.0 0.2 0:00.27
2928 0.0 0.2 0:00.27
2928 0.0 0.2 0:00.27
2928 0.0 0.2 0:00.27
2928 0.0 0.2 0:00.27
2928 0.0 0.2 0:00.27
2928 0.0 0.2 0:00.27
2928 0.0 0.2 0:00.27
2928 0.0 0.2 0:00.27
2928 0.0 0.2 0:00.27
2928 0.0 0.2 0:00.27
2928 0.0 0.2 0:00.27
2928 0.0 0.2 0:00.27
2928 0.0 0.2 0:00.27
2928 0.0 0.2 0:00.27
2928 0.0 0.2 0:00.27
2928 0.0 0.2 0:00.27
2928 0.0 0.2 0:00.27
2928 0.0 0.2 0:00.27
2928 0.0 0.2 0:00.27
2928 0.0 0.2 0:00.27
2928 0.0 0.2 0:00.27
2928 0.0 0.2 0:00.27
2928 0.0 0.2 0:00.27
2928 0.0 0.2 0:00.27
2928 0.0 0.2 0:00.27
2928 0.0 0.2 0:00.27
2928 0.0 0.2 0:00.27
2928 0.0 0.2 0:00.27
2928 0.0 0.2 0:00.27
2928 0.0 0.2 0:00.27
2928 0.0 0.2 0:00.27
2928 0.0 0.2 0:00.27
2928 0.0 0.2 0:00.27
