2939 0.0 0.2 0:00.75
2939 0.0 0.2 0:00.75
2939 0.0 0.2 0:00.75
2939 0.0 0.2 0:00.75
2939 0.0 0.2 0:00.75
2939 0.0 0.2 0:00.75
2939 0.0 0.2 0:00.75
2939 0.0 0.2 0:00.75
2939 0.0 0.2 0:00.75
2939 0.0 0.2 0:00.75
2939 0.0 0.2 0:00.75
2939 0.0 0.2 0:00.75
2939 0.0 0.2 0:00.75
2939 0.0 0.2 0:00.75
2939 0.0 0.2 0:00.75
2939 0.0 0.2 0:00.75
2939 0.0 0.2 0:00.75
2939 0.0 0.2 0:00.75
2939 0.0 0.2 0:00.75
2939 0.0 0.2 0:00.75
2939 0.0 0.2 0:00.75
2939 0.0 0.2 0:00.75
2939 0.0 0.2 0:00.75
2939 0.0 0.2 0:00.75
2939 0.0 0.2 0:00.75
2939 0.0 0.2 0:00.75
2939 0.0 0.2 0:00.75
2939 0.0 0.2 0:00.75
2939 0.0 0.2 0:00.75
2939 0.0 0.2 0:00.75
2939 0.0 0.2 0:00.75
2939 0.0 0.2 0:00.75
2939 0.0 0.2 0:00.76
2939 0.0 0.2 0:00.76
2939 0.0 0.2 0:00.76
2939 0.0 0.2 0:00.76
2939 0.0 0.2 0:00.76
2939 0.0 0.2 0:00.76
2939 0.0 0.2 0:00.76
2939 0.0 0.2 0:00.76
2939 0.0 0.2 0:00.76
2939 0.0 0.2 0:00.76
2939 0.0 0.2 0:00.76
2939 0.0 0.2 0:00.76
2939 0.0 0.2 0:00.76
2939 0.0 0.2 0:00.76
2939 0.0 0.2 0:00.76
2939 0.0 0.2 0:00.76
2939 0.0 0.2 0:00.76
2939 0.0 0.2 0:00.76
2939 0.0 0.2 0:00.76
2939 0.0 0.2 0:00.76
2939 0.0 0.2 0:00.76
2939 0.0 0.2 0:00.76
2939 0.0 0.2 0:00.76
2939 0.0 0.2 0:00.76
2939 0.0 0.2 0:00.76
2939 0.0 0.2 0:00.76
2939 0.0 0.2 0:00.76
2939 0.0 0.2 0:00.76
2939 0.0 0.2 0:00.76
2939 0.0 0.2 0:00.76
2939 0.0 0.2 0:00.76
2939 0.0 0.2 0:00.76
2939 0.0 0.2 0:00.76
2939 0.0 0.2 0:00.76
2939 0.0 0.2 0:00.76
2939 0.0 0.2 0:00.76
2939 0.0 0.2 0:00.76
2939 0.0 0.2 0:00.76
2939 0.0 0.2 0:00.76
2939 0.0 0.2 0:00.76
2939 0.0 0.2 0:00.76
2939 0.0 0.2 0:00.76
2939 0.0 0.2 0:00.76
