2939 0.0 0.1 0:00.08
2939 0.0 0.1 0:00.09
2939 0.0 0.1 0:00.11
2939 0.0 0.1 0:00.11
2939 0.0 0.1 0:00.11
2939 0.0 0.1 0:00.11
2939 0.0 0.1 0:00.11
2939 0.0 0.1 0:00.11
2939 0.0 0.1 0:00.11
2939 0.0 0.1 0:00.11
2939 0.0 0.1 0:00.11
2939 0.0 0.1 0:00.11
2939 0.0 0.1 0:00.11
2939 0.0 0.1 0:00.11
2939 0.0 0.1 0:00.11
2939 0.0 0.1 0:00.11
2939 0.0 0.1 0:00.11
2939 0.0 0.1 0:00.11
2939 0.0 0.1 0:00.11
2939 0.0 0.1 0:00.11
2939 0.0 0.1 0:00.11
2939 0.0 0.1 0:00.11
2939 0.0 0.1 0:00.11
2939 0.0 0.1 0:00.11
2939 0.0 0.1 0:00.11
2939 0.0 0.1 0:00.11
2939 0.0 0.1 0:00.11
2939 0.0 0.1 0:00.11
2939 0.0 0.1 0:00.11
2939 0.0 0.1 0:00.11
2939 0.0 0.1 0:00.11
2939 0.0 0.1 0:00.11
2939 0.0 0.1 0:00.11
2939 0.0 0.1 0:00.11
2939 0.0 0.1 0:00.11
2939 0.0 0.1 0:00.11
2939 0.0 0.1 0:00.11
2939 0.0 0.1 0:00.11
2939 0.0 0.1 0:00.11
2939 0.0 0.1 0:00.11
2939 0.0 0.1 0:00.11
2939 0.0 0.1 0:00.11
2939 0.0 0.1 0:00.11
2939 0.0 0.1 0:00.12
2939 0.0 0.1 0:00.12
2939 0.0 0.1 0:00.12
2939 0.0 0.1 0:00.12
2939 0.0 0.1 0:00.12
2939 5.6 0.1 0:00.14
2939 0.0 0.1 0:00.14
2939 0.0 0.1 0:00.14
2939 0.0 0.1 0:00.14
2939 0.0 0.1 0:00.14
2939 0.0 0.1 0:00.14
2939 0.0 0.1 0:00.14
2939 0.0 0.1 0:00.14
2939 0.0 0.1 0:00.14
2939 0.0 0.1 0:00.14
2939 0.0 0.1 0:00.14
2939 0.0 0.1 0:00.14
2939 0.0 0.1 0:00.14
2939 0.0 0.1 0:00.14
2939 0.0 0.1 0:00.14
2939 0.0 0.1 0:00.14
2939 0.0 0.1 0:00.14
2939 0.0 0.1 0:00.14
2939 0.0 0.1 0:00.14
2939 0.0 0.1 0:00.15
2939 0.0 0.1 0:00.15
2939 0.0 0.1 0:00.15
2939 0.0 0.1 0:00.15
2939 0.0 0.1 0:00.15
2939 0.0 0.1 0:00.15
2939 0.0 0.1 0:00.15
2939 0.0 0.1 0:00.15
