2940 10.0 0.2 0:00.19
2940 0.0 0.2 0:00.19
2940 0.0 0.2 0:00.19
2940 0.0 0.2 0:00.19
2940 0.0 0.2 0:00.19
2940 0.0 0.2 0:00.19
2940 0.0 0.2 0:00.19
2940 0.0 0.2 0:00.19
2940 0.0 0.2 0:00.19
2940 0.0 0.2 0:00.19
2940 0.0 0.2 0:00.19
2940 0.0 0.2 0:00.19
2940 0.0 0.2 0:00.19
2940 0.0 0.2 0:00.19
2940 0.0 0.2 0:00.19
2940 0.0 0.2 0:00.19
2940 0.0 0.2 0:00.19
2940 0.0 0.2 0:00.19
2940 0.0 0.2 0:00.19
2940 0.0 0.2 0:00.19
2940 0.0 0.2 0:00.19
2940 0.0 0.2 0:00.19
2940 0.0 0.2 0:00.19
2940 0.0 0.2 0:00.19
2940 0.0 0.2 0:00.19
2940 0.0 0.2 0:00.19
2940 0.0 0.2 0:00.19
2940 0.0 0.2 0:00.19
2940 0.0 0.2 0:00.19
2940 0.0 0.2 0:00.19
2940 0.0 0.2 0:00.19
2940 0.0 0.2 0:00.19
2940 0.0 0.2 0:00.19
2940 0.0 0.2 0:00.19
2940 0.0 0.2 0:00.19
2940 0.0 0.2 0:00.19
2940 0.0 0.2 0:00.19
2940 0.0 0.2 0:00.19
2940 0.0 0.2 0:00.19
2940 0.0 0.2 0:00.19
2940 0.0 0.2 0:00.19
2940 0.0 0.2 0:00.19
2940 0.0 0.2 0:00.19
2940 0.0 0.2 0:00.19
2940 0.0 0.2 0:00.19
2940 0.0 0.2 0:00.19
2940 0.0 0.2 0:00.19
2940 0.0 0.2 0:00.19
2940 0.0 0.2 0:00.19
2940 0.0 0.2 0:00.19
2940 0.0 0.2 0:00.19
2940 0.0 0.2 0:00.19
2940 0.0 0.2 0:00.19
2940 0.0 0.2 0:00.19
2940 0.0 0.2 0:00.19
2940 0.0 0.2 0:00.19
2940 0.0 0.2 0:00.19
2940 0.0 0.2 0:00.19
2940 0.0 0.2 0:00.19
2940 0.0 0.2 0:00.19
2940 0.0 0.2 0:00.19
2940 0.0 0.2 0:00.19
2940 0.0 0.2 0:00.19
2940 0.0 0.2 0:00.19
2940 0.0 0.2 0:00.19
2940 0.0 0.2 0:00.19
2940 0.0 0.2 0:00.19
2940 0.0 0.2 0:00.19
2940 0.0 0.2 0:00.19
2940 0.0 0.2 0:00.19
2940 0.0 0.2 0:00.19
2940 0.0 0.2 0:00.19
2940 0.0 0.2 0:00.19
