2940 0.0 0.2 0:00.22
2940 0.0 0.2 0:00.23
2940 0.0 0.2 0:00.23
2940 0.0 0.2 0:00.23
2940 0.0 0.2 0:00.23
2940 0.0 0.2 0:00.23
2940 0.0 0.2 0:00.23
2940 0.0 0.2 0:00.23
2940 0.0 0.2 0:00.23
2940 0.0 0.2 0:00.23
2940 0.0 0.2 0:00.23
2940 0.0 0.2 0:00.23
2940 0.0 0.2 0:00.23
2940 0.0 0.2 0:00.23
2940 0.0 0.2 0:00.23
2940 0.0 0.2 0:00.23
2940 0.0 0.2 0:00.23
2940 0.0 0.2 0:00.23
2940 0.0 0.2 0:00.23
2940 0.0 0.2 0:00.23
2940 0.0 0.2 0:00.23
2940 0.0 0.2 0:00.23
2940 0.0 0.2 0:00.23
2940 0.0 0.2 0:00.23
2940 0.0 0.2 0:00.23
2940 0.0 0.2 0:00.23
2940 0.0 0.2 0:00.23
2940 0.0 0.2 0:00.23
2940 0.0 0.2 0:00.23
2940 0.0 0.2 0:00.23
2940 0.0 0.2 0:00.23
2940 0.0 0.2 0:00.23
2940 0.0 0.2 0:00.23
2940 0.0 0.2 0:00.23
2940 0.0 0.2 0:00.23
2940 0.0 0.2 0:00.23
2940 0.0 0.2 0:00.23
2940 0.0 0.2 0:00.23
2940 0.0 0.2 0:00.23
2940 0.0 0.2 0:00.23
2940 0.0 0.2 0:00.23
2940 0.0 0.2 0:00.23
2940 0.0 0.2 0:00.23
2940 0.0 0.2 0:00.23
2940 0.0 0.2 0:00.23
2940 0.0 0.2 0:00.23
2940 0.0 0.2 0:00.23
2940 0.0 0.2 0:00.23
2940 0.0 0.2 0:00.23
2940 0.0 0.2 0:00.23
2940 0.0 0.2 0:00.23
2940 0.0 0.2 0:00.23
2940 0.0 0.2 0:00.23
2940 0.0 0.2 0:00.23
2940 0.0 0.2 0:00.23
2940 0.0 0.2 0:00.23
2940 0.0 0.2 0:00.23
2940 0.0 0.2 0:00.23
2940 0.0 0.2 0:00.23
2940 0.0 0.2 0:00.23
2940 0.0 0.2 0:00.23
2940 0.0 0.2 0:00.23
2940 0.0 0.2 0:00.23
2940 0.0 0.2 0:00.23
2940 0.0 0.2 0:00.23
2940 0.0 0.2 0:00.23
2940 0.0 0.2 0:00.23
2940 0.0 0.2 0:00.23
2940 0.0 0.2 0:00.23
2940 0.0 0.2 0:00.23
2940 0.0 0.2 0:00.23
2940 0.0 0.2 0:00.23
2940 0.0 0.2 0:00.23
2940 0.0 0.2 0:00.23
2940 0.0 0.2 0:00.23
2940 0.0 0.2 0:00.23
