12140 17.4 0.1 0:55.15
12140 15.8 0.1 0:55.40
12140 20.0 0.1 0:55.60
12140 16.7 0.1 0:55.79
12140 26.3 0.1 0:56.04
12140 20.0 0.1 0:56.31
12140 19.0 0.1 0:56.54
12140 15.0 0.1 0:56.77
12140 19.0 0.1 0:56.97
12140 14.3 0.1 0:57.19
12140 20.0 0.1 0:57.45
12140 9.1 0.1 0:57.68
12140 14.3 0.1 0:57.88
12140 27.8 0.1 0:58.09
12140 20.0 0.1 0:58.32
12140 9.5 0.1 0:58.52
12140 25.0 0.1 0:58.79
12140 13.0 0.1 0:58.98
12140 15.0 0.1 0:59.20
12140 19.0 0.1 0:59.43
12140 25.0 0.1 0:59.67
12140 0.0 0.1 0:59.71
