12141 15.8 0.1 0:30.40
12141 9.5 0.1 0:30.53
12141 13.6 0.1 0:30.67
12141 10.0 0.1 0:30.80
12141 9.5 0.1 0:30.90
12141 10.5 0.1 0:31.03
12141 10.5 0.1 0:31.20
12141 5.3 0.1 0:31.30
12141 10.5 0.1 0:31.40
12141 10.5 0.1 0:31.53
12141 5.0 0.1 0:31.65
12141 10.5 0.1 0:31.84
12141 9.7 0.1 0:32.01
12141 13.0 0.1 0:32.18
12141 15.8 0.1 0:32.34
12141 10.0 0.1 0:32.44
12141 13.0 0.1 0:32.59
12141 10.0 0.1 0:32.72
12141 15.8 0.1 0:32.84
12141 10.0 0.1 0:32.92
12141 10.0 0.1 0:33.05
12141 0.0 0.1 0:33.07
12141 0.0 0.1 0:33.07
