3674 0.0 0.3 2:06.62
3674 5.3 0.3 2:06.67
3674 0.0 0.3 2:06.68
3674 0.0 0.3 2:06.70
3674 0.0 0.3 2:06.71
3674 0.0 0.3 2:06.72
3674 0.0 0.3 2:06.74
3674 0.0 0.3 2:06.75
3674 0.0 0.3 2:06.76
3674 0.0 0.3 2:06.77
3674 5.6 0.3 2:06.79
3674 0.0 0.3 2:06.80
3674 0.0 0.3 2:06.82
3674 0.0 0.3 2:06.85
3674 5.3 0.3 2:06.87
3674 0.0 0.3 2:06.89
3674 0.0 0.3 2:06.91
3674 0.0 0.3 2:06.93
3674 3.0 0.3 2:06.97
3674 0.0 0.3 2:06.99
3674 0.0 0.3 2:07.02
3674 5.3 0.3 2:07.05
3674 0.0 0.3 2:07.07
3674 0.0 0.3 2:07.10
3674 0.0 0.3 2:07.14
3674 0.0 0.3 2:07.19
3674 0.0 0.3 2:07.24
3674 5.3 0.3 2:07.28
3674 5.0 0.3 2:07.32
3674 5.3 0.3 2:07.37
3674 0.0 0.3 2:07.41
3674 0.0 0.3 2:07.46
3674 5.3 0.3 2:07.51
3674 4.8 0.3 2:07.55
3674 5.3 0.3 2:07.59
3674 5.3 0.3 2:07.64
3674 5.3 0.3 2:07.68
3674 5.3 0.3 2:07.72
3674 0.0 0.3 2:07.76
3674 4.5 0.3 2:07.81
3674 5.3 0.3 2:07.86
3674 0.0 0.3 2:07.90
3674 5.3 0.3 2:07.94
3674 5.0 0.3 2:07.98
3674 5.3 0.3 2:08.01
3674 5.3 0.3 2:08.04
3674 5.3 0.3 2:08.07
3674 0.0 0.3 2:08.11
3674 10.5 0.3 2:08.17
3674 0.0 0.3 2:08.20
3674 4.8 0.3 2:08.24
3674 0.0 0.3 2:08.27
3674 0.0 0.3 2:08.31
3674 5.3 0.3 2:08.36
3674 5.0 0.3 2:08.41
3674 10.0 0.3 2:08.47
3674 5.0 0.3 2:08.51
3674 4.5 0.3 2:08.56
3674 5.3 0.3 2:08.60
3674 0.0 0.3 2:08.63
3674 5.3 0.3 2:08.66
3674 5.3 0.3 2:08.69
3674 0.0 0.3 2:08.71
3674 5.0 0.3 2:08.77
3674 0.0 0.3 2:08.80
3674 0.0 0.3 2:08.84
3674 0.0 0.3 2:08.87
3674 0.0 0.3 2:08.91
3674 0.0 0.3 2:08.95
3674 4.5 0.3 2:09.00
3674 0.0 0.3 2:09.03
3674 0.0 0.3 2:09.06
3674 0.0 0.3 2:09.09
3674 0.0 0.3 2:09.12
3674 5.3 0.3 2:09.16
3674 4.8 0.3 2:09.19
3674 10.5 0.3 2:09.23
3674 4.8 0.3 2:09.26
3674 5.6 0.3 2:09.30
3674 0.0 0.3 2:09.34
3674 0.0 0.3 2:09.37
3674 0.0 0.3 2:09.39
3674 4.5 0.3 2:09.42
3674 5.0 0.3 2:09.46
3674 5.0 0.3 2:09.49
3674 4.8 0.3 2:09.53
3674 5.6 0.3 2:09.56
3674 5.0 0.3 2:09.59
3674 5.0 0.3 2:09.62
3674 4.0 0.3 2:09.67
3674 5.0 0.3 2:09.72
3674 0.0 0.3 2:09.75
3674 9.1 0.3 2:09.81
3674 5.3 0.3 2:09.85
3674 5.6 0.3 2:09.88
3674 5.0 0.3 2:09.92
3674 9.5 0.3 2:09.96
3674 0.0 0.3 2:10.00
3674 10.0 0.3 2:10.06
3674 4.5 0.3 2:10.11
3674 0.0 0.3 2:10.15
3674 0.0 0.3 2:10.18
3674 0.0 0.3 2:10.22
3674 5.6 0.3 2:10.27
3674 0.0 0.3 2:10.32
3674 4.8 0.3 2:10.38
3674 0.0 0.3 2:10.43
3674 4.2 0.3 2:10.48
3674 0.0 0.3 2:10.52
3674 4.8 0.3 2:10.56
3674 5.3 0.3 2:10.59
3674 5.3 0.3 2:10.64
3674 4.5 0.3 2:10.68
3674 0.0 0.3 2:10.73
3674 5.0 0.3 2:10.78
3674 4.8 0.3 2:10.82
3674 2.7 0.3 2:10.87
3674 0.0 0.3 2:10.90
3674 0.0 0.3 2:10.94
3674 5.3 0.3 2:10.99
3674 5.0 0.3 2:11.03
3674 5.3 0.3 2:11.08
3674 0.0 0.3 2:11.12
3674 5.0 0.3 2:11.17
3674 0.0 0.3 2:11.19
3674 0.0 0.3 2:11.22
3674 0.0 0.3 2:11.24
3674 0.0 0.3 2:11.27
3674 0.0 0.3 2:11.30
3674 5.3 0.3 2:11.33
3674 4.8 0.3 2:11.36
3674 5.0 0.3 2:11.39
3674 0.0 0.3 2:11.41
3674 5.0 0.3 2:11.45
3674 0.0 0.3 2:11.46
3674 5.3 0.3 2:11.52
3674 0.0 0.3 2:11.55
3674 5.3 0.3 2:11.57
3674 0.0 0.3 2:11.59
3674 0.0 0.3 2:11.62
3674 0.0 0.3 2:11.64
3674 4.8 0.3 2:11.67
3674 0.0 0.3 2:11.69
3674 0.0 0.3 2:11.72
3674 0.0 0.3 2:11.75
3674 5.0 0.3 2:11.78
3674 5.3 0.3 2:11.81
3674 5.3 0.3 2:11.83
3674 5.3 0.3 2:11.86
3674 0.0 0.3 2:11.88
3674 5.3 0.3 2:11.91
3674 0.0 0.3 2:11.92
3674 0.0 0.3 2:11.95
3674 0.0 0.3 2:11.97
3674 0.0 0.3 2:11.99
3674 5.3 0.3 2:12.02
3674 0.0 0.3 2:12.04
3674 5.0 0.3 2:12.06
3674 0.0 0.3 2:12.08
3674 0.0 0.3 2:12.12
3674 0.0 0.3 2:12.15
3674 0.0 0.3 2:12.18
3674 5.3 0.3 2:12.21
3674 5.3 0.3 2:12.24
3674 5.6 0.3 2:12.28
3674 0.0 0.3 2:12.31
3674 5.3 0.3 2:12.34
3674 3.2 0.3 2:12.37
3674 0.0 0.3 2:12.40
3674 5.3 0.3 2:12.44
3674 0.0 0.3 2:12.47
3674 5.6 0.3 2:12.51
3674 0.0 0.3 2:12.54
3674 5.6 0.3 2:12.58
3674 0.0 0.3 2:12.60
3674 5.3 0.3 2:12.63
3674 0.0 0.3 2:12.66
3674 5.3 0.3 2:12.68
3674 0.0 0.3 2:12.70
3674 0.0 0.3 2:12.72
3674 0.0 0.3 2:12.75
3674 5.0 0.3 2:12.79
3674 5.3 0.3 2:12.82
3674 0.0 0.3 2:12.85
3674 0.0 0.3 2:12.87
3674 5.3 0.3 2:12.90
3674 0.0 0.3 2:12.91
3674 0.0 0.3 2:12.94
3674 5.3 0.3 2:12.97
3674 5.3 0.3 2:13.00
3674 0.0 0.3 2:13.02
3674 5.3 0.3 2:13.05
3674 5.3 0.3 2:13.08
3674 5.3 0.3 2:13.11
3674 0.0 0.3 2:13.13
3674 5.6 0.3 2:13.15
3674 0.0 0.3 2:13.17
3674 5.0 0.3 2:13.20
3674 0.0 0.3 2:13.22
3674 0.0 0.3 2:13.25
3674 5.6 0.3 2:13.28
3674 0.0 0.3 2:13.31
3674 0.0 0.3 2:13.34
3674 5.3 0.3 2:13.37
3674 0.0 0.3 2:13.39
3674 0.0 0.3 2:13.41
3674 5.6 0.3 2:13.45
3674 0.0 0.3 2:13.48
3674 5.3 0.3 2:13.51
3674 5.3 0.3 2:13.54
3674 5.3 0.3 2:13.56
3674 5.3 0.3 2:13.59
3674 5.3 0.3 2:13.62
3674 0.0 0.3 2:13.64
3674 0.0 0.3 2:13.67
3674 0.0 0.3 2:13.70
3674 5.0 0.3 2:13.72
3674 5.3 0.3 2:13.76
3674 0.0 0.3 2:13.80
3674 0.0 0.3 2:13.85
3674 5.3 0.3 2:13.88
3674 0.0 0.3 2:13.91
3674 0.0 0.3 2:13.93
3674 0.0 0.3 2:13.96
3674 5.3 0.3 2:13.98
3674 5.6 0.3 2:14.01
3674 0.0 0.3 2:14.02
3674 5.3 0.3 2:14.05
3674 0.0 0.3 2:14.07
3674 5.6 0.3 2:14.10
3674 0.0 0.3 2:14.12
3674 0.0 0.3 2:14.14
3674 0.0 0.3 2:14.16
3674 0.0 0.3 2:14.18
3674 5.0 0.3 2:14.20
3674 5.0 0.3 2:14.22
3674 5.3 0.3 2:14.25
3674 5.3 0.3 2:14.28
3674 5.6 0.3 2:14.31
3674 5.3 0.3 2:14.34
3674 5.6 0.3 2:14.37
3674 0.0 0.3 2:14.39
3674 0.0 0.3 2:14.42
3674 5.6 0.3 2:14.45
3674 5.6 0.3 2:14.48
3674 5.3 0.3 2:14.51
3674 0.0 0.3 2:14.54
3674 0.0 0.3 2:14.57
3674 0.0 0.3 2:14.60
3674 5.3 0.3 2:14.63
3674 5.3 0.3 2:14.67
3674 5.6 0.3 2:14.70
3674 0.0 0.3 2:14.72
3674 5.6 0.3 2:14.75
3674 5.3 0.3 2:14.78
3674 0.0 0.3 2:14.82
3674 0.0 0.3 2:14.85
3674 5.3 0.3 2:14.89
3674 0.0 0.3 2:14.92
3674 5.3 0.3 2:14.95
3674 0.0 0.3 2:14.98
3674 0.0 0.3 2:15.01
3674 0.0 0.3 2:15.04
3674 0.0 0.3 2:15.06
3674 0.0 0.3 2:15.09
3674 0.0 0.3 2:15.12
3674 10.5 0.3 2:15.17
3674 5.3 0.3 2:15.20
3674 0.0 0.3 2:15.23
3674 0.0 0.3 2:15.26
3674 4.8 0.3 2:15.31
3674 4.8 0.3 2:15.35
3674 5.3 0.3 2:15.39
3674 5.3 0.3 2:15.42
3674 0.0 0.3 2:15.43
3674 5.3 0.3 2:15.46
3674 5.3 0.3 2:15.49
3674 0.0 0.3 2:15.51
3674 0.0 0.3 2:15.54
3674 0.0 0.3 2:15.57
3674 0.0 0.3 2:15.59
3674 5.3 0.3 2:15.62
3674 10.5 0.3 2:15.65
3674 0.0 0.3 2:15.66
3674 0.0 0.3 2:15.68
3674 0.0 0.3 2:15.72
3674 5.3 0.3 2:15.75
3674 0.0 0.3 2:15.77
3674 0.0 0.3 2:15.79
3674 5.6 0.3 2:15.82
3674 0.0 0.3 2:15.84
3674 0.0 0.3 2:15.86
3674 0.0 0.3 2:15.89
3674 5.3 0.3 2:15.91
3674 0.0 0.3 2:15.93
3674 5.3 0.3 2:15.96
3674 5.0 0.3 2:15.99
3674 5.3 0.3 2:16.01
3674 5.3 0.3 2:16.05
3674 5.6 0.3 2:16.07
3674 5.3 0.3 2:16.09
3674 0.0 0.3 2:16.11
3674 0.0 0.3 2:16.13
3674 0.0 0.3 2:16.15
3674 0.0 0.3 2:16.18
3674 0.0 0.3 2:16.20
3674 5.3 0.3 2:16.24
3674 5.3 0.3 2:16.27
3674 5.3 0.3 2:16.30
3674 0.0 0.2 2:16.32
3674 0.0 0.2 2:16.32
