3674 10.5 0.3 1:23.69
3674 5.6 0.3 1:23.75
3674 5.3 0.3 1:23.78
3674 0.0 0.3 1:23.79
3674 0.0 0.3 1:23.82
3674 0.0 0.3 1:23.85
3674 0.0 0.3 1:23.88
3674 5.3 0.3 1:23.91
3674 0.0 0.3 1:23.95
3674 0.0 0.3 1:23.97
3674 5.3 0.3 1:24.00
3674 5.0 0.3 1:24.04
3674 0.0 0.3 1:24.06
3674 0.0 0.3 1:24.08
3674 5.3 0.3 1:24.11
3674 5.6 0.3 1:24.14
3674 5.6 0.3 1:24.17
3674 0.0 0.3 1:24.19
3674 5.3 0.3 1:24.22
3674 0.0 0.3 1:24.24
3674 0.0 0.3 1:24.27
3674 10.5 0.3 1:24.32
3674 10.5 0.3 1:24.35
3674 5.3 0.3 1:24.38
3674 5.3 0.3 1:24.41
3674 5.6 0.3 1:24.44
3674 5.3 0.3 1:24.47
3674 5.3 0.3 1:24.51
3674 0.0 0.3 1:24.53
3674 0.0 0.3 1:24.56
3674 0.0 0.3 1:24.62
3674 5.3 0.3 1:24.65
3674 5.6 0.3 1:24.67
3674 0.0 0.3 1:24.69
3674 0.0 0.3 1:24.73
3674 0.0 0.3 1:24.76
3674 0.0 0.3 1:24.80
3674 0.0 0.3 1:24.84
3674 0.0 0.3 1:24.87
3674 5.3 0.3 1:24.90
3674 0.0 0.3 1:24.92
3674 0.0 0.3 1:24.95
3674 0.0 0.3 1:24.98
3674 5.3 0.3 1:25.03
3674 0.0 0.3 1:25.06
3674 0.0 0.3 1:25.09
3674 5.3 0.3 1:25.13
3674 5.3 0.3 1:25.18
3674 4.5 0.3 1:25.22
3674 5.0 0.3 1:25.25
3674 5.0 0.3 1:25.28
3674 0.0 0.3 1:25.31
3674 0.0 0.3 1:25.34
3674 5.6 0.3 1:25.41
3674 4.8 0.3 1:25.46
3674 10.5 0.3 1:25.51
3674 0.0 0.3 1:25.53
3674 5.0 0.3 1:25.58
3674 5.0 0.3 1:25.61
3674 0.0 0.3 1:25.64
3674 0.0 0.3 1:25.68
3674 5.3 0.3 1:25.72
3674 5.3 0.3 1:25.76
3674 0.0 0.3 1:25.79
3674 11.1 0.3 1:25.85
3674 5.3 0.3 1:25.89
3674 5.6 0.3 1:25.93
3674 0.0 0.3 1:25.95
3674 0.0 0.3 1:25.98
3674 5.6 0.3 1:26.01
3674 5.6 0.3 1:26.05
3674 10.5 0.3 1:26.09
3674 0.0 0.3 1:26.12
3674 0.0 0.3 1:26.15
3674 10.5 0.3 1:26.19
3674 0.0 0.3 1:26.22
3674 10.5 0.3 1:26.26
3674 0.0 0.3 1:26.28
3674 0.0 0.3 1:26.31
3674 0.0 0.3 1:26.35
3674 0.0 0.3 1:26.39
3674 5.6 0.3 1:26.45
3674 0.0 0.3 1:26.50
3674 5.3 0.3 1:26.55
3674 5.6 0.3 1:26.61
3674 0.0 0.3 1:26.64
3674 0.0 0.3 1:26.67
3674 0.0 0.3 1:26.71
3674 15.8 0.3 1:26.76
3674 0.0 0.3 1:26.78
3674 5.3 0.3 1:26.82
3674 5.0 0.3 1:26.86
3674 10.5 0.3 1:26.90
3674 0.0 0.3 1:26.92
3674 0.0 0.3 1:26.95
3674 0.0 0.3 1:26.99
3674 0.0 0.3 1:27.03
3674 5.6 0.3 1:27.08
3674 5.0 0.3 1:27.11
3674 0.0 0.3 1:27.14
3674 0.0 0.3 1:27.18
3674 5.0 0.3 1:27.24
3674 0.0 0.3 1:27.28
3674 10.0 0.3 1:27.34
3674 10.5 0.3 1:27.39
3674 5.6 0.3 1:27.42
3674 10.5 0.3 1:27.46
3674 0.0 0.3 1:27.48
3674 0.0 0.3 1:27.52
3674 0.0 0.3 1:27.55
3674 0.0 0.3 1:27.58
3674 0.0 0.3 1:27.62
3674 5.6 0.3 1:27.65
3674 0.0 0.3 1:27.67
3674 0.0 0.3 1:27.69
3674 5.6 0.3 1:27.74
3674 5.0 0.3 1:27.79
3674 0.0 0.3 1:27.82
3674 0.0 0.3 1:27.86
3674 5.3 0.3 1:27.90
3674 0.0 0.3 1:27.93
3674 0.0 0.3 1:27.97
3674 5.3 0.3 1:28.01
3674 5.3 0.3 1:28.04
3674 0.0 0.3 1:28.07
3674 5.3 0.3 1:28.12
3674 0.0 0.3 1:28.15
3674 0.0 0.3 1:28.19
3674 0.0 0.3 1:28.22
3674 0.0 0.3 1:28.25
3674 5.3 0.3 1:28.29
3674 0.0 0.3 1:28.34
3674 5.0 0.3 1:28.39
3674 5.3 0.3 1:28.43
3674 5.3 0.3 1:28.46
3674 0.0 0.3 1:28.50
3674 10.5 0.3 1:28.55
3674 0.0 0.3 1:28.58
3674 5.3 0.3 1:28.62
3674 0.0 0.3 1:28.64
3674 0.0 0.3 1:28.67
3674 5.3 0.3 1:28.72
3674 0.0 0.3 1:28.75
3674 5.3 0.3 1:28.79
3674 5.3 0.3 1:28.83
3674 0.0 0.3 1:28.86
3674 5.3 0.3 1:28.90
3674 0.0 0.3 1:28.92
3674 0.0 0.3 1:28.95
3674 0.0 0.2 1:28.99
3674 0.0 0.2 1:29.02
3674 3.7 0.2 1:29.06
3674 6.5 0.2 1:29.11
3674 0.0 0.2 1:29.15
3674 0.0 0.2 1:29.18
3674 4.3 0.2 1:29.22
3674 11.1 0.2 1:29.27
3674 0.0 0.2 1:29.30
3674 0.0 0.2 1:29.35
3674 5.3 0.2 1:29.39
3674 5.6 0.2 1:29.42
3674 5.3 0.2 1:29.47
3674 0.0 0.2 1:29.50
3674 5.6 0.2 1:29.53
3674 5.0 0.2 1:29.57
3674 0.0 0.2 1:29.60
3674 5.0 0.2 1:29.64
3674 0.0 0.2 1:29.67
3674 0.0 0.2 1:29.70
3674 0.0 0.2 1:29.74
3674 5.3 0.2 1:29.78
3674 5.0 0.2 1:29.82
3674 5.3 0.2 1:29.86
3674 5.3 0.2 1:29.90
3674 5.3 0.2 1:29.94
3674 5.3 0.2 1:29.99
3674 0.0 0.2 1:30.03
3674 5.6 0.2 1:30.07
3674 10.5 0.2 1:30.11
3674 0.0 0.2 1:30.13
3674 5.3 0.2 1:30.17
3674 5.3 0.2 1:30.22
3674 5.3 0.2 1:30.26
3674 0.0 0.2 1:30.30
3674 5.3 0.2 1:30.34
3674 5.3 0.2 1:30.37
3674 5.3 0.2 1:30.41
3674 0.0 0.2 1:30.43
3674 5.3 0.2 1:30.46
3674 10.5 0.2 1:30.51
3674 5.6 0.2 1:30.54
3674 5.6 0.2 1:30.57
3674 0.0 0.2 1:30.61
3674 0.0 0.2 1:30.67
3674 5.3 0.2 1:30.71
3674 0.0 0.2 1:30.75
3674 0.0 0.2 1:30.78
3674 5.3 0.2 1:30.83
3674 5.6 0.2 1:30.87
3674 5.3 0.2 1:30.91
3674 5.3 0.2 1:30.94
3674 5.3 0.2 1:30.97
3674 5.3 0.2 1:30.99
3674 10.5 0.2 1:31.05
3674 9.5 0.2 1:31.10
3674 5.3 0.2 1:31.14
3674 5.3 0.2 1:31.18
3674 0.0 0.2 1:31.21
3674 5.3 0.2 1:31.24
3674 4.8 0.2 1:31.28
3674 5.6 0.2 1:31.32
3674 5.0 0.2 1:31.38
3674 5.3 0.2 1:31.41
3674 0.0 0.2 1:31.43
3674 10.0 0.2 1:31.47
3674 5.3 0.2 1:31.50
3674 0.0 0.2 1:31.52
3674 0.0 0.2 1:31.56
3674 5.0 0.2 1:31.59
3674 5.0 0.2 1:31.62
3674 0.0 0.2 1:31.66
3674 5.0 0.2 1:31.71
3674 5.0 0.2 1:31.75
3674 0.0 0.2 1:31.79
3674 5.3 0.2 1:31.83
3674 0.0 0.2 1:31.85
3674 0.0 0.2 1:31.88
3674 0.0 0.2 1:31.91
3674 5.3 0.2 1:31.95
3674 5.3 0.2 1:31.98
3674 5.3 0.2 1:32.01
3674 0.0 0.2 1:32.03
3674 5.6 0.2 1:32.07
3674 0.0 0.2 1:32.10
3674 5.3 0.2 1:32.14
3674 0.0 0.2 1:32.16
3674 0.0 0.2 1:32.19
3674 5.3 0.2 1:32.22
3674 5.6 0.2 1:32.25
3674 0.0 0.2 1:32.28
3674 5.3 0.2 1:32.33
3674 5.3 0.2 1:32.37
3674 5.3 0.2 1:32.40
3674 5.3 0.2 1:32.45
3674 5.3 0.2 1:32.48
3674 5.0 0.2 1:32.53
3674 5.0 0.2 1:32.56
3674 0.0 0.2 1:32.59
3674 5.3 0.2 1:32.63
3674 0.0 0.2 1:32.67
3674 5.3 0.2 1:32.71
3674 0.0 0.2 1:32.73
3674 5.3 0.2 1:32.76
3674 5.3 0.2 1:32.78
3674 10.5 0.2 1:32.82
3674 5.3 0.2 1:32.86
3674 0.0 0.2 1:32.91
3674 5.3 0.2 1:32.95
3674 0.0 0.2 1:32.99
3674 10.5 0.2 1:33.03
3674 5.3 0.2 1:33.06
3674 5.3 0.2 1:33.10
3674 0.0 0.2 1:33.13
3674 0.0 0.2 1:33.17
3674 11.1 0.2 1:33.24
3674 5.6 0.2 1:33.29
3674 5.3 0.2 1:33.34
3674 0.0 0.2 1:33.37
3674 0.0 0.2 1:33.42
3674 5.3 0.2 1:33.47
3674 5.3 0.2 1:33.51
3674 0.0 0.2 1:33.54
3674 0.0 0.2 1:33.57
3674 0.0 0.2 1:33.60
3674 5.3 0.2 1:33.66
3674 0.0 0.2 1:33.69
3674 5.0 0.2 1:33.73
3674 5.0 0.2 1:33.79
3674 5.6 0.2 1:33.83
3674 0.0 0.2 1:33.87
3674 0.0 0.2 1:33.90
3674 0.0 0.2 1:33.93
3674 5.6 0.2 1:33.97
3674 5.0 0.2 1:34.00
3674 10.5 0.2 1:34.04
3674 0.0 0.2 1:34.06
3674 5.3 0.2 1:34.10
3674 0.0 0.2 1:34.12
3674 0.0 0.2 1:34.15
3674 5.0 0.2 1:34.21
3674 5.3 0.2 1:34.24
3674 0.0 0.2 1:34.27
3674 5.6 0.2 1:34.30
3674 5.3 0.2 1:34.33
3674 5.3 0.2 1:34.37
3674 5.0 0.2 1:34.40
3674 0.0 0.2 1:34.42
3674 5.3 0.2 1:34.46
3674 0.0 0.2 1:34.49
3674 4.8 0.2 1:34.53
3674 5.3 0.2 1:34.57
3674 5.6 0.2 1:34.62
3674 0.0 0.2 1:34.65
3674 0.0 0.2 1:34.69
3674 0.0 0.2 1:34.72
3674 5.3 0.2 1:34.77
3674 0.0 0.2 1:34.81
3674 3.8 0.2 1:34.86
3674 0.0 0.2 1:34.90
3674 5.3 0.2 1:34.94
3674 0.0 0.2 1:34.97
3674 5.3 0.2 1:35.01
3674 0.0 0.2 1:35.03
3674 5.3 0.2 1:35.07
3674 5.3 0.2 1:35.10
3674 10.5 0.2 1:35.14
3674 5.6 0.2 1:35.17
3674 0.0 0.2 1:35.20
3674 0.0 0.2 1:35.22
3674 10.5 0.2 1:35.27
3674 0.0 0.2 1:35.31
3674 5.3 0.2 1:35.34
3674 0.0 0.2 1:35.37
3674 5.6 0.2 1:35.41
3674 0.0 0.2 1:35.43
3674 5.3 0.2 1:35.47
3674 4.8 0.2 1:35.51
3674 5.3 0.2 1:35.54
3674 0.0 0.2 1:35.57
3674 0.0 0.2 1:35.61
3674 0.0 0.2 1:35.66
3674 5.3 0.2 1:35.70
3674 5.6 0.2 1:35.74
3674 5.6 0.2 1:35.77
3674 0.0 0.2 1:35.79
3674 0.0 0.2 1:35.83
3674 0.0 0.2 1:35.88
3674 0.0 0.2 1:35.92
3674 4.3 0.2 1:35.96
3674 5.3 0.2 1:35.99
3674 5.3 0.2 1:36.03
3674 5.6 0.2 1:36.08
3674 0.0 0.2 1:36.11
3674 5.3 0.2 1:36.14
3674 5.3 0.2 1:36.17
3674 0.0 0.2 1:36.20
3674 0.0 0.2 1:36.23
3674 0.0 0.2 1:36.25
3674 0.0 0.2 1:36.28
3674 5.3 0.2 1:36.31
3674 5.6 0.2 1:36.34
3674 0.0 0.2 1:36.36
3674 0.0 0.2 1:36.39
3674 5.6 0.2 1:36.42
3674 11.1 0.2 1:36.47
3674 5.6 0.2 1:36.51
3674 5.3 0.2 1:36.55
3674 5.0 0.2 1:36.58
3674 0.0 0.2 1:36.61
3674 4.8 0.2 1:36.65
3674 5.6 0.2 1:36.68
3674 5.6 0.2 1:36.73
3674 5.3 0.2 1:36.77
3674 5.3 0.2 1:36.82
3674 5.3 0.2 1:36.86
3674 0.0 0.2 1:36.88
3674 0.0 0.2 1:36.92
3674 0.0 0.2 1:36.97
3674 5.3 0.2 1:37.01
3674 0.0 0.2 1:37.05
3674 0.0 0.2 1:37.09
3674 0.0 0.2 1:37.12
3674 0.0 0.2 1:37.15
3674 5.3 0.2 1:37.19
3674 5.3 0.2 1:37.22
3674 5.3 0.2 1:37.27
3674 5.0 0.2 1:37.31
3674 5.3 0.2 1:37.33
3674 5.6 0.2 1:37.36
3674 5.0 0.2 1:37.39
3674 0.0 0.2 1:37.42
3674 5.3 0.2 1:37.47
3674 5.0 0.2 1:37.51
3674 5.3 0.3 1:37.55
3674 5.0 0.3 1:37.59
3674 5.0 0.3 1:37.64
3674 0.0 0.3 1:37.69
3674 5.3 0.3 1:37.73
3674 0.0 0.3 1:37.76
3674 0.0 0.3 1:37.80
3674 5.0 0.3 1:37.83
3674 5.3 0.3 1:37.87
3674 5.3 0.3 1:37.92
3674 5.3 0.3 1:37.97
3674 5.6 0.3 1:38.02
3674 5.6 0.3 1:38.06
3674 5.3 0.3 1:38.10
3674 0.0 0.3 1:38.14
3674 5.3 0.3 1:38.18
3674 5.3 0.3 1:38.22
3674 0.0 0.3 1:38.25
3674 0.0 0.3 1:38.27
3674 0.0 0.3 1:38.30
3674 0.0 0.3 1:38.33
3674 0.0 0.3 1:38.36
3674 5.3 0.3 1:38.40
3674 5.3 0.3 1:38.43
3674 0.0 0.3 1:38.46
3674 0.0 0.3 1:38.49
3674 4.8 0.3 1:38.54
3674 5.0 0.3 1:38.58
3674 5.3 0.3 1:38.61
3674 5.3 0.3 1:38.67
3674 10.5 0.3 1:38.71
3674 5.0 0.3 1:38.75
3674 5.0 0.3 1:38.79
3674 0.0 0.3 1:38.83
3674 0.0 0.3 1:38.87
3674 0.0 0.3 1:38.91
3674 0.0 0.3 1:38.95
3674 0.0 0.3 1:38.98
3674 0.0 0.3 1:39.01
3674 0.0 0.3 1:39.04
3674 0.0 0.3 1:39.08
3674 5.3 0.3 1:39.12
3674 0.0 0.3 1:39.14
3674 5.3 0.3 1:39.17
3674 5.3 0.3 1:39.21
3674 0.0 0.3 1:39.24
3674 5.0 0.3 1:39.28
3674 0.0 0.3 1:39.30
3674 5.3 0.3 1:39.34
3674 0.0 0.3 1:39.37
3674 0.0 0.3 1:39.39
3674 0.0 0.3 1:39.42
3674 0.0 0.3 1:39.45
3674 5.3 0.3 1:39.49
3674 5.3 0.3 1:39.52
3674 5.6 0.3 1:39.55
3674 5.3 0.3 1:39.58
3674 0.0 0.3 1:39.61
3674 5.3 0.3 1:39.65
3674 0.0 0.3 1:39.67
3674 0.0 0.3 1:39.70
3674 0.0 0.3 1:39.73
3674 5.3 0.3 1:39.76
3674 5.3 0.3 1:39.79
3674 0.0 0.3 1:39.82
3674 0.0 0.3 1:39.86
3674 0.0 0.3 1:39.89
3674 0.0 0.3 1:39.93
3674 5.3 0.3 1:39.98
3674 5.0 0.3 1:40.02
3674 5.3 0.3 1:40.06
3674 5.6 0.3 1:40.10
3674 0.0 0.3 1:40.13
3674 0.0 0.3 1:40.17
3674 4.8 0.3 1:40.19
3674 5.3 0.3 1:40.22
3674 0.0 0.3 1:40.24
3674 3.7 0.3 1:40.29
3674 3.4 0.3 1:40.37
3674 3.0 0.3 1:40.41
3674 4.2 0.3 1:40.46
3674 4.8 0.3 1:40.50
3674 5.3 0.3 1:40.53
3674 5.6 0.3 1:40.56
3674 5.3 0.3 1:40.59
3674 0.0 0.3 1:40.61
3674 4.3 0.3 1:40.67
3674 0.0 0.3 1:40.71
3674 5.6 0.3 1:40.76
3674 4.8 0.3 1:40.80
3674 5.6 0.3 1:40.85
3674 5.0 0.3 1:40.91
3674 0.0 0.3 1:40.96
3674 4.3 0.3 1:41.01
3674 5.3 0.3 1:41.05
3674 0.0 0.3 1:41.11
3674 0.0 0.3 1:41.15
3674 0.0 0.3 1:41.19
3674 5.6 0.3 1:41.24
3674 5.0 0.3 1:41.28
3674 5.0 0.3 1:41.32
3674 4.2 0.3 1:41.38
3674 0.0 0.3 1:41.41
3674 5.0 0.3 1:41.47
3674 9.5 0.3 1:41.51
3674 0.0 0.3 1:41.55
3674 5.3 0.3 1:41.61
3674 0.0 0.3 1:41.64
3674 0.0 0.3 1:41.68
3674 0.0 0.3 1:41.73
3674 5.3 0.3 1:41.78
3674 0.0 0.3 1:41.82
3674 0.0 0.3 1:41.87
3674 0.0 0.3 1:41.91
3674 0.0 0.3 1:41.95
3674 0.0 0.3 1:41.99
3674 5.0 0.3 1:42.05
3674 4.8 0.3 1:42.10
3674 4.8 0.3 1:42.15
3674 5.3 0.3 1:42.21
3674 10.5 0.3 1:42.27
3674 5.6 0.3 1:42.31
3674 5.3 0.3 1:42.34
3674 10.5 0.3 1:42.40
3674 10.5 0.3 1:42.44
3674 0.0 0.3 1:42.47
3674 5.3 0.3 1:42.51
3674 0.0 0.3 1:42.54
3674 0.0 0.3 1:42.59
3674 5.0 0.3 1:42.65
3674 5.3 0.3 1:42.70
3674 5.0 0.3 1:42.73
3674 0.0 0.3 1:42.77
3674 5.0 0.3 1:42.81
3674 5.3 0.3 1:42.85
3674 0.0 0.3 1:42.91
3674 5.3 0.3 1:42.95
3674 5.6 0.3 1:42.98
3674 5.3 0.3 1:43.01
3674 5.3 0.3 1:43.04
3674 0.0 0.3 1:43.06
3674 5.0 0.3 1:43.10
3674 5.0 0.3 1:43.14
3674 5.0 0.3 1:43.18
3674 5.3 0.3 1:43.21
3674 0.0 0.3 1:43.23
3674 5.6 0.3 1:43.27
3674 0.0 0.3 1:43.31
3674 5.6 0.3 1:43.35
3674 0.0 0.3 1:43.39
3674 5.6 0.3 1:43.43
3674 10.5 0.3 1:43.49
3674 0.0 0.3 1:43.52
3674 0.0 0.3 1:43.56
3674 5.0 0.3 1:43.61
3674 5.0 0.3 1:43.65
3674 4.5 0.3 1:43.71
3674 5.0 0.3 1:43.76
3674 5.3 0.3 1:43.81
3674 4.5 0.3 1:43.87
3674 5.3 0.3 1:43.93
3674 5.0 0.3 1:43.99
3674 0.0 0.3 1:44.03
3674 0.0 0.3 1:44.07
3674 0.0 0.3 1:44.11
3674 5.3 0.3 1:44.14
3674 5.3 0.3 1:44.17
3674 5.6 0.3 1:44.20
3674 5.3 0.3 1:44.24
3674 0.0 0.3 1:44.28
3674 4.2 0.3 1:44.32
3674 5.0 0.3 1:44.37
3674 5.3 0.3 1:44.41
3674 5.3 0.3 1:44.46
3674 0.0 0.3 1:44.50
3674 4.5 0.3 1:44.56
3674 0.0 0.3 1:44.60
3674 0.0 0.3 1:44.64
3674 0.0 0.3 1:44.67
3674 5.0 0.3 1:44.72
3674 0.0 0.3 1:44.75
3674 4.2 0.3 1:44.80
3674 5.0 0.3 1:44.85
3674 4.3 0.3 1:44.90
3674 0.0 0.3 1:44.94
3674 0.0 0.3 1:44.99
3674 4.0 0.3 1:45.03
3674 0.0 0.3 1:45.07
3674 4.8 0.3 1:45.13
3674 5.0 0.3 1:45.18
3674 0.0 0.3 1:45.22
3674 0.0 0.3 1:45.27
3674 0.0 0.3 1:45.33
3674 0.0 0.3 1:45.38
3674 5.3 0.3 1:45.43
3674 0.0 0.3 1:45.46
3674 5.0 0.3 1:45.51
3674 10.5 0.3 1:45.55
3674 0.0 0.3 1:45.58
3674 0.0 0.3 1:45.61
3674 5.3 0.3 1:45.64
3674 0.0 0.3 1:45.65
