3674 0.0 0.2 2:45.24
3674 0.0 0.2 2:45.27
3674 10.5 0.2 2:45.30
3674 0.0 0.2 2:45.31
3674 0.0 0.2 2:45.31
3674 0.0 0.2 2:45.32
3674 0.0 0.2 2:45.33
3674 0.0 0.2 2:45.33
3674 5.3 0.2 2:45.34
3674 0.0 0.2 2:45.34
3674 0.0 0.2 2:45.34
3674 0.0 0.2 2:45.35
3674 0.0 0.2 2:45.35
3674 0.0 0.2 2:45.36
3674 0.0 0.2 2:45.36
3674 5.3 0.2 2:45.37
3674 5.0 0.2 2:45.38
3674 0.0 0.2 2:45.38
3674 0.0 0.2 2:45.38
3674 0.0 0.2 2:45.38
3674 0.0 0.2 2:45.39
3674 0.0 0.2 2:45.40
3674 0.0 0.2 2:45.40
3674 0.0 0.2 2:45.40
3674 0.0 0.2 2:45.41
3674 0.0 0.2 2:45.41
3674 0.0 0.2 2:45.41
3674 0.0 0.2 2:45.42
3674 0.0 0.2 2:45.42
3674 0.0 0.2 2:45.43
3674 0.0 0.2 2:45.43
3674 0.0 0.2 2:45.43
3674 5.6 0.2 2:45.44
3674 0.0 0.2 2:45.45
3674 0.0 0.2 2:45.45
3674 0.0 0.2 2:45.45
3674 0.0 0.2 2:45.46
3674 0.0 0.2 2:45.46
3674 0.0 0.2 2:45.46
3674 0.0 0.2 2:45.46
3674 0.0 0.2 2:45.46
3674 0.0 0.2 2:45.46
3674 0.0 0.2 2:45.47
3674 0.0 0.2 2:45.48
3674 0.0 0.2 2:45.48
3674 0.0 0.2 2:45.48
3674 0.0 0.2 2:45.49
3674 0.0 0.2 2:45.49
3674 0.0 0.2 2:45.49
3674 0.0 0.2 2:45.50
3674 5.3 0.2 2:45.52
3674 0.0 0.2 2:45.52
3674 0.0 0.2 2:45.52
3674 0.0 0.2 2:45.53
3674 0.0 0.2 2:45.53
3674 0.0 0.2 2:45.53
3674 0.0 0.2 2:45.55
3674 0.0 0.2 2:45.55
3674 0.0 0.2 2:45.55
3674 0.0 0.2 2:45.56
3674 0.0 0.2 2:45.56
3674 0.0 0.2 2:45.58
3674 0.0 0.2 2:45.58
3674 0.0 0.2 2:45.58
3674 0.0 0.2 2:45.58
3674 0.0 0.2 2:45.59
3674 0.0 0.2 2:45.59
3674 0.0 0.2 2:45.60
3674 0.0 0.2 2:45.60
3674 0.0 0.2 2:45.61
3674 0.0 0.2 2:45.61
3674 0.0 0.2 2:45.62
3674 0.0 0.2 2:45.62
3674 0.0 0.2 2:45.62
3674 0.0 0.2 2:45.63
3674 0.0 0.2 2:45.63
3674 0.0 0.2 2:45.63
3674 0.0 0.2 2:45.64
3674 0.0 0.2 2:45.65
3674 0.0 0.2 2:45.65
3674 0.0 0.2 2:45.65
3674 0.0 0.2 2:45.66
3674 0.0 0.2 2:45.66
3674 0.0 0.2 2:45.66
3674 0.0 0.2 2:45.66
3674 0.0 0.2 2:45.68
3674 0.0 0.2 2:45.68
3674 0.0 0.2 2:45.69
3674 0.0 0.2 2:45.69
3674 0.0 0.2 2:45.70
3674 0.0 0.2 2:45.71
3674 0.0 0.2 2:45.71
3674 0.0 0.2 2:45.73
3674 0.0 0.2 2:45.73
3674 0.0 0.2 2:45.73
3674 0.0 0.2 2:45.74
3674 0.0 0.2 2:45.74
3674 0.0 0.2 2:45.75
3674 0.0 0.2 2:45.75
3674 0.0 0.2 2:45.76
3674 0.0 0.2 2:45.76
3674 0.0 0.2 2:45.77
3674 0.0 0.2 2:45.78
3674 0.0 0.2 2:45.79
3674 0.0 0.2 2:45.79
3674 0.0 0.2 2:45.80
3674 0.0 0.2 2:45.80
3674 0.0 0.2 2:45.81
