3674 0.0 0.2 2:45.83
3674 0.0 0.2 2:45.86
3674 5.6 0.2 2:45.91
3674 0.0 0.2 2:45.93
3674 0.0 0.2 2:45.95
3674 0.0 0.2 2:45.97
3674 0.0 0.2 2:46.00
3674 5.3 0.2 2:46.02
3674 0.0 0.2 2:46.03
3674 5.3 0.2 2:46.04
3674 5.6 0.2 2:46.05
3674 0.0 0.2 2:46.06
3674 0.0 0.2 2:46.07
3674 0.0 0.2 2:46.07
3674 0.0 0.2 2:46.07
3674 5.3 0.2 2:46.08
3674 0.0 0.2 2:46.08
3674 0.0 0.2 2:46.10
3674 0.0 0.2 2:46.10
3674 0.0 0.2 2:46.11
3674 0.0 0.2 2:46.11
3674 0.0 0.2 2:46.11
3674 0.0 0.2 2:46.11
3674 0.0 0.2 2:46.11
3674 0.0 0.2 2:46.12
3674 0.0 0.2 2:46.12
3674 0.0 0.2 2:46.13
3674 0.0 0.2 2:46.13
3674 0.0 0.2 2:46.13
3674 0.0 0.2 2:46.14
3674 0.0 0.2 2:46.14
3674 0.0 0.2 2:46.14
3674 0.0 0.2 2:46.15
3674 0.0 0.2 2:46.15
3674 0.0 0.2 2:46.15
3674 0.0 0.2 2:46.16
3674 0.0 0.2 2:46.16
3674 0.0 0.2 2:46.17
3674 0.0 0.2 2:46.17
3674 0.0 0.2 2:46.17
3674 5.6 0.2 2:46.18
3674 0.0 0.2 2:46.18
3674 5.3 0.2 2:46.20
3674 0.0 0.2 2:46.20
3674 0.0 0.2 2:46.20
3674 0.0 0.2 2:46.21
3674 0.0 0.2 2:46.21
3674 0.0 0.2 2:46.21
3674 0.0 0.2 2:46.22
3674 5.3 0.2 2:46.23
3674 0.0 0.2 2:46.24
3674 0.0 0.2 2:46.25
3674 0.0 0.2 2:46.25
3674 0.0 0.2 2:46.25
3674 0.0 0.2 2:46.26
3674 0.0 0.2 2:46.26
3674 0.0 0.2 2:46.27
3674 0.0 0.2 2:46.28
3674 0.0 0.2 2:46.29
3674 0.0 0.2 2:46.29
3674 0.0 0.2 2:46.30
3674 0.0 0.2 2:46.30
3674 0.0 0.2 2:46.30
3674 0.0 0.2 2:46.30
3674 0.0 0.2 2:46.30
3674 0.0 0.2 2:46.31
3674 0.0 0.2 2:46.31
3674 0.0 0.2 2:46.31
3674 5.3 0.2 2:46.32
3674 0.0 0.2 2:46.32
3674 0.0 0.2 2:46.32
3674 0.0 0.2 2:46.33
3674 0.0 0.2 2:46.33
3674 0.0 0.2 2:46.34
3674 0.0 0.2 2:46.34
3674 0.0 0.2 2:46.34
3674 0.0 0.2 2:46.35
3674 0.0 0.2 2:46.35
3674 0.0 0.2 2:46.35
3674 0.0 0.2 2:46.35
3674 0.0 0.2 2:46.36
3674 0.0 0.2 2:46.36
3674 0.0 0.2 2:46.36
3674 0.0 0.2 2:46.37
3674 0.0 0.2 2:46.37
3674 0.0 0.2 2:46.37
3674 0.0 0.2 2:46.38
3674 0.0 0.2 2:46.38
3674 0.0 0.2 2:46.38
3674 0.0 0.2 2:46.39
3674 0.0 0.2 2:46.40
3674 0.0 0.2 2:46.40
3674 5.3 0.2 2:46.41
3674 0.0 0.2 2:46.41
3674 5.3 0.2 2:46.42
3674 0.0 0.2 2:46.42
3674 0.0 0.2 2:46.43
3674 0.0 0.2 2:46.43
3674 0.0 0.2 2:46.43
3674 10.5 0.2 2:46.45
3674 0.0 0.2 2:46.45
3674 5.3 0.2 2:46.46
3674 0.0 0.2 2:46.47
3674 0.0 0.2 2:46.47
3674 5.3 0.2 2:46.48
3674 0.0 0.2 2:46.48
3674 0.0 0.2 2:46.49
3674 0.0 0.2 2:46.49
