3674 10.0 0.3 0:00.10
3674 0.0 0.3 0:00.15
3674 0.0 0.3 0:00.18
3674 0.0 0.3 0:00.21
3674 0.0 0.3 0:00.24
3674 5.3 0.3 0:00.30
3674 5.0 0.3 0:00.35
3674 5.3 0.3 0:00.40
3674 5.3 0.3 0:00.44
3674 5.3 0.3 0:00.48
3674 0.0 0.3 0:00.51
3674 0.0 0.3 0:00.53
3674 5.3 0.3 0:00.57
3674 0.0 0.3 0:00.61
3674 5.6 0.3 0:00.65
3674 0.0 0.3 0:00.68
3674 0.0 0.3 0:00.71
3674 0.0 0.3 0:00.75
3674 5.3 0.3 0:00.81
3674 5.0 0.3 0:00.86
3674 0.0 0.3 0:00.89
3674 0.0 0.3 0:00.92
3674 0.0 0.3 0:00.95
3674 5.3 0.3 0:00.98
3674 0.0 0.3 0:01.01
3674 0.0 0.3 0:01.04
3674 5.3 0.3 0:01.09
3674 0.0 0.3 0:01.12
3674 0.0 0.3 0:01.17
3674 0.0 0.3 0:01.20
3674 5.0 0.3 0:01.24
3674 5.0 0.3 0:01.26
3674 0.0 0.3 0:01.28
3674 0.0 0.3 0:01.31
3674 5.3 0.3 0:01.34
3674 0.0 0.3 0:01.36
3674 0.0 0.3 0:01.39
3674 4.8 0.3 0:01.43
3674 0.0 0.3 0:01.46
3674 0.0 0.3 0:01.50
3674 0.0 0.3 0:01.53
3674 0.0 0.3 0:01.56
3674 5.0 0.3 0:01.59
3674 0.0 0.3 0:01.61
3674 0.0 0.3 0:01.64
3674 5.0 0.3 0:01.68
3674 5.3 0.3 0:01.72
3674 0.0 0.3 0:01.76
3674 5.3 0.3 0:01.80
3674 5.3 0.3 0:01.84
3674 5.3 0.3 0:01.87
3674 0.0 0.3 0:01.89
3674 5.6 0.3 0:01.92
3674 0.0 0.3 0:01.95
3674 0.0 0.3 0:01.97
3674 5.3 0.3 0:02.01
3674 0.0 0.3 0:02.03
3674 5.0 0.3 0:02.07
3674 0.0 0.3 0:02.09
3674 0.0 0.3 0:02.12
3674 5.0 0.3 0:02.16
3674 5.3 0.3 0:02.21
3674 5.3 0.3 0:02.27
3674 0.0 0.3 0:02.32
3674 4.8 0.3 0:02.37
3674 5.3 0.3 0:02.42
3674 5.6 0.3 0:02.46
3674 5.3 0.3 0:02.50
3674 5.3 0.3 0:02.53
3674 0.0 0.3 0:02.56
3674 0.0 0.3 0:02.59
3674 5.3 0.3 0:02.62
3674 5.3 0.3 0:02.67
3674 0.0 0.3 0:02.71
3674 10.5 0.3 0:02.75
3674 5.0 0.3 0:02.79
3674 5.3 0.3 0:02.82
3674 0.0 0.3 0:02.85
3674 5.3 0.3 0:02.91
3674 5.0 0.3 0:02.94
3674 5.6 0.3 0:02.97
3674 5.0 0.3 0:03.00
3674 5.6 0.3 0:03.03
3674 5.3 0.3 0:03.06
3674 5.3 0.3 0:03.09
3674 0.0 0.3 0:03.12
3674 5.6 0.3 0:03.16
3674 4.0 0.3 0:03.19
3674 0.0 0.3 0:03.22
3674 3.3 0.3 0:03.27
3674 5.3 0.3 0:03.30
3674 0.0 0.3 0:03.34
3674 5.0 0.3 0:03.39
3674 5.6 0.3 0:03.42
3674 5.3 0.3 0:03.48
3674 5.3 0.3 0:03.52
3674 0.0 0.3 0:03.54
3674 5.3 0.3 0:03.58
3674 0.0 0.3 0:03.62
3674 5.3 0.3 0:03.66
3674 5.3 0.3 0:03.69
3674 5.6 0.3 0:03.72
3674 5.3 0.3 0:03.76
3674 5.3 0.3 0:03.80
3674 0.0 0.3 0:03.84
3674 5.3 0.3 0:03.88
3674 5.3 0.3 0:03.91
3674 0.0 0.3 0:03.93
3674 0.0 0.3 0:03.96
3674 5.6 0.3 0:03.99
3674 5.0 0.3 0:04.02
3674 5.3 0.3 0:04.04
3674 5.0 0.3 0:04.07
3674 5.0 0.3 0:04.11
3674 0.0 0.3 0:04.15
3674 5.3 0.3 0:04.19
3674 0.0 0.3 0:04.22
3674 5.3 0.3 0:04.26
3674 0.0 0.3 0:04.30
3674 0.0 0.3 0:04.33
3674 5.3 0.3 0:04.37
3674 0.0 0.3 0:04.39
3674 0.0 0.3 0:04.43
3674 5.6 0.3 0:04.46
3674 0.0 0.3 0:04.49
3674 5.3 0.3 0:04.52
3674 0.0 0.3 0:04.54
3674 0.0 0.3 0:04.58
3674 11.1 0.3 0:04.61
3674 5.3 0.3 0:04.64
3674 0.0 0.3 0:04.68
3674 5.6 0.3 0:04.71
3674 5.3 0.3 0:04.75
3674 0.0 0.3 0:04.78
3674 5.3 0.3 0:04.81
3674 5.0 0.3 0:04.86
3674 5.3 0.3 0:04.89
3674 0.0 0.3 0:04.93
3674 5.3 0.3 0:04.98
3674 5.3 0.3 0:05.03
3674 4.8 0.3 0:05.08
3674 5.3 0.3 0:05.12
3674 0.0 0.3 0:05.15
3674 5.6 0.3 0:05.20
3674 10.5 0.3 0:05.24
3674 5.3 0.3 0:05.27
3674 0.0 0.3 0:05.29
3674 5.3 0.3 0:05.33
3674 0.0 0.3 0:05.37
3674 5.3 0.3 0:05.41
3674 0.0 0.3 0:05.45
3674 5.3 0.3 0:05.50
3674 0.0 0.3 0:05.52
3674 5.3 0.3 0:05.55
3674 5.3 0.3 0:05.59
3674 0.0 0.3 0:05.62
3674 5.3 0.3 0:05.66
3674 0.0 0.3 0:05.69
3674 5.3 0.3 0:05.72
3674 0.0 0.3 0:05.75
3674 11.1 0.3 0:05.79
3674 0.0 0.3 0:05.83
3674 0.0 0.3 0:05.88
3674 5.3 0.3 0:05.93
3674 5.3 0.3 0:05.96
3674 0.0 0.3 0:06.00
3674 0.0 0.3 0:06.04
3674 0.0 0.3 0:06.07
3674 0.0 0.3 0:06.10
3674 0.0 0.3 0:06.13
3674 0.0 0.3 0:06.16
3674 0.0 0.3 0:06.20
3674 0.0 0.3 0:06.22
3674 0.0 0.3 0:06.25
3674 0.0 0.3 0:06.29
3674 0.0 0.3 0:06.34
3674 5.0 0.3 0:06.38
3674 5.3 0.3 0:06.42
3674 5.3 0.3 0:06.48
3674 0.0 0.3 0:06.52
3674 0.0 0.3 0:06.57
3674 5.3 0.3 0:06.61
3674 11.1 0.3 0:06.66
3674 5.3 0.3 0:06.69
3674 0.0 0.3 0:06.71
3674 5.3 0.3 0:06.76
3674 5.6 0.3 0:06.79
3674 5.6 0.3 0:06.83
3674 5.3 0.3 0:06.87
3674 0.0 0.3 0:06.90
3674 4.8 0.3 0:06.95
3674 0.0 0.3 0:06.99
3674 4.8 0.3 0:07.05
3674 5.0 0.3 0:07.09
3674 5.6 0.3 0:07.12
3674 5.3 0.3 0:07.16
3674 5.3 0.3 0:07.20
3674 0.0 0.3 0:07.23
3674 5.3 0.3 0:07.26
3674 5.6 0.3 0:07.29
3674 5.3 0.3 0:07.32
3674 5.3 0.3 0:07.36
3674 0.0 0.3 0:07.38
3674 0.0 0.3 0:07.41
3674 0.0 0.3 0:07.44
3674 5.0 0.3 0:07.47
3674 0.0 0.3 0:07.50
3674 5.0 0.3 0:07.53
3674 0.0 0.3 0:07.56
3674 0.0 0.3 0:07.59
3674 5.3 0.3 0:07.63
3674 0.0 0.3 0:07.65
3674 0.0 0.3 0:07.67
3674 5.3 0.3 0:07.71
3674 0.0 0.3 0:07.74
3674 5.6 0.3 0:07.77
3674 5.0 0.3 0:07.80
3674 5.0 0.3 0:07.83
3674 0.0 0.3 0:07.85
3674 5.3 0.3 0:07.90
3674 5.3 0.3 0:07.93
3674 0.0 0.3 0:07.95
3674 5.0 0.3 0:07.99
3674 0.0 0.3 0:08.03
3674 0.0 0.3 0:08.06
3674 5.6 0.3 0:08.10
3674 0.0 0.3 0:08.13
3674 0.0 0.3 0:08.16
3674 5.3 0.3 0:08.20
3674 5.6 0.3 0:08.23
3674 0.0 0.3 0:08.27
3674 0.0 0.3 0:08.32
3674 0.0 0.3 0:08.36
3674 0.0 0.3 0:08.39
3674 5.3 0.3 0:08.43
3674 5.3 0.3 0:08.48
3674 5.3 0.3 0:08.53
3674 5.6 0.3 0:08.57
3674 0.0 0.3 0:08.61
3674 0.0 0.3 0:08.64
3674 5.3 0.3 0:08.66
3674 0.0 0.3 0:08.69
3674 3.8 0.3 0:08.73
3674 3.6 0.3 0:08.77
3674 0.0 0.3 0:08.80
3674 0.0 0.3 0:08.82
3674 0.0 0.3 0:08.85
3674 5.6 0.3 0:08.88
3674 5.3 0.3 0:08.91
3674 0.0 0.3 0:08.95
3674 5.0 0.3 0:08.98
3674 5.3 0.3 0:09.02
3674 0.0 0.3 0:09.06
3674 0.0 0.3 0:09.09
3674 5.0 0.3 0:09.12
3674 5.3 0.3 0:09.16
3674 5.6 0.3 0:09.20
3674 5.6 0.3 0:09.23
3674 5.3 0.3 0:09.27
3674 5.3 0.3 0:09.31
3674 0.0 0.3 0:09.34
3674 5.6 0.3 0:09.38
3674 0.0 0.3 0:09.40
3674 5.3 0.3 0:09.44
3674 0.0 0.3 0:09.46
3674 5.3 0.3 0:09.50
3674 5.3 0.3 0:09.54
3674 0.0 0.3 0:09.57
3674 0.0 0.3 0:09.60
3674 0.0 0.3 0:09.64
3674 0.0 0.3 0:09.67
3674 5.0 0.3 0:09.74
3674 5.3 0.3 0:09.77
3674 0.0 0.3 0:09.80
3674 0.0 0.3 0:09.83
3674 5.0 0.3 0:09.87
3674 5.6 0.3 0:09.91
3674 0.0 0.3 0:09.95
3674 5.0 0.3 0:10.00
3674 0.0 0.3 0:10.04
3674 0.0 0.3 0:10.09
3674 5.6 0.3 0:10.14
3674 5.3 0.3 0:10.17
3674 5.6 0.3 0:10.21
3674 5.3 0.3 0:10.25
3674 5.3 0.3 0:10.28
3674 5.3 0.3 0:10.32
3674 5.3 0.3 0:10.35
3674 5.3 0.3 0:10.38
3674 5.0 0.3 0:10.42
3674 5.6 0.3 0:10.46
3674 5.3 0.3 0:10.49
3674 0.0 0.3 0:10.51
3674 10.0 0.3 0:10.58
3674 4.8 0.3 0:10.65
3674 0.0 0.3 0:10.72
3674 5.6 0.3 0:10.76
3674 5.3 0.3 0:10.81
3674 0.0 0.3 0:10.84
3674 5.6 0.3 0:10.87
3674 0.0 0.3 0:10.91
3674 5.3 0.3 0:10.95
3674 0.0 0.3 0:10.97
3674 10.0 0.3 0:11.02
3674 0.0 0.3 0:11.05
3674 5.6 0.3 0:11.10
3674 10.5 0.3 0:11.14
3674 5.3 0.3 0:11.17
3674 5.3 0.3 0:11.20
3674 0.0 0.3 0:11.23
3674 10.5 0.3 0:11.28
3674 5.3 0.3 0:11.31
3674 0.0 0.3 0:11.34
3674 0.0 0.3 0:11.36
13674 0.0 0.0 0:00.00
3674 5.3 0.3 0:11.43
3674 0.0 0.3 0:11.46
3674 0.0 0.3 0:11.49
3674 5.6 0.3 0:11.54
3674 0.0 0.3 0:11.56
3674 0.0 0.3 0:11.59
3674 0.0 0.3 0:11.62
3674 0.0 0.3 0:11.65
3674 0.0 0.3 0:11.68
3674 0.0 0.3 0:11.71
3674 0.0 0.3 0:11.74
3674 0.0 0.3 0:11.76
3674 0.0 0.3 0:11.79
3674 10.0 0.3 0:11.83
3674 0.0 0.3 0:11.85
3674 0.0 0.3 0:11.87
3674 5.3 0.3 0:11.91
3674 0.0 0.3 0:11.94
3674 5.3 0.3 0:11.97
3674 5.3 0.3 0:12.01
3674 5.6 0.3 0:12.04
3674 0.0 0.3 0:12.06
3674 0.0 0.3 0:12.09
3674 0.0 0.3 0:12.12
3674 5.3 0.3 0:12.15
3674 5.3 0.3 0:12.19
3674 5.6 0.3 0:12.22
3674 0.0 0.3 0:12.24
3674 0.0 0.3 0:12.28
3674 5.3 0.3 0:12.31
3674 4.5 0.3 0:12.36
3674 4.8 0.3 0:12.41
3674 5.3 0.3 0:12.45
3674 0.0 0.3 0:12.48
3674 0.0 0.3 0:12.50
3674 0.0 0.3 0:12.54
3674 5.3 0.3 0:12.59
3674 5.3 0.3 0:12.63
3674 5.3 0.3 0:12.68
3674 5.6 0.3 0:12.73
3674 9.5 0.3 0:12.78
3674 5.3 0.3 0:12.82
3674 0.0 0.3 0:12.84
3674 0.0 0.3 0:12.88
3674 0.0 0.3 0:12.91
3674 0.0 0.3 0:12.93
3674 0.0 0.3 0:12.97
3674 0.0 0.3 0:13.00
3674 5.3 0.3 0:13.04
3674 5.3 0.3 0:13.07
3674 10.0 0.3 0:13.12
3674 5.6 0.3 0:13.15
3674 0.0 0.3 0:13.19
3674 10.5 0.3 0:13.25
3674 0.0 0.3 0:13.28
3674 10.5 0.3 0:13.33
3674 10.5 0.3 0:13.37
3674 0.0 0.3 0:13.41
3674 5.3 0.3 0:13.46
3674 0.0 0.3 0:13.50
3674 0.0 0.3 0:13.56
3674 0.0 0.3 0:13.60
3674 5.6 0.3 0:13.64
3674 5.3 0.3 0:13.68
3674 5.3 0.3 0:13.71
3674 0.0 0.3 0:13.74
3674 5.3 0.3 0:13.77
3674 5.0 0.3 0:13.80
3674 0.0 0.3 0:13.82
3674 5.3 0.3 0:13.86
3674 0.0 0.3 0:13.88
3674 0.0 0.3 0:13.91
3674 5.6 0.3 0:13.94
3674 5.3 0.3 0:13.99
3674 0.0 0.3 0:14.01
3674 0.0 0.3 0:14.05
3674 5.3 0.3 0:14.10
3674 5.6 0.3 0:14.14
3674 5.6 0.3 0:14.17
3674 0.0 0.3 0:14.20
3674 0.0 0.3 0:14.23
3674 5.3 0.3 0:14.27
3674 4.3 0.3 0:14.31
3674 5.3 0.3 0:14.37
3674 0.0 0.3 0:14.41
3674 4.5 0.3 0:14.45
3674 10.5 0.3 0:14.49
3674 5.3 0.3 0:14.54
3674 5.3 0.3 0:14.57
3674 0.0 0.3 0:14.61
3674 5.3 0.3 0:14.65
3674 0.0 0.3 0:14.68
3674 0.0 0.3 0:14.70
3674 0.0 0.3 0:14.74
3674 5.3 0.3 0:14.78
3674 0.0 0.3 0:14.81
3674 5.3 0.3 0:14.85
3674 0.0 0.3 0:14.88
3674 5.3 0.3 0:14.94
3674 0.0 0.3 0:14.98
3674 5.6 0.3 0:15.02
3674 5.3 0.3 0:15.06
3674 5.3 0.3 0:15.09
3674 0.0 0.3 0:15.13
3674 5.6 0.3 0:15.17
3674 0.0 0.3 0:15.20
3674 5.3 0.3 0:15.23
3674 0.0 0.3 0:15.26
3674 0.0 0.3 0:15.29
3674 0.0 0.3 0:15.33
3674 0.0 0.3 0:15.36
3674 0.0 0.3 0:15.39
3674 5.6 0.3 0:15.43
3674 0.0 0.3 0:15.45
3674 11.1 0.3 0:15.50
3674 5.3 0.3 0:15.53
3674 5.0 0.3 0:15.57
3674 5.3 0.3 0:15.60
3674 0.0 0.3 0:15.64
3674 10.5 0.3 0:15.68
3674 5.6 0.3 0:15.71
3674 5.3 0.3 0:15.75
3674 5.3 0.3 0:15.79
3674 5.3 0.3 0:15.83
3674 0.0 0.3 0:15.86
3674 0.0 0.3 0:15.90
3674 5.6 0.3 0:15.94
3674 0.0 0.3 0:15.97
3674 5.6 0.3 0:16.00
3674 0.0 0.3 0:16.05
3674 5.3 0.3 0:16.09
3674 0.0 0.3 0:16.12
3674 5.3 0.3 0:16.17
3674 5.0 0.3 0:16.21
3674 0.0 0.3 0:16.26
3674 4.8 0.3 0:16.32
3674 0.0 0.3 0:16.36
3674 0.0 0.3 0:16.40
3674 10.5 0.3 0:16.46
3674 5.3 0.3 0:16.50
3674 0.0 0.3 0:16.55
3674 0.0 0.3 0:16.59
3674 5.6 0.3 0:16.63
3674 5.3 0.3 0:16.67
3674 0.0 0.3 0:16.70
3674 0.0 0.3 0:16.73
3674 5.0 0.3 0:16.76
3674 0.0 0.3 0:16.78
3674 5.3 0.3 0:16.82
3674 0.0 0.3 0:16.84
3674 0.0 0.3 0:16.88
3674 5.3 0.3 0:16.91
3674 5.3 0.3 0:16.94
3674 5.3 0.3 0:16.98
3674 0.0 0.3 0:17.01
3674 5.3 0.3 0:17.06
3674 0.0 0.3 0:17.09
3674 5.3 0.3 0:17.15
3674 0.0 0.3 0:17.19
3674 5.3 0.3 0:17.23
3674 5.6 0.3 0:17.28
3674 0.0 0.3 0:17.30
3674 5.6 0.3 0:17.34
3674 0.0 0.3 0:17.37
3674 5.3 0.3 0:17.40
3674 5.3 0.3 0:17.44
3674 16.7 0.3 0:17.49
3674 5.3 0.3 0:17.52
3674 0.0 0.3 0:17.55
3674 0.0 0.3 0:17.58
3674 5.6 0.3 0:17.62
3674 5.6 0.3 0:17.66
3674 5.3 0.3 0:17.69
3674 0.0 0.3 0:17.72
3674 0.0 0.3 0:17.76
3674 5.6 0.3 0:17.80
3674 5.3 0.3 0:17.84
3674 5.3 0.3 0:17.87
3674 5.6 0.3 0:17.92
3674 0.0 0.3 0:17.95
3674 0.0 0.3 0:17.98
3674 5.3 0.3 0:18.02
3674 0.0 0.3 0:18.05
3674 5.3 0.3 0:18.08
3674 5.6 0.3 0:18.11
3674 5.3 0.3 0:18.15
3674 4.8 0.3 0:18.21
3674 0.0 0.3 0:18.24
3674 0.0 0.3 0:18.28
3674 5.6 0.3 0:18.32
3674 5.3 0.3 0:18.36
3674 10.5 0.3 0:18.39
3674 0.0 0.3 0:18.42
3674 10.5 0.3 0:18.46
3674 5.6 0.3 0:18.49
3674 5.3 0.3 0:18.53
3674 0.0 0.3 0:18.56
3674 5.6 0.3 0:18.60
3674 0.0 0.3 0:18.64
3674 5.3 0.3 0:18.68
3674 5.0 0.3 0:18.71
3674 5.3 0.3 0:18.75
3674 0.0 0.3 0:18.78
3674 0.0 0.3 0:18.80
3674 5.0 0.3 0:18.84
3674 5.3 0.3 0:18.88
3674 0.0 0.3 0:18.90
3674 0.0 0.3 0:18.93
3674 10.5 0.3 0:18.98
3674 0.0 0.3 0:19.01
3674 0.0 0.3 0:19.05
3674 5.3 0.3 0:19.09
3674 5.0 0.3 0:19.12
3674 0.0 0.3 0:19.16
3674 0.0 0.3 0:19.20
3674 5.3 0.3 0:19.25
3674 5.0 0.3 0:19.28
3674 0.0 0.3 0:19.32
3674 5.0 0.3 0:19.37
3674 0.0 0.3 0:19.41
3674 5.3 0.3 0:19.45
3674 5.6 0.3 0:19.49
3674 5.0 0.3 0:19.54
3674 0.0 0.3 0:19.57
3674 0.0 0.3 0:19.60
3674 10.5 0.3 0:19.64
3674 0.0 0.3 0:19.66
3674 5.3 0.3 0:19.69
3674 5.3 0.3 0:19.73
3674 5.3 0.3 0:19.76
3674 0.0 0.3 0:19.79
3674 5.3 0.3 0:19.83
3674 0.0 0.3 0:19.87
3674 5.3 0.3 0:19.91
3674 5.3 0.3 0:19.95
3674 5.6 0.3 0:20.00
3674 0.0 0.3 0:20.04
3674 4.2 0.3 0:20.09
3674 0.0 0.3 0:20.13
3674 5.6 0.3 0:20.16
3674 0.0 0.3 0:20.19
3674 5.0 0.3 0:20.23
3674 5.3 0.3 0:20.27
3674 0.0 0.3 0:20.31
3674 5.0 0.3 0:20.36
3674 5.0 0.3 0:20.40
3674 5.3 0.3 0:20.43
3674 5.3 0.3 0:20.46
3674 5.3 0.3 0:20.50
3674 0.0 0.3 0:20.52
3674 0.0 0.3 0:20.55
3674 0.0 0.3 0:20.57
3674 5.6 0.3 0:20.61
3674 0.0 0.3 0:20.64
3674 0.0 0.3 0:20.68
3674 5.3 0.3 0:20.73
3674 5.0 0.3 0:20.77
3674 5.0 0.3 0:20.81
3674 0.0 0.3 0:20.84
3674 0.0 0.3 0:20.87
3674 0.0 0.3 0:20.90
3674 5.3 0.3 0:20.95
3674 0.0 0.3 0:20.99
3674 0.0 0.3 0:21.01
3674 5.6 0.3 0:21.05
3674 5.3 0.3 0:21.08
3674 5.3 0.3 0:21.11
3674 0.0 0.3 0:21.12
