3674 0.0 0.2 2:59.22
3674 5.6 0.2 2:59.25
3674 0.0 0.2 2:59.26
3674 0.0 0.2 2:59.28
3674 0.0 0.2 2:59.31
3674 0.0 0.2 2:59.32
3674 11.1 0.2 2:59.34
3674 5.6 0.2 2:59.35
3674 0.0 0.2 2:59.35
3674 0.0 0.2 2:59.35
3674 0.0 0.2 2:59.36
3674 5.3 0.2 2:59.37
3674 0.0 0.2 2:59.37
3674 0.0 0.2 2:59.37
3674 0.0 0.2 2:59.38
3674 0.0 0.2 2:59.39
3674 0.0 0.2 2:59.40
3674 0.0 0.2 2:59.41
3674 0.0 0.2 2:59.41
3674 0.0 0.2 2:59.42
3674 0.0 0.2 2:59.43
3674 0.0 0.2 2:59.43
3674 0.0 0.2 2:59.43
3674 0.0 0.2 2:59.44
3674 0.0 0.2 2:59.44
3674 0.0 0.2 2:59.45
3674 0.0 0.2 2:59.47
3674 0.0 0.2 2:59.47
3674 0.0 0.2 2:59.47
3674 5.3 0.2 2:59.49
3674 0.0 0.2 2:59.49
3674 0.0 0.2 2:59.50
3674 11.1 0.2 2:59.52
3674 0.0 0.2 2:59.53
3674 0.0 0.2 2:59.53
3674 0.0 0.2 2:59.55
3674 0.0 0.2 2:59.55
3674 0.0 0.2 2:59.56
3674 0.0 0.2 2:59.57
3674 0.0 0.2 2:59.57
3674 0.0 0.2 2:59.59
3674 5.3 0.2 2:59.63
3674 5.6 0.2 2:59.66
3674 0.0 0.2 2:59.66
3674 5.3 0.2 2:59.67
3674 0.0 0.2 2:59.67
3674 0.0 0.2 2:59.68
3674 0.0 0.2 2:59.69
3674 0.0 0.2 2:59.70
3674 0.0 0.2 2:59.70
3674 0.0 0.2 2:59.71
3674 5.6 0.2 2:59.72
3674 0.0 0.2 2:59.72
3674 0.0 0.2 2:59.72
3674 0.0 0.2 2:59.75
3674 0.0 0.2 2:59.76
3674 0.0 0.2 2:59.76
3674 0.0 0.2 2:59.76
3674 0.0 0.2 2:59.77
3674 5.3 0.2 2:59.78
3674 5.3 0.2 2:59.82
3674 0.0 0.2 2:59.83
3674 0.0 0.2 2:59.84
3674 0.0 0.2 2:59.84
3674 0.0 0.2 2:59.86
3674 0.0 0.2 2:59.90
3674 0.0 0.2 2:59.90
3674 0.0 0.2 2:59.90
3674 0.0 0.2 2:59.91
3674 0.0 0.2 2:59.91
3674 0.0 0.2 2:59.97
3674 0.0 0.2 2:59.98
3674 0.0 0.2 2:59.99
3674 0.0 0.2 3:00.00
3674 0.0 0.2 3:00.00
3674 0.0 0.2 3:00.01
