3675 10.0 0.2 7:39.58
3675 5.3 0.2 7:39.62
3675 15.8 0.2 7:39.68
3675 15.8 0.4 7:39.90
3675 10.5 0.4 7:40.03
3675 22.2 0.4 7:40.18
3675 16.7 0.4 7:40.36
3675 15.8 0.4 7:40.51
3675 15.0 0.4 7:40.68
3675 16.7 0.4 7:40.83
3675 10.5 0.4 7:40.98
3675 15.0 0.4 7:41.15
3675 10.5 0.4 7:41.30
3675 15.8 0.4 7:41.47
3675 15.0 0.4 7:41.64
3675 16.7 0.4 7:41.79
3675 11.1 0.4 7:41.94
3675 13.6 0.4 7:42.11
3675 15.8 0.4 7:42.27
3675 10.0 0.4 7:42.43
3675 11.1 0.4 7:42.60
3675 16.7 0.4 7:42.77
3675 21.1 0.4 7:42.94
3675 10.0 0.4 7:43.10
3675 16.7 0.4 7:43.26
3675 15.0 0.4 7:43.42
3675 16.7 0.4 7:43.57
3675 15.8 0.4 7:43.74
3675 11.1 0.4 7:43.89
3675 10.5 0.3 7:44.05
3675 15.8 0.3 7:44.22
3675 22.2 0.3 7:44.49
3675 21.1 0.3 7:44.71
3675 10.0 0.3 7:44.93
3675 21.1 0.3 7:45.13
3675 25.0 0.3 7:45.34
3675 27.3 0.3 7:45.55
3675 16.7 0.3 7:45.74
3675 11.1 0.3 7:45.92
3675 15.8 0.3 7:46.16
3675 15.8 0.3 7:46.36
3675 21.1 0.3 7:46.55
3675 21.1 0.3 7:46.74
3675 15.8 0.3 7:46.95
3675 15.8 0.3 7:47.16
3675 22.2 0.3 7:47.44
3675 26.3 0.3 7:47.68
3675 16.7 0.3 7:47.89
3675 25.0 0.3 7:48.12
3675 15.8 0.3 7:48.38
3675 18.2 0.3 7:48.64
3675 20.0 0.3 7:48.94
3675 21.1 0.3 7:49.15
3675 21.1 0.3 7:49.39
3675 16.7 0.3 7:49.59
3675 14.3 0.3 7:49.81
3675 15.8 0.3 7:50.01
3675 10.5 0.3 7:50.20
3675 22.2 0.3 7:50.45
3675 22.2 0.3 7:50.66
3675 21.1 0.3 7:50.87
3675 22.2 0.3 7:51.09
3675 22.2 0.3 7:51.32
3675 15.8 0.3 7:51.54
3675 26.3 0.3 7:51.75
3675 15.8 0.3 7:51.96
3675 31.8 0.3 7:52.22
3675 20.0 0.3 7:52.42
3675 16.7 0.3 7:52.63
3675 26.3 0.3 7:52.86
3675 31.6 0.3 7:53.10
3675 20.0 0.3 7:53.30
3675 21.1 0.3 7:53.51
3675 15.8 0.3 7:53.69
3675 21.1 0.3 7:53.89
3675 22.2 0.3 7:54.11
3675 21.1 0.3 7:54.31
3675 16.7 0.3 7:54.54
3675 21.1 0.3 7:54.74
3675 21.1 0.3 7:54.94
3675 21.1 0.3 7:55.18
3675 16.7 0.3 7:55.38
3675 26.3 0.3 7:55.64
3675 10.5 0.3 7:55.82
3675 16.7 0.3 7:56.02
3675 20.0 0.3 7:56.22
3675 21.1 0.3 7:56.42
3675 33.3 0.3 7:56.68
3675 16.7 0.3 7:56.92
3675 22.2 0.3 7:57.17
3675 25.0 0.3 7:57.40
3675 15.8 0.3 7:57.60
3675 26.3 0.3 7:57.84
3675 26.3 0.3 7:58.04
3675 21.1 0.3 7:58.26
3675 16.7 0.3 7:58.48
3675 14.3 0.3 7:58.69
3675 15.8 0.3 7:58.88
3675 26.3 0.3 7:59.13
3675 38.9 0.3 7:59.38
13675 0.0 0.0 0:00.00
3675 21.1 0.3 7:59.84
3675 31.6 0.3 8:00.14
3675 21.1 0.3 8:00.39
3675 15.8 0.3 8:00.62
3675 22.2 0.3 8:00.85
3675 20.0 0.3 8:01.06
3675 22.2 0.3 8:01.29
3675 21.1 0.3 8:01.50
3675 21.1 0.3 8:01.71
3675 20.0 0.3 8:01.91
3675 26.3 0.3 8:02.14
3675 15.0 0.3 8:02.34
3675 21.1 0.3 8:02.54
3675 21.1 0.3 8:02.78
3675 16.7 0.3 8:02.98
3675 26.3 0.3 8:03.19
3675 15.0 0.3 8:03.42
3675 23.8 0.3 8:03.62
3675 22.2 0.3 8:03.85
3675 22.2 0.3 8:04.07
3675 25.0 0.3 8:04.36
3675 15.8 0.3 8:04.56
3675 14.3 0.3 8:04.75
3675 27.8 0.3 8:04.95
3675 17.4 0.3 8:05.17
3675 27.8 0.3 8:05.38
3675 22.2 0.3 8:05.59
3675 31.6 0.3 8:05.81
3675 26.3 0.3 8:06.05
3675 16.7 0.3 8:06.24
3675 21.1 0.3 8:06.45
3675 25.0 0.3 8:06.71
3675 22.2 0.3 8:06.88
3675 21.1 0.3 8:07.09
3675 26.3 0.3 8:07.33
3675 31.6 0.3 8:07.56
3675 15.0 0.3 8:07.78
3675 21.1 0.3 8:07.98
3675 21.1 0.3 8:08.20
3675 20.0 0.3 8:08.40
3675 27.8 0.3 8:08.61
3675 16.7 0.3 8:08.81
3675 26.3 0.3 8:09.06
3675 15.0 0.3 8:09.25
3675 26.3 0.3 8:09.48
3675 23.8 0.3 8:09.73
3675 33.3 0.3 8:10.00
3675 36.8 0.3 8:10.23
3675 15.0 0.3 8:10.44
3675 14.3 0.3 8:10.64
3675 15.8 0.3 8:10.83
3675 18.2 0.3 8:11.09
3675 27.8 0.3 8:11.33
3675 14.3 0.3 8:11.59
3675 16.7 0.3 8:11.80
3675 15.8 0.3 8:12.01
3675 21.1 0.3 8:12.22
3675 27.8 0.3 8:12.46
3675 15.8 0.3 8:12.62
3675 21.1 0.3 8:12.83
3675 21.1 0.3 8:13.05
3675 15.0 0.3 8:13.27
3675 19.0 0.3 8:13.50
3675 26.3 0.3 8:13.71
3675 15.8 0.3 8:13.89
3675 19.0 0.3 8:14.09
3675 21.1 0.3 8:14.29
3675 22.2 0.3 8:14.51
3675 19.0 0.3 8:14.73
3675 21.1 0.3 8:14.93
3675 15.8 0.3 8:15.12
3675 15.8 0.3 8:15.33
3675 15.0 0.3 8:15.55
3675 16.7 0.3 8:15.75
3675 10.5 0.3 8:15.96
3675 16.7 0.3 8:16.18
3675 11.1 0.3 8:16.38
3675 16.7 0.3 8:16.58
3675 21.1 0.3 8:16.80
3675 15.8 0.3 8:17.01
3675 15.8 0.3 8:17.19
3675 16.7 0.3 8:17.39
3675 16.7 0.3 8:17.58
3675 15.0 0.3 8:17.80
3675 20.0 0.3 8:18.01
3675 19.0 0.3 8:18.22
3675 16.7 0.3 8:18.41
3675 21.1 0.3 8:18.64
3675 15.8 0.3 8:18.81
3675 15.0 0.3 8:19.01
3675 16.7 0.3 8:19.17
3675 27.8 0.3 8:19.39
3675 11.1 0.3 8:19.64
3675 15.0 0.3 8:19.84
3675 21.1 0.3 8:20.02
3675 20.0 0.3 8:20.22
3675 10.0 0.3 8:20.41
3675 21.1 0.3 8:20.63
3675 16.7 0.3 8:20.85
3675 21.1 0.3 8:21.07
3675 21.1 0.3 8:21.27
3675 16.7 0.3 8:21.47
3675 13.3 0.3 8:21.75
3675 8.8 0.3 8:22.05
3675 17.4 0.3 8:22.34
3675 26.3 0.3 8:22.56
3675 31.6 0.3 8:22.80
3675 15.8 0.3 8:23.03
3675 22.2 0.3 8:23.25
3675 15.0 0.3 8:23.45
3675 21.1 0.3 8:23.65
3675 19.0 0.3 8:23.88
3675 16.7 0.3 8:24.10
3675 20.0 0.3 8:24.29
3675 22.2 0.3 8:24.51
3675 10.0 0.3 8:24.70
3675 16.7 0.3 8:24.92
3675 30.0 0.3 8:25.21
3675 15.8 0.3 8:25.41
3675 15.0 0.3 8:25.61
3675 15.8 0.3 8:25.82
3675 15.8 0.3 8:26.00
3675 11.1 0.3 8:26.17
3675 35.0 0.3 8:26.44
3675 20.0 0.3 8:26.67
3675 26.3 0.3 8:26.89
3675 16.7 0.3 8:27.11
3675 16.7 0.3 8:27.34
3675 21.1 0.3 8:27.57
3675 21.1 0.3 8:27.80
3675 20.0 0.3 8:28.00
3675 20.0 0.3 8:28.21
3675 10.5 0.3 8:28.41
3675 14.3 0.3 8:28.61
3675 15.8 0.3 8:28.83
3675 15.8 0.3 8:29.03
3675 10.0 0.3 8:29.25
3675 21.1 0.3 8:29.52
3675 13.6 0.3 8:29.76
3675 16.7 0.3 8:29.96
3675 15.8 0.3 8:30.16
3675 15.0 0.3 8:30.39
3675 16.7 0.3 8:30.58
3675 16.7 0.3 8:30.76
3675 15.0 0.3 8:30.98
3675 11.1 0.3 8:31.20
3675 15.0 0.3 8:31.43
3675 5.3 0.3 8:31.62
3675 27.8 0.3 8:31.88
3675 26.3 0.3 8:32.11
3675 22.2 0.3 8:32.34
3675 9.5 0.3 8:32.57
3675 15.8 0.3 8:32.77
3675 22.2 0.3 8:32.99
3675 31.6 0.3 8:33.24
3675 15.8 0.3 8:33.48
3675 14.3 0.3 8:33.73
3675 25.0 0.3 8:33.98
3675 22.2 0.3 8:34.17
3675 21.1 0.3 8:34.40
3675 31.6 0.3 8:34.62
3675 20.0 0.3 8:34.83
3675 26.3 0.3 8:35.07
3675 22.2 0.3 8:35.30
3675 25.0 0.3 8:35.55
3675 50.0 0.3 8:35.80
3675 15.8 0.3 8:36.00
3675 15.0 0.3 8:36.20
3675 26.3 0.3 8:36.41
3675 20.0 0.3 8:36.63
3675 27.8 0.3 8:36.91
3675 26.3 0.3 8:37.14
3675 15.0 0.3 8:37.34
3675 23.8 0.3 8:37.62
3675 16.7 0.3 8:37.81
3675 22.2 0.3 8:38.02
3675 21.1 0.3 8:38.23
3675 10.0 0.3 8:38.43
3675 38.9 0.3 8:38.71
3675 25.0 0.3 8:38.96
3675 15.8 0.3 8:39.17
3675 22.2 0.3 8:39.39
3675 11.1 0.3 8:39.60
3675 16.7 0.3 8:39.81
3675 20.0 0.3 8:40.01
3675 21.1 0.3 8:40.24
3675 38.9 0.3 8:40.52
3675 14.3 0.3 8:40.73
3675 26.3 0.3 8:40.97
3675 26.3 0.3 8:41.18
3675 19.0 0.3 8:41.40
3675 26.3 0.3 8:41.61
3675 27.8 0.3 8:41.80
3675 16.7 0.3 8:42.00
3675 21.1 0.3 8:42.25
3675 16.7 0.3 8:42.45
3675 33.3 0.3 8:42.73
3675 21.1 0.3 8:42.93
3675 9.5 0.3 8:43.16
3675 20.0 0.3 8:43.40
3675 16.7 0.3 8:43.58
3675 21.1 0.3 8:43.80
3675 0.0 0.3 8:44.01
3675 0.0 0.3 8:44.01
3675 0.0 0.3 8:44.01
3675 0.0 0.3 8:44.01
