3676 0.0 0.2 0:29.39
3676 0.0 0.2 0:29.39
3676 0.0 0.2 0:29.40
3676 0.0 0.2 0:29.40
3676 0.0 0.2 0:29.40
3676 0.0 0.2 0:29.40
3676 0.0 0.2 0:29.40
3676 0.0 0.2 0:29.40
3676 0.0 0.2 0:29.40
3676 0.0 0.2 0:29.40
3676 0.0 0.2 0:29.40
3676 0.0 0.2 0:29.40
3676 0.0 0.2 0:29.40
3676 0.0 0.2 0:29.40
3676 0.0 0.2 0:29.40
3676 0.0 0.2 0:29.40
3676 0.0 0.2 0:29.40
3676 0.0 0.2 0:29.40
3676 0.0 0.2 0:29.40
3676 0.0 0.2 0:29.40
3676 0.0 0.2 0:29.40
3676 0.0 0.2 0:29.40
3676 0.0 0.2 0:29.40
3676 0.0 0.2 0:29.40
3676 0.0 0.2 0:29.40
3676 0.0 0.2 0:29.40
3676 0.0 0.2 0:29.40
3676 0.0 0.2 0:29.40
3676 0.0 0.2 0:29.40
3676 0.0 0.2 0:29.40
3676 0.0 0.2 0:29.40
3676 0.0 0.2 0:29.40
3676 0.0 0.2 0:29.40
3676 0.0 0.2 0:29.40
3676 0.0 0.2 0:29.40
3676 0.0 0.2 0:29.40
3676 0.0 0.2 0:29.40
3676 0.0 0.2 0:29.40
3676 0.0 0.2 0:29.40
3676 0.0 0.2 0:29.40
3676 0.0 0.2 0:29.40
3676 0.0 0.2 0:29.40
3676 0.0 0.2 0:29.40
3676 0.0 0.2 0:29.40
3676 0.0 0.2 0:29.40
3676 0.0 0.2 0:29.40
3676 0.0 0.2 0:29.40
3676 0.0 0.2 0:29.40
3676 0.0 0.2 0:29.40
3676 0.0 0.2 0:29.40
3676 0.0 0.2 0:29.40
3676 0.0 0.2 0:29.40
3676 0.0 0.2 0:29.40
3676 0.0 0.2 0:29.40
3676 0.0 0.2 0:29.40
3676 0.0 0.2 0:29.40
3676 0.0 0.2 0:29.40
3676 0.0 0.2 0:29.40
3676 0.0 0.2 0:29.40
3676 0.0 0.2 0:29.40
3676 0.0 0.2 0:29.40
3676 0.0 0.2 0:29.40
3676 0.0 0.2 0:29.40
3676 0.0 0.2 0:29.40
3676 0.0 0.2 0:29.40
3676 0.0 0.2 0:29.40
3676 0.0 0.2 0:29.40
3676 0.0 0.2 0:29.40
3676 0.0 0.2 0:29.40
3676 0.0 0.2 0:29.40
3676 0.0 0.2 0:29.40
3676 0.0 0.2 0:29.40
3676 0.0 0.2 0:29.40
3676 0.0 0.2 0:29.40
3676 0.0 0.2 0:29.40
3676 0.0 0.2 0:29.40
