3676 5.3 0.2 0:28.35
3676 0.0 0.2 0:28.37
3676 0.0 0.2 0:28.38
3676 0.0 0.2 0:28.38
3676 0.0 0.2 0:28.38
3676 0.0 0.2 0:28.38
3676 0.0 0.2 0:28.38
3676 0.0 0.2 0:28.38
3676 0.0 0.2 0:28.38
3676 0.0 0.2 0:28.38
3676 0.0 0.2 0:28.38
3676 0.0 0.2 0:28.38
3676 0.0 0.2 0:28.38
3676 0.0 0.2 0:28.38
3676 0.0 0.2 0:28.38
3676 0.0 0.2 0:28.38
3676 0.0 0.2 0:28.38
3676 0.0 0.2 0:28.38
3676 0.0 0.2 0:28.38
3676 0.0 0.2 0:28.38
3676 0.0 0.2 0:28.38
3676 0.0 0.2 0:28.38
3676 0.0 0.2 0:28.38
3676 0.0 0.2 0:28.38
3676 0.0 0.2 0:28.38
3676 0.0 0.2 0:28.38
3676 0.0 0.2 0:28.38
3676 0.0 0.2 0:28.38
3676 0.0 0.2 0:28.38
3676 0.0 0.2 0:28.38
3676 0.0 0.2 0:28.38
3676 0.0 0.2 0:28.38
3676 0.0 0.2 0:28.38
3676 0.0 0.2 0:28.38
3676 0.0 0.2 0:28.38
3676 0.0 0.2 0:28.38
3676 0.0 0.2 0:28.38
3676 0.0 0.2 0:28.38
3676 0.0 0.2 0:28.38
3676 0.0 0.2 0:28.38
3676 0.0 0.2 0:28.38
3676 0.0 0.2 0:28.38
3676 0.0 0.2 0:28.38
3676 0.0 0.2 0:28.38
3676 0.0 0.2 0:28.38
3676 0.0 0.2 0:28.38
3676 0.0 0.2 0:28.38
3676 0.0 0.2 0:28.38
3676 0.0 0.2 0:28.38
3676 0.0 0.2 0:28.38
3676 0.0 0.2 0:28.38
3676 0.0 0.2 0:28.38
3676 0.0 0.2 0:28.38
3676 0.0 0.2 0:28.38
3676 0.0 0.2 0:28.38
3676 0.0 0.2 0:28.38
3676 0.0 0.2 0:28.38
3676 0.0 0.2 0:28.38
3676 0.0 0.2 0:28.38
3676 0.0 0.2 0:28.38
3676 0.0 0.2 0:28.38
3676 0.0 0.2 0:28.38
3676 0.0 0.2 0:28.38
3676 0.0 0.2 0:28.38
3676 0.0 0.2 0:28.38
3676 0.0 0.2 0:28.38
3676 0.0 0.2 0:28.38
3676 0.0 0.2 0:28.38
3676 0.0 0.2 0:28.38
3676 0.0 0.2 0:28.38
3676 0.0 0.2 0:28.38
3676 0.0 0.2 0:28.38
3676 0.0 0.2 0:28.38
3676 0.0 0.2 0:28.38
3676 0.0 0.2 0:28.38
3676 0.0 0.2 0:28.38
3676 0.0 0.2 0:28.38
3676 0.0 0.2 0:28.38
3676 0.0 0.2 0:28.38
3676 0.0 0.2 0:28.38
3676 0.0 0.2 0:28.38
3676 0.0 0.2 0:28.38
3676 0.0 0.2 0:28.38
3676 0.0 0.2 0:28.38
3676 0.0 0.2 0:28.38
3676 0.0 0.2 0:28.38
3676 0.0 0.2 0:28.38
3676 0.0 0.2 0:28.38
3676 0.0 0.2 0:28.38
3676 0.0 0.2 0:28.38
3676 0.0 0.2 0:28.38
3676 0.0 0.2 0:28.38
3676 0.0 0.2 0:28.38
3676 0.0 0.2 0:28.38
3676 0.0 0.2 0:28.38
3676 0.0 0.2 0:28.38
3676 0.0 0.2 0:28.38
3676 0.0 0.2 0:28.38
3676 0.0 0.2 0:28.38
3676 0.0 0.2 0:28.38
3676 0.0 0.2 0:28.38
3676 0.0 0.2 0:28.38
3676 0.0 0.2 0:28.38
3676 0.0 0.2 0:28.38
3676 0.0 0.2 0:28.38
3676 0.0 0.2 0:28.38
3676 0.0 0.2 0:28.38
3676 0.0 0.2 0:28.38
