3677 15.8 0.2 0:04.04
3677 0.0 0.2 0:04.06
3677 10.5 0.2 0:04.09
3677 0.0 0.2 0:04.09
3677 0.0 0.2 0:04.10
3677 0.0 0.2 0:04.10
3677 0.0 0.2 0:04.11
3677 0.0 0.2 0:04.11
3677 0.0 0.2 0:04.11
3677 0.0 0.2 0:04.11
3677 0.0 0.2 0:04.11
3677 0.0 0.2 0:04.12
3677 0.0 0.2 0:04.12
3677 0.0 0.2 0:04.12
3677 0.0 0.2 0:04.12
3677 0.0 0.2 0:04.12
3677 0.0 0.2 0:04.12
3677 0.0 0.2 0:04.12
3677 0.0 0.2 0:04.12
3677 0.0 0.2 0:04.12
3677 0.0 0.2 0:04.12
3677 0.0 0.2 0:04.12
3677 0.0 0.2 0:04.12
3677 0.0 0.2 0:04.12
3677 0.0 0.2 0:04.12
3677 0.0 0.2 0:04.12
3677 0.0 0.2 0:04.12
3677 0.0 0.2 0:04.12
3677 0.0 0.2 0:04.12
3677 0.0 0.2 0:04.12
3677 0.0 0.2 0:04.12
3677 0.0 0.2 0:04.13
3677 0.0 0.2 0:04.13
3677 0.0 0.2 0:04.14
3677 0.0 0.2 0:04.14
3677 0.0 0.2 0:04.14
3677 0.0 0.2 0:04.14
3677 0.0 0.2 0:04.14
3677 0.0 0.2 0:04.14
3677 0.0 0.2 0:04.14
3677 0.0 0.2 0:04.14
3677 0.0 0.2 0:04.14
3677 0.0 0.2 0:04.14
3677 0.0 0.2 0:04.14
3677 0.0 0.2 0:04.14
3677 0.0 0.2 0:04.14
3677 0.0 0.2 0:04.14
3677 0.0 0.2 0:04.14
3677 0.0 0.2 0:04.14
3677 0.0 0.2 0:04.14
3677 0.0 0.2 0:04.15
3677 0.0 0.2 0:04.15
3677 0.0 0.2 0:04.15
3677 0.0 0.2 0:04.15
3677 0.0 0.2 0:04.15
3677 0.0 0.2 0:04.15
3677 0.0 0.2 0:04.15
3677 0.0 0.2 0:04.15
3677 0.0 0.2 0:04.15
3677 0.0 0.2 0:04.15
3677 0.0 0.2 0:04.15
3677 0.0 0.2 0:04.15
3677 0.0 0.2 0:04.15
3677 0.0 0.2 0:04.15
3677 0.0 0.2 0:04.15
3677 0.0 0.2 0:04.15
3677 0.0 0.2 0:04.15
3677 0.0 0.2 0:04.15
3677 0.0 0.2 0:04.15
3677 0.0 0.2 0:04.15
3677 0.0 0.2 0:04.15
3677 0.0 0.2 0:04.15
3677 0.0 0.2 0:04.15
3677 0.0 0.2 0:04.15
3677 0.0 0.2 0:04.15
3677 0.0 0.2 0:04.15
3677 0.0 0.2 0:04.15
3677 0.0 0.2 0:04.15
3677 0.0 0.2 0:04.15
3677 0.0 0.2 0:04.15
3677 0.0 0.2 0:04.15
3677 0.0 0.2 0:04.15
3677 0.0 0.2 0:04.15
3677 0.0 0.2 0:04.15
3677 0.0 0.2 0:04.15
3677 0.0 0.2 0:04.15
3677 0.0 0.2 0:04.15
3677 0.0 0.2 0:04.15
3677 0.0 0.2 0:04.15
3677 0.0 0.2 0:04.15
3677 0.0 0.2 0:04.15
3677 0.0 0.2 0:04.15
3677 0.0 0.2 0:04.15
3677 0.0 0.2 0:04.15
3677 0.0 0.2 0:04.15
3677 0.0 0.2 0:04.15
3677 0.0 0.2 0:04.15
3677 0.0 0.2 0:04.15
3677 0.0 0.2 0:04.15
3677 0.0 0.2 0:04.15
3677 0.0 0.2 0:04.15
3677 0.0 0.2 0:04.15
3677 0.0 0.2 0:04.15
3677 0.0 0.2 0:04.15
3677 0.0 0.2 0:04.15
3677 0.0 0.2 0:04.15
3677 0.0 0.2 0:04.15
3677 0.0 0.2 0:04.15
3677 0.0 0.2 0:04.15
3677 0.0 0.2 0:04.15
3677 0.0 0.2 0:04.15
3677 0.0 0.2 0:04.15
3677 0.0 0.2 0:04.15
3677 0.0 0.2 0:04.15
3677 0.0 0.2 0:04.15
3677 0.0 0.2 0:04.15
3677 0.0 0.2 0:04.15
3677 0.0 0.2 0:04.15
3677 0.0 0.2 0:04.15
3677 0.0 0.2 0:04.15
3677 0.0 0.2 0:04.15
3677 0.0 0.2 0:04.15
3677 0.0 0.2 0:04.15
3677 0.0 0.2 0:04.15
3677 0.0 0.2 0:04.15
3677 0.0 0.2 0:04.15
3677 0.0 0.2 0:04.15
3677 0.0 0.2 0:04.15
3677 0.0 0.2 0:04.15
3677 0.0 0.2 0:04.15
3677 0.0 0.2 0:04.15
3677 0.0 0.2 0:04.15
3677 0.0 0.2 0:04.15
3677 0.0 0.2 0:04.15
3677 0.0 0.2 0:04.15
3677 0.0 0.2 0:04.15
3677 0.0 0.2 0:04.15
3677 0.0 0.2 0:04.15
3677 0.0 0.2 0:04.15
3677 0.0 0.2 0:04.15
3677 0.0 0.2 0:04.15
3677 0.0 0.2 0:04.15
3677 0.0 0.2 0:04.15
3677 0.0 0.2 0:04.15
3677 0.0 0.2 0:04.15
3677 0.0 0.2 0:04.15
3677 0.0 0.2 0:04.15
3677 0.0 0.2 0:04.15
3677 0.0 0.2 0:04.15
3677 0.0 0.2 0:04.15
3677 0.0 0.2 0:04.15
3677 0.0 0.2 0:04.15
3677 0.0 0.2 0:04.15
3677 0.0 0.2 0:04.15
3677 0.0 0.2 0:04.15
3677 0.0 0.2 0:04.15
3677 0.0 0.2 0:04.15
3677 0.0 0.2 0:04.15
3677 0.0 0.2 0:04.15
3677 0.0 0.2 0:04.15
3677 0.0 0.2 0:04.15
3677 0.0 0.2 0:04.15
3677 0.0 0.2 0:04.15
3677 0.0 0.2 0:04.15
3677 0.0 0.2 0:04.15
3677 0.0 0.2 0:04.15
3677 0.0 0.2 0:04.15
3677 0.0 0.2 0:04.15
3677 0.0 0.2 0:04.15
3677 0.0 0.2 0:04.15
3677 0.0 0.2 0:04.15
3677 0.0 0.2 0:04.15
3677 0.0 0.2 0:04.15
23677 5.3 0.0 0:00.01
3677 0.0 0.2 0:04.15
3677 0.0 0.2 0:04.15
