3677 5.6 0.2 0:05.63
3677 0.0 0.2 0:05.64
3677 0.0 0.2 0:05.64
3677 0.0 0.2 0:05.64
3677 0.0 0.2 0:05.64
3677 0.0 0.2 0:05.64
3677 0.0 0.2 0:05.64
3677 0.0 0.2 0:05.64
3677 0.0 0.2 0:05.64
3677 0.0 0.2 0:05.64
3677 0.0 0.2 0:05.64
3677 0.0 0.2 0:05.64
3677 0.0 0.2 0:05.64
3677 0.0 0.2 0:05.64
3677 0.0 0.2 0:05.64
3677 0.0 0.2 0:05.64
3677 0.0 0.2 0:05.64
3677 0.0 0.2 0:05.64
3677 0.0 0.2 0:05.64
3677 0.0 0.2 0:05.64
3677 0.0 0.2 0:05.64
3677 0.0 0.2 0:05.64
3677 0.0 0.2 0:05.64
3677 0.0 0.2 0:05.64
3677 0.0 0.2 0:05.64
3677 0.0 0.2 0:05.64
3677 0.0 0.2 0:05.64
3677 0.0 0.2 0:05.64
3677 0.0 0.2 0:05.64
3677 0.0 0.2 0:05.64
3677 0.0 0.2 0:05.64
3677 0.0 0.2 0:05.64
3677 0.0 0.2 0:05.64
3677 0.0 0.2 0:05.64
3677 0.0 0.2 0:05.64
3677 0.0 0.2 0:05.64
3677 0.0 0.2 0:05.64
3677 0.0 0.2 0:05.64
3677 0.0 0.2 0:05.64
3677 0.0 0.2 0:05.64
3677 0.0 0.2 0:05.64
3677 0.0 0.2 0:05.64
3677 0.0 0.2 0:05.64
3677 0.0 0.2 0:05.64
3677 0.0 0.2 0:05.64
3677 0.0 0.2 0:05.64
3677 0.0 0.2 0:05.64
3677 0.0 0.2 0:05.64
3677 0.0 0.2 0:05.64
3677 0.0 0.2 0:05.64
3677 0.0 0.2 0:05.64
3677 0.0 0.2 0:05.64
3677 0.0 0.2 0:05.64
3677 0.0 0.2 0:05.64
3677 0.0 0.2 0:05.64
3677 0.0 0.2 0:05.64
3677 0.0 0.2 0:05.64
3677 0.0 0.2 0:05.64
3677 0.0 0.2 0:05.64
3677 0.0 0.2 0:05.64
3677 0.0 0.2 0:05.64
3677 0.0 0.2 0:05.64
3677 0.0 0.2 0:05.64
3677 0.0 0.2 0:05.64
3677 0.0 0.2 0:05.64
3677 0.0 0.2 0:05.64
3677 0.0 0.2 0:05.64
3677 0.0 0.2 0:05.64
3677 0.0 0.2 0:05.64
3677 0.0 0.2 0:05.64
3677 0.0 0.2 0:05.64
3677 0.0 0.2 0:05.64
3677 0.0 0.2 0:05.64
3677 0.0 0.2 0:05.64
3677 0.0 0.2 0:05.64
3677 0.0 0.2 0:05.64
3677 0.0 0.2 0:05.64
3677 0.0 0.2 0:05.64
3677 0.0 0.2 0:05.64
3677 0.0 0.2 0:05.64
3677 0.0 0.2 0:05.64
3677 0.0 0.2 0:05.64
3677 0.0 0.2 0:05.64
3677 0.0 0.2 0:05.64
3677 0.0 0.2 0:05.64
3677 0.0 0.2 0:05.64
3677 0.0 0.2 0:05.64
3677 0.0 0.2 0:05.64
3677 0.0 0.2 0:05.64
3677 0.0 0.2 0:05.64
3677 0.0 0.2 0:05.64
