3677 11.1 0.2 0:05.15
3677 0.0 0.2 0:05.16
3677 0.0 0.2 0:05.17
3677 0.0 0.2 0:05.18
3677 0.0 0.2 0:05.19
3677 0.0 0.2 0:05.19
3677 0.0 0.2 0:05.22
3677 5.3 0.2 0:05.23
3677 0.0 0.2 0:05.23
3677 10.5 0.2 0:05.25
3677 0.0 0.2 0:05.26
3677 0.0 0.2 0:05.26
3677 0.0 0.2 0:05.26
3677 0.0 0.2 0:05.26
3677 0.0 0.2 0:05.26
3677 0.0 0.2 0:05.26
3677 0.0 0.2 0:05.26
3677 0.0 0.2 0:05.26
3677 0.0 0.2 0:05.27
3677 0.0 0.2 0:05.27
3677 0.0 0.2 0:05.27
3677 0.0 0.2 0:05.27
3677 0.0 0.2 0:05.27
3677 0.0 0.2 0:05.27
3677 0.0 0.2 0:05.27
3677 0.0 0.2 0:05.27
3677 0.0 0.2 0:05.27
3677 0.0 0.2 0:05.27
3677 0.0 0.2 0:05.27
3677 0.0 0.2 0:05.27
3677 0.0 0.2 0:05.27
3677 0.0 0.2 0:05.27
3677 0.0 0.2 0:05.27
3677 0.0 0.2 0:05.27
3677 0.0 0.2 0:05.27
3677 0.0 0.2 0:05.27
3677 0.0 0.2 0:05.27
3677 0.0 0.2 0:05.27
3677 0.0 0.2 0:05.27
3677 0.0 0.2 0:05.27
3677 0.0 0.2 0:05.27
3677 0.0 0.2 0:05.27
3677 0.0 0.2 0:05.27
3677 0.0 0.2 0:05.27
3677 0.0 0.2 0:05.27
3677 0.0 0.2 0:05.27
3677 0.0 0.2 0:05.27
3677 0.0 0.2 0:05.27
3677 0.0 0.2 0:05.27
3677 0.0 0.2 0:05.27
3677 0.0 0.2 0:05.27
3677 0.0 0.2 0:05.27
3677 0.0 0.2 0:05.27
3677 0.0 0.2 0:05.27
3677 0.0 0.2 0:05.27
3677 0.0 0.2 0:05.27
3677 0.0 0.2 0:05.27
3677 0.0 0.2 0:05.27
3677 0.0 0.2 0:05.27
3677 0.0 0.2 0:05.27
3677 0.0 0.2 0:05.27
3677 0.0 0.2 0:05.27
3677 0.0 0.2 0:05.27
3677 0.0 0.2 0:05.27
3677 0.0 0.2 0:05.27
3677 0.0 0.2 0:05.27
3677 0.0 0.2 0:05.27
3677 0.0 0.2 0:05.27
3677 0.0 0.2 0:05.27
3677 0.0 0.2 0:05.27
3677 0.0 0.2 0:05.27
3677 0.0 0.2 0:05.27
3677 0.0 0.2 0:05.27
3677 0.0 0.2 0:05.27
3677 0.0 0.2 0:05.27
3677 0.0 0.2 0:05.27
3677 0.0 0.2 0:05.27
3677 0.0 0.2 0:05.27
3677 0.0 0.2 0:05.27
3677 0.0 0.2 0:05.27
3677 0.0 0.2 0:05.27
3677 0.0 0.2 0:05.27
3677 0.0 0.2 0:05.27
3677 0.0 0.2 0:05.27
3677 0.0 0.2 0:05.27
3677 0.0 0.2 0:05.27
3677 0.0 0.2 0:05.27
3677 0.0 0.2 0:05.27
3677 0.0 0.2 0:05.27
3677 0.0 0.2 0:05.27
3677 0.0 0.2 0:05.27
3677 0.0 0.2 0:05.27
3677 0.0 0.2 0:05.27
3677 0.0 0.2 0:05.27
3677 0.0 0.2 0:05.27
3677 0.0 0.2 0:05.27
3677 0.0 0.2 0:05.27
3677 0.0 0.2 0:05.27
3677 0.0 0.2 0:05.27
3677 0.0 0.2 0:05.27
3677 0.0 0.2 0:05.27
3677 0.0 0.2 0:05.27
3677 0.0 0.2 0:05.27
3677 0.0 0.2 0:05.27
3677 0.0 0.2 0:05.27
3677 0.0 0.2 0:05.27
3677 0.0 0.2 0:05.27
3677 0.0 0.2 0:05.27
3677 0.0 0.2 0:05.27
3677 0.0 0.2 0:05.27
3677 0.0 0.2 0:05.27
3677 0.0 0.2 0:05.27
3677 0.0 0.2 0:05.27
3677 0.0 0.2 0:05.27
3677 0.0 0.2 0:05.27
3677 0.0 0.2 0:05.27
3677 0.0 0.2 0:05.27
3677 0.0 0.2 0:05.27
3677 0.0 0.2 0:05.27
3677 0.0 0.2 0:05.27
3677 0.0 0.2 0:05.27
3677 0.0 0.2 0:05.27
3677 0.0 0.2 0:05.27
3677 0.0 0.2 0:05.27
3677 0.0 0.2 0:05.27
3677 0.0 0.2 0:05.27
3677 0.0 0.2 0:05.27
3677 0.0 0.2 0:05.27
3677 0.0 0.2 0:05.27
3677 0.0 0.2 0:05.27
3677 0.0 0.2 0:05.27
3677 0.0 0.2 0:05.27
3677 0.0 0.2 0:05.27
3677 0.0 0.2 0:05.27
3677 0.0 0.2 0:05.27
3677 0.0 0.2 0:05.27
3677 0.0 0.2 0:05.27
3677 0.0 0.2 0:05.27
3677 5.3 0.2 0:05.28
3677 0.0 0.2 0:05.28
