713 21.1 0.3 0:20.64
713 0.0 0.3 0:20.67
713 0.0 0.3 0:20.67
713 0.0 0.3 0:20.67
713 0.0 0.3 0:20.67
713 0.0 0.3 0:20.67
713 0.0 0.3 0:20.67
15713 21.1 0.2 0:00.04
713 0.0 0.3 0:20.67
713 0.0 0.3 0:20.67
713 0.0 0.3 0:20.67
713 0.0 0.3 0:20.67
713 0.0 0.3 0:20.67
713 0.0 0.3 0:20.67
713 0.0 0.3 0:20.67
713 0.0 0.3 0:20.67
713 0.0 0.3 0:20.67
713 0.0 0.3 0:20.68
713 0.0 0.3 0:20.68
713 0.0 0.3 0:20.77
713 0.0 0.3 0:20.77
713 0.0 0.3 0:20.77
713 0.0 0.3 0:20.77
713 0.0 0.3 0:20.77
713 0.0 0.3 0:20.77
713 0.0 0.3 0:20.77
713 0.0 0.3 0:20.77
713 0.0 0.3 0:20.77
713 0.0 0.3 0:20.77
713 0.0 0.3 0:20.77
713 0.0 0.3 0:20.77
16713 16.7 0.2 0:00.03
713 0.0 0.3 0:20.78
713 0.0 0.3 0:20.78
713 0.0 0.3 0:20.79
713 0.0 0.3 0:20.79
713 0.0 0.3 0:20.79
713 0.0 0.3 0:20.83
713 0.0 0.3 0:20.83
713 0.0 0.3 0:20.83
713 0.0 0.3 0:20.83
17133 16.7 0.2 0:00.03
713 0.0 0.3 0:20.83
713 0.0 0.3 0:20.83
713 0.0 0.3 0:20.83
713 0.0 0.3 0:20.83
713 0.0 0.3 0:20.83
713 0.0 0.3 0:20.83
713 0.0 0.3 0:20.83
713 0.0 0.3 0:20.83
713 0.0 0.3 0:20.84
713 0.0 0.3 0:20.84
713 0.0 0.3 0:20.84
713 0.0 0.3 0:20.84
713 5.6 0.3 0:20.85
713 5.6 0.3 0:20.90
713 0.0 0.3 0:20.90
713 0.0 0.3 0:20.90
713 0.0 0.3 0:20.90
713 0.0 0.3 0:20.90
713 0.0 0.3 0:20.90
713 0.0 0.3 0:20.90
713 0.0 0.3 0:20.90
713 0.0 0.3 0:20.90
713 0.0 0.3 0:20.90
713 0.0 0.3 0:20.90
713 0.0 0.3 0:20.90
713 0.0 0.3 0:20.90
713 10.5 0.3 0:20.92
713 0.0 0.3 0:20.92
713 0.0 0.3 0:20.93
713 0.0 0.3 0:20.93
713 0.0 0.3 0:20.93
713 22.2 0.3 0:20.99
713 0.0 0.3 0:21.01
713 0.0 0.3 0:21.01
713 0.0 0.3 0:21.01
713 0.0 0.3 0:21.01
713 0.0 0.3 0:21.01
713 0.0 0.3 0:21.01
713 0.0 0.3 0:21.01
713 0.0 0.3 0:21.01
713 0.0 0.3 0:21.01
713 0.0 0.3 0:21.02
713 0.0 0.3 0:21.02
713 0.0 0.3 0:21.02
713 0.0 0.3 0:21.02
713 0.0 0.3 0:21.03
713 5.3 0.3 0:21.05
713 0.0 0.3 0:21.05
713 0.0 0.3 0:21.07
713 5.3 0.3 0:21.09
713 0.0 0.3 0:21.14
713 0.0 0.3 0:21.14
713 0.0 0.3 0:21.14
713 0.0 0.3 0:21.14
713 0.0 0.3 0:21.14
713 0.0 0.3 0:21.14
713 0.0 0.3 0:21.14
713 0.0 0.3 0:21.14
713 0.0 0.3 0:21.15
713 0.0 0.3 0:21.15
713 11.8 0.3 0:21.17
713 0.0 0.3 0:21.17
713 0.0 0.3 0:21.17
713 0.0 0.3 0:21.19
713 0.0 0.3 0:21.20
713 0.0 0.3 0:21.20
713 0.0 0.3 0:21.20
713 0.0 0.3 0:21.22
713 0.0 0.3 0:21.24
713 0.0 0.3 0:21.24
713 0.0 0.3 0:21.24
713 0.0 0.3 0:21.24
713 0.0 0.3 0:21.24
713 0.0 0.3 0:21.24
713 0.0 0.3 0:21.24
713 0.0 0.3 0:21.24
713 0.0 0.3 0:21.24
713 0.0 0.3 0:21.24
713 0.0 0.3 0:21.24
713 0.0 0.3 0:21.24
713 0.0 0.3 0:21.25
713 0.0 0.3 0:21.25
713 0.0 0.3 0:21.26
713 0.0 0.3 0:21.26
713 0.0 0.3 0:21.27
713 0.0 0.3 0:21.27
713 0.0 0.3 0:21.29
713 0.0 0.3 0:21.29
713 0.0 0.3 0:21.29
713 0.0 0.3 0:21.29
713 0.0 0.3 0:21.29
713 0.0 0.3 0:21.29
713 0.0 0.3 0:21.29
713 0.0 0.3 0:21.29
713 0.0 0.3 0:21.29
713 0.0 0.3 0:21.30
713 0.0 0.3 0:21.30
713 0.0 0.3 0:21.31
713 0.0 0.3 0:21.31
713 11.1 0.3 0:21.34
713 0.0 0.3 0:21.36
713 0.0 0.3 0:21.38
713 5.6 0.3 0:21.39
713 0.0 0.3 0:21.39
713 16.7 0.3 0:21.44
713 0.0 0.3 0:21.44
713 0.0 0.3 0:21.44
713 0.0 0.3 0:21.44
713 0.0 0.3 0:21.44
713 0.0 0.3 0:21.44
713 0.0 0.3 0:21.44
713 0.0 0.3 0:21.44
713 0.0 0.3 0:21.45
713 0.0 0.3 0:21.45
713 0.0 0.3 0:21.45
713 0.0 0.3 0:21.46
713 0.0 0.3 0:21.46
713 0.0 0.3 0:21.46
713 0.0 0.3 0:21.47
713 5.3 0.3 0:21.49
713 0.0 0.3 0:21.49
713 0.0 0.3 0:21.51
713 10.5 0.3 0:21.53
713 0.0 0.3 0:21.55
713 0.0 0.3 0:21.55
713 0.0 0.3 0:21.55
713 0.0 0.3 0:21.55
713 0.0 0.3 0:21.55
713 0.0 0.3 0:21.55
713 0.0 0.3 0:21.55
713 0.0 0.3 0:21.55
713 0.0 0.3 0:21.55
713 0.0 0.3 0:21.55
713 0.0 0.3 0:21.57
713 0.0 0.3 0:21.57
713 0.0 0.3 0:21.57
713 11.1 0.3 0:21.59
713 0.0 0.3 0:21.59
713 0.0 0.3 0:21.59
713 0.0 0.3 0:21.61
713 11.1 0.3 0:21.63
713 0.0 0.3 0:21.66
713 0.0 0.3 0:21.66
713 0.0 0.3 0:21.66
713 0.0 0.3 0:21.66
713 0.0 0.3 0:21.66
713 0.0 0.3 0:21.66
713 0.0 0.3 0:21.66
713 0.0 0.3 0:21.66
713 0.0 0.3 0:21.66
713 0.0 0.3 0:21.66
713 0.0 0.3 0:21.66
713 0.0 0.3 0:21.67
713 0.0 0.3 0:21.67
713 10.5 0.3 0:21.70
713 0.0 0.3 0:21.70
713 0.0 0.3 0:21.70
713 0.0 0.3 0:21.71
713 0.0 0.3 0:21.71
713 0.0 0.3 0:21.74
713 0.0 0.3 0:21.74
713 0.0 0.3 0:21.74
713 0.0 0.3 0:21.74
713 0.0 0.3 0:21.74
713 0.0 0.3 0:21.74
713 0.0 0.3 0:21.74
713 0.0 0.3 0:21.74
713 0.0 0.3 0:21.74
713 0.0 0.3 0:21.75
713 0.0 0.3 0:21.75
713 0.0 0.3 0:21.76
713 0.0 0.3 0:21.76
713 5.6 0.3 0:21.77
713 0.0 0.3 0:21.79
713 0.0 0.3 0:21.79
713 0.0 0.3 0:21.79
713 0.0 0.3 0:21.79
713 0.0 0.3 0:21.79
713 0.0 0.3 0:21.79
713 0.0 0.3 0:21.79
713 0.0 0.3 0:21.79
713 0.0 0.3 0:21.79
713 0.0 0.3 0:21.79
713 0.0 0.3 0:21.79
713 0.0 0.3 0:21.79
713 0.0 0.3 0:21.79
713 0.0 0.3 0:21.79
713 0.0 0.3 0:21.79
713 0.0 0.3 0:21.79
713 0.0 0.3 0:21.79
713 0.0 0.3 0:21.79
713 0.0 0.3 0:21.79
713 0.0 0.3 0:21.79
