705 10.0 0.3 0:37.52
705 0.0 0.3 0:37.52
705 0.0 0.3 0:37.52
705 0.0 0.3 0:37.54
705 0.0 0.3 0:37.54
705 0.0 0.3 0:37.54
705 0.0 0.3 0:37.54
705 0.0 0.3 0:37.54
705 0.0 0.3 0:37.54
705 0.0 0.3 0:37.54
705 0.0 0.3 0:37.54
705 0.0 0.3 0:37.54
705 0.0 0.3 0:37.54
705 0.0 0.3 0:37.54
705 0.0 0.3 0:37.54
705 0.0 0.3 0:37.54
705 0.0 0.3 0:37.54
705 0.0 0.3 0:37.54
705 0.0 0.3 0:37.54
705 0.0 0.3 0:37.57
705 0.0 0.3 0:37.57
705 5.6 0.3 0:37.58
705 0.0 0.3 0:37.58
705 0.0 0.3 0:37.58
705 0.0 0.3 0:37.58
705 0.0 0.3 0:37.58
705 0.0 0.3 0:37.58
705 0.0 0.3 0:37.58
705 0.0 0.3 0:37.58
705 0.0 0.3 0:37.58
705 0.0 0.3 0:37.58
705 0.0 0.3 0:37.58
705 0.0 0.3 0:37.58
705 0.0 0.3 0:37.58
705 0.0 0.3 0:37.59
705 0.0 0.3 0:37.59
705 0.0 0.3 0:37.60
705 0.0 0.3 0:37.61
705 0.0 0.3 0:37.61
705 0.0 0.3 0:37.61
705 0.0 0.3 0:37.63
705 0.0 0.3 0:37.63
705 0.0 0.3 0:37.63
705 0.0 0.3 0:37.63
705 0.0 0.3 0:37.63
705 0.0 0.3 0:37.63
705 0.0 0.3 0:37.63
705 0.0 0.3 0:37.63
705 0.0 0.3 0:37.63
705 0.0 0.3 0:37.63
3705 11.1 0.2 0:00.04
705 0.0 0.3 0:37.63
705 5.6 0.3 0:37.64
705 0.0 0.3 0:37.64
705 0.0 0.3 0:37.64
705 0.0 0.3 0:37.66
705 0.0 0.3 0:37.66
705 0.0 0.3 0:37.66
705 0.0 0.3 0:37.67
705 0.0 0.3 0:37.67
705 0.0 0.3 0:37.67
705 0.0 0.3 0:37.67
705 0.0 0.3 0:37.67
705 0.0 0.3 0:37.67
705 0.0 0.3 0:37.67
705 0.0 0.3 0:37.67
705 0.0 0.3 0:37.67
705 0.0 0.3 0:37.67
705 0.0 0.3 0:37.67
705 0.0 0.3 0:37.67
705 0.0 0.3 0:37.68
705 0.0 0.3 0:37.68
705 0.0 0.3 0:37.68
705 11.1 0.3 0:37.71
705 0.0 0.3 0:37.72
705 0.0 0.3 0:37.73
705 0.0 0.3 0:37.74
705 0.0 0.3 0:37.74
705 0.0 0.3 0:37.74
705 0.0 0.3 0:37.74
705 0.0 0.3 0:37.74
705 0.0 0.3 0:37.74
705 0.0 0.3 0:37.74
705 0.0 0.3 0:37.74
705 0.0 0.3 0:37.74
705 0.0 0.3 0:37.74
705 0.0 0.3 0:37.74
705 0.0 0.3 0:37.74
705 0.0 0.3 0:37.74
705 0.0 0.3 0:37.74
705 0.0 0.3 0:37.75
705 0.0 0.3 0:37.75
705 0.0 0.3 0:37.77
705 0.0 0.3 0:37.77
705 0.0 0.3 0:37.77
705 0.0 0.3 0:37.78
705 0.0 0.3 0:37.78
705 0.0 0.3 0:37.78
705 0.0 0.3 0:37.78
705 0.0 0.3 0:37.78
705 0.0 0.3 0:37.78
705 0.0 0.3 0:37.78
705 0.0 0.3 0:37.78
705 0.0 0.3 0:37.78
705 0.0 0.3 0:37.78
705 0.0 0.3 0:37.79
705 0.0 0.3 0:37.79
705 0.0 0.3 0:37.79
705 0.0 0.3 0:37.79
705 0.0 0.3 0:37.79
705 0.0 0.3 0:37.81
705 0.0 0.3 0:37.81
705 0.0 0.3 0:37.82
705 0.0 0.3 0:37.83
705 0.0 0.3 0:37.83
705 0.0 0.3 0:37.83
705 0.0 0.3 0:37.83
705 0.0 0.3 0:37.83
705 0.0 0.3 0:37.83
705 0.0 0.3 0:37.83
705 0.0 0.3 0:37.83
705 0.0 0.3 0:37.83
705 0.0 0.3 0:37.83
705 0.0 0.3 0:37.83
705 0.0 0.3 0:37.83
705 5.6 0.3 0:37.84
705 0.0 0.3 0:37.84
705 0.0 0.3 0:37.84
705 5.0 0.3 0:37.87
705 0.0 0.3 0:37.87
705 5.3 0.3 0:37.88
705 0.0 0.3 0:37.88
705 0.0 0.3 0:37.88
705 0.0 0.3 0:37.88
705 0.0 0.3 0:37.88
705 0.0 0.3 0:37.88
705 0.0 0.3 0:37.88
705 0.0 0.3 0:37.88
705 5.6 0.3 0:37.89
705 0.0 0.3 0:37.89
705 0.0 0.3 0:37.89
705 0.0 0.3 0:37.89
705 0.0 0.3 0:37.89
705 0.0 0.3 0:37.89
705 0.0 0.3 0:37.90
705 0.0 0.3 0:37.90
705 0.0 0.3 0:37.91
705 0.0 0.3 0:37.92
705 0.0 0.3 0:37.92
705 0.0 0.3 0:37.94
705 0.0 0.3 0:37.94
705 0.0 0.3 0:37.94
705 0.0 0.3 0:37.94
705 0.0 0.3 0:37.94
705 0.0 0.3 0:37.94
705 0.0 0.3 0:37.94
705 0.0 0.3 0:37.94
705 0.0 0.3 0:37.94
705 0.0 0.3 0:37.94
705 0.0 0.3 0:37.95
705 0.0 0.3 0:37.96
705 0.0 0.3 0:37.96
705 0.0 0.3 0:37.96
705 0.0 0.3 0:37.97
705 0.0 0.3 0:37.97
705 0.0 0.3 0:37.99
705 0.0 0.3 0:37.99
705 0.0 0.3 0:37.99
705 0.0 0.3 0:38.00
705 0.0 0.3 0:38.00
705 0.0 0.3 0:38.00
705 0.0 0.3 0:38.00
705 0.0 0.3 0:38.00
705 0.0 0.3 0:38.00
705 0.0 0.3 0:38.00
705 0.0 0.3 0:38.00
705 5.3 0.3 0:38.01
705 0.0 0.3 0:38.01
705 0.0 0.3 0:38.02
705 0.0 0.3 0:38.02
705 0.0 0.3 0:38.02
705 0.0 0.3 0:38.03
705 0.0 0.3 0:38.03
705 0.0 0.3 0:38.04
705 0.0 0.3 0:38.05
705 0.0 0.3 0:38.05
705 0.0 0.3 0:38.06
705 0.0 0.3 0:38.06
705 0.0 0.3 0:38.06
705 0.0 0.3 0:38.06
705 0.0 0.3 0:38.06
705 0.0 0.3 0:38.06
705 0.0 0.3 0:38.06
705 0.0 0.3 0:38.06
705 0.0 0.3 0:38.06
705 0.0 0.3 0:38.06
705 0.0 0.3 0:38.06
705 0.0 0.3 0:38.07
705 0.0 0.3 0:38.07
705 0.0 0.3 0:38.08
705 0.0 0.3 0:38.09
705 4.5 0.3 0:38.11
705 0.0 0.3 0:38.11
705 0.0 0.3 0:38.11
705 0.0 0.3 0:38.12
705 0.0 0.3 0:38.12
705 0.0 0.3 0:38.12
705 0.0 0.3 0:38.12
705 0.0 0.3 0:38.12
705 0.0 0.3 0:38.12
705 0.0 0.3 0:38.12
705 0.0 0.3 0:38.12
705 0.0 0.3 0:38.13
705 0.0 0.3 0:38.13
705 0.0 0.3 0:38.13
705 0.0 0.3 0:38.13
705 0.0 0.3 0:38.14
705 0.0 0.3 0:38.14
705 0.0 0.3 0:38.14
705 0.0 0.3 0:38.14
705 0.0 0.3 0:38.14
705 0.0 0.3 0:38.14
705 0.0 0.3 0:38.14
705 0.0 0.3 0:38.14
705 0.0 0.3 0:38.14
705 0.0 0.3 0:38.14
705 0.0 0.3 0:38.14
705 0.0 0.3 0:38.14
705 0.0 0.3 0:38.14
705 0.0 0.3 0:38.14
705 0.0 0.3 0:38.14
705 0.0 0.3 0:38.14
705 0.0 0.3 0:38.14
705 0.0 0.3 0:38.14
705 0.0 0.3 0:38.14
705 0.0 0.3 0:38.14
