706 10.5 0.3 0:52.50
706 0.0 0.3 0:52.50
706 0.0 0.3 0:52.50
706 0.0 0.3 0:52.50
706 0.0 0.3 0:52.50
706 0.0 0.3 0:52.50
706 0.0 0.3 0:52.50
706 0.0 0.3 0:52.50
706 0.0 0.3 0:52.50
32706 17.6 0.2 0:00.03
706 0.0 0.3 0:52.50
706 0.0 0.3 0:52.50
706 0.0 0.3 0:52.50
706 0.0 0.3 0:52.50
706 0.0 0.3 0:52.50
706 0.0 0.3 0:52.50
706 0.0 0.3 0:52.50
706 0.0 0.3 0:52.50
706 0.0 0.3 0:52.50
706 0.0 0.3 0:52.53
706 0.0 0.3 0:52.53
706 0.0 0.3 0:52.53
706 0.0 0.3 0:52.53
706 0.0 0.3 0:52.53
706 0.0 0.3 0:52.53
706 0.0 0.3 0:52.53
706 0.0 0.3 0:52.53
706 0.0 0.3 0:52.53
706 0.0 0.3 0:52.53
706 0.0 0.3 0:52.53
706 0.0 0.3 0:52.53
706 0.0 0.3 0:52.53
706 0.0 0.3 0:52.53
706 0.0 0.3 0:52.53
706 0.0 0.3 0:52.53
706 0.0 0.3 0:52.53
706 0.0 0.3 0:52.54
706 0.0 0.3 0:52.56
706 0.0 0.3 0:52.56
706 0.0 0.3 0:52.56
706 0.0 0.3 0:52.56
706 0.0 0.3 0:52.56
706 0.0 0.3 0:52.56
706 0.0 0.3 0:52.56
706 0.0 0.3 0:52.56
706 0.0 0.3 0:52.56
706 0.0 0.3 0:52.56
706 0.0 0.3 0:52.56
706 0.0 0.3 0:52.56
706 0.0 0.3 0:52.56
706 0.0 0.3 0:52.56
706 0.0 0.3 0:52.56
706 0.0 0.3 0:52.56
706 0.0 0.3 0:52.56
706 0.0 0.3 0:52.57
706 0.0 0.3 0:52.60
706 0.0 0.3 0:52.60
706 0.0 0.3 0:52.60
706 0.0 0.3 0:52.60
706 0.0 0.3 0:52.60
706 0.0 0.3 0:52.60
706 0.0 0.3 0:52.60
706 0.0 0.3 0:52.60
706 0.0 0.3 0:52.60
706 0.0 0.3 0:52.60
706 0.0 0.3 0:52.60
706 0.0 0.3 0:52.60
706 0.0 0.3 0:52.60
706 0.0 0.3 0:52.60
706 0.0 0.3 0:52.60
706 0.0 0.3 0:52.60
706 0.0 0.3 0:52.61
KiB 1537068 avail Mem
706 0.0 0.3 0:52.61
706 0.0 0.3 0:52.62
706 0.0 0.3 0:52.62
706 0.0 0.3 0:52.62
706 0.0 0.3 0:52.62
706 0.0 0.3 0:52.62
706 0.0 0.3 0:52.62
706 0.0 0.3 0:52.62
706 0.0 0.3 0:52.62
706 0.0 0.3 0:52.62
706 0.0 0.3 0:52.62
706 0.0 0.3 0:52.62
706 0.0 0.3 0:52.62
706 0.0 0.3 0:52.63
706 0.0 0.3 0:52.63
706 0.0 0.3 0:52.65
706 0.0 0.3 0:52.65
706 0.0 0.3 0:52.65
706 0.0 0.3 0:52.65
706 0.0 0.3 0:52.65
706 0.0 0.3 0:52.65
706 0.0 0.3 0:52.65
706 0.0 0.3 0:52.65
706 0.0 0.3 0:52.65
706 0.0 0.3 0:52.65
706 0.0 0.3 0:52.65
706 0.0 0.3 0:52.66
706 0.0 0.3 0:52.66
706 0.0 0.3 0:52.66
706 0.0 0.3 0:52.66
706 0.0 0.3 0:52.66
706 0.0 0.3 0:52.66
706 0.0 0.3 0:52.66
706 0.0 0.3 0:52.67
706 0.0 0.3 0:52.67
706 0.0 0.3 0:52.67
706 0.0 0.3 0:52.67
706 0.0 0.3 0:52.68
706 0.0 0.3 0:52.68
706 0.0 0.3 0:52.68
706 0.0 0.3 0:52.68
706 0.0 0.3 0:52.68
706 0.0 0.3 0:52.68
706 0.0 0.3 0:52.68
706 5.6 0.3 0:52.69
706 0.0 0.3 0:52.69
706 0.0 0.3 0:52.69
706 0.0 0.3 0:52.69
706 0.0 0.3 0:52.69
706 0.0 0.3 0:52.69
706 0.0 0.3 0:52.69
706 0.0 0.3 0:52.70
706 0.0 0.3 0:52.70
706 0.0 0.3 0:52.70
706 0.0 0.3 0:52.72
706 0.0 0.3 0:52.72
706 0.0 0.3 0:52.72
706 0.0 0.3 0:52.72
706 0.0 0.3 0:52.72
706 0.0 0.3 0:52.72
706 0.0 0.3 0:52.72
706 0.0 0.3 0:52.73
706 0.0 0.3 0:52.73
706 0.0 0.3 0:52.73
706 0.0 0.3 0:52.73
706 0.0 0.3 0:52.73
706 0.0 0.3 0:52.73
706 0.0 0.3 0:52.73
706 0.0 0.3 0:52.74
706 0.0 0.3 0:52.74
706 0.0 0.3 0:52.74
706 0.0 0.3 0:52.74
706 5.9 0.3 0:52.75
706 0.0 0.3 0:52.75
706 0.0 0.3 0:52.75
706 0.0 0.3 0:52.75
706 0.0 0.3 0:52.75
706 0.0 0.3 0:52.75
706 0.0 0.3 0:52.75
706 0.0 0.3 0:52.75
706 0.0 0.3 0:52.75
706 0.0 0.3 0:52.75
706 4.8 0.3 0:52.76
KiB used, 420244 buff/cache
706 0.0 0.3 0:52.76
706 0.0 0.3 0:52.76
706 5.3 0.3 0:52.77
706 0.0 0.3 0:52.77
706 0.0 0.3 0:52.77
706 0.0 0.3 0:52.78
706 0.0 0.3 0:52.78
706 0.0 0.3 0:52.78
706 0.0 0.3 0:52.79
706 0.0 0.3 0:52.79
706 0.0 0.3 0:52.79
706 0.0 0.3 0:52.79
706 0.0 0.3 0:52.79
706 0.0 0.3 0:52.79
706 0.0 0.3 0:52.79
706 0.0 0.3 0:52.79
7060 16.7 0.2 0:00.03
706 0.0 0.3 0:52.80
706 0.0 0.3 0:52.80
706 0.0 0.3 0:52.80
706 0.0 0.3 0:52.81
706 0.0 0.3 0:52.81
706 0.0 0.3 0:52.81
706 0.0 0.3 0:52.81
706 0.0 0.3 0:52.81
706 0.0 0.3 0:52.82
706 0.0 0.3 0:52.82
706 0.0 0.3 0:52.82
706 0.0 0.3 0:52.82
706 0.0 0.3 0:52.82
706 0.0 0.3 0:52.82
706 0.0 0.3 0:52.83
706 0.0 0.3 0:52.83
706 0.0 0.3 0:52.83
706 0.0 0.3 0:52.83
706 0.0 0.3 0:52.83
706 0.0 0.3 0:52.83
706 0.0 0.3 0:52.83
706 0.0 0.3 0:52.83
706 0.0 0.3 0:52.84
706 0.0 0.3 0:52.84
706 0.0 0.3 0:52.84
706 0.0 0.3 0:52.84
706 0.0 0.3 0:52.84
706 0.0 0.3 0:52.84
706 0.0 0.3 0:52.85
706 0.0 0.3 0:52.85
706 0.0 0.3 0:52.85
706 0.0 0.3 0:52.85
706 0.0 0.3 0:52.85
706 0.0 0.3 0:52.85
706 0.0 0.3 0:52.85
706 0.0 0.3 0:52.85
706 0.0 0.3 0:52.86
706 0.0 0.3 0:52.86
706 0.0 0.3 0:52.86
706 0.0 0.3 0:52.86
706 0.0 0.3 0:52.86
706 0.0 0.3 0:52.86
706 0.0 0.3 0:52.86
706 0.0 0.3 0:52.87
706 0.0 0.3 0:52.87
706 0.0 0.3 0:52.87
706 0.0 0.3 0:52.87
706 0.0 0.3 0:52.87
706 0.0 0.3 0:52.87
706 0.0 0.3 0:52.88
706 0.0 0.3 0:52.88
706 0.0 0.3 0:52.88
706 0.0 0.3 0:52.88
706 0.0 0.3 0:52.88
706 0.0 0.3 0:52.88
706 0.0 0.3 0:52.88
706 0.0 0.3 0:52.88
706 0.0 0.3 0:52.88
706 0.0 0.3 0:52.88
KiB 1537064 avail Mem
706 0.0 0.3 0:52.89
706 0.0 0.3 0:52.89
706 0.0 0.3 0:52.89
706 5.6 0.3 0:52.90
706 0.0 0.3 0:52.90
706 0.0 0.3 0:52.90
706 0.0 0.3 0:52.90
706 0.0 0.3 0:52.90
706 0.0 0.3 0:52.90
706 0.0 0.3 0:52.90
706 0.0 0.3 0:52.90
706 0.0 0.3 0:52.90
706 0.0 0.3 0:52.90
706 0.0 0.3 0:52.91
706 0.0 0.3 0:52.91
706 0.0 0.3 0:52.91
706 0.0 0.3 0:52.91
706 0.0 0.3 0:52.92
706 0.0 0.3 0:52.92
706 0.0 0.3 0:52.92
706 0.0 0.3 0:52.92
706 0.0 0.3 0:52.92
706 0.0 0.3 0:52.92
706 0.0 0.3 0:52.93
706 0.0 0.3 0:52.93
706 0.0 0.3 0:52.93
706 0.0 0.3 0:52.93
706 0.0 0.3 0:52.93
706 0.0 0.3 0:52.93
706 0.0 0.3 0:52.93
706 0.0 0.3 0:52.93
706 5.3 0.3 0:52.94
706 0.0 0.3 0:52.94
706 0.0 0.3 0:52.94
706 0.0 0.3 0:52.94
706 0.0 0.3 0:52.94
706 0.0 0.3 0:52.94
706 0.0 0.3 0:52.94
706 0.0 0.3 0:52.96
KiB 1537068 avail Mem
706 0.0 0.3 0:52.96
706 0.0 0.3 0:52.96
706 0.0 0.3 0:52.96
706 0.0 0.3 0:52.96
706 0.0 0.3 0:52.96
706 0.0 0.3 0:52.96
706 0.0 0.3 0:52.96
706 0.0 0.3 0:52.96
706 0.0 0.3 0:52.96
706 0.0 0.3 0:52.96
706 0.0 0.3 0:52.97
706 0.0 0.3 0:52.97
706 0.0 0.3 0:52.97
706 0.0 0.3 0:52.97
706 0.0 0.3 0:52.97
706 0.0 0.3 0:52.98
706 0.0 0.3 0:52.98
706 0.0 0.3 0:52.98
706 0.0 0.3 0:52.98
706 0.0 0.3 0:52.98
706 0.0 0.3 0:52.98
706 0.0 0.3 0:52.98
706 0.0 0.3 0:52.98
KiB used, 420668 buff/cache
706 0.0 0.3 0:52.99
706 0.0 0.3 0:52.99
706 0.0 0.3 0:52.99
706 5.3 0.3 0:53.00
706 0.0 0.3 0:53.00
706 0.0 0.3 0:53.00
706 0.0 0.3 0:53.00
706 0.0 0.3 0:53.00
706 0.0 0.3 0:53.01
706 0.0 0.3 0:53.01
706 0.0 0.3 0:53.02
706 0.0 0.3 0:53.02
706 0.0 0.3 0:53.02
KiB 1537060 avail Mem
706 0.0 0.3 0:53.02
706 0.0 0.3 0:53.02
706 0.0 0.3 0:53.02
706 0.0 0.3 0:53.02
706 0.0 0.3 0:53.02
706 0.0 0.3 0:53.03
706 0.0 0.3 0:53.03
706 0.0 0.3 0:53.03
706 0.0 0.3 0:53.04
706 0.0 0.3 0:53.04
706 0.0 0.3 0:53.04
706 0.0 0.3 0:53.05
706 0.0 0.3 0:53.05
706 0.0 0.3 0:53.05
706 0.0 0.3 0:53.05
706 0.0 0.3 0:53.05
706 0.0 0.3 0:53.05
706 0.0 0.3 0:53.05
706 0.0 0.3 0:53.05
706 0.0 0.3 0:53.05
706 0.0 0.3 0:53.06
KiB used, 420784 buff/cache
706 0.0 0.3 0:53.06
13706 16.7 0.2 0:00.03
706 0.0 0.3 0:53.06
KiB 1537060 avail Mem
706 5.3 0.3 0:53.08
706 0.0 0.3 0:53.08
706 0.0 0.3 0:53.08
706 0.0 0.3 0:53.09
706 0.0 0.3 0:53.09
706 0.0 0.3 0:53.09
706 0.0 0.3 0:53.09
706 0.0 0.3 0:53.09
706 0.0 0.3 0:53.09
706 0.0 0.3 0:53.09
706 0.0 0.3 0:53.09
706 0.0 0.3 0:53.09
706 0.0 0.3 0:53.09
706 0.0 0.3 0:53.09
706 0.0 0.3 0:53.09
706 0.0 0.3 0:53.09
706 0.0 0.3 0:53.09
706 0.0 0.3 0:53.09
706 0.0 0.3 0:53.09
706 0.0 0.3 0:53.09
706 0.0 0.3 0:53.09
706 0.0 0.3 0:53.09
706 0.0 0.3 0:53.09
706 0.0 0.3 0:53.09
706 0.0 0.3 0:53.09
