706 16.7 0.3 0:44.95
706 0.0 0.3 0:44.98
706 0.0 0.3 0:44.98
706 0.0 0.3 0:44.98
706 0.0 0.3 0:44.98
706 0.0 0.3 0:44.98
706 0.0 0.3 0:44.98
706 0.0 0.3 0:44.98
706 0.0 0.3 0:44.98
706 0.0 0.3 0:44.98
706 0.0 0.3 0:44.98
706 0.0 0.3 0:44.98
706 0.0 0.3 0:44.98
706 0.0 0.3 0:44.98
706 0.0 0.3 0:44.98
706 0.0 0.3 0:44.98
706 0.0 0.3 0:44.98
706 0.0 0.3 0:44.98
706 0.0 0.3 0:44.98
706 0.0 0.3 0:45.03
706 0.0 0.3 0:45.03
706 0.0 0.3 0:45.03
706 0.0 0.3 0:45.03
706 0.0 0.3 0:45.03
706 0.0 0.3 0:45.03
706 0.0 0.3 0:45.03
706 0.0 0.3 0:45.03
706 0.0 0.3 0:45.03
706 0.0 0.3 0:45.03
706 0.0 0.3 0:45.03
706 0.0 0.3 0:45.03
706 0.0 0.3 0:45.03
706 0.0 0.3 0:45.03
706 0.0 0.3 0:45.03
706 0.0 0.3 0:45.03
706 0.0 0.3 0:45.03
706 0.0 0.3 0:45.03
706 0.0 0.3 0:45.07
706 0.0 0.3 0:45.07
706 0.0 0.3 0:45.07
706 0.0 0.3 0:45.07
706 0.0 0.3 0:45.07
706 0.0 0.3 0:45.07
706 0.0 0.3 0:45.07
706 0.0 0.3 0:45.07
706 0.0 0.3 0:45.07
706 0.0 0.3 0:45.07
706 0.0 0.3 0:45.07
706 0.0 0.3 0:45.07
706 0.0 0.3 0:45.07
706 0.0 0.3 0:45.07
706 0.0 0.3 0:45.08
706 0.0 0.3 0:45.08
706 0.0 0.3 0:45.08
706 0.0 0.3 0:45.09
706 5.0 0.3 0:45.14
706 0.0 0.3 0:45.14
706 0.0 0.3 0:45.14
706 0.0 0.3 0:45.14
706 0.0 0.3 0:45.14
706 0.0 0.3 0:45.14
706 0.0 0.3 0:45.14
706 0.0 0.3 0:45.14
706 0.0 0.3 0:45.14
706 0.0 0.3 0:45.14
706 0.0 0.3 0:45.14
706 0.0 0.3 0:45.14
706 0.0 0.3 0:45.14
706 0.0 0.3 0:45.14
706 0.0 0.3 0:45.14
706 0.0 0.3 0:45.14
706 0.0 0.3 0:45.16
706 0.0 0.3 0:45.16
706 21.1 0.3 0:45.20
706 0.0 0.3 0:45.22
706 0.0 0.3 0:45.22
706 0.0 0.3 0:45.22
706 0.0 0.3 0:45.22
706 0.0 0.3 0:45.22
706 0.0 0.3 0:45.22
706 0.0 0.3 0:45.22
706 0.0 0.3 0:45.22
706 0.0 0.3 0:45.22
706 0.0 0.3 0:45.22
706 0.0 0.3 0:45.22
706 0.0 0.3 0:45.22
706 0.0 0.3 0:45.22
706 0.0 0.3 0:45.22
706 0.0 0.3 0:45.24
706 0.0 0.3 0:45.24
706 0.0 0.3 0:45.24
706 0.0 0.3 0:45.24
706 0.0 0.3 0:45.28
706 0.0 0.3 0:45.29
706 0.0 0.3 0:45.29
706 0.0 0.3 0:45.29
706 0.0 0.3 0:45.29
706 0.0 0.3 0:45.29
706 0.0 0.3 0:45.29
706 0.0 0.3 0:45.29
706 0.0 0.3 0:45.29
706 0.0 0.3 0:45.29
706 0.0 0.3 0:45.29
706 0.0 0.3 0:45.29
706 0.0 0.3 0:45.29
706 0.0 0.3 0:45.29
706 0.0 0.3 0:45.30
706 0.0 0.3 0:45.30
706 0.0 0.3 0:45.30
706 0.0 0.3 0:45.30
706 0.0 0.3 0:45.35
706 0.0 0.3 0:45.35
706 0.0 0.3 0:45.35
706 0.0 0.3 0:45.35
706 0.0 0.3 0:45.35
706 0.0 0.3 0:45.35
706 0.0 0.3 0:45.35
706 0.0 0.3 0:45.35
706 0.0 0.3 0:45.35
706 0.0 0.3 0:45.35
706 0.0 0.3 0:45.35
706 5.6 0.3 0:45.36
706 0.0 0.3 0:45.36
706 0.0 0.3 0:45.37
706 0.0 0.3 0:45.38
706 0.0 0.3 0:45.38
706 0.0 0.3 0:45.38
706 5.6 0.3 0:45.39
706 5.3 0.3 0:45.42
706 0.0 0.3 0:45.43
KiB 1537064 avail Mem
706 0.0 0.3 0:45.43
706 0.0 0.3 0:45.43
706 0.0 0.3 0:45.43
706 0.0 0.3 0:45.43
706 0.0 0.3 0:45.43
706 0.0 0.3 0:45.43
706 0.0 0.3 0:45.43
706 0.0 0.3 0:45.43
706 0.0 0.3 0:45.43
706 0.0 0.3 0:45.43
706 0.0 0.3 0:45.44
706 0.0 0.3 0:45.44
706 0.0 0.3 0:45.44
706 0.0 0.3 0:45.45
706 0.0 0.3 0:45.45
706 10.5 0.3 0:45.47
706 0.0 0.3 0:45.49
706 0.0 0.3 0:45.49
706 0.0 0.3 0:45.49
706 0.0 0.3 0:45.49
706 0.0 0.3 0:45.49
706 0.0 0.3 0:45.49
706 0.0 0.3 0:45.49
706 0.0 0.3 0:45.49
706 0.0 0.3 0:45.49
706 0.0 0.3 0:45.49
706 0.0 0.3 0:45.49
706 0.0 0.3 0:45.49
706 0.0 0.3 0:45.49
706 0.0 0.3 0:45.51
706 0.0 0.3 0:45.51
706 0.0 0.3 0:45.51
706 0.0 0.3 0:45.51
706 0.0 0.3 0:45.52
706 0.0 0.3 0:45.54
706 0.0 0.3 0:45.54
706 0.0 0.3 0:45.54
706 0.0 0.3 0:45.54
706 0.0 0.3 0:45.54
706 0.0 0.3 0:45.54
706 0.0 0.3 0:45.54
706 0.0 0.3 0:45.54
706 0.0 0.3 0:45.54
706 0.0 0.3 0:45.54
706 0.0 0.3 0:45.54
706 0.0 0.3 0:45.55
706 0.0 0.3 0:45.55
706 0.0 0.3 0:45.56
706 0.0 0.3 0:45.56
706 0.0 0.3 0:45.56
706 0.0 0.3 0:45.57
706 5.6 0.3 0:45.59
706 0.0 0.3 0:45.60
706 0.0 0.3 0:45.60
706 0.0 0.3 0:45.60
706 0.0 0.3 0:45.60
706 0.0 0.3 0:45.60
706 0.0 0.3 0:45.60
706 0.0 0.3 0:45.60
706 0.0 0.3 0:45.60
706 0.0 0.3 0:45.60
706 0.0 0.3 0:45.60
706 0.0 0.3 0:45.60
706 5.6 0.3 0:45.62
706 0.0 0.3 0:45.62
706 0.0 0.3 0:45.62
706 5.6 0.3 0:45.63
706 0.0 0.3 0:45.63
706 0.0 0.3 0:45.64
706 0.0 0.3 0:45.64
706 5.3 0.3 0:45.67
706 0.0 0.3 0:45.67
706 0.0 0.3 0:45.67
706 0.0 0.3 0:45.67
706 0.0 0.3 0:45.67
706 0.0 0.3 0:45.67
706 0.0 0.3 0:45.67
706 0.0 0.3 0:45.67
706 0.0 0.3 0:45.67
706 0.0 0.3 0:45.68
706 0.0 0.3 0:45.68
706 0.0 0.3 0:45.68
706 0.0 0.3 0:45.68
706 5.6 0.3 0:45.69
706 0.0 0.3 0:45.69
KiB used, 407064 buff/cache
KiB used, 407064 buff/cache
706 0.0 0.3 0:45.70
706 0.0 0.3 0:45.70
706 0.0 0.3 0:45.70
706 0.0 0.3 0:45.70
706 0.0 0.3 0:45.70
706 0.0 0.3 0:45.70
706 0.0 0.3 0:45.70
706 0.0 0.3 0:45.70
706 0.0 0.3 0:45.70
706 0.0 0.3 0:45.70
706 0.0 0.3 0:45.70
706 0.0 0.3 0:45.70
706 0.0 0.3 0:45.70
706 0.0 0.3 0:45.70
706 0.0 0.3 0:45.70
706 0.0 0.3 0:45.70
706 0.0 0.3 0:45.70
706 0.0 0.3 0:45.70
