707 4.8 0.3 0:57.71
707 0.0 0.3 0:57.71
707 0.0 0.3 0:57.71
707 0.0 0.3 0:57.71
707 0.0 0.3 0:57.71
707 0.0 0.3 0:57.71
707 0.0 0.3 0:57.71
707 0.0 0.3 0:57.71
707 0.0 0.3 0:57.71
707 0.0 0.3 0:57.71
707 0.0 0.3 0:57.71
707 0.0 0.3 0:57.71
707 0.0 0.3 0:57.71
707 0.0 0.3 0:57.71
707 0.0 0.3 0:57.71
707 0.0 0.3 0:57.71
707 0.0 0.3 0:57.71
707 0.0 0.3 0:57.71
707 0.0 0.3 0:57.71
707 0.0 0.3 0:57.75
707 0.0 0.3 0:57.75
707 0.0 0.3 0:57.75
707 0.0 0.3 0:57.75
707 0.0 0.3 0:57.75
707 0.0 0.3 0:57.75
707 0.0 0.3 0:57.75
707 0.0 0.3 0:57.75
707 0.0 0.3 0:57.75
707 0.0 0.3 0:57.75
707 0.0 0.3 0:57.75
707 5.9 0.3 0:57.76
707 0.0 0.3 0:57.76
707 0.0 0.3 0:57.76
707 0.0 0.3 0:57.76
707 0.0 0.3 0:57.76
707 0.0 0.3 0:57.76
707 0.0 0.3 0:57.77
707 0.0 0.3 0:57.80
707 0.0 0.3 0:57.80
707 0.0 0.3 0:57.80
707 0.0 0.3 0:57.80
707 0.0 0.3 0:57.80
707 0.0 0.3 0:57.80
707 0.0 0.3 0:57.80
707 0.0 0.3 0:57.80
707 0.0 0.3 0:57.80
707 0.0 0.3 0:57.80
707 0.0 0.3 0:57.80
707 0.0 0.3 0:57.80
707 0.0 0.3 0:57.80
707 0.0 0.3 0:57.80
707 0.0 0.3 0:57.80
707 0.0 0.3 0:57.81
707 0.0 0.3 0:57.81
707 5.6 0.3 0:57.83
707 0.0 0.3 0:57.86
707 0.0 0.3 0:57.86
707 0.0 0.3 0:57.86
707 0.0 0.3 0:57.86
707 0.0 0.3 0:57.86
707 0.0 0.3 0:57.86
707 0.0 0.3 0:57.86
707 0.0 0.3 0:57.86
707 0.0 0.3 0:57.86
707 0.0 0.3 0:57.86
707 0.0 0.3 0:57.86
707 5.6 0.3 0:57.87
707 0.0 0.3 0:57.87
707 0.0 0.3 0:57.87
707 0.0 0.3 0:57.89
707 0.0 0.3 0:57.89
707 0.0 0.3 0:57.89
707 0.0 0.3 0:57.89
707 11.1 0.3 0:57.93
707 0.0 0.3 0:57.93
707 0.0 0.3 0:57.93
707 0.0 0.3 0:57.93
707 0.0 0.3 0:57.93
707 0.0 0.3 0:57.93
707 0.0 0.3 0:57.93
707 0.0 0.3 0:57.93
707 0.0 0.3 0:57.93
707 0.0 0.3 0:57.94
707 0.0 0.3 0:57.94
707 0.0 0.3 0:57.94
707 0.0 0.3 0:57.94
707 0.0 0.3 0:57.95
707 0.0 0.3 0:57.95
707 0.0 0.3 0:57.95
707 0.0 0.3 0:57.95
707 5.6 0.3 0:57.96
7073 11.1 0.2 0:00.04
707 0.0 0.3 0:57.97
707 0.0 0.3 0:57.97
707 0.0 0.3 0:57.97
707 0.0 0.3 0:57.97
707 0.0 0.3 0:57.97
707 0.0 0.3 0:57.97
707 0.0 0.3 0:57.97
707 0.0 0.3 0:57.97
707 0.0 0.3 0:57.98
707 0.0 0.3 0:57.98
707 0.0 0.3 0:57.98
707 0.0 0.3 0:57.99
707 0.0 0.3 0:57.99
707 0.0 0.3 0:57.99
707 0.0 0.3 0:58.01
707 0.0 0.3 0:58.01
707 0.0 0.3 0:58.01
707 0.0 0.3 0:58.01
707 0.0 0.3 0:58.03
707 0.0 0.3 0:58.03
707 0.0 0.3 0:58.03
707 0.0 0.3 0:58.03
707 0.0 0.3 0:58.03
707 0.0 0.3 0:58.03
707 0.0 0.3 0:58.03
707 0.0 0.3 0:58.03
707 0.0 0.3 0:58.03
707 0.0 0.3 0:58.03
707 0.0 0.3 0:58.03
707 0.0 0.3 0:58.03
707 0.0 0.3 0:58.03
707 0.0 0.3 0:58.04
707 0.0 0.3 0:58.04
707 0.0 0.3 0:58.04
707 0.0 0.3 0:58.04
707 5.6 0.3 0:58.05
707 0.0 0.3 0:58.05
707 0.0 0.3 0:58.05
707 0.0 0.3 0:58.05
707 0.0 0.3 0:58.05
707 0.0 0.3 0:58.05
707 0.0 0.3 0:58.05
707 5.3 0.3 0:58.06
707 0.0 0.3 0:58.06
707 0.0 0.3 0:58.06
707 0.0 0.3 0:58.06
707 0.0 0.3 0:58.06
707 0.0 0.3 0:58.06
707 0.0 0.3 0:58.06
707 5.6 0.3 0:58.07
707 0.0 0.3 0:58.07
707 0.0 0.3 0:58.08
707 0.0 0.3 0:58.08
707 0.0 0.3 0:58.08
707 11.1 0.3 0:58.11
707 0.0 0.3 0:58.11
707 0.0 0.3 0:58.11
707 0.0 0.3 0:58.11
707 0.0 0.3 0:58.11
707 0.0 0.3 0:58.11
707 0.0 0.3 0:58.11
707 0.0 0.3 0:58.11
707 0.0 0.3 0:58.11
707 0.0 0.3 0:58.12
707 0.0 0.3 0:58.12
707 0.0 0.3 0:58.12
707 0.0 0.3 0:58.14
707 0.0 0.3 0:58.14
707 0.0 0.3 0:58.14
707 0.0 0.3 0:58.14
707 11.1 0.3 0:58.16
707 0.0 0.3 0:58.16
707 0.0 0.3 0:58.16
707 0.0 0.3 0:58.16
707 0.0 0.3 0:58.16
707 0.0 0.3 0:58.16
707 0.0 0.3 0:58.16
707 0.0 0.3 0:58.16
707 0.0 0.3 0:58.16
707 0.0 0.3 0:58.16
707 0.0 0.3 0:58.16
707 9.5 0.3 0:58.18
707 0.0 0.3 0:58.18
707 0.0 0.3 0:58.18
707 0.0 0.3 0:58.18
707 0.0 0.3 0:58.18
707 0.0 0.3 0:58.18
707 0.0 0.3 0:58.18
707 0.0 0.3 0:58.20
707 0.0 0.3 0:58.20
707 0.0 0.3 0:58.20
707 0.0 0.3 0:58.22
707 0.0 0.3 0:58.22
707 0.0 0.3 0:58.22
707 0.0 0.3 0:58.22
707 0.0 0.3 0:58.22
707 0.0 0.3 0:58.22
707 0.0 0.3 0:58.22
707 0.0 0.3 0:58.22
707 0.0 0.3 0:58.22
707 0.0 0.3 0:58.22
707 0.0 0.3 0:58.22
707 0.0 0.3 0:58.22
707 0.0 0.3 0:58.24
707 0.0 0.3 0:58.24
707 0.0 0.3 0:58.24
707 0.0 0.3 0:58.24
707 0.0 0.3 0:58.24
707 0.0 0.3 0:58.24
707 0.0 0.3 0:58.24
707 0.0 0.3 0:58.24
707 0.0 0.3 0:58.24
11707 11.1 0.2 0:00.04
707 0.0 0.3 0:58.24
707 0.0 0.3 0:58.24
707 0.0 0.3 0:58.26
707 0.0 0.3 0:58.26
707 0.0 0.3 0:58.26
KiB 1537072 avail Mem
707 0.0 0.3 0:58.27
707 0.0 0.3 0:58.27
707 0.0 0.3 0:58.27
707 0.0 0.3 0:58.27
707 5.6 0.3 0:58.29
707 0.0 0.3 0:58.29
707 0.0 0.3 0:58.29
707 0.0 0.3 0:58.29
707 0.0 0.3 0:58.29
707 0.0 0.3 0:58.29
707 0.0 0.3 0:58.29
707 0.0 0.3 0:58.29
707 5.9 0.3 0:58.30
707 0.0 0.3 0:58.30
707 0.0 0.3 0:58.30
707 0.0 0.3 0:58.30
707 0.0 0.3 0:58.30
12707 16.7 0.2 0:00.03
707 0.0 0.3 0:58.31
707 0.0 0.3 0:58.31
707 0.0 0.3 0:58.32
707 0.0 0.3 0:58.33
707 0.0 0.3 0:58.35
707 0.0 0.3 0:58.35
707 0.0 0.3 0:58.35
707 0.0 0.3 0:58.35
707 0.0 0.3 0:58.35
707 0.0 0.3 0:58.35
707 0.0 0.3 0:58.35
707 0.0 0.3 0:58.35
707 0.0 0.3 0:58.35
707 0.0 0.3 0:58.36
707 0.0 0.3 0:58.38
707 0.0 0.3 0:58.38
707 0.0 0.3 0:58.38
707 5.9 0.3 0:58.39
707 0.0 0.3 0:58.39
707 0.0 0.3 0:58.39
707 0.0 0.3 0:58.39
707 11.1 0.3 0:58.41
707 0.0 0.3 0:58.41
707 0.0 0.3 0:58.41
707 0.0 0.3 0:58.41
707 0.0 0.3 0:58.41
707 0.0 0.3 0:58.41
707 0.0 0.3 0:58.43
707 0.0 0.3 0:58.43
707 0.0 0.3 0:58.43
707 0.0 0.3 0:58.43
707 0.0 0.3 0:58.43
707 0.0 0.3 0:58.43
707 0.0 0.3 0:58.43
707 0.0 0.3 0:58.43
707 0.0 0.3 0:58.43
707 0.0 0.3 0:58.44
707 0.0 0.3 0:58.44
707 0.0 0.3 0:58.45
707 0.0 0.3 0:58.46
707 5.6 0.3 0:58.47
707 0.0 0.3 0:58.47
707 0.0 0.3 0:58.49
707 0.0 0.3 0:58.49
707 0.0 0.3 0:58.49
707 0.0 0.3 0:58.49
707 0.0 0.3 0:58.49
707 0.0 0.3 0:58.49
707 0.0 0.3 0:58.49
707 0.0 0.3 0:58.49
707 0.0 0.3 0:58.49
707 0.0 0.3 0:58.50
707 0.0 0.3 0:58.51
707 0.0 0.3 0:58.51
707 0.0 0.3 0:58.51
707 0.0 0.3 0:58.51
707 0.0 0.3 0:58.52
707 0.0 0.3 0:58.52
707 5.6 0.3 0:58.53
707 11.1 0.3 0:58.55
707 0.0 0.3 0:58.55
707 0.0 0.3 0:58.55
707 0.0 0.3 0:58.55
707 0.0 0.3 0:58.56
707 0.0 0.3 0:58.56
707 0.0 0.3 0:58.56
707 0.0 0.3 0:58.57
707 0.0 0.3 0:58.57
707 0.0 0.3 0:58.57
707 0.0 0.3 0:58.57
707 0.0 0.3 0:58.57
707 0.0 0.3 0:58.57
707 0.0 0.3 0:58.58
707 0.0 0.3 0:58.58
707 0.0 0.3 0:58.58
707 0.0 0.3 0:58.59
707 0.0 0.3 0:58.59
707 0.0 0.3 0:58.60
707 0.0 0.3 0:58.60
707 0.0 0.3 0:58.61
707 0.0 0.3 0:58.61
707 0.0 0.3 0:58.61
707 0.0 0.3 0:58.61
707 0.0 0.3 0:58.61
707 0.0 0.3 0:58.62
707 0.0 0.3 0:58.62
707 0.0 0.3 0:58.63
707 0.0 0.3 0:58.63
707 0.0 0.3 0:58.64
707 0.0 0.3 0:58.64
707 0.0 0.3 0:58.65
707 0.0 0.3 0:58.65
707 0.0 0.3 0:58.65
707 0.0 0.3 0:58.66
707 0.0 0.3 0:58.66
707 0.0 0.3 0:58.66
707 0.0 0.3 0:58.66
707 5.6 0.3 0:58.67
707 0.0 0.3 0:58.67
707 0.0 0.3 0:58.67
707 0.0 0.3 0:58.67
707 0.0 0.3 0:58.67
707 0.0 0.3 0:58.67
707 0.0 0.3 0:58.67
707 10.5 0.3 0:58.69
707 0.0 0.3 0:58.69
707 0.0 0.3 0:58.69
707 0.0 0.3 0:58.69
707 0.0 0.3 0:58.69
707 0.0 0.3 0:58.69
707 0.0 0.3 0:58.69
707 0.0 0.3 0:58.69
707 0.0 0.3 0:58.69
707 0.0 0.3 0:58.69
707 0.0 0.3 0:58.69
707 0.0 0.3 0:58.69
707 0.0 0.3 0:58.70
707 0.0 0.3 0:58.70
707 0.0 0.3 0:58.70
707 0.0 0.3 0:58.70
707 0.0 0.3 0:58.70
707 0.0 0.3 0:58.70
707 0.0 0.3 0:58.70
707 0.0 0.3 0:58.70
707 0.0 0.3 0:58.71
707 0.0 0.3 0:58.71
707 0.0 0.3 0:58.71
707 0.0 0.3 0:58.71
707 0.0 0.3 0:58.71
707 0.0 0.3 0:58.71
707 0.0 0.3 0:58.71
707 0.0 0.3 0:58.72
707 0.0 0.3 0:58.72
707 0.0 0.3 0:58.73
707 0.0 0.3 0:58.73
707 0.0 0.3 0:58.74
707 0.0 0.3 0:58.74
707 0.0 0.3 0:58.74
707 0.0 0.3 0:58.74
707 0.0 0.3 0:58.75
707 0.0 0.3 0:58.75
707 0.0 0.3 0:58.75
707 0.0 0.3 0:58.75
707 0.0 0.3 0:58.76
707 0.0 0.3 0:58.77
707 5.3 0.3 0:58.78
707 0.0 0.3 0:58.78
707 0.0 0.3 0:58.78
707 0.0 0.3 0:58.79
707 0.0 0.3 0:58.79
707 0.0 0.3 0:58.81
707 0.0 0.3 0:58.81
707 5.3 0.3 0:58.82
707 0.0 0.3 0:58.82
707 0.0 0.3 0:58.82
707 0.0 0.3 0:58.82
707 0.0 0.3 0:58.82
707 0.0 0.3 0:58.82
707 0.0 0.3 0:58.83
707 0.0 0.3 0:58.83
707 0.0 0.3 0:58.83
707 0.0 0.3 0:58.83
707 0.0 0.3 0:58.83
707 0.0 0.3 0:58.83
707 0.0 0.3 0:58.83
707 0.0 0.3 0:58.83
707 0.0 0.3 0:58.83
707 0.0 0.3 0:58.83
707 0.0 0.3 0:58.83
707 0.0 0.3 0:58.83
707 0.0 0.3 0:58.83
707 0.0 0.3 0:58.83
707 0.0 0.3 0:58.83
707 0.0 0.3 0:58.83
707 0.0 0.3 0:58.83
