13760 4.3 0.1 0:00.04
13760 18.2 0.1 0:00.19
13760 15.8 0.1 0:00.27
13760 7.1 0.1 0:00.32
13760 12.0 0.1 0:00.43
13760 11.5 0.1 0:00.48
13760 0.0 0.1 0:00.53
13760 0.0 0.1 0:00.53
13760 0.0 0.1 0:00.53
13760 0.0 0.1 0:00.53
13760 0.0 0.1 0:00.53
13760 0.0 0.1 0:00.53
13760 0.0 0.1 0:00.53
13760 0.0 0.1 0:00.53
13760 0.0 0.1 0:00.53
13760 0.0 0.1 0:00.53
13760 0.0 0.1 0:00.53
13760 0.0 0.1 0:00.53
13760 0.0 0.1 0:00.53
13760 0.0 0.1 0:00.53
13760 0.0 0.1 0:00.53
13760 0.0 0.1 0:00.53
13760 0.0 0.1 0:00.53
13760 0.0 0.1 0:00.53
13760 0.0 0.1 0:00.53
13760 0.0 0.1 0:00.53
13760 0.0 0.1 0:00.53
13760 0.0 0.1 0:00.53
13760 0.0 0.1 0:00.53
13760 0.0 0.1 0:00.53
13760 0.0 0.1 0:00.53
13760 0.0 0.1 0:00.53
13760 0.0 0.1 0:00.53
13760 0.0 0.1 0:00.53
13760 0.0 0.1 0:00.53
13760 0.0 0.1 0:00.53
13760 0.0 0.1 0:00.53
13760 0.0 0.1 0:00.53
13760 0.0 0.1 0:00.53
13760 0.0 0.1 0:00.53
13760 0.0 0.1 0:00.53
13760 0.0 0.1 0:00.53
13760 0.0 0.1 0:00.53
13760 0.0 0.1 0:00.53
13760 0.0 0.1 0:00.53
13760 0.0 0.1 0:00.53
13760 0.0 0.1 0:00.53
13760 0.0 0.1 0:00.53
13760 0.0 0.1 0:00.53
