712 5.6 0.4 0:21.91
712 5.3 0.4 0:21.93
278 0.0 0.8 0:00.76
278 0.0 0.8 0:00.76
278 0.0 0.8 0:00.76
278 0.0 0.8 0:00.76
278 0.0 0.8 0:00.76
712 5.6 0.4 0:22.04
712 5.6 0.4 0:22.06
278 0.0 0.8 0:00.76
278 0.0 0.8 0:00.76
278 0.0 0.8 0:00.76
278 0.0 0.8 0:00.76
278 0.0 0.8 0:00.76
278 0.0 0.8 0:00.76
278 0.0 0.8 0:00.76
712 5.6 0.4 0:22.21
278 0.0 0.8 0:00.76
278 0.0 0.8 0:00.76
278 0.0 0.8 0:00.76
278 0.0 0.8 0:00.76
712 5.6 0.4 0:22.32
278 0.0 0.8 0:00.76
278 0.0 0.8 0:00.76
278 0.0 0.8 0:00.76
278 0.0 0.8 0:00.76
278 0.0 0.8 0:00.76
278 0.0 0.8 0:00.76
278 0.0 0.8 0:00.76
712 5.6 0.4 0:22.48
278 0.0 0.8 0:00.76
278 0.0 0.8 0:00.76
278 0.0 0.8 0:00.76
278 0.0 0.8 0:00.76
278 0.0 0.8 0:00.76
278 0.0 0.8 0:00.76
278 0.0 0.8 0:00.76
278 0.0 0.8 0:00.76
712 5.3 0.4 0:22.64
278 0.0 0.8 0:00.76
278 0.0 0.8 0:00.76
278 0.0 0.8 0:00.76
278 0.0 0.8 0:00.76
278 0.0 0.8 0:00.76
278 0.0 0.8 0:00.76
278 0.0 0.8 0:00.76
278 0.0 0.8 0:00.76
278 0.0 0.8 0:00.76
278 0.0 0.8 0:00.76
278 0.0 0.8 0:00.76
278 0.0 0.8 0:00.76
278 0.0 0.8 0:00.76
278 0.0 0.8 0:00.76
278 0.0 0.8 0:00.76
278 0.0 0.8 0:00.76
278 0.0 0.8 0:00.76
278 0.0 0.8 0:00.76
278 0.0 0.8 0:00.76
712 5.6 0.4 0:23.02
278 0.0 0.8 0:00.76
278 0.0 0.8 0:00.76
278 0.0 0.8 0:00.76
278 0.0 0.8 0:00.76
278 0.0 0.8 0:00.76
278 0.0 0.8 0:00.76
278 0.0 0.8 0:00.76
278 0.0 0.8 0:00.76
712 5.6 0.4 0:23.20
KiB used, 327036 buff/cache
278 0.0 0.8 0:00.76
278 0.0 0.8 0:00.76
278 0.0 0.8 0:00.76
278 0.0 0.8 0:00.76
278 0.0 0.8 0:00.76
KiB used, 327124 buff/cache
278 0.0 0.8 0:00.76
712 5.3 0.4 0:23.37
712 5.3 0.4 0:23.39
278 0.0 0.8 0:00.76
278 0.0 0.8 0:00.76
278 0.0 0.8 0:00.76
KiB used, 327188 buff/cache
278 0.0 0.8 0:00.76
278 0.0 0.8 0:00.76
278 0.0 0.8 0:00.76
278 0.0 0.8 0:00.76
278 0.0 0.8 0:00.76
278 0.0 0.8 0:00.76
278 0.0 0.8 0:00.76
278 0.0 0.8 0:00.76
278 0.0 0.8 0:00.76
278 0.0 0.8 0:00.76
278 0.0 0.8 0:00.76
278 0.0 0.8 0:00.76
278 0.0 0.8 0:00.76
278 0.0 0.8 0:00.76
278 0.0 0.8 0:00.76
278 0.0 0.8 0:00.76
278 0.0 0.8 0:00.76
