712 0.0 0.4 0:13.53
712 0.0 0.4 0:13.54
712 0.0 0.4 0:13.56
712 0.0 0.4 0:13.58
712 0.0 0.4 0:13.60
712 5.3 0.4 0:13.63
712 5.6 0.4 0:13.65
712 0.0 0.4 0:13.67
712 0.0 0.4 0:13.69
712 0.0 0.4 0:13.71
712 0.0 0.4 0:13.73
712 0.0 0.4 0:13.75
712 11.1 0.4 0:13.79
712 0.0 0.4 0:13.79
712 0.0 0.4 0:13.82
712 0.0 0.4 0:13.84
712 10.5 0.4 0:13.88
712 0.0 0.4 0:13.90
712 0.0 0.4 0:13.92
712 5.0 0.4 0:13.95
712 0.0 0.4 0:13.97
712 0.0 0.4 0:13.99
712 5.3 0.4 0:14.01
712 0.0 0.4 0:14.03
712 5.6 0.4 0:14.06
712 0.0 0.4 0:14.08
712 0.0 0.4 0:14.10
712 5.3 0.4 0:14.12
712 0.0 0.4 0:14.13
712 0.0 0.4 0:14.15
712 5.6 0.4 0:14.18
712 0.0 0.4 0:14.20
712 5.3 0.4 0:14.22
KiB used, 320352 buff/cache
712 0.0 0.4 0:14.26
712 0.0 0.4 0:14.28
29712 16.7 0.2 0:00.03
712 5.6 0.4 0:14.33
712 0.0 0.4 0:14.35
712 0.0 0.4 0:14.37
712 5.3 0.4 0:14.40
712 5.6 0.4 0:14.42
712 5.6 0.4 0:14.44
712 0.0 0.4 0:14.46
712 5.3 0.4 0:14.48
712 0.0 0.4 0:14.50
712 5.3 0.4 0:14.52
712 0.0 0.4 0:14.54
712 0.0 0.4 0:14.57
712 5.3 0.4 0:14.59
712 0.0 0.4 0:14.61
712 0.0 0.4 0:14.63
712 0.0 0.4 0:14.66
712 5.3 0.4 0:14.69
712 0.0 0.4 0:14.71
712 0.0 0.4 0:14.73
712 0.0 0.4 0:14.75
712 0.0 0.4 0:14.78
712 0.0 0.4 0:14.81
712 5.6 0.4 0:14.84
712 0.0 0.4 0:14.86
712 0.0 0.4 0:14.88
712 0.0 0.4 0:14.90
712 0.0 0.4 0:14.92
712 0.0 0.4 0:14.95
712 0.0 0.4 0:14.97
712 0.0 0.4 0:14.98
712 5.6 0.4 0:15.01
712 0.0 0.4 0:15.03
712 0.0 0.4 0:15.06
712 5.0 0.4 0:15.07
712 0.0 0.4 0:15.09
712 0.0 0.4 0:15.11
712 0.0 0.4 0:15.13
712 10.5 0.4 0:15.17
712 5.6 0.4 0:15.19
712 0.0 0.4 0:15.21
712 0.0 0.4 0:15.24
712 0.0 0.4 0:15.25
712 0.0 0.4 0:15.26
712 0.0 0.4 0:15.26
712 0.0 0.4 0:15.26
712 0.0 0.4 0:15.26
712 0.0 0.4 0:15.26
712 0.0 0.4 0:15.26
712 0.0 0.4 0:15.26
712 0.0 0.4 0:15.26
