712 0.0 0.4 0:04.00
712 5.6 0.4 0:04.03
712 5.6 0.4 0:04.05
712 5.6 0.4 0:04.08
712 0.0 0.4 0:04.10
712 5.3 0.4 0:04.13
712 0.0 0.4 0:04.15
712 0.0 0.4 0:04.18
712 0.0 0.4 0:04.21
712 0.0 0.4 0:04.23
712 5.3 0.4 0:04.26
712 0.0 0.4 0:04.28
712 5.6 0.4 0:04.31
712 5.6 0.4 0:04.34
712 0.0 0.4 0:04.36
712 5.6 0.4 0:04.39
712 0.0 0.4 0:04.40
712 5.6 0.4 0:04.43
712 5.3 0.4 0:04.46
712 0.0 0.4 0:04.48
712 11.1 0.4 0:04.52
KiB 1534712 avail Mem
712 5.0 0.4 0:04.56
712 5.6 0.4 0:04.58
712 5.6 0.4 0:04.61
712 0.0 0.4 0:04.63
712 0.0 0.4 0:04.67
712 5.6 0.4 0:04.69
712 0.0 0.4 0:04.71
712 0.0 0.4 0:04.73
712 0.0 0.4 0:04.76
712 0.0 0.4 0:04.79
712 0.0 0.4 0:04.81
712 0.0 0.4 0:04.84
712 0.0 0.4 0:04.86
712 5.3 0.4 0:04.89
712 0.0 0.4 0:04.91
712 0.0 0.4 0:04.93
712 5.0 0.4 0:04.96
712 0.0 0.4 0:04.98
712 0.0 0.4 0:05.00
712 0.0 0.4 0:05.03
712 0.0 0.4 0:05.05
712 0.0 0.4 0:05.08
712 0.0 0.4 0:05.10
712 0.0 0.4 0:05.12
712 5.3 0.4 0:05.15
712 0.0 0.4 0:05.17
712 0.0 0.4 0:05.20
712 0.0 0.4 0:05.23
712 5.6 0.4 0:05.27
712 5.6 0.4 0:05.30
712 0.0 0.4 0:05.32
712 5.6 0.4 0:05.35
712 0.0 0.4 0:05.37
712 5.3 0.4 0:05.40
712 0.0 0.4 0:05.43
712 0.0 0.4 0:05.45
712 0.0 0.4 0:05.48
712 5.6 0.4 0:05.51
712 0.0 0.4 0:05.53
712 5.0 0.4 0:05.55
712 5.6 0.4 0:05.57
712 0.0 0.4 0:05.59
712 0.0 0.4 0:05.62
712 0.0 0.4 0:05.64
712 5.6 0.4 0:05.67
712 0.0 0.4 0:05.69
712 0.0 0.4 0:05.71
712 5.6 0.4 0:05.74
712 0.0 0.4 0:05.76
712 0.0 0.4 0:05.79
712 0.0 0.4 0:05.82
712 5.3 0.4 0:05.86
712 0.0 0.4 0:05.88
712 0.0 0.4 0:05.91
712 0.0 0.4 0:05.94
712 0.0 0.4 0:05.97
712 0.0 0.4 0:05.99
712 0.0 0.4 0:05.99
712 0.0 0.4 0:05.99
712 0.0 0.4 0:05.99
712 0.0 0.4 0:05.99
712 0.0 0.4 0:05.99
712 0.0 0.4 0:05.99
712 0.0 0.4 0:05.99
712 0.0 0.4 0:05.99
712 0.0 0.4 0:05.99
712 0.0 0.4 0:05.99
712 0.0 0.4 0:05.99
712 0.0 0.4 0:05.99
712 0.0 0.4 0:05.99
