713 0.0 0.4 0:28.61
713 0.0 0.4 0:28.63
713 0.0 0.4 0:28.65
713 0.0 0.4 0:28.67
713 5.3 0.4 0:28.70
713 5.6 0.4 0:28.72
713 5.3 0.4 0:28.74
713 0.0 0.4 0:28.76
713 4.8 0.4 0:28.79
713 0.0 0.4 0:28.80
713 0.0 0.4 0:28.82
713 5.3 0.4 0:28.85
713 0.0 0.4 0:28.86
713 10.5 0.4 0:28.90
713 0.0 0.4 0:28.92
713 5.3 0.4 0:28.94
713 0.0 0.4 0:28.96
713 5.0 0.4 0:28.99
713 0.0 0.4 0:29.00
713 0.0 0.4 0:29.03
713 0.0 0.4 0:29.05
713 0.0 0.4 0:29.07
713 0.0 0.4 0:29.09
713 5.6 0.4 0:29.11
713 5.3 0.4 0:29.14
713 0.0 0.4 0:29.15
713 0.0 0.4 0:29.17
713 0.0 0.4 0:29.19
713 0.0 0.4 0:29.21
713 0.0 0.4 0:29.24
713 5.6 0.4 0:29.26
713 0.0 0.4 0:29.28
713 0.0 0.4 0:29.30
713 0.0 0.4 0:29.32
713 0.0 0.4 0:29.35
713 0.0 0.4 0:29.37
713 5.6 0.4 0:29.40
713 0.0 0.4 0:29.42
713 4.8 0.4 0:29.45
713 5.6 0.4 0:29.47
713 0.0 0.4 0:29.49
713 0.0 0.4 0:29.52
713 0.0 0.4 0:29.54
713 0.0 0.4 0:29.56
713 0.0 0.4 0:29.58
713 11.1 0.4 0:29.62
713 0.0 0.4 0:29.64
713 5.3 0.4 0:29.66
713 0.0 0.4 0:29.67
713 5.3 0.4 0:29.70
713 0.0 0.4 0:29.73
713 5.6 0.4 0:29.75
713 0.0 0.4 0:29.76
713 5.3 0.4 0:29.79
713 5.6 0.4 0:29.81
713 5.3 0.4 0:29.84
713 0.0 0.4 0:29.86
713 0.0 0.4 0:29.88
713 0.0 0.4 0:29.91
713 0.0 0.4 0:29.94
713 0.0 0.4 0:29.96
713 5.3 0.4 0:29.99
713 0.0 0.4 0:30.01
713 0.0 0.4 0:30.03
713 0.0 0.4 0:30.04
713 0.0 0.4 0:30.07
713 0.0 0.4 0:30.09
713 5.3 0.4 0:30.12
713 0.0 0.4 0:30.14
713 5.3 0.4 0:30.16
713 5.6 0.4 0:30.18
713 5.6 0.4 0:30.21
713 0.0 0.4 0:30.23
713 0.0 0.4 0:30.25
713 5.6 0.4 0:30.27
713 0.0 0.4 0:30.28
713 0.0 0.4 0:30.31
713 5.0 0.4 0:30.34
713 0.0 0.4 0:30.35
713 0.0 0.4 0:30.36
713 0.0 0.4 0:30.36
713 0.0 0.4 0:30.36
713 0.0 0.4 0:30.36
713 0.0 0.4 0:30.36
713 0.0 0.4 0:30.36
713 0.0 0.4 0:30.36
