713 0.0 0.4 0:09.13
713 0.0 0.4 0:09.15
713 5.0 0.4 0:09.18
713 5.6 0.4 0:09.22
713 5.0 0.4 0:09.26
713 5.6 0.4 0:09.29
713 5.3 0.4 0:09.32
713 5.3 0.4 0:09.36
713 4.8 0.4 0:09.40
713 0.0 0.4 0:09.42
713 5.3 0.4 0:09.46
713 5.6 0.4 0:09.49
713 0.0 0.4 0:09.51
713 5.3 0.4 0:09.54
17136 16.7 0.2 0:00.03
713 0.0 0.4 0:09.60
713 5.3 0.4 0:09.64
713 0.0 0.4 0:09.66
713 5.3 0.4 0:09.69
713 0.0 0.4 0:09.71
713 5.0 0.4 0:09.74
713 0.0 0.4 0:09.76
713 0.0 0.4 0:09.80
713 0.0 0.4 0:09.83
713 5.0 0.4 0:09.86
713 5.3 0.4 0:09.89
713 5.6 0.4 0:09.92
713 5.6 0.4 0:09.95
713 5.3 0.4 0:09.97
713 0.0 0.4 0:10.00
713 0.0 0.4 0:10.02
713 5.0 0.4 0:10.06
713 0.0 0.4 0:10.09
713 5.3 0.4 0:10.12
713 0.0 0.4 0:10.15
713 0.0 0.4 0:10.17
713 0.0 0.4 0:10.20
713 0.0 0.4 0:10.23
713 0.0 0.4 0:10.25
713 9.5 0.4 0:10.30
713 5.6 0.4 0:10.32
713 0.0 0.4 0:10.35
713 16.7 0.4 0:10.41
713 0.0 0.4 0:10.42
713 5.6 0.4 0:10.45
713 0.0 0.4 0:10.48
713 0.0 0.4 0:10.51
713 5.3 0.4 0:10.54
713 0.0 0.4 0:10.57
713 0.0 0.4 0:10.60
713 0.0 0.4 0:10.63
713 0.0 0.4 0:10.66
713 0.0 0.4 0:10.68
713 0.0 0.4 0:10.71
713 5.3 0.4 0:10.74
713 0.0 0.4 0:10.76
713 0.0 0.4 0:10.79
713 5.6 0.4 0:10.83
713 5.6 0.4 0:10.85
713 0.0 0.4 0:10.87
713 5.0 0.4 0:10.90
713 0.0 0.4 0:10.92
713 0.0 0.4 0:10.95
713 0.0 0.4 0:10.98
713 0.0 0.4 0:11.01
713 0.0 0.4 0:11.04
713 0.0 0.4 0:11.07
713 0.0 0.4 0:11.10
713 5.0 0.4 0:11.13
713 5.6 0.4 0:11.16
713 0.0 0.4 0:11.19
713 5.6 0.4 0:11.23
713 5.3 0.4 0:11.26
713 0.0 0.4 0:11.29
713 0.0 0.4 0:11.31
713 0.0 0.4 0:11.34
713 5.6 0.4 0:11.38
713 5.6 0.4 0:11.41
713 0.0 0.4 0:11.44
713 0.0 0.4 0:11.44
713 0.0 0.4 0:11.44
713 0.0 0.4 0:11.44
713 0.0 0.4 0:11.44
713 0.0 0.4 0:11.44
713 0.0 0.4 0:11.44
713 0.0 0.4 0:11.44
713 0.0 0.4 0:11.44
713 0.0 0.4 0:11.44
713 0.0 0.4 0:11.44
713 0.0 0.4 0:11.44
713 0.0 0.4 0:11.44
713 0.0 0.4 0:11.44
713 0.0 0.4 0:11.44
713 0.0 0.4 0:11.44
713 0.0 0.4 0:11.44
