713 5.3 0.4 0:25.04
713 0.0 0.4 0:25.06
713 0.0 0.4 0:25.08
713 0.0 0.4 0:25.11
713 5.6 0.4 0:25.13
713 5.0 0.4 0:25.16
713 0.0 0.4 0:25.18
713 5.6 0.4 0:25.21
713 0.0 0.4 0:25.23
14713 25.0 0.2 0:00.05
713 5.3 0.4 0:25.28
713 0.0 0.4 0:25.29
713 0.0 0.4 0:25.31
713 0.0 0.4 0:25.33
713 5.3 0.4 0:25.36
713 0.0 0.4 0:25.38
713 0.0 0.4 0:25.40
713 5.3 0.4 0:25.43
713 5.6 0.4 0:25.46
713 0.0 0.4 0:25.49
713 5.0 0.4 0:25.51
713 5.6 0.4 0:25.53
713 0.0 0.4 0:25.55
713 0.0 0.4 0:25.57
713 0.0 0.4 0:25.59
713 0.0 0.4 0:25.61
713 0.0 0.4 0:25.65
713 0.0 0.4 0:25.67
713 5.3 0.4 0:25.70
713 0.0 0.4 0:25.72
713 5.3 0.4 0:25.75
713 5.6 0.4 0:25.77
713 5.6 0.4 0:25.79
713 5.6 0.4 0:25.81
713 0.0 0.4 0:25.83
713 5.6 0.4 0:25.86
713 5.3 0.4 0:25.88
713 0.0 0.4 0:25.90
713 0.0 0.4 0:25.92
713 0.0 0.4 0:25.94
713 5.0 0.4 0:25.97
713 10.5 0.4 0:26.01
713 5.3 0.4 0:26.03
713 5.6 0.4 0:26.06
713 0.0 0.4 0:26.07
713 0.0 0.4 0:26.10
713 5.6 0.4 0:26.13
713 0.0 0.4 0:26.16
713 0.0 0.4 0:26.18
713 0.0 0.4 0:26.20
713 0.0 0.4 0:26.21
713 5.6 0.4 0:26.24
713 0.0 0.4 0:26.26
713 0.0 0.4 0:26.28
713 0.0 0.4 0:26.30
713 0.0 0.4 0:26.33
713 5.6 0.4 0:26.35
713 11.1 0.4 0:26.38
713 5.6 0.4 0:26.40
713 0.0 0.4 0:26.42
713 0.0 0.4 0:26.44
713 0.0 0.4 0:26.45
713 0.0 0.4 0:26.47
713 5.6 0.4 0:26.50
713 0.0 0.4 0:26.52
713 0.0 0.4 0:26.54
713 0.0 0.4 0:26.56
713 0.0 0.4 0:26.58
17133 16.7 0.2 0:00.03
713 5.3 0.4 0:26.63
713 0.0 0.4 0:26.65
713 0.0 0.4 0:26.67
713 5.3 0.4 0:26.70
713 0.0 0.4 0:26.73
713 0.0 0.4 0:26.76
KiB used, 327136 buff/cache
713 0.0 0.4 0:26.79
713 0.0 0.4 0:26.82
713 0.0 0.4 0:26.84
713 0.0 0.4 0:26.84
713 0.0 0.4 0:26.84
713 0.0 0.4 0:26.84
713 0.0 0.4 0:26.84
713 0.0 0.4 0:26.84
713 0.0 0.4 0:26.84
713 0.0 0.4 0:26.84
713 0.0 0.4 0:26.84
713 0.0 0.4 0:26.84
713 0.0 0.4 0:26.84
713 0.0 0.4 0:26.84
713 0.0 0.4 0:26.84
713 0.0 0.4 0:26.84
713 0.0 0.4 0:26.84
713 0.0 0.4 0:26.84
713 0.0 0.4 0:26.84
713 0.0 0.4 0:26.84
713 0.0 0.4 0:26.84
713 0.0 0.4 0:26.84
713 0.0 0.4 0:26.84
