714 11.1 0.4 0:09.38
714 0.0 0.4 0:09.41
714 0.0 0.4 0:09.46
714 0.0 0.4 0:09.50
714 0.0 0.4 0:09.53
714 5.0 0.4 0:09.57
714 5.6 0.4 0:09.60
714 10.5 0.4 0:09.66
714 5.6 0.4 0:09.70
714 5.3 0.4 0:09.74
714 5.3 0.4 0:09.78
714 5.6 0.4 0:09.82
714 0.0 0.4 0:09.85
714 0.0 0.4 0:09.89
714 0.0 0.4 0:09.93
714 10.0 0.4 0:09.99
714 10.5 0.4 0:10.03
714 11.1 0.4 0:10.07
714 5.6 0.4 0:10.10
714 5.6 0.4 0:10.16
714 0.0 0.4 0:10.19
714 5.0 0.4 0:10.23
714 5.6 0.4 0:10.27
714 5.0 0.4 0:10.31
714 5.3 0.4 0:10.34
714 0.0 0.4 0:10.38
714 5.6 0.4 0:10.42
714 11.1 0.4 0:10.46
714 5.6 0.4 0:10.49
714 5.3 0.4 0:10.53
714 5.3 0.4 0:10.57
714 0.0 0.4 0:10.60
714 5.6 0.4 0:10.65
714 5.3 0.4 0:10.69
714 0.0 0.4 0:10.74
714 0.0 0.4 0:10.77
714 5.9 0.4 0:10.81
714 10.0 0.4 0:10.87
714 4.8 0.4 0:10.90
714 4.8 0.4 0:10.94
714 0.0 0.4 0:10.96
714 0.0 0.4 0:11.00
714 11.1 0.4 0:11.05
714 5.3 0.4 0:11.09
714 5.6 0.4 0:11.12
714 5.6 0.4 0:11.16
14714 10.5 0.2 0:00.04
714 5.6 0.4 0:11.24
714 0.0 0.4 0:11.28
714 0.0 0.4 0:11.33
714 5.0 0.4 0:11.37
714 5.6 0.4 0:11.42
714 4.8 0.4 0:11.46
714 5.6 0.4 0:11.50
714 5.6 0.4 0:11.53
714 5.0 0.4 0:11.58
714 5.0 0.4 0:11.62
714 5.3 0.4 0:11.65
714 5.3 0.4 0:11.69
714 0.0 0.4 0:11.72
714 0.0 0.4 0:11.76
714 5.3 0.4 0:11.80
714 5.6 0.4 0:11.83
714 5.3 0.4 0:11.87
714 5.6 0.4 0:11.91
714 5.6 0.4 0:11.95
714 5.6 0.4 0:11.99
714 5.6 0.4 0:12.03
714 0.0 0.4 0:12.06
714 5.6 0.4 0:12.11
15714 22.2 0.2 0:00.04
714 5.6 0.4 0:12.18
714 5.6 0.4 0:12.22
714 0.0 0.4 0:12.25
714 5.6 0.4 0:12.29
714 0.0 0.4 0:12.34
714 11.1 0.4 0:12.38
714 5.6 0.4 0:12.40
714 0.0 0.4 0:12.42
714 0.0 0.4 0:12.43
714 0.0 0.4 0:12.43
714 0.0 0.4 0:12.43
714 0.0 0.4 0:12.43
714 0.0 0.4 0:12.43
714 0.0 0.4 0:12.43
714 0.0 0.4 0:12.43
714 0.0 0.4 0:12.43
714 0.0 0.4 0:12.43
