714 5.3 0.4 0:15.40
714 5.3 0.4 0:15.43
714 5.3 0.4 0:15.46
714 5.6 0.4 0:15.50
714 5.6 0.4 0:15.53
714 0.0 0.4 0:15.56
714 5.6 0.4 0:15.59
714 5.0 0.4 0:15.63
714 0.0 0.4 0:15.66
714 5.0 0.4 0:15.70
714 0.0 0.4 0:15.73
714 4.8 0.4 0:15.77
714 0.0 0.4 0:15.79
714 0.0 0.4 0:15.82
714 0.0 0.4 0:15.85
714 11.8 0.4 0:15.89
714 5.3 0.4 0:15.93
714 10.5 0.4 0:15.97
714 5.6 0.4 0:16.00
714 9.5 0.4 0:16.04
714 5.3 0.4 0:16.06
714 5.6 0.4 0:16.09
714 5.6 0.4 0:16.14
714 5.3 0.4 0:16.17
714 0.0 0.4 0:16.20
714 5.6 0.4 0:16.24
714 5.3 0.4 0:16.27
714 5.6 0.4 0:16.30
714 4.8 0.4 0:16.33
714 11.1 0.4 0:16.37
714 5.0 0.4 0:16.40
714 5.3 0.4 0:16.43
714 0.0 0.4 0:16.45
714 4.8 0.4 0:16.49
714 5.3 0.4 0:16.53
714 0.0 0.4 0:16.56
714 0.0 0.4 0:16.59
714 5.3 0.4 0:16.64
714 0.0 0.4 0:16.67
714 5.3 0.4 0:16.70
714 0.0 0.4 0:16.73
714 0.0 0.4 0:16.77
714 5.3 0.4 0:16.80
714 5.3 0.4 0:16.84
714 5.6 0.4 0:16.87
714 0.0 0.4 0:16.90
714 5.6 0.4 0:16.94
714 5.3 0.4 0:16.98
714 0.0 0.4 0:17.01
714 5.3 0.4 0:17.05
714 5.3 0.4 0:17.09
714 5.0 0.4 0:17.13
714 0.0 0.4 0:17.16
714 5.3 0.4 0:17.19
714 11.1 0.4 0:17.24
714 0.0 0.4 0:17.27
714 5.3 0.4 0:17.30
714 5.6 0.4 0:17.34
714 5.6 0.4 0:17.38
714 11.1 0.4 0:17.42
714 0.0 0.4 0:17.47
714 5.3 0.4 0:17.49
714 5.6 0.4 0:17.52
714 0.0 0.4 0:17.56
714 4.8 0.4 0:17.59
714 5.6 0.4 0:17.63
714 11.1 0.4 0:17.67
714 5.6 0.4 0:17.70
714 5.6 0.4 0:17.74
714 0.0 0.4 0:17.77
714 5.3 0.4 0:17.80
714 0.0 0.4 0:17.83
714 5.3 0.4 0:17.87
714 5.0 0.4 0:17.90
714 11.8 0.4 0:17.94
714 5.3 0.4 0:17.97
714 0.0 0.4 0:17.99
714 5.6 0.4 0:18.04
714 0.0 0.4 0:18.07
714 0.0 0.4 0:18.08
714 0.0 0.4 0:18.08
714 0.0 0.4 0:18.08
714 0.0 0.4 0:18.08
714 0.0 0.4 0:18.08
714 0.0 0.4 0:18.08
714 0.0 0.4 0:18.08
714 0.0 0.4 0:18.08
714 0.0 0.4 0:18.08
714 0.0 0.4 0:18.08
714 0.0 0.4 0:18.08
714 0.0 0.4 0:18.08
714 0.0 0.4 0:18.08
714 0.0 0.4 0:18.08
714 0.0 0.4 0:18.08
714 0.0 0.4 0:18.08
714 0.0 0.4 0:18.08
714 0.0 0.4 0:18.08
