715 10.5 0.4 0:05.66
715 0.0 0.4 0:05.68
715 5.6 0.4 0:05.71
715 0.0 0.4 0:05.73
715 0.0 0.4 0:05.75
715 0.0 0.4 0:05.77
715 5.6 0.4 0:05.80
715 0.0 0.4 0:05.82
715 0.0 0.4 0:05.84
715 4.5 0.4 0:05.87
715 0.0 0.4 0:05.89
715 0.0 0.4 0:05.91
715 0.0 0.4 0:05.93
715 5.3 0.4 0:05.96
715 5.6 0.4 0:05.99
715 0.0 0.4 0:06.01
715 5.0 0.4 0:06.04
715 0.0 0.4 0:06.06
715 5.6 0.4 0:06.09
715 0.0 0.4 0:06.11
715 5.6 0.4 0:06.15
715 0.0 0.4 0:06.17
715 4.8 0.4 0:06.20
715 0.0 0.4 0:06.22
715 5.6 0.4 0:06.26
715 0.0 0.4 0:06.28
715 5.3 0.4 0:06.30
715 0.0 0.4 0:06.33
715 0.0 0.4 0:06.35
715 5.6 0.4 0:06.38
715 0.0 0.4 0:06.41
715 5.6 0.4 0:06.43
715 0.0 0.4 0:06.45
715 0.0 0.4 0:06.48
715 0.0 0.4 0:06.50
715 0.0 0.4 0:06.52
715 5.3 0.4 0:06.55
715 0.0 0.4 0:06.57
715 0.0 0.4 0:06.59
715 0.0 0.4 0:06.61
715 0.0 0.4 0:06.64
715 0.0 0.4 0:06.66
715 0.0 0.4 0:06.69
715 5.0 0.4 0:06.72
715 0.0 0.4 0:06.74
715 0.0 0.4 0:06.77
715 0.0 0.4 0:06.79
715 0.0 0.4 0:06.81
715 4.3 0.4 0:06.84
715 5.6 0.4 0:06.86
715 5.0 0.4 0:06.89
715 0.0 0.4 0:06.91
715 5.6 0.4 0:06.94
715 0.0 0.4 0:06.97
715 5.6 0.4 0:06.99
715 5.3 0.4 0:07.02
715 5.6 0.4 0:07.05
715 5.6 0.4 0:07.08
715 4.8 0.4 0:07.10
715 0.0 0.4 0:07.12
715 0.0 0.4 0:07.15
715 0.0 0.4 0:07.17
715 0.0 0.4 0:07.20
715 5.6 0.4 0:07.22
715 0.0 0.4 0:07.24
715 5.6 0.4 0:07.27
715 0.0 0.4 0:07.30
715 0.0 0.4 0:07.32
715 0.0 0.4 0:07.35
715 11.1 0.4 0:07.39
715 0.0 0.4 0:07.41
715 0.0 0.4 0:07.42
715 5.6 0.4 0:07.45
715 0.0 0.4 0:07.47
715 0.0 0.4 0:07.49
715 11.1 0.4 0:07.54
715 0.0 0.4 0:07.54
715 5.9 0.4 0:07.57
715 0.0 0.4 0:07.58
715 0.0 0.4 0:07.59
715 0.0 0.4 0:07.59
715 0.0 0.4 0:07.59
715 0.0 0.4 0:07.59
715 0.0 0.4 0:07.59
715 0.0 0.4 0:07.59
715 0.0 0.4 0:07.59
715 0.0 0.4 0:07.59
715 0.0 0.4 0:07.59
