715 0.0 0.4 0:12.71
715 0.0 0.4 0:12.73
715 0.0 0.4 0:12.75
715 0.0 0.4 0:12.77
715 0.0 0.4 0:12.79
715 5.6 0.4 0:12.82
715 5.6 0.4 0:12.84
715 5.6 0.4 0:12.87
715 0.0 0.4 0:12.89
715 9.1 0.4 0:12.93
715 0.0 0.4 0:12.93
715 4.8 0.4 0:12.96
715 5.6 0.4 0:12.98
715 5.3 0.4 0:13.00
715 0.0 0.4 0:13.01
715 0.0 0.4 0:13.03
715 0.0 0.4 0:13.06
715 4.5 0.4 0:13.08
715 5.3 0.4 0:13.10
715 0.0 0.4 0:13.12
715 0.0 0.4 0:13.14
715 0.0 0.4 0:13.16
715 0.0 0.4 0:13.18
715 0.0 0.4 0:13.21
715 4.8 0.4 0:13.22
715 0.0 0.4 0:13.23
715 0.0 0.4 0:13.25
715 0.0 0.4 0:13.27
715 5.6 0.4 0:13.29
715 0.0 0.4 0:13.31
715 0.0 0.4 0:13.33
715 0.0 0.4 0:13.35
715 5.6 0.4 0:13.37
715 0.0 0.4 0:13.39
715 0.0 0.4 0:13.42
715 0.0 0.4 0:13.43
715 5.6 0.4 0:13.46
715 0.0 0.4 0:13.49
715 5.3 0.4 0:13.52
715 5.0 0.4 0:13.55
715 5.6 0.4 0:13.57
715 5.6 0.4 0:13.59
715 0.0 0.4 0:13.61
715 0.0 0.4 0:13.63
715 0.0 0.4 0:13.64
715 0.0 0.4 0:13.66
715 0.0 0.4 0:13.68
715 0.0 0.4 0:13.70
715 0.0 0.4 0:13.71
715 0.0 0.4 0:13.73
715 5.6 0.4 0:13.76
715 0.0 0.4 0:13.77
715 0.0 0.4 0:13.79
715 0.0 0.4 0:13.81
715 0.0 0.4 0:13.83
715 0.0 0.4 0:13.86
715 0.0 0.4 0:13.88
715 0.0 0.4 0:13.90
715 0.0 0.4 0:13.93
715 0.0 0.4 0:13.94
715 0.0 0.4 0:13.96
715 0.0 0.4 0:13.98
715 0.0 0.4 0:14.00
715 0.0 0.4 0:14.03
715 5.6 0.4 0:14.05
715 0.0 0.4 0:14.07
715 5.6 0.4 0:14.10
715 0.0 0.4 0:14.12
715 0.0 0.4 0:14.14
715 0.0 0.4 0:14.17
715 0.0 0.4 0:14.19
715 5.6 0.4 0:14.22
715 0.0 0.4 0:14.23
715 5.3 0.4 0:14.26
715 0.0 0.4 0:14.28
715 0.0 0.4 0:14.30
715 5.6 0.4 0:14.32
715 0.0 0.4 0:14.34
715 5.6 0.4 0:14.36
715 0.0 0.4 0:14.36
715 0.0 0.4 0:14.36
715 0.0 0.4 0:14.36
715 0.0 0.4 0:14.36
715 0.0 0.4 0:14.36
715 0.0 0.4 0:14.36
715 0.0 0.4 0:14.36
715 0.0 0.4 0:14.36
