2926 0.0 0.2 0:03.99
2926 0.0 0.2 0:04.00
2926 0.0 0.2 0:04.00
2926 0.0 0.2 0:04.00
2926 0.0 0.2 0:04.00
2926 0.0 0.2 0:04.01
2926 0.0 0.2 0:04.01
2926 0.0 0.2 0:04.01
2926 0.0 0.2 0:04.01
2926 0.0 0.2 0:04.01
2926 0.0 0.2 0:04.01
2926 0.0 0.2 0:04.01
2926 0.0 0.2 0:04.01
2926 0.0 0.2 0:04.01
2926 0.0 0.2 0:04.01
2926 0.0 0.2 0:04.01
2926 0.0 0.2 0:04.01
2926 0.0 0.2 0:04.01
2926 0.0 0.2 0:04.01
2926 0.0 0.2 0:04.01
2926 0.0 0.2 0:04.01
2926 0.0 0.2 0:04.01
2926 0.0 0.2 0:04.01
2926 0.0 0.2 0:04.01
2926 0.0 0.2 0:04.01
2926 0.0 0.2 0:04.01
2926 0.0 0.2 0:04.01
2926 0.0 0.2 0:04.01
2926 0.0 0.2 0:04.02
2926 0.0 0.2 0:04.02
2926 0.0 0.2 0:04.02
2926 0.0 0.2 0:04.02
2926 0.0 0.2 0:04.02
2926 0.0 0.2 0:04.02
2926 0.0 0.2 0:04.02
2926 0.0 0.2 0:04.02
2926 0.0 0.2 0:04.03
2926 0.0 0.2 0:04.03
2926 0.0 0.2 0:04.03
2926 0.0 0.2 0:04.03
2926 0.0 0.2 0:04.03
2926 0.0 0.2 0:04.03
2926 0.0 0.2 0:04.03
2926 0.0 0.2 0:04.03
2926 0.0 0.2 0:04.03
2926 0.0 0.2 0:04.03
2926 0.0 0.2 0:04.03
2926 0.0 0.2 0:04.03
2926 0.0 0.2 0:04.03
2926 0.0 0.2 0:04.03
2926 0.0 0.2 0:04.03
2926 0.0 0.2 0:04.03
2926 0.0 0.2 0:04.03
2926 0.0 0.2 0:04.03
2926 0.0 0.2 0:04.03
2926 0.0 0.2 0:04.03
2926 0.0 0.2 0:04.03
2926 0.0 0.2 0:04.03
2926 0.0 0.2 0:04.03
2926 0.0 0.2 0:04.03
2926 0.0 0.2 0:04.03
2926 0.0 0.2 0:04.03
2926 0.0 0.2 0:04.03
2926 0.0 0.2 0:04.03
2926 0.0 0.2 0:04.03
2926 0.0 0.2 0:04.03
2926 0.0 0.2 0:04.03
2926 0.0 0.2 0:04.03
2926 0.0 0.2 0:04.03
2926 0.0 0.2 0:04.03
2926 0.0 0.2 0:04.04
2926 0.0 0.2 0:04.04
2926 0.0 0.2 0:04.04
2926 0.0 0.2 0:04.04
2926 0.0 0.2 0:04.04
2926 0.0 0.2 0:04.04
2926 0.0 0.2 0:04.04
2926 0.0 0.2 0:04.04
2926 0.0 0.2 0:04.04
2926 0.0 0.2 0:04.05
2926 0.0 0.2 0:04.05
2926 0.0 0.2 0:04.05
2926 0.0 0.2 0:04.05
2926 0.0 0.2 0:04.05
