2926 5.0 0.2 0:03.03
2926 0.0 0.2 0:03.09
2926 0.0 0.2 0:03.10
2926 0.0 0.2 0:03.10
2926 0.0 0.2 0:03.10
2926 0.0 0.2 0:03.10
2926 0.0 0.2 0:03.10
2926 0.0 0.2 0:03.10
2926 0.0 0.2 0:03.10
2926 0.0 0.2 0:03.10
2926 0.0 0.2 0:03.10
2926 0.0 0.2 0:03.10
2926 0.0 0.2 0:03.10
2926 0.0 0.2 0:03.10
2926 0.0 0.2 0:03.10
2926 0.0 0.2 0:03.10
2926 0.0 0.2 0:03.10
2926 0.0 0.2 0:03.10
2926 0.0 0.2 0:03.11
2926 0.0 0.2 0:03.11
2926 0.0 0.2 0:03.11
2926 0.0 0.2 0:03.11
2926 0.0 0.2 0:03.11
2926 0.0 0.2 0:03.11
2926 0.0 0.2 0:03.11
2926 0.0 0.2 0:03.11
2926 0.0 0.2 0:03.11
2926 0.0 0.2 0:03.11
2926 0.0 0.2 0:03.11
2926 0.0 0.2 0:03.11
2926 0.0 0.2 0:03.11
2926 0.0 0.2 0:03.11
2926 0.0 0.2 0:03.11
2926 0.0 0.2 0:03.11
2926 0.0 0.2 0:03.11
2926 0.0 0.2 0:03.11
2926 0.0 0.2 0:03.11
2926 0.0 0.2 0:03.11
2926 0.0 0.2 0:03.11
2926 0.0 0.2 0:03.11
2926 0.0 0.2 0:03.11
2926 0.0 0.2 0:03.11
2926 0.0 0.2 0:03.11
2926 0.0 0.2 0:03.11
2926 0.0 0.2 0:03.11
2926 0.0 0.2 0:03.12
2926 0.0 0.2 0:03.12
2926 0.0 0.2 0:03.12
2926 0.0 0.2 0:03.12
2926 0.0 0.2 0:03.12
2926 0.0 0.2 0:03.12
2926 0.0 0.2 0:03.12
2926 0.0 0.2 0:03.12
2926 0.0 0.2 0:03.12
2926 0.0 0.2 0:03.12
2926 0.0 0.2 0:03.12
2926 0.0 0.2 0:03.12
2926 0.0 0.2 0:03.12
2926 0.0 0.2 0:03.12
2926 0.0 0.2 0:03.12
2926 0.0 0.2 0:03.12
2926 0.0 0.2 0:03.12
2926 0.0 0.2 0:03.12
2926 0.0 0.2 0:03.12
2926 0.0 0.2 0:03.12
2926 0.0 0.2 0:03.12
2926 0.0 0.2 0:03.12
2926 0.0 0.2 0:03.12
2926 0.0 0.2 0:03.12
2926 0.0 0.2 0:03.12
2926 0.0 0.2 0:03.12
2926 0.0 0.2 0:03.12
2926 0.0 0.2 0:03.12
2926 0.0 0.2 0:03.12
2926 0.0 0.2 0:03.13
2926 0.0 0.2 0:03.13
2926 0.0 0.2 0:03.13
2926 0.0 0.2 0:03.13
2926 0.0 0.2 0:03.13
2926 0.0 0.2 0:03.13
2926 0.0 0.2 0:03.13
2926 0.0 0.2 0:03.13
2926 0.0 0.2 0:03.13
2926 0.0 0.2 0:03.13
2926 0.0 0.2 0:03.13
2926 0.0 0.2 0:03.13
2926 0.0 0.2 0:03.13
2926 0.0 0.2 0:03.13
2926 0.0 0.2 0:03.13
2926 0.0 0.2 0:03.13
2926 0.0 0.2 0:03.13
2926 0.0 0.2 0:03.13
2926 0.0 0.2 0:03.13
2926 0.0 0.2 0:03.13
