2927 0.0 0.2 0:00.74
2927 0.0 0.2 0:00.76
2927 0.0 0.2 0:00.78
2927 0.0 0.2 0:00.78
2927 0.0 0.2 0:00.78
2927 0.0 0.2 0:00.78
2927 0.0 0.2 0:00.78
2927 0.0 0.2 0:00.78
2927 0.0 0.2 0:00.78
2927 0.0 0.2 0:00.78
2927 0.0 0.2 0:00.78
2927 0.0 0.2 0:00.78
2927 0.0 0.2 0:00.78
2927 0.0 0.2 0:00.78
2927 0.0 0.2 0:00.78
2927 0.0 0.2 0:00.78
2927 0.0 0.2 0:00.78
2927 0.0 0.2 0:00.78
2927 0.0 0.2 0:00.78
2927 0.0 0.2 0:00.78
2927 0.0 0.2 0:00.78
2927 0.0 0.2 0:00.78
2927 0.0 0.2 0:00.78
2927 0.0 0.2 0:00.78
2927 0.0 0.2 0:00.78
2927 0.0 0.2 0:00.78
2927 0.0 0.2 0:00.78
2927 0.0 0.2 0:00.78
2927 0.0 0.2 0:00.78
2927 0.0 0.2 0:00.78
2927 0.0 0.2 0:00.78
2927 0.0 0.2 0:00.78
2927 0.0 0.2 0:00.78
2927 0.0 0.2 0:00.78
2927 0.0 0.2 0:00.78
2927 0.0 0.2 0:00.78
2927 0.0 0.2 0:00.78
2927 0.0 0.2 0:00.78
2927 0.0 0.2 0:00.78
2927 0.0 0.2 0:00.78
2927 0.0 0.2 0:00.78
2927 0.0 0.2 0:00.78
2927 0.0 0.2 0:00.78
2927 0.0 0.2 0:00.78
2927 0.0 0.2 0:00.78
2927 0.0 0.2 0:00.78
2927 0.0 0.2 0:00.78
2927 0.0 0.2 0:00.78
2927 0.0 0.2 0:00.78
2927 0.0 0.2 0:00.78
2927 0.0 0.2 0:00.78
2927 0.0 0.2 0:00.78
2927 0.0 0.2 0:00.78
2927 0.0 0.2 0:00.78
2927 0.0 0.2 0:00.78
2927 0.0 0.2 0:00.78
2927 0.0 0.2 0:00.78
2927 0.0 0.2 0:00.78
2927 0.0 0.2 0:00.78
2927 0.0 0.2 0:00.78
2927 0.0 0.2 0:00.78
2927 0.0 0.2 0:00.78
2927 0.0 0.2 0:00.78
2927 0.0 0.2 0:00.78
2927 0.0 0.2 0:00.78
2927 0.0 0.2 0:00.78
2927 0.0 0.2 0:00.78
2927 0.0 0.2 0:00.78
2927 0.0 0.2 0:00.78
2927 0.0 0.2 0:00.78
2927 0.0 0.2 0:00.78
2927 0.0 0.2 0:00.78
2927 0.0 0.2 0:00.78
2927 0.0 0.2 0:00.78
2927 0.0 0.2 0:00.78
2927 0.0 0.2 0:00.78
2927 0.0 0.2 0:00.78
2927 0.0 0.2 0:00.78
2927 0.0 0.2 0:00.78
2927 0.0 0.2 0:00.78
2927 0.0 0.2 0:00.78
2927 0.0 0.2 0:00.78
2927 0.0 0.2 0:00.78
2927 0.0 0.2 0:00.78
2927 0.0 0.2 0:00.78
2927 0.0 0.2 0:00.78
2927 0.0 0.2 0:00.78
2927 0.0 0.2 0:00.78
2927 0.0 0.2 0:00.78
2927 0.0 0.2 0:00.78
2927 0.0 0.2 0:00.78
2927 0.0 0.2 0:00.78
2927 0.0 0.2 0:00.78
2927 0.0 0.2 0:00.78
2927 0.0 0.2 0:00.78
2927 0.0 0.2 0:00.78
2927 0.0 0.2 0:00.78
2927 0.0 0.2 0:00.78
2927 0.0 0.2 0:00.78
2927 0.0 0.2 0:00.78
2927 0.0 0.2 0:00.78
2927 0.0 0.2 0:00.78
2927 0.0 0.2 0:00.78
2927 0.0 0.2 0:00.78
2927 0.0 0.2 0:00.78
2927 0.0 0.2 0:00.78
2927 0.0 0.2 0:00.78
2927 0.0 0.2 0:00.78
