2927 5.6 0.2 0:01.44
2927 0.0 0.2 0:01.45
2927 0.0 0.2 0:01.45
2927 0.0 0.2 0:01.45
2927 0.0 0.2 0:01.45
2927 0.0 0.2 0:01.45
2927 0.0 0.2 0:01.45
2927 0.0 0.2 0:01.45
2927 0.0 0.2 0:01.45
2927 0.0 0.2 0:01.45
2927 0.0 0.2 0:01.45
2927 0.0 0.2 0:01.45
2927 0.0 0.2 0:01.45
2927 0.0 0.2 0:01.45
2927 0.0 0.2 0:01.45
2927 0.0 0.2 0:01.45
2927 0.0 0.2 0:01.45
2927 0.0 0.2 0:01.45
2927 0.0 0.2 0:01.45
2927 0.0 0.2 0:01.45
2927 0.0 0.2 0:01.45
2927 0.0 0.2 0:01.45
2927 0.0 0.2 0:01.45
2927 0.0 0.2 0:01.45
2927 0.0 0.2 0:01.45
2927 0.0 0.2 0:01.45
2927 0.0 0.2 0:01.45
2927 0.0 0.2 0:01.45
2927 0.0 0.2 0:01.45
2927 0.0 0.2 0:01.45
2927 0.0 0.2 0:01.45
2927 0.0 0.2 0:01.45
2927 0.0 0.2 0:01.45
2927 0.0 0.2 0:01.45
2927 0.0 0.2 0:01.45
2927 0.0 0.2 0:01.45
2927 0.0 0.2 0:01.45
2927 0.0 0.2 0:01.45
2927 0.0 0.2 0:01.45
2927 0.0 0.2 0:01.45
2927 0.0 0.2 0:01.45
2927 0.0 0.2 0:01.45
2927 0.0 0.2 0:01.45
2927 0.0 0.2 0:01.45
2927 0.0 0.2 0:01.45
2927 0.0 0.2 0:01.45
2927 0.0 0.2 0:01.45
2927 0.0 0.2 0:01.45
2927 0.0 0.2 0:01.45
2927 0.0 0.2 0:01.45
2927 0.0 0.2 0:01.45
2927 0.0 0.2 0:01.45
2927 0.0 0.2 0:01.45
2927 0.0 0.2 0:01.45
2927 0.0 0.2 0:01.45
2927 0.0 0.2 0:01.45
2927 0.0 0.2 0:01.45
2927 0.0 0.2 0:01.45
2927 0.0 0.2 0:01.45
2927 0.0 0.2 0:01.45
2927 0.0 0.2 0:01.45
2927 0.0 0.2 0:01.45
2927 0.0 0.2 0:01.45
2927 0.0 0.2 0:01.45
2927 0.0 0.2 0:01.45
2927 0.0 0.2 0:01.45
2927 0.0 0.2 0:01.45
2927 0.0 0.2 0:01.45
2927 0.0 0.2 0:01.45
2927 0.0 0.2 0:01.45
2927 0.0 0.2 0:01.45
2927 0.0 0.2 0:01.45
2927 0.0 0.2 0:01.45
2927 0.0 0.2 0:01.45
2927 0.0 0.2 0:01.45
2927 0.0 0.2 0:01.45
2927 0.0 0.2 0:01.45
2927 0.0 0.2 0:01.45
2927 0.0 0.2 0:01.45
2927 0.0 0.2 0:01.45
2927 0.0 0.2 0:01.45
2927 0.0 0.2 0:01.45
