710 10.0 0.3 0:37.58
533 0.0 0.9 0:00.47
533 0.0 0.9 0:00.47
533 0.0 0.9 0:00.47
533 0.0 0.9 0:00.47
533 0.0 0.9 0:00.47
533 0.0 0.9 0:00.47
533 0.0 0.9 0:00.47
533 0.0 0.9 0:00.47
533 0.0 0.9 0:00.47
533 0.0 0.9 0:00.47
533 0.0 0.9 0:00.47
533 0.0 0.9 0:00.47
533 0.0 0.9 0:00.47
533 0.0 0.9 0:00.47
533 0.0 0.9 0:00.47
533 0.0 0.9 0:00.47
533 0.0 0.9 0:00.47
533 0.0 0.9 0:00.47
533 0.0 0.9 0:00.47
533 0.0 0.9 0:00.47
533 0.0 0.9 0:00.47
533 0.0 0.9 0:00.47
533 0.0 0.9 0:00.47
533 0.0 0.9 0:00.47
533 0.0 0.9 0:00.47
533 0.0 0.9 0:00.47
533 0.0 0.9 0:00.47
533 0.0 0.9 0:00.47
533 0.0 0.9 0:00.47
533 0.0 0.9 0:00.47
533 0.0 0.9 0:00.47
533 0.0 0.9 0:00.47
533 0.0 0.9 0:00.47
533 0.0 0.9 0:00.47
533 0.0 0.9 0:00.47
533 0.0 0.9 0:00.47
533 0.0 0.9 0:00.47
533 0.0 0.9 0:00.47
533 0.0 0.9 0:00.47
533 0.0 0.9 0:00.47
533 0.0 0.9 0:00.47
533 0.0 0.9 0:00.47
533 0.0 0.9 0:00.47
533 0.0 0.9 0:00.47
533 0.0 0.9 0:00.47
533 0.0 0.9 0:00.47
533 0.0 0.9 0:00.47
533 0.0 0.9 0:00.47
533 0.0 0.9 0:00.47
533 0.0 0.9 0:00.47
533 0.0 0.9 0:00.47
533 0.0 0.9 0:00.47
533 0.0 0.9 0:00.47
533 0.0 0.9 0:00.47
710 17.6 0.3 0:37.73
533 0.0 0.9 0:00.47
533 0.0 0.9 0:00.47
533 0.0 0.9 0:00.47
533 0.0 0.9 0:00.47
533 0.0 0.9 0:00.47
533 0.0 0.9 0:00.47
533 0.0 0.9 0:00.47
533 0.0 0.9 0:00.47
533 0.0 0.9 0:00.47
533 0.0 0.9 0:00.47
533 0.0 0.9 0:00.47
533 0.0 0.9 0:00.47
533 0.0 0.9 0:00.47
533 0.0 0.9 0:00.47
533 0.0 0.9 0:00.47
533 0.0 0.9 0:00.47
533 0.0 0.9 0:00.47
533 0.0 0.9 0:00.47
533 0.0 0.9 0:00.47
533 0.0 0.9 0:00.47
533 0.0 0.9 0:00.47
533 0.0 0.9 0:00.47
533 0.0 0.9 0:00.47
533 0.0 0.9 0:00.47
533 0.0 0.9 0:00.47
533 0.0 0.9 0:00.47
533 0.0 0.9 0:00.47
533 0.0 0.9 0:00.47
533 0.0 0.9 0:00.47
533 0.0 0.9 0:00.47
533 0.0 0.9 0:00.47
533 0.0 0.9 0:00.47
533 0.0 0.9 0:00.47
533 0.0 0.9 0:00.47
533 0.0 0.9 0:00.47
533 0.0 0.9 0:00.47
710 5.3 0.3 0:37.82
533 0.0 0.9 0:00.47
533 0.0 0.9 0:00.47
533 0.0 0.9 0:00.47
533 0.0 0.9 0:00.47
533 0.0 0.9 0:00.47
533 0.0 0.9 0:00.47
533 0.0 0.9 0:00.47
533 0.0 0.9 0:00.47
533 0.0 0.9 0:00.47
533 0.0 0.9 0:00.47
710 5.6 0.3 0:37.83
533 0.0 0.9 0:00.47
533 0.0 0.9 0:00.47
533 0.0 0.9 0:00.47
533 0.0 0.9 0:00.47
533 0.0 0.9 0:00.47
533 0.0 0.9 0:00.47
533 0.0 0.9 0:00.47
533 0.0 0.9 0:00.47
533 0.0 0.9 0:00.47
533 0.0 0.9 0:00.47
533 0.0 0.9 0:00.47
533 0.0 0.9 0:00.47
533 0.0 0.9 0:00.47
533 0.0 0.9 0:00.47
533 0.0 0.9 0:00.47
533 0.0 0.9 0:00.47
533 0.0 0.9 0:00.47
533 0.0 0.9 0:00.47
533 0.0 0.9 0:00.47
533 0.0 0.9 0:00.47
533 0.0 0.9 0:00.47
533 0.0 0.9 0:00.47
533 0.0 0.9 0:00.47
533 0.0 0.9 0:00.47
533 0.0 0.9 0:00.47
533 0.0 0.9 0:00.47
533 0.0 0.9 0:00.47
533 0.0 0.9 0:00.47
533 0.0 0.9 0:00.47
533 0.0 0.9 0:00.47
533 0.0 0.9 0:00.47
533 0.0 0.9 0:00.47
533 0.0 0.9 0:00.47
13710 16.7 0.2 0:00.05
533 0.0 0.9 0:00.47
533 0.0 0.9 0:00.47
533 0.0 0.9 0:00.47
533 0.0 0.9 0:00.47
533 0.0 0.9 0:00.47
710 5.6 0.3 0:37.92
533 0.0 0.9 0:00.47
533 0.0 0.9 0:00.47
710 5.6 0.3 0:37.93
710 14.3 0.3 0:37.97
533 0.0 0.9 0:00.47
533 0.0 0.9 0:00.47
533 0.0 0.9 0:00.47
533 0.0 0.9 0:00.47
533 0.0 0.9 0:00.47
533 0.0 0.9 0:00.47
533 0.0 0.9 0:00.47
533 0.0 0.9 0:00.47
533 0.0 0.9 0:00.47
533 0.0 0.9 0:00.47
533 0.0 0.9 0:00.47
533 0.0 0.9 0:00.47
533 0.0 0.9 0:00.47
14710 16.7 0.2 0:00.03
533 0.0 0.9 0:00.47
710 5.6 0.3 0:38.00
533 0.0 0.9 0:00.47
533 0.0 0.9 0:00.47
533 0.0 0.9 0:00.47
533 0.0 0.9 0:00.47
533 0.0 0.9 0:00.47
533 0.0 0.9 0:00.47
533 0.0 0.9 0:00.47
533 0.0 0.9 0:00.47
533 0.0 0.9 0:00.47
533 0.0 0.9 0:00.47
533 0.0 0.9 0:00.47
533 0.0 0.9 0:00.47
533 0.0 0.9 0:00.47
533 0.0 0.9 0:00.47
533 0.0 0.9 0:00.47
533 0.0 0.9 0:00.47
710 10.5 0.3 0:38.06
533 0.0 0.9 0:00.47
533 0.0 0.9 0:00.47
533 0.0 0.9 0:00.47
710 5.3 0.3 0:38.10
533 0.0 0.9 0:00.47
533 0.0 0.9 0:00.47
533 0.0 0.9 0:00.47
533 0.0 0.9 0:00.47
533 0.0 0.9 0:00.47
533 0.0 0.9 0:00.47
533 0.0 0.9 0:00.47
533 0.0 0.9 0:00.47
533 0.0 0.9 0:00.47
533 0.0 0.9 0:00.47
533 0.0 0.9 0:00.47
533 0.0 0.9 0:00.47
710 5.6 0.3 0:38.12
533 0.0 0.9 0:00.47
533 0.0 0.9 0:00.47
533 0.0 0.9 0:00.47
533 0.0 0.9 0:00.47
533 0.0 0.9 0:00.47
533 0.0 0.9 0:00.47
533 0.0 0.9 0:00.47
533 0.0 0.9 0:00.47
533 0.0 0.9 0:00.47
533 0.0 0.9 0:00.47
533 0.0 0.9 0:00.47
533 0.0 0.9 0:00.47
533 0.0 0.9 0:00.47
533 0.0 0.9 0:00.47
533 0.0 0.9 0:00.47
533 0.0 0.9 0:00.47
533 0.0 0.9 0:00.47
533 0.0 0.9 0:00.47
533 0.0 0.9 0:00.47
533 0.0 0.9 0:00.47
710 11.1 0.3 0:38.19
533 0.0 0.9 0:00.47
533 0.0 0.9 0:00.47
533 0.0 0.9 0:00.47
533 0.0 0.9 0:00.47
533 0.0 0.9 0:00.47
533 0.0 0.9 0:00.47
533 0.0 0.9 0:00.47
533 0.0 0.9 0:00.47
533 0.0 0.9 0:00.47
533 0.0 0.9 0:00.47
533 0.0 0.9 0:00.47
533 0.0 0.9 0:00.47
533 0.0 0.9 0:00.47
533 0.0 0.9 0:00.47
533 0.0 0.9 0:00.47
533 0.0 0.9 0:00.47
533 0.0 0.9 0:00.47
533 0.0 0.9 0:00.47
