710 9.5 0.3 0:41.70
7101 15.8 0.2 0:00.03
533 0.0 0.9 0:00.47
533 0.0 0.9 0:00.47
533 0.0 0.9 0:00.47
533 0.0 0.9 0:00.47
533 0.0 0.9 0:00.47
533 0.0 0.9 0:00.47
533 0.0 0.9 0:00.47
533 0.0 0.9 0:00.47
533 0.0 0.9 0:00.47
533 0.0 0.9 0:00.47
533 0.0 0.9 0:00.47
533 0.0 0.9 0:00.47
533 0.0 0.9 0:00.47
533 0.0 0.9 0:00.47
533 0.0 0.9 0:00.47
533 0.0 0.9 0:00.47
533 0.0 0.9 0:00.47
533 0.0 0.9 0:00.47
533 0.0 0.9 0:00.47
533 0.0 0.9 0:00.47
533 0.0 0.9 0:00.47
533 0.0 0.9 0:00.47
533 0.0 0.9 0:00.47
533 0.0 0.9 0:00.47
533 0.0 0.9 0:00.47
533 0.0 0.9 0:00.47
533 0.0 0.9 0:00.47
533 0.0 0.9 0:00.47
533 0.0 0.9 0:00.47
533 0.0 0.9 0:00.47
533 0.0 0.9 0:00.47
533 0.0 0.9 0:00.47
533 0.0 0.9 0:00.47
533 0.0 0.9 0:00.47
533 0.0 0.9 0:00.47
533 0.0 0.9 0:00.47
533 0.0 0.9 0:00.47
533 0.0 0.9 0:00.47
533 0.0 0.9 0:00.47
533 0.0 0.9 0:00.47
533 0.0 0.9 0:00.47
533 0.0 0.9 0:00.47
533 0.0 0.9 0:00.47
533 0.0 0.9 0:00.47
533 0.0 0.9 0:00.47
533 0.0 0.9 0:00.47
533 0.0 0.9 0:00.47
533 0.0 0.9 0:00.47
533 0.0 0.9 0:00.47
533 0.0 0.9 0:00.47
533 0.0 0.9 0:00.47
533 0.0 0.9 0:00.47
533 0.0 0.9 0:00.47
710 5.3 0.3 0:41.83
533 0.0 0.9 0:00.47
533 0.0 0.9 0:00.47
533 0.0 0.9 0:00.47
533 0.0 0.9 0:00.47
533 0.0 0.9 0:00.47
533 0.0 0.9 0:00.47
533 0.0 0.9 0:00.47
533 0.0 0.9 0:00.47
533 0.0 0.9 0:00.47
533 0.0 0.9 0:00.47
533 0.0 0.9 0:00.47
533 0.0 0.9 0:00.47
533 0.0 0.9 0:00.47
533 0.0 0.9 0:00.47
533 0.0 0.9 0:00.47
533 0.0 0.9 0:00.47
533 0.0 0.9 0:00.47
533 0.0 0.9 0:00.47
533 0.0 0.9 0:00.47
533 0.0 0.9 0:00.47
533 0.0 0.9 0:00.47
533 0.0 0.9 0:00.47
533 0.0 0.9 0:00.47
533 0.0 0.9 0:00.47
533 0.0 0.9 0:00.47
533 0.0 0.9 0:00.47
533 0.0 0.9 0:00.47
533 0.0 0.9 0:00.47
533 0.0 0.9 0:00.47
533 0.0 0.9 0:00.47
533 0.0 0.9 0:00.47
533 0.0 0.9 0:00.47
533 0.0 0.9 0:00.47
533 0.0 0.9 0:00.47
533 0.0 0.9 0:00.47
533 0.0 0.9 0:00.47
533 0.0 0.9 0:00.47
533 0.0 0.9 0:00.47
533 0.0 0.9 0:00.47
533 0.0 0.9 0:00.47
533 0.0 0.9 0:00.47
533 0.0 0.9 0:00.47
533 0.0 0.9 0:00.47
533 0.0 0.9 0:00.47
533 0.0 0.9 0:00.47
533 0.0 0.9 0:00.47
533 0.0 0.9 0:00.47
533 0.0 0.9 0:00.47
710 5.6 0.3 0:41.93
533 0.0 0.9 0:00.47
533 0.0 0.9 0:00.47
533 0.0 0.9 0:00.47
533 0.0 0.9 0:00.47
533 0.0 0.9 0:00.47
710 5.6 0.3 0:41.96
533 0.0 0.9 0:00.47
533 0.0 0.9 0:00.47
533 0.0 0.9 0:00.47
533 0.0 0.9 0:00.47
533 0.0 0.9 0:00.47
533 0.0 0.9 0:00.47
533 0.0 0.9 0:00.47
533 0.0 0.9 0:00.47
533 0.0 0.9 0:00.47
533 0.0 0.9 0:00.47
533 0.0 0.9 0:00.47
533 0.0 0.9 0:00.47
533 0.0 0.9 0:00.47
533 0.0 0.9 0:00.47
533 0.0 0.9 0:00.47
533 0.0 0.9 0:00.47
533 0.0 0.9 0:00.47
533 0.0 0.9 0:00.47
533 0.0 0.9 0:00.47
533 0.0 0.9 0:00.47
533 0.0 0.9 0:00.47
533 0.0 0.9 0:00.47
533 0.0 0.9 0:00.47
533 0.0 0.9 0:00.47
533 0.0 0.9 0:00.47
533 0.0 0.9 0:00.47
533 0.0 0.9 0:00.47
533 0.0 0.9 0:00.47
533 0.0 0.9 0:00.47
533 0.0 0.9 0:00.47
533 0.0 0.9 0:00.47
533 0.0 0.9 0:00.47
533 0.0 0.9 0:00.47
533 0.0 0.9 0:00.47
533 0.0 0.9 0:00.47
533 0.0 0.9 0:00.47
710 5.3 0.3 0:42.09
533 0.0 0.9 0:00.47
533 0.0 0.9 0:00.47
533 0.0 0.9 0:00.47
533 0.0 0.9 0:00.47
533 0.0 0.9 0:00.47
533 0.0 0.9 0:00.47
533 0.0 0.9 0:00.47
533 0.0 0.9 0:00.47
533 0.0 0.9 0:00.47
533 0.0 0.9 0:00.47
533 0.0 0.9 0:00.47
533 0.0 0.9 0:00.47
533 0.0 0.9 0:00.47
710 5.6 0.3 0:42.11
533 0.0 0.9 0:00.47
533 0.0 0.9 0:00.47
533 0.0 0.9 0:00.47
533 0.0 0.9 0:00.47
533 0.0 0.9 0:00.47
533 0.0 0.9 0:00.47
533 0.0 0.9 0:00.47
533 0.0 0.9 0:00.47
533 0.0 0.9 0:00.47
533 0.0 0.9 0:00.47
533 0.0 0.9 0:00.47
533 0.0 0.9 0:00.47
533 0.0 0.9 0:00.47
533 0.0 0.9 0:00.47
533 0.0 0.9 0:00.47
533 0.0 0.9 0:00.47
533 0.0 0.9 0:00.47
533 0.0 0.9 0:00.47
533 0.0 0.9 0:00.47
533 0.0 0.9 0:00.47
533 0.0 0.9 0:00.47
533 0.0 0.9 0:00.47
533 0.0 0.9 0:00.47
