711 22.2 0.3 0:54.31
711 0.0 0.3 0:54.33
711 0.0 0.3 0:54.33
711 0.0 0.3 0:54.33
711 0.0 0.3 0:54.33
711 0.0 0.3 0:54.33
711 0.0 0.3 0:54.33
711 0.0 0.3 0:54.33
711 0.0 0.3 0:54.33
711 0.0 0.3 0:54.33
711 0.0 0.3 0:54.33
711 0.0 0.3 0:54.33
711 0.0 0.3 0:54.33
711 0.0 0.3 0:54.33
711 0.0 0.3 0:54.33
711 0.0 0.3 0:54.33
711 0.0 0.3 0:54.33
711 0.0 0.3 0:54.33
711 0.0 0.3 0:54.33
711 0.0 0.3 0:54.38
711 0.0 0.3 0:54.38
711 0.0 0.3 0:54.38
711 0.0 0.3 0:54.38
711 0.0 0.3 0:54.38
711 0.0 0.3 0:54.38
711 0.0 0.3 0:54.38
711 0.0 0.3 0:54.38
711 0.0 0.3 0:54.38
711 0.0 0.3 0:54.38
711 0.0 0.3 0:54.38
711 0.0 0.3 0:54.38
711 0.0 0.3 0:54.38
711 0.0 0.3 0:54.38
711 0.0 0.3 0:54.38
711 0.0 0.3 0:54.38
711 0.0 0.3 0:54.39
711 0.0 0.3 0:54.40
711 5.3 0.3 0:54.46
711 0.0 0.3 0:54.46
711 0.0 0.3 0:54.46
711 0.0 0.3 0:54.46
711 0.0 0.3 0:54.46
711 0.0 0.3 0:54.46
711 0.0 0.3 0:54.46
711 0.0 0.3 0:54.46
711 0.0 0.3 0:54.46
711 0.0 0.3 0:54.46
711 0.0 0.3 0:54.46
711 0.0 0.3 0:54.46
711 0.0 0.3 0:54.46
711 0.0 0.3 0:54.46
711 0.0 0.3 0:54.46
711 0.0 0.3 0:54.48
711 0.0 0.3 0:54.48
711 0.0 0.3 0:54.48
711 22.2 0.3 0:54.53
711 0.0 0.3 0:54.56
17111 22.2 0.2 0:00.04
711 0.0 0.3 0:54.56
711 0.0 0.3 0:54.56
711 0.0 0.3 0:54.56
711 0.0 0.3 0:54.56
711 0.0 0.3 0:54.56
711 0.0 0.3 0:54.56
711 0.0 0.3 0:54.56
711 0.0 0.3 0:54.56
711 0.0 0.3 0:54.56
711 0.0 0.3 0:54.56
711 0.0 0.3 0:54.56
711 0.0 0.3 0:54.56
711 0.0 0.3 0:54.56
711 0.0 0.3 0:54.57
711 0.0 0.3 0:54.57
711 0.0 0.3 0:54.59
711 0.0 0.3 0:54.61
711 0.0 0.3 0:54.61
711 0.0 0.3 0:54.61
711 0.0 0.3 0:54.61
711 0.0 0.3 0:54.61
711 0.0 0.3 0:54.61
711 0.0 0.3 0:54.61
711 0.0 0.3 0:54.61
711 0.0 0.3 0:54.61
711 0.0 0.3 0:54.61
711 0.0 0.3 0:54.61
711 0.0 0.3 0:54.61
711 5.6 0.3 0:54.62
711 0.0 0.3 0:54.62
711 0.0 0.3 0:54.63
711 0.0 0.3 0:54.63
711 0.0 0.3 0:54.64
711 0.0 0.3 0:54.65
711 9.1 0.3 0:54.72
711 0.0 0.3 0:54.72
711 0.0 0.3 0:54.72
711 0.0 0.3 0:54.72
711 0.0 0.3 0:54.72
711 0.0 0.3 0:54.72
711 0.0 0.3 0:54.72
711 0.0 0.3 0:54.72
711 0.0 0.3 0:54.72
711 0.0 0.3 0:54.72
711 0.0 0.3 0:54.72
711 0.0 0.3 0:54.72
711 0.0 0.3 0:54.72
711 0.0 0.3 0:54.72
711 0.0 0.3 0:54.73
711 0.0 0.3 0:54.73
711 0.0 0.3 0:54.74
711 0.0 0.3 0:54.74
711 5.6 0.3 0:54.76
711 0.0 0.3 0:54.80
711 0.0 0.3 0:54.80
711 0.0 0.3 0:54.80
711 0.0 0.3 0:54.80
711 0.0 0.3 0:54.80
711 0.0 0.3 0:54.80
711 0.0 0.3 0:54.80
711 0.0 0.3 0:54.80
711 0.0 0.3 0:54.80
711 0.0 0.3 0:54.80
711 0.0 0.3 0:54.80
711 11.1 0.3 0:54.82
711 0.0 0.3 0:54.82
711 0.0 0.3 0:54.82
711 0.0 0.3 0:54.82
711 0.0 0.3 0:54.82
711 0.0 0.3 0:54.82
711 0.0 0.3 0:54.84
711 0.0 0.3 0:54.89
711 0.0 0.3 0:54.89
711 0.0 0.3 0:54.89
711 0.0 0.3 0:54.89
711 0.0 0.3 0:54.89
711 0.0 0.3 0:54.89
711 0.0 0.3 0:54.89
711 0.0 0.3 0:54.89
711 0.0 0.3 0:54.90
711 0.0 0.3 0:54.90
711 0.0 0.3 0:54.90
711 0.0 0.3 0:54.90
711 0.0 0.3 0:54.90
711 0.0 0.3 0:54.90
711 0.0 0.3 0:54.91
711 0.0 0.3 0:54.92
711 0.0 0.3 0:54.93
711 0.0 0.3 0:54.93
711 5.6 0.3 0:54.95
711 0.0 0.3 0:54.96
711 0.0 0.3 0:54.96
711 0.0 0.3 0:54.96
711 0.0 0.3 0:54.96
711 0.0 0.3 0:54.96
711 0.0 0.3 0:54.96
711 0.0 0.3 0:54.96
711 0.0 0.3 0:54.96
711 0.0 0.3 0:54.96
711 0.0 0.3 0:54.96
711 0.0 0.3 0:54.96
711 0.0 0.3 0:54.96
711 0.0 0.3 0:54.98
711 0.0 0.3 0:54.98
711 0.0 0.3 0:54.98
KiB 1537112 avail Mem
711 0.0 0.3 0:54.99
711 5.6 0.3 0:55.00
711 0.0 0.3 0:55.02
711 0.0 0.3 0:55.02
711 0.0 0.3 0:55.02
711 0.0 0.3 0:55.02
711 0.0 0.3 0:55.02
711 0.0 0.3 0:55.02
711 0.0 0.3 0:55.02
711 0.0 0.3 0:55.02
711 0.0 0.3 0:55.02
711 0.0 0.3 0:55.02
711 0.0 0.3 0:55.02
711 0.0 0.3 0:55.02
711 0.0 0.3 0:55.02
711 0.0 0.3 0:55.02
711 0.0 0.3 0:55.02
711 0.0 0.3 0:55.02
711 0.0 0.3 0:55.02
711 0.0 0.3 0:55.02
711 0.0 0.3 0:55.02
