712 31.6 0.3 0:42.71
712 0.0 0.3 0:42.73
712 0.0 0.3 0:42.73
712 0.0 0.3 0:42.73
712 0.0 0.3 0:42.73
712 0.0 0.3 0:42.73
712 0.0 0.3 0:42.73
712 0.0 0.3 0:42.73
712 0.0 0.3 0:42.73
712 0.0 0.3 0:42.73
712 0.0 0.3 0:42.73
712 0.0 0.3 0:42.73
712 0.0 0.3 0:42.73
712 0.0 0.3 0:42.73
712 0.0 0.3 0:42.73
712 0.0 0.3 0:42.73
712 0.0 0.3 0:42.73
712 0.0 0.3 0:42.73
712 0.0 0.3 0:42.75
712 0.0 0.3 0:42.78
712 0.0 0.3 0:42.78
712 0.0 0.3 0:42.78
712 0.0 0.3 0:42.78
712 0.0 0.3 0:42.78
712 0.0 0.3 0:42.78
712 0.0 0.3 0:42.78
712 0.0 0.3 0:42.78
712 0.0 0.3 0:42.78
712 0.0 0.3 0:42.78
712 0.0 0.3 0:42.78
712 0.0 0.3 0:42.78
712 0.0 0.3 0:42.78
712 0.0 0.3 0:42.78
712 0.0 0.3 0:42.78
712 0.0 0.3 0:42.78
712 0.0 0.3 0:42.78
712 0.0 0.3 0:42.79
712 0.0 0.3 0:42.84
712 0.0 0.3 0:42.84
712 0.0 0.3 0:42.84
712 0.0 0.3 0:42.84
712 0.0 0.3 0:42.84
712 0.0 0.3 0:42.84
712 0.0 0.3 0:42.84
712 0.0 0.3 0:42.84
712 0.0 0.3 0:42.84
712 0.0 0.3 0:42.84
712 0.0 0.3 0:42.84
712 0.0 0.3 0:42.84
712 0.0 0.3 0:42.84
712 0.0 0.3 0:42.84
712 0.0 0.3 0:42.84
712 0.0 0.3 0:42.84
712 0.0 0.3 0:42.84
KiB 1536712 avail Mem
712 5.6 0.3 0:42.86
712 0.0 0.3 0:42.90
712 0.0 0.3 0:42.90
712 0.0 0.3 0:42.90
712 0.0 0.3 0:42.90
712 0.0 0.3 0:42.90
712 0.0 0.3 0:42.90
712 0.0 0.3 0:42.90
712 0.0 0.3 0:42.90
712 0.0 0.3 0:42.90
712 0.0 0.3 0:42.90
712 0.0 0.3 0:42.90
712 0.0 0.3 0:42.90
712 0.0 0.3 0:42.90
712 0.0 0.3 0:42.90
712 0.0 0.3 0:42.91
712 0.0 0.3 0:42.91
712 5.6 0.3 0:42.92
712 0.0 0.3 0:42.92
712 0.0 0.3 0:42.95
712 0.0 0.3 0:42.95
712 0.0 0.3 0:42.95
712 0.0 0.3 0:42.95
712 0.0 0.3 0:42.95
712 0.0 0.3 0:42.95
712 0.0 0.3 0:42.95
712 0.0 0.3 0:42.95
712 0.0 0.3 0:42.95
712 0.0 0.3 0:42.95
712 0.0 0.3 0:42.95
712 0.0 0.3 0:42.95
712 0.0 0.3 0:42.95
712 0.0 0.3 0:42.95
712 0.0 0.3 0:42.95
712 0.0 0.3 0:42.95
712 0.0 0.3 0:42.95
712 0.0 0.3 0:42.97
712 20.0 0.3 0:43.04
712 0.0 0.3 0:43.04
712 0.0 0.3 0:43.04
712 0.0 0.3 0:43.04
712 0.0 0.3 0:43.04
712 0.0 0.3 0:43.04
712 0.0 0.3 0:43.04
712 0.0 0.3 0:43.04
712 0.0 0.3 0:43.04
712 0.0 0.3 0:43.04
712 0.0 0.3 0:43.04
712 0.0 0.3 0:43.04
712 0.0 0.3 0:43.04
712 0.0 0.3 0:43.04
712 0.0 0.3 0:43.06
712 0.0 0.3 0:43.06
712 0.0 0.3 0:43.06
712 0.0 0.3 0:43.06
712 0.0 0.3 0:43.06
712 0.0 0.3 0:43.09
712 0.0 0.3 0:43.09
712 0.0 0.3 0:43.09
712 0.0 0.3 0:43.09
712 0.0 0.3 0:43.09
712 0.0 0.3 0:43.09
712 0.0 0.3 0:43.09
712 0.0 0.3 0:43.10
712 0.0 0.3 0:43.10
712 0.0 0.3 0:43.10
712 0.0 0.3 0:43.10
712 0.0 0.3 0:43.10
712 0.0 0.3 0:43.10
712 0.0 0.3 0:43.11
712 0.0 0.3 0:43.11
712 0.0 0.3 0:43.12
712 0.0 0.3 0:43.12
712 0.0 0.3 0:43.13
712 0.0 0.3 0:43.16
712 0.0 0.3 0:43.16
712 0.0 0.3 0:43.16
712 0.0 0.3 0:43.16
712 0.0 0.3 0:43.16
712 0.0 0.3 0:43.16
712 0.0 0.3 0:43.16
712 0.0 0.3 0:43.16
712 0.0 0.3 0:43.16
712 0.0 0.3 0:43.16
712 0.0 0.3 0:43.16
712 0.0 0.3 0:43.16
712 0.0 0.3 0:43.16
712 0.0 0.3 0:43.17
712 0.0 0.3 0:43.17
712 0.0 0.3 0:43.17
712 0.0 0.3 0:43.18
712 0.0 0.3 0:43.18
712 11.1 0.3 0:43.20
712 0.0 0.3 0:43.20
712 0.0 0.3 0:43.20
712 0.0 0.3 0:43.20
712 0.0 0.3 0:43.21
712 0.0 0.3 0:43.21
712 0.0 0.3 0:43.21
712 0.0 0.3 0:43.21
712 0.0 0.3 0:43.21
712 0.0 0.3 0:43.21
712 0.0 0.3 0:43.21
712 0.0 0.3 0:43.21
712 0.0 0.3 0:43.21
712 5.6 0.3 0:43.22
712 0.0 0.3 0:43.22
712 0.0 0.3 0:43.22
712 0.0 0.3 0:43.22
712 0.0 0.3 0:43.23
712 0.0 0.3 0:43.23
712 0.0 0.3 0:43.25
712 0.0 0.3 0:43.25
712 0.0 0.3 0:43.25
712 0.0 0.3 0:43.25
712 0.0 0.3 0:43.25
712 0.0 0.3 0:43.25
712 0.0 0.3 0:43.25
712 0.0 0.3 0:43.25
712 0.0 0.3 0:43.25
712 0.0 0.3 0:43.25
712 0.0 0.3 0:43.25
712 0.0 0.3 0:43.26
712 0.0 0.3 0:43.26
712 0.0 0.3 0:43.26
712 5.0 0.3 0:43.27
712 0.0 0.3 0:43.27
712 0.0 0.3 0:43.28
712 0.0 0.3 0:43.28
712 0.0 0.3 0:43.30
712 0.0 0.3 0:43.30
712 0.0 0.3 0:43.30
712 0.0 0.3 0:43.30
712 0.0 0.3 0:43.30
712 0.0 0.3 0:43.30
712 0.0 0.3 0:43.30
712 5.3 0.3 0:43.31
712 0.0 0.3 0:43.31
712 0.0 0.3 0:43.31
712 0.0 0.3 0:43.31
712 0.0 0.3 0:43.31
712 0.0 0.3 0:43.32
712 0.0 0.3 0:43.32
712 0.0 0.3 0:43.32
712 0.0 0.3 0:43.32
712 0.0 0.3 0:43.32
712 0.0 0.3 0:43.32
712 0.0 0.3 0:43.32
712 0.0 0.3 0:43.35
712 0.0 0.3 0:43.35
712 0.0 0.3 0:43.35
712 0.0 0.3 0:43.35
712 0.0 0.3 0:43.35
712 0.0 0.3 0:43.35
712 0.0 0.3 0:43.35
712 0.0 0.3 0:43.36
712 0.0 0.3 0:43.36
712 0.0 0.3 0:43.36
712 0.0 0.3 0:43.37
26712 11.1 0.2 0:00.04
712 0.0 0.3 0:43.37
712 0.0 0.3 0:43.37
712 0.0 0.3 0:43.37
712 0.0 0.3 0:43.38
712 0.0 0.3 0:43.38
712 0.0 0.3 0:43.38
712 0.0 0.3 0:43.38
712 0.0 0.3 0:43.38
712 0.0 0.3 0:43.38
27122 11.1 0.2 0:00.04
712 0.0 0.3 0:43.38
712 0.0 0.3 0:43.38
KiB 1535712 avail Mem
712 0.0 0.3 0:43.38
712 0.0 0.3 0:43.38
712 0.0 0.3 0:43.38
712 0.0 0.3 0:43.38
712 0.0 0.3 0:43.38
712 0.0 0.3 0:43.38
712 0.0 0.3 0:43.38
712 0.0 0.3 0:43.38
