712 15.8 0.3 0:44.59
712 0.0 0.3 0:44.62
712 0.0 0.3 0:44.62
712 0.0 0.3 0:44.62
712 0.0 0.3 0:44.62
712 0.0 0.3 0:44.62
712 0.0 0.3 0:44.62
712 0.0 0.3 0:44.62
712 0.0 0.3 0:44.62
712 0.0 0.3 0:44.62
712 0.0 0.3 0:44.62
712 0.0 0.3 0:44.62
712 0.0 0.3 0:44.62
712 0.0 0.3 0:44.62
712 0.0 0.3 0:44.62
712 0.0 0.3 0:44.62
712 0.0 0.3 0:44.62
712 0.0 0.3 0:44.62
712 0.0 0.3 0:44.63
712 0.0 0.3 0:44.66
712 0.0 0.3 0:44.66
712 0.0 0.3 0:44.66
712 0.0 0.3 0:44.66
712 0.0 0.3 0:44.66
712 0.0 0.3 0:44.66
712 0.0 0.3 0:44.66
712 0.0 0.3 0:44.66
712 0.0 0.3 0:44.66
712 0.0 0.3 0:44.66
712 0.0 0.3 0:44.66
712 0.0 0.3 0:44.66
712 0.0 0.3 0:44.66
712 0.0 0.3 0:44.66
712 0.0 0.3 0:44.67
712 0.0 0.3 0:44.67
712 0.0 0.3 0:44.67
712 0.0 0.3 0:44.67
712 0.0 0.3 0:44.71
712 0.0 0.3 0:44.72
712 0.0 0.3 0:44.72
712 0.0 0.3 0:44.72
712 0.0 0.3 0:44.72
KiB used, 345028 buff/cache
712 0.0 0.3 0:44.72
712 0.0 0.3 0:44.72
712 0.0 0.3 0:44.72
712 0.0 0.3 0:44.72
712 0.0 0.3 0:44.72
712 0.0 0.3 0:44.72
712 0.0 0.3 0:44.72
12886 5.3 0.5 0:19.72
712 0.0 0.3 0:44.72
712 0.0 0.3 0:44.72
712 0.0 0.3 0:44.73
712 0.0 0.3 0:44.73
712 0.0 0.3 0:44.73
12886 5.6 0.5 0:19.83
712 0.0 0.3 0:44.77
12886 5.3 0.5 0:19.87
12886 5.9 0.5 0:19.89
712 0.0 0.3 0:44.77
712 0.0 0.3 0:44.77
712 0.0 0.3 0:44.77
712 0.0 0.3 0:44.77
712 0.0 0.3 0:44.77
712 0.0 0.3 0:44.77
12886 5.6 0.5 0:20.02
12886 5.9 0.5 0:20.04
712 0.0 0.3 0:44.77
712 0.0 0.3 0:44.77
712 5.3 0.3 0:44.79
712 5.6 0.3 0:44.80
712 0.0 0.3 0:44.80
712 0.0 0.3 0:44.81
712 0.0 0.3 0:44.83
12886 5.9 0.5 0:20.19
712 0.0 0.3 0:44.83
712 0.0 0.3 0:44.83
712 0.0 0.3 0:44.83
712 0.0 0.3 0:44.83
712 0.0 0.3 0:44.83
712 0.0 0.3 0:44.83
712 0.0 0.3 0:44.83
712 0.0 0.3 0:44.83
12886 11.8 0.5 0:20.37
12886 5.6 0.5 0:20.38
712 0.0 0.3 0:44.84
712 0.0 0.3 0:44.84
712 0.0 0.3 0:44.84
712 0.0 0.3 0:44.85
712 0.0 0.3 0:44.85
712 0.0 0.3 0:44.85
712 5.0 0.3 0:44.88
16712 16.7 0.0 0:00.05
712 0.0 0.3 0:44.88
712 0.0 0.3 0:44.88
712 0.0 0.3 0:44.88
12886 5.6 0.5 0:20.61
712 0.0 0.3 0:44.88
712 0.0 0.3 0:44.88
712 0.0 0.3 0:44.88
712 0.0 0.3 0:44.88
712 0.0 0.3 0:44.88
712 0.0 0.3 0:44.88
712 0.0 0.3 0:44.88
12886 22.2 0.5 0:20.79
712 0.0 0.3 0:44.88
12886 11.1 0.5 0:20.81
712 0.0 0.3 0:44.89
712 0.0 0.3 0:44.90
712 0.0 0.3 0:44.90
712 0.0 0.3 0:44.93
712 0.0 0.3 0:44.93
712 0.0 0.3 0:44.93
12886 5.3 0.5 0:20.93
12886 5.6 0.5 0:20.95
712 0.0 0.3 0:44.93
17712 16.7 0.2 0:00.03
712 0.0 0.3 0:44.93
712 0.0 0.3 0:44.93
712 0.0 0.3 0:44.93
712 0.0 0.3 0:44.93
712 0.0 0.3 0:44.94
712 0.0 0.3 0:44.94
712 0.0 0.3 0:44.94
712 5.9 0.3 0:44.95
712 0.0 0.3 0:44.95
712 0.0 0.3 0:44.95
712 0.0 0.3 0:44.95
712 0.0 0.3 0:44.97
712 0.0 0.3 0:44.97
12886 11.1 0.5 0:21.26
712 0.0 0.3 0:44.97
712 0.0 0.3 0:44.97
712 0.0 0.3 0:44.97
712 0.0 0.3 0:44.97
712 0.0 0.3 0:44.97
712 0.0 0.3 0:44.97
712 0.0 0.3 0:44.97
712 0.0 0.3 0:44.97
12886 5.6 0.5 0:21.42
18712 11.1 0.2 0:00.02
12886 5.6 0.5 0:21.46
712 0.0 0.3 0:44.98
712 0.0 0.3 0:45.00
712 0.0 0.3 0:45.00
712 0.0 0.3 0:45.00
712 11.1 0.3 0:45.02
712 0.0 0.3 0:45.03
712 0.0 0.3 0:45.03
712 0.0 0.3 0:45.03
712 0.0 0.3 0:45.03
712 0.0 0.3 0:45.03
12886 5.6 0.5 0:21.67
12886 5.6 0.5 0:21.69
712 0.0 0.3 0:45.04
712 0.0 0.3 0:45.04
712 0.0 0.3 0:45.04
712 0.0 0.3 0:45.05
12886 5.6 0.5 0:21.78
12886 5.3 0.5 0:21.80
712 0.0 0.3 0:45.06
712 0.0 0.3 0:45.06
12886 10.5 0.5 0:21.87
12886 5.6 0.5 0:21.88
712 0.0 0.3 0:45.06
712 0.0 0.3 0:45.07
KiB used, 345712 buff/cache
KiB used, 345712 buff/cache
KiB used, 345712 buff/cache
KiB used, 345712 buff/cache
12886 5.6 0.5 0:22.01
12886 11.1 0.5 0:22.04
712 0.0 0.3 0:45.07
712 0.0 0.3 0:45.07
12886 5.6 0.5 0:22.09
712 0.0 0.3 0:45.08
712 0.0 0.3 0:45.09
712 11.8 0.3 0:45.11
712 0.0 0.3 0:45.11
712 0.0 0.3 0:45.11
712 0.0 0.3 0:45.12
712 0.0 0.3 0:45.12
712 11.8 0.3 0:45.14
712 0.0 0.3 0:45.16
712 0.0 0.3 0:45.16
12886 5.6 0.5 0:22.30
712 0.0 0.3 0:45.16
12886 5.6 0.5 0:22.34
712 0.0 0.3 0:45.16
712 0.0 0.3 0:45.16
712 0.0 0.3 0:45.16
712 0.0 0.3 0:45.16
12886 5.6 0.5 0:22.43
712 0.0 0.3 0:45.16
12886 5.3 0.5 0:22.47
12886 5.6 0.5 0:22.49
712 0.0 0.3 0:45.16
712 0.0 0.3 0:45.16
712 0.0 0.3 0:45.16
712 0.0 0.3 0:45.16
712 0.0 0.3 0:45.16
712 0.0 0.3 0:45.16
12886 5.6 0.5 0:22.62
12886 5.6 0.5 0:22.64
12886 5.6 0.5 0:22.66
712 0.0 0.3 0:45.16
712 0.0 0.3 0:45.16
712 0.0 0.3 0:45.16
712 0.0 0.3 0:45.16
712 0.0 0.3 0:45.16
712 0.0 0.3 0:45.16
712 0.0 0.3 0:45.16
