712 0.0 0.1 0:00.00
712 0.0 0.1 0:00.00
712 0.0 0.1 0:00.00
712 0.0 0.1 0:00.00
712 0.0 0.1 0:00.00
712 0.0 0.1 0:00.00
KiB used, 390460 buff/cache
712 0.0 0.1 0:00.00
712 0.0 0.1 0:00.00
712 0.0 0.1 0:00.00
712 0.0 0.1 0:00.00
712 0.0 0.1 0:00.00
712 0.0 0.1 0:00.00
712 0.0 0.1 0:00.00
712 0.0 0.1 0:00.00
712 0.0 0.1 0:00.00
712 0.0 0.1 0:00.00
712 0.0 0.1 0:00.00
712 0.0 0.1 0:00.00
712 0.0 0.1 0:00.00
712 0.0 0.1 0:00.00
712 0.0 0.1 0:00.00
712 0.0 0.1 0:00.00
712 0.0 0.1 0:00.00
712 0.0 0.1 0:00.00
712 0.0 0.1 0:00.00
712 0.0 0.1 0:00.00
712 0.0 0.1 0:00.00
712 0.0 0.1 0:00.00
712 0.0 0.1 0:00.00
712 0.0 0.1 0:00.00
712 0.0 0.1 0:00.00
712 0.0 0.1 0:00.00
712 0.0 0.1 0:00.00
712 0.0 0.1 0:00.00
712 0.0 0.1 0:00.00
712 0.0 0.1 0:00.00
712 0.0 0.1 0:00.00
712 0.0 0.1 0:00.00
712 0.0 0.1 0:00.00
712 0.0 0.1 0:00.00
712 0.0 0.1 0:00.00
712 0.0 0.1 0:00.00
712 0.0 0.1 0:00.00
712 0.0 0.1 0:00.00
712 0.0 0.1 0:00.00
712 0.0 0.1 0:00.00
712 0.0 0.1 0:00.00
712 0.0 0.1 0:00.00
712 0.0 0.1 0:00.00
KiB used, 391448 buff/cache
712 0.0 0.1 0:00.00
712 0.0 0.1 0:00.00
712 0.0 0.1 0:00.00
712 0.0 0.1 0:00.00
712 0.0 0.1 0:00.00
712 0.0 0.1 0:00.00
712 0.0 0.1 0:00.00
712 0.0 0.1 0:00.00
712 0.0 0.1 0:00.00
712 0.0 0.1 0:00.00
712 0.0 0.1 0:00.00
712 0.0 0.1 0:00.00
712 0.0 0.1 0:00.00
712 0.0 0.1 0:00.00
712 0.0 0.1 0:00.00
712 0.0 0.1 0:00.00
712 0.0 0.1 0:00.00
712 0.0 0.1 0:00.00
712 0.0 0.1 0:00.00
712 0.0 0.1 0:00.00
712 0.0 0.1 0:00.00
712 0.0 0.1 0:00.00
712 0.0 0.1 0:00.00
712 0.0 0.1 0:00.00
712 0.0 0.1 0:00.00
712 0.0 0.1 0:00.00
712 0.0 0.1 0:00.00
712 0.0 0.1 0:00.00
712 0.0 0.1 0:00.00
712 0.0 0.1 0:00.00
712 0.0 0.1 0:00.00
712 0.0 0.1 0:00.00
712 0.0 0.1 0:00.00
712 0.0 0.1 0:00.00
712 0.0 0.1 0:00.00
712 0.0 0.1 0:00.00
712 0.0 0.1 0:00.00
712 0.0 0.1 0:00.00
712 0.0 0.1 0:00.00
712 0.0 0.1 0:00.00
