713 10.5 0.4 1:02.10
713 0.0 0.4 1:02.13
713 0.0 0.4 1:02.17
713 0.0 0.4 1:02.17
713 0.0 0.4 1:02.17
713 0.0 0.4 1:02.17
713 0.0 0.4 1:02.17
713 0.0 0.4 1:02.17
713 0.0 0.4 1:02.18
713 0.0 0.4 1:02.18
713 0.0 0.4 1:02.18
713 0.0 0.4 1:02.18
713 0.0 0.4 1:02.18
713 0.0 0.4 1:02.18
713 0.0 0.4 1:02.18
713 0.0 0.4 1:02.18
713 0.0 0.4 1:02.18
713 0.0 0.4 1:02.18
713 0.0 0.4 1:02.19
713 5.3 0.4 1:02.25
713 5.3 0.4 1:02.30
713 0.0 0.4 1:02.35
713 5.6 0.4 1:02.40
713 5.0 0.4 1:02.44
713 5.6 0.4 1:02.49
713 5.0 0.4 1:02.54
713 5.3 0.4 1:02.59
713 5.3 0.4 1:02.64
713 5.0 0.4 1:02.68
713 5.6 0.4 1:02.73
713 5.6 0.4 1:02.78
713 5.3 0.4 1:02.83
713 4.8 0.4 1:02.88
713 10.5 0.4 1:02.93
713 0.0 0.4 1:02.97
713 5.3 0.4 1:03.02
713 0.0 0.4 1:03.06
713 5.6 0.4 1:03.11
713 5.3 0.4 1:03.16
713 5.3 0.4 1:03.21
713 5.3 0.4 1:03.25
713 5.0 0.4 1:03.30
713 0.0 0.4 1:03.35
713 5.6 0.4 1:03.40
713 11.1 0.4 1:03.45
713 5.3 0.4 1:03.49
713 5.6 0.4 1:03.52
713 5.3 0.4 1:03.57
713 5.6 0.4 1:03.61
713 5.6 0.4 1:03.65
713 5.6 0.4 1:03.70
713 10.0 0.4 1:03.75
713 10.5 0.4 1:03.80
713 5.6 0.4 1:03.85
713 5.6 0.4 1:03.91
713 5.3 0.4 1:03.97
713 5.3 0.4 1:04.01
713 5.3 0.4 1:04.06
713 5.6 0.4 1:04.12
713 5.6 0.4 1:04.16
713 0.0 0.4 1:04.20
713 0.0 0.4 1:04.24
713 5.3 0.4 1:04.30
713 11.1 0.4 1:04.35
713 10.5 0.4 1:04.40
713 10.5 0.4 1:04.44
713 11.1 0.4 1:04.48
713 5.3 0.4 1:04.52
713 5.3 0.4 1:04.56
713 5.6 0.4 1:04.61
713 5.0 0.4 1:04.66
713 5.6 0.4 1:04.71
713 0.0 0.4 1:04.76
713 10.0 0.4 1:04.81
713 5.0 0.4 1:04.84
713 4.5 0.4 1:04.89
713 5.3 0.4 1:04.94
713 0.0 0.4 1:04.98
713 11.1 0.4 1:05.04
713 5.0 0.4 1:05.09
713 5.6 0.4 1:05.13
713 5.3 0.4 1:05.18
15713 11.1 0.2 0:00.04
713 5.3 0.4 1:05.27
713 0.0 0.4 1:05.31
713 0.0 0.4 1:05.35
713 5.3 0.4 1:05.40
713 5.6 0.4 1:05.44
713 5.6 0.4 1:05.49
713 5.3 0.4 1:05.55
713 5.3 0.4 1:05.59
713 5.6 0.4 1:05.65
713 5.3 0.4 1:05.69
713 0.0 0.4 1:05.71
713 0.0 0.4 1:05.71
713 0.0 0.4 1:05.71
713 0.0 0.4 1:05.71
713 0.0 0.4 1:05.71
713 0.0 0.4 1:05.71
713 0.0 0.4 1:05.71
713 0.0 0.4 1:05.71
713 0.0 0.4 1:05.71
713 0.0 0.4 1:05.71
713 0.0 0.4 1:05.71
713 0.0 0.4 1:05.71
713 0.0 0.4 1:05.71
713 0.0 0.4 1:05.71
713 0.0 0.4 1:05.71
713 0.0 0.4 1:05.71
713 0.0 0.4 1:05.71
713 0.0 0.4 1:05.71
713 0.0 0.4 1:05.71
713 0.0 0.4 1:05.71
713 0.0 0.4 1:05.71
713 0.0 0.4 1:05.71
713 0.0 0.4 1:05.71
