713 4.8 0.4 0:06.29
713 15.8 0.4 0:06.38
713 10.0 0.4 0:06.46
713 5.3 0.4 0:06.54
713 10.5 0.4 0:06.64
713 5.3 0.4 0:06.72
713 5.3 0.4 0:06.81
713 10.5 0.4 0:06.89
713 5.3 0.4 0:06.96
713 11.1 0.4 0:07.06
713 10.0 0.4 0:07.14
713 10.5 0.4 0:07.23
713 5.3 0.4 0:07.32
713 15.8 0.4 0:07.43
713 10.0 0.4 0:07.52
713 0.0 0.4 0:07.62
713 11.1 0.4 0:07.70
713 10.5 0.4 0:07.79
713 5.3 0.4 0:07.87
713 10.0 0.4 0:07.95
713 5.0 0.4 0:08.02
713 11.1 0.4 0:08.12
713 5.3 0.4 0:08.23
713 5.3 0.4 0:08.30
713 10.0 0.4 0:08.39
713 5.6 0.4 0:08.50
713 10.0 0.4 0:08.59
713 10.5 0.4 0:08.68
713 5.3 0.4 0:08.76
713 5.6 0.4 0:08.84
713 5.3 0.4 0:08.94
713 11.1 0.4 0:09.03
713 11.1 0.4 0:09.12
713 10.5 0.4 0:09.20
713 10.5 0.4 0:09.28
713 5.3 0.4 0:09.37
713 10.0 0.4 0:09.46
713 10.5 0.4 0:09.57
713 5.3 0.4 0:09.68
713 0.0 0.4 0:09.76
713 5.0 0.4 0:09.84
713 10.0 0.4 0:09.93
713 5.0 0.4 0:10.00
713 5.0 0.4 0:10.08
713 5.6 0.4 0:10.17
713 4.8 0.4 0:10.25
713 9.5 0.4 0:10.33
713 16.7 0.4 0:10.42
713 5.6 0.4 0:10.49
713 10.0 0.4 0:10.57
713 5.0 0.4 0:10.65
713 5.0 0.4 0:10.73
713 10.5 0.4 0:10.81
713 10.5 0.4 0:10.89
713 5.6 0.4 0:10.96
713 5.3 0.4 0:11.06
713 10.5 0.4 0:11.16
713 10.5 0.4 0:11.25
713 10.5 0.4 0:11.33
713 5.3 0.4 0:11.41
713 11.1 0.4 0:11.51
713 10.5 0.4 0:11.60
713 5.6 0.4 0:11.67
713 10.0 0.4 0:11.75
713 5.3 0.4 0:11.85
713 5.6 0.4 0:11.93
713 5.3 0.4 0:12.03
713 10.0 0.4 0:12.12
713 10.0 0.4 0:12.19
713 10.5 0.4 0:12.28
713 11.1 0.4 0:12.39
713 10.0 0.4 0:12.47
KiB used, 271384 buff/cache
713 10.0 0.4 0:12.66
713 5.3 0.4 0:12.76
713 10.0 0.4 0:12.87
713 5.3 0.4 0:12.95
713 10.0 0.4 0:13.04
713 5.0 0.4 0:13.13
713 5.0 0.4 0:13.23
713 5.0 0.4 0:13.31
713 10.0 0.4 0:13.40
713 11.1 0.4 0:13.49
713 5.3 0.4 0:13.58
713 10.5 0.4 0:13.67
713 10.5 0.4 0:13.76
713 5.3 0.4 0:13.84
713 5.3 0.4 0:13.93
713 10.5 0.4 0:14.03
713 5.6 0.4 0:14.11
713 0.0 0.4 0:14.14
713 0.0 0.4 0:14.15
713 0.0 0.4 0:14.16
713 0.0 0.4 0:14.16
713 0.0 0.4 0:14.16
713 0.0 0.4 0:14.16
713 0.0 0.4 0:14.16
713 0.0 0.4 0:14.16
713 0.0 0.4 0:14.16
713 0.0 0.4 0:14.16
713 0.0 0.4 0:14.16
713 0.0 0.4 0:14.16
713 0.0 0.4 0:14.16
713 0.0 0.4 0:14.16
713 0.0 0.4 0:14.16
713 0.0 0.4 0:14.16
713 0.0 0.4 0:14.16
713 0.0 0.4 0:14.16
713 0.0 0.4 0:14.16
713 0.0 0.4 0:14.16
713 0.0 0.4 0:14.16
713 0.0 0.4 0:14.16
713 0.0 0.4 0:14.16
713 0.0 0.4 0:14.16
713 0.0 0.4 0:14.16
713 0.0 0.4 0:14.16
713 0.0 0.4 0:14.16
