713 5.3 0.4 1:37.01
713 0.0 0.4 1:37.04
713 0.0 0.4 1:37.06
KiB used, 388500 buff/cache
713 5.3 0.4 1:37.13
713 5.3 0.4 1:37.15
713 5.6 0.4 1:37.18
713 0.0 0.4 1:37.21
713 5.6 0.4 1:37.24
713 0.0 0.4 1:37.26
713 0.0 0.4 1:37.28
713 0.0 0.4 1:37.32
713 0.0 0.4 1:37.35
713 0.0 0.4 1:37.38
713 5.0 0.4 1:37.42
713 0.0 0.4 1:37.44
713 0.0 0.4 1:37.47
713 5.0 0.4 1:37.50
713 0.0 0.4 1:37.52
713 5.0 0.4 1:37.57
713 0.0 0.4 1:37.59
713 0.0 0.4 1:37.62
713 5.3 0.4 1:37.66
713 5.3 0.4 1:37.69
713 5.6 0.4 1:37.72
713 0.0 0.4 1:37.74
713 0.0 0.4 1:37.77
713 0.0 0.4 1:37.80
713 0.0 0.4 1:37.83
713 5.6 0.4 1:37.86
713 5.6 0.4 1:37.89
713 5.6 0.4 1:37.93
KiB used, 389136 buff/cache
713 0.0 0.4 1:37.99
713 5.3 0.4 1:38.02
713 0.0 0.4 1:38.04
713 5.3 0.4 1:38.08
713 5.0 0.4 1:38.11
713 5.0 0.4 1:38.14
713 5.6 0.4 1:38.17
713 5.3 0.4 1:38.20
713 5.3 0.4 1:38.23
713 0.0 0.4 1:38.25
713 0.0 0.4 1:38.28
713 5.3 0.4 1:38.31
713 5.6 0.4 1:38.34
713 0.0 0.4 1:38.36
713 5.6 0.4 1:38.41
713 5.3 0.4 1:38.44
713 5.3 0.4 1:38.47
713 5.3 0.4 1:38.50
713 5.3 0.4 1:38.54
713 0.0 0.4 1:38.56
713 0.0 0.4 1:38.59
713 5.3 0.4 1:38.62
713 0.0 0.4 1:38.64
713 0.0 0.4 1:38.67
713 0.0 0.4 1:38.70
713 0.0 0.4 1:38.74
713 0.0 0.4 1:38.76
713 5.3 0.4 1:38.79
713 0.0 0.4 1:38.82
713 0.0 0.4 1:38.85
713 5.3 0.4 1:38.88
713 0.0 0.4 1:38.91
713 5.6 0.4 1:38.95
713 5.6 0.4 1:38.98
713 0.0 0.4 1:39.00
713 0.0 0.4 1:39.03
713 0.0 0.4 1:39.06
713 0.0 0.4 1:39.09
713 0.0 0.4 1:39.12
713 5.6 0.4 1:39.15
713 5.3 0.4 1:39.19
713 0.0 0.4 1:39.22
713 0.0 0.4 1:39.26
713 5.3 0.4 1:39.29
713 5.6 0.4 1:39.32
713 0.0 0.4 1:39.35
713 0.0 0.4 1:39.36
713 0.0 0.4 1:39.37
713 0.0 0.4 1:39.37
713 0.0 0.4 1:39.37
713 0.0 0.4 1:39.37
713 0.0 0.4 1:39.37
713 0.0 0.4 1:39.37
713 0.0 0.4 1:39.37
713 0.0 0.4 1:39.37
713 0.0 0.4 1:39.37
713 0.0 0.4 1:39.37
713 0.0 0.4 1:39.37
713 0.0 0.4 1:39.37
713 0.0 0.4 1:39.37
713 0.0 0.4 1:39.37
713 0.0 0.4 1:39.37
713 0.0 0.4 1:39.37
713 0.0 0.4 1:39.37
713 0.0 0.4 1:39.37
713 0.0 0.4 1:39.37
