713 0.0 0.4 1:43.94
713 0.0 0.4 1:43.96
713 0.0 0.4 1:43.99
713 5.3 0.4 1:44.02
713 0.0 0.4 1:44.04
713 5.0 0.4 1:44.08
713 0.0 0.4 1:44.10
713 5.6 0.4 1:44.14
713 0.0 0.4 1:44.18
713 5.6 0.4 1:44.20
713 5.3 0.4 1:44.22
713 5.0 0.4 1:44.25
713 5.6 0.4 1:44.28
713 5.6 0.4 1:44.31
713 5.3 0.4 1:44.34
713 5.3 0.4 1:44.37
713 5.3 0.4 1:44.40
713 5.6 0.4 1:44.43
713 5.0 0.4 1:44.46
713 0.0 0.4 1:44.49
713 5.3 0.4 1:44.52
713 5.6 0.4 1:44.56
713 5.3 0.4 1:44.59
713 0.0 0.4 1:44.61
713 0.0 0.4 1:44.64
713 0.0 0.4 1:44.67
713 5.3 0.4 1:44.71
713 0.0 0.4 1:44.74
713 0.0 0.4 1:44.77
713 5.0 0.4 1:44.81
713 0.0 0.4 1:44.83
713 0.0 0.4 1:44.86
713 0.0 0.4 1:44.90
713 0.0 0.4 1:44.93
713 0.0 0.4 1:44.96
713 0.0 0.4 1:44.99
713 5.3 0.4 1:45.03
713 0.0 0.4 1:45.05
713 0.0 0.4 1:45.08
713 0.0 0.4 1:45.11
713 5.0 0.4 1:45.15
713 0.0 0.4 1:45.18
713 0.0 0.4 1:45.22
713 0.0 0.4 1:45.24
713 5.3 0.4 1:45.28
713 0.0 0.4 1:45.31
713 5.3 0.4 1:45.35
713 0.0 0.4 1:45.37
713 0.0 0.4 1:45.40
713 5.6 0.4 1:45.43
713 0.0 0.4 1:45.45
713 5.6 0.4 1:45.49
713 0.0 0.4 1:45.51
713 0.0 0.4 1:45.54
713 5.3 0.4 1:45.58
713 5.0 0.4 1:45.61
713 5.6 0.4 1:45.63
713 0.0 0.4 1:45.66
713 5.6 0.4 1:45.69
713 0.0 0.4 1:45.72
713 5.6 0.4 1:45.75
713 0.0 0.4 1:45.78
713 0.0 0.4 1:45.81
713 0.0 0.4 1:45.83
713 0.0 0.4 1:45.86
713 0.0 0.4 1:45.88
713 11.1 0.4 1:45.92
713 0.0 0.4 1:45.94
713 0.0 0.4 1:45.96
713 0.0 0.4 1:45.98
713 0.0 0.4 1:46.01
713 0.0 0.4 1:46.04
713 0.0 0.4 1:46.06
713 0.0 0.4 1:46.09
713 0.0 0.4 1:46.11
713 5.0 0.4 1:46.15
713 0.0 0.4 1:46.17
713 0.0 0.4 1:46.20
713 0.0 0.4 1:46.23
713 0.0 0.4 1:46.25
713 0.0 0.4 1:46.25
713 0.0 0.4 1:46.25
713 0.0 0.4 1:46.25
713 0.0 0.4 1:46.25
713 0.0 0.4 1:46.25
713 0.0 0.4 1:46.25
713 0.0 0.4 1:46.25
713 0.0 0.4 1:46.25
713 0.0 0.4 1:46.25
713 0.0 0.4 1:46.25
713 0.0 0.4 1:46.25
713 0.0 0.4 1:46.25
713 0.0 0.4 1:46.25
713 0.0 0.4 1:46.25
713 0.0 0.4 1:46.25
713 0.0 0.4 1:46.25
713 0.0 0.4 1:46.25
713 0.0 0.4 1:46.25
