713 5.6 0.4 1:26.10
713 5.3 0.4 1:26.14
713 5.3 0.4 1:26.17
713 0.0 0.4 1:26.20
713 5.6 0.4 1:26.25
713 5.6 0.4 1:26.28
713 5.6 0.4 1:26.32
713 5.3 0.4 1:26.35
713 5.3 0.4 1:26.39
713 5.6 0.4 1:26.43
713 0.0 0.4 1:26.46
713 0.0 0.4 1:26.50
713 5.6 0.4 1:26.55
713 5.6 0.4 1:26.59
713 5.6 0.4 1:26.62
713 5.3 0.4 1:26.66
713 5.0 0.4 1:26.69
713 0.0 0.4 1:26.72
713 5.6 0.4 1:26.76
713 0.0 0.4 1:26.80
713 0.0 0.4 1:26.84
713 5.3 0.4 1:26.88
713 5.3 0.4 1:26.92
713 11.1 0.4 1:26.96
713 5.6 0.4 1:26.98
713 0.0 0.4 1:27.02
713 0.0 0.4 1:27.04
713 0.0 0.4 1:27.07
713 5.3 0.4 1:27.11
713 5.0 0.4 1:27.14
713 0.0 0.4 1:27.18
713 5.6 0.4 1:27.22
713 5.6 0.4 1:27.26
713 5.3 0.4 1:27.30
713 0.0 0.4 1:27.32
713 0.0 0.4 1:27.35
713 5.6 0.4 1:27.39
713 5.6 0.4 1:27.42
713 5.6 0.4 1:27.46
713 5.3 0.4 1:27.50
713 5.6 0.4 1:27.54
713 0.0 0.4 1:27.58
713 5.3 0.4 1:27.63
713 5.6 0.4 1:27.67
713 5.6 0.4 1:27.71
713 0.0 0.4 1:27.74
713 5.6 0.4 1:27.78
713 5.6 0.4 1:27.82
713 4.5 0.4 1:27.86
713 5.6 0.4 1:27.89
713 5.3 0.4 1:27.93
713 5.0 0.4 1:27.98
713 0.0 0.4 1:28.01
713 5.6 0.4 1:28.05
713 0.0 0.4 1:28.09
713 0.0 0.4 1:28.13
713 5.3 0.4 1:28.17
713 5.6 0.4 1:28.21
713 5.3 0.4 1:28.24
713 5.3 0.4 1:28.28
713 4.8 0.4 1:28.31
713 5.3 0.4 1:28.35
713 0.0 0.4 1:28.38
713 0.0 0.4 1:28.41
713 5.3 0.4 1:28.46
713 0.0 0.4 1:28.49
713 5.0 0.4 1:28.53
713 5.6 0.4 1:28.58
713 0.0 0.4 1:28.62
713 5.0 0.4 1:28.66
713 0.0 0.4 1:28.69
713 0.0 0.4 1:28.72
713 5.3 0.4 1:28.76
713 0.0 0.4 1:28.80
713 0.0 0.4 1:28.83
713 5.6 0.4 1:28.87
713 5.6 0.4 1:28.91
713 5.6 0.4 1:28.95
713 5.3 0.4 1:28.98
713 0.0 0.4 1:28.98
713 0.0 0.4 1:28.98
713 0.0 0.4 1:28.98
713 0.0 0.4 1:28.98
713 0.0 0.4 1:28.98
713 0.0 0.4 1:28.98
713 0.0 0.4 1:28.98
713 0.0 0.4 1:28.98
