713 10.5 0.4 2:04.81
713 0.0 0.4 2:04.81
713 0.0 0.4 2:04.85
713 0.0 0.4 2:04.85
713 0.0 0.4 2:04.87
713 5.6 0.4 2:04.89
713 0.0 0.4 2:04.91
713 5.6 0.4 2:04.94
713 5.3 0.4 2:04.96
713 5.6 0.4 2:04.99
713 5.6 0.4 2:05.01
713 0.0 0.4 2:05.03
713 5.3 0.4 2:05.05
713 0.0 0.4 2:05.07
713 5.3 0.4 2:05.09
713 0.0 0.4 2:05.10
713 5.3 0.4 2:05.13
713 0.0 0.4 2:05.14
713 0.0 0.4 2:05.16
713 0.0 0.4 2:05.18
713 5.6 0.4 2:05.20
713 0.0 0.4 2:05.22
713 0.0 0.4 2:05.24
713 0.0 0.4 2:05.26
713 5.6 0.4 2:05.29
713 5.3 0.4 2:05.31
713 5.6 0.4 2:05.33
713 5.3 0.4 2:05.35
713 0.0 0.4 2:05.37
713 5.6 0.4 2:05.39
713 5.6 0.4 2:05.41
713 5.6 0.4 2:05.43
713 0.0 0.4 2:05.44
713 5.6 0.4 2:05.47
713 0.0 0.4 2:05.49
713 5.6 0.4 2:05.51
713 5.6 0.4 2:05.53
713 0.0 0.4 2:05.54
713 0.0 0.4 2:05.57
713 5.0 0.4 2:05.59
713 0.0 0.4 2:05.60
713 0.0 0.4 2:05.62
713 0.0 0.4 2:05.64
713 5.3 0.4 2:05.66
713 5.6 0.4 2:05.68
713 0.0 0.4 2:05.70
713 0.0 0.4 2:05.71
713 0.0 0.4 2:05.73
713 0.0 0.4 2:05.75
713 5.3 0.4 2:05.77
713 0.0 0.4 2:05.78
713 0.0 0.4 2:05.80
713 0.0 0.4 2:05.82
713 5.3 0.4 2:05.84
713 0.0 0.4 2:05.86
713 0.0 0.4 2:05.88
713 0.0 0.4 2:05.90
713 0.0 0.4 2:05.92
713 0.0 0.4 2:05.94
713 0.0 0.4 2:05.96
713 5.6 0.4 2:05.98
713 5.6 0.4 2:06.00
713 0.0 0.4 2:06.02
713 5.6 0.4 2:06.04
17135 15.8 0.2 0:00.03
713 0.0 0.4 2:06.08
713 0.0 0.4 2:06.09
713 0.0 0.4 2:06.11
713 0.0 0.4 2:06.13
713 0.0 0.4 2:06.15
713 0.0 0.4 2:06.17
713 5.6 0.4 2:06.19
713 5.6 0.4 2:06.21
713 0.0 0.4 2:06.23
713 0.0 0.4 2:06.25
713 5.6 0.4 2:06.27
713 5.6 0.4 2:06.29
713 0.0 0.4 2:06.31
713 0.0 0.4 2:06.33
713 0.0 0.4 2:06.34
713 0.0 0.4 2:06.34
713 0.0 0.4 2:06.34
713 0.0 0.4 2:06.34
713 0.0 0.4 2:06.34
713 0.0 0.4 2:06.34
713 0.0 0.4 2:06.34
713 0.0 0.4 2:06.34
713 0.0 0.4 2:06.34
713 0.0 0.4 2:06.34
713 0.0 0.4 2:06.34
713 0.0 0.4 2:06.34
713 0.0 0.4 2:06.34
713 0.0 0.4 2:06.34
713 0.0 0.4 2:06.34
713 0.0 0.4 2:06.34
713 0.0 0.4 2:06.34
713 0.0 0.4 2:06.34
713 0.0 0.4 2:06.34
