713 0.0 0.4 1:05.74
713 0.0 0.4 1:05.78
713 5.6 0.4 1:05.83
713 5.3 0.4 1:05.88
713 5.6 0.4 1:05.93
713 5.6 0.4 1:05.98
713 5.6 0.4 1:06.03
713 5.3 0.4 1:06.08
713 4.8 0.4 1:06.13
713 0.0 0.4 1:06.16
713 0.0 0.4 1:06.20
713 0.0 0.4 1:06.25
713 5.6 0.4 1:06.31
713 5.3 0.4 1:06.35
713 5.6 0.4 1:06.40
713 5.3 0.4 1:06.45
713 5.3 0.4 1:06.50
713 11.1 0.4 1:06.56
713 0.0 0.4 1:06.59
713 5.6 0.4 1:06.64
713 5.3 0.4 1:06.69
713 5.3 0.4 1:06.73
713 5.3 0.4 1:06.78
713 5.3 0.4 1:06.83
713 5.3 0.4 1:06.88
713 5.3 0.4 1:06.93
713 4.8 0.4 1:06.97
713 5.6 0.4 1:07.01
713 10.5 0.4 1:07.06
713 0.0 0.4 1:07.09
713 5.3 0.4 1:07.14
713 0.0 0.4 1:07.19
713 5.3 0.4 1:07.24
713 5.0 0.4 1:07.28
713 5.3 0.4 1:07.33
713 5.3 0.4 1:07.36
713 5.0 0.4 1:07.41
713 0.0 0.4 1:07.44
713 5.3 0.4 1:07.49
713 5.6 0.4 1:07.54
713 5.3 0.4 1:07.59
713 5.3 0.4 1:07.63
KiB used, 364184 buff/cache
713 5.0 0.4 1:07.74
713 5.3 0.4 1:07.78
713 0.0 0.4 1:07.83
713 5.3 0.4 1:07.88
713 5.6 0.4 1:07.92
713 0.0 0.4 1:07.96
713 5.3 0.4 1:08.01
713 5.6 0.4 1:08.06
713 5.6 0.4 1:08.11
713 5.6 0.4 1:08.15
713 5.3 0.4 1:08.21
KiB used, 364608 buff/cache
713 0.0 0.4 1:08.31
713 4.8 0.4 1:08.36
713 11.1 0.4 1:08.42
713 5.3 0.4 1:08.45
713 5.3 0.4 1:08.49
713 10.5 0.4 1:08.54
19713 15.8 0.2 0:00.06
713 5.6 0.4 1:08.62
713 0.0 0.4 1:08.67
713 5.3 0.4 1:08.73
713 5.3 0.4 1:08.77
713 5.6 0.4 1:08.82
713 0.0 0.4 1:08.86
713 5.6 0.4 1:08.90
713 5.3 0.4 1:08.96
713 0.0 0.4 1:09.01
713 5.6 0.4 1:09.06
713 5.6 0.4 1:09.11
713 5.6 0.4 1:09.16
713 0.0 0.4 1:09.20
713 5.6 0.4 1:09.25
713 5.3 0.4 1:09.30
713 5.3 0.4 1:09.34
713 0.0 0.4 1:09.36
713 0.0 0.4 1:09.37
713 0.0 0.4 1:09.37
713 0.0 0.4 1:09.37
713 0.0 0.4 1:09.37
