714 0.0 0.4 2:21.04
714 0.0 0.4 2:21.06
714 0.0 0.4 2:21.08
714 5.3 0.4 2:21.11
714 0.0 0.4 2:21.13
714 5.9 0.4 2:21.15
714 0.0 0.4 2:21.16
714 5.3 0.4 2:21.18
714 0.0 0.4 2:21.19
714 0.0 0.4 2:21.21
714 0.0 0.4 2:21.23
714 5.3 0.4 2:21.25
714 0.0 0.4 2:21.26
714 5.6 0.4 2:21.28
714 5.6 0.4 2:21.30
714 5.6 0.4 2:21.32
714 0.0 0.4 2:21.34
714 0.0 0.4 2:21.36
714 0.0 0.4 2:21.37
714 0.0 0.4 2:21.39
714 5.6 0.4 2:21.41
714 0.0 0.4 2:21.42
714 0.0 0.4 2:21.44
714 0.0 0.4 2:21.46
714 5.0 0.4 2:21.48
714 0.0 0.4 2:21.49
714 0.0 0.4 2:21.51
714 0.0 0.4 2:21.53
714 0.0 0.4 2:21.55
714 0.0 0.4 2:21.57
714 0.0 0.4 2:21.58
714 0.0 0.4 2:21.60
714 0.0 0.4 2:21.62
714 5.3 0.4 2:21.64
714 0.0 0.4 2:21.65
714 5.3 0.4 2:21.68
714 0.0 0.4 2:21.70
714 5.0 0.4 2:21.72
714 0.0 0.4 2:21.74
714 5.6 0.4 2:21.76
714 0.0 0.4 2:21.77
714 0.0 0.4 2:21.79
714 5.6 0.4 2:21.82
714 0.0 0.4 2:21.83
714 0.0 0.4 2:21.85
714 0.0 0.4 2:21.86
714 0.0 0.4 2:21.88
714 0.0 0.4 2:21.90
714 0.0 0.4 2:21.92
714 0.0 0.4 2:21.94
714 0.0 0.4 2:21.96
714 0.0 0.4 2:21.98
714 5.6 0.4 2:22.00
714 5.3 0.4 2:22.02
714 0.0 0.4 2:22.03
714 5.3 0.4 2:22.06
714 5.3 0.4 2:22.08
714 5.6 0.4 2:22.10
714 0.0 0.4 2:22.11
714 0.0 0.4 2:22.13
714 0.0 0.4 2:22.15
714 0.0 0.4 2:22.17
714 0.0 0.4 2:22.19
714 0.0 0.4 2:22.21
714 0.0 0.4 2:22.22
714 0.0 0.4 2:22.24
714 0.0 0.4 2:22.26
714 5.3 0.4 2:22.29
714 5.6 0.4 2:22.31
714 5.6 0.4 2:22.33
714 0.0 0.4 2:22.35
714 0.0 0.4 2:22.37
714 0.0 0.4 2:22.38
714 0.0 0.4 2:22.40
714 0.0 0.4 2:22.42
714 0.0 0.4 2:22.44
714 0.0 0.4 2:22.46
714 5.6 0.4 2:22.49
714 0.0 0.4 2:22.50
714 0.0 0.4 2:22.52
714 0.0 0.4 2:22.52
714 0.0 0.4 2:22.52
714 0.0 0.4 2:22.52
714 0.0 0.4 2:22.52
714 0.0 0.4 2:22.52
714 0.0 0.4 2:22.52
714 0.0 0.4 2:22.52
714 0.0 0.4 2:22.52
714 0.0 0.4 2:22.52
714 0.0 0.4 2:22.52
714 0.0 0.4 2:22.52
714 0.0 0.4 2:22.52
714 0.0 0.4 2:22.52
714 0.0 0.4 2:22.52
714 0.0 0.4 2:22.52
