715 5.3 0.4 1:53.33
715 4.8 0.4 1:53.37
KiB used, 388472 buff/cache
715 5.3 0.4 1:53.44
715 4.8 0.4 1:53.47
715 0.0 0.4 1:53.51
715 0.0 0.4 1:53.54
715 0.0 0.4 1:53.58
715 5.6 0.4 1:53.61
715 5.6 0.4 1:53.64
715 4.5 0.4 1:53.67
715 5.6 0.4 1:53.70
715 0.0 0.4 1:53.73
715 5.3 0.4 1:53.77
715 4.8 0.4 1:53.81
715 5.6 0.4 1:53.84
715 5.3 0.4 1:53.88
715 5.6 0.4 1:53.91
715 0.0 0.4 1:53.94
715 0.0 0.4 1:53.97
715 5.3 0.4 1:54.01
715 0.0 0.4 1:54.04
715 0.0 0.4 1:54.07
715 5.6 0.4 1:54.11
715 5.6 0.4 1:54.15
715 5.9 0.4 1:54.20
715 0.0 0.4 1:54.22
715 5.6 0.4 1:54.26
715 5.3 0.4 1:54.30
715 4.8 0.4 1:54.34
715 5.6 0.4 1:54.37
715 5.3 0.4 1:54.41
KiB used, 389136 buff/cache
715 0.0 0.4 1:54.48
715 5.3 0.4 1:54.52
715 4.3 0.4 1:54.55
715 4.8 0.4 1:54.58
715 5.6 0.4 1:54.61
715 4.5 0.4 1:54.65
715 10.5 0.4 1:54.70
715 0.0 0.4 1:54.72
715 0.0 0.4 1:54.75
715 0.0 0.4 1:54.78
715 11.1 0.4 1:54.84
715 0.0 0.4 1:54.86
715 0.0 0.4 1:54.89
715 4.8 0.4 1:54.93
715 5.6 0.4 1:54.98
715 5.3 0.4 1:55.01
715 5.6 0.4 1:55.04
715 0.0 0.4 1:55.07
715 5.3 0.4 1:55.12
715 0.0 0.4 1:55.15
715 0.0 0.4 1:55.19
715 5.0 0.4 1:55.23
715 5.3 0.4 1:55.26
KiB used, 389656 buff/cache
715 0.0 0.4 1:55.33
KiB used, 389700 buff/cache
715 4.8 0.4 1:55.40
715 0.0 0.4 1:55.43
715 5.3 0.4 1:55.47
715 5.9 0.4 1:55.51
715 0.0 0.4 1:55.54
715 5.3 0.4 1:55.58
715 5.3 0.4 1:55.62
715 5.6 0.4 1:55.65
715 5.6 0.4 1:55.69
715 5.6 0.4 1:55.72
715 5.3 0.4 1:55.76
715 5.6 0.4 1:55.80
715 0.0 0.4 1:55.83
715 0.0 0.4 1:55.87
715 0.0 0.4 1:55.90
715 5.9 0.4 1:55.94
715 5.6 0.4 1:55.97
715 5.6 0.4 1:56.00
715 0.0 0.4 1:56.03
715 0.0 0.4 1:56.07
715 0.0 0.4 1:56.09
715 0.0 0.4 1:56.09
715 0.0 0.4 1:56.09
715 0.0 0.4 1:56.09
715 0.0 0.4 1:56.09
715 0.0 0.4 1:56.09
715 0.0 0.4 1:56.09
715 0.0 0.4 1:56.09
715 0.0 0.4 1:56.09
715 0.0 0.4 1:56.09
715 0.0 0.4 1:56.09
715 0.0 0.4 1:56.09
715 0.0 0.4 1:56.09
715 0.0 0.4 1:56.09
715 0.0 0.4 1:56.09
715 0.0 0.4 1:56.09
715 0.0 0.4 1:56.09
715 0.0 0.4 1:56.09
715 0.0 0.4 1:56.09
715 0.0 0.4 1:56.09
