715 5.3 0.4 1:06.05
715 10.0 0.4 1:06.12
715 4.5 0.4 1:06.19
715 10.5 0.4 1:06.28
715 10.5 0.4 1:06.36
715 10.0 0.4 1:06.43
715 5.6 0.4 1:06.50
715 11.1 0.4 1:06.59
715 0.0 0.4 1:06.65
715 11.1 0.4 1:06.73
715 15.0 0.4 1:06.83
715 11.1 0.4 1:06.91
715 10.5 0.4 1:06.98
715 10.5 0.4 1:07.06
715 11.1 0.4 1:07.14
716 16.7 0.4 1:17.39
715 10.5 0.4 1:07.29
716 16.7 0.4 1:17.57
716 11.1 0.4 1:17.66
715 11.1 0.4 1:07.53
715 5.3 0.4 1:07.60
715 5.6 0.4 1:07.67
715 5.6 0.4 1:07.76
715 16.7 0.4 1:07.84
715 0.0 0.4 1:07.91
715 10.0 0.4 1:07.99
715 5.6 0.4 1:08.06
715 11.1 0.4 1:08.13
715 10.5 0.4 1:08.21
715 16.7 0.4 1:08.30
715 10.5 0.4 1:08.38
715 10.5 0.4 1:08.45
715 5.6 0.4 1:08.52
715 11.1 0.4 1:08.61
715 3.7 0.4 1:08.70
715 16.7 0.4 1:08.78
715 4.2 0.4 1:08.86
715 11.1 0.4 1:08.93
715 5.0 0.4 1:09.00
715 5.3 0.4 1:09.07
715 5.3 0.4 1:09.15
715 16.7 0.4 1:09.25
715 15.8 0.4 1:09.34
KiB 1527152 avail Mem
715 10.5 0.4 1:09.49
715 11.1 0.4 1:09.56
715 11.1 0.4 1:09.64
715 11.1 0.4 1:09.72
715 5.6 0.4 1:09.79
715 5.3 0.4 1:09.88
715 5.3 0.4 1:09.95
715 0.0 0.4 1:10.01
715 11.1 0.4 1:10.09
715 8.7 0.4 1:10.18
715 15.0 0.4 1:10.26
715 5.6 0.4 1:10.32
715 5.3 0.4 1:10.39
715 0.0 0.4 1:10.46
715 5.9 0.4 1:10.54
715 11.1 0.4 1:10.63
715 5.6 0.4 1:10.70
715 10.0 0.4 1:10.79
715 5.3 0.4 1:10.86
715 11.1 0.4 1:10.94
715 5.6 0.4 1:11.02
715 5.6 0.4 1:11.09
715 4.8 0.4 1:11.17
715 0.0 0.4 1:11.24
715 5.3 0.4 1:11.32
715 11.1 0.4 1:11.40
715 5.6 0.4 1:11.46
715 11.1 0.4 1:11.54
715 5.6 0.4 1:11.62
715 11.1 0.4 1:11.70
715 10.5 0.4 1:11.77
715 11.1 0.4 1:11.84
715 0.0 0.4 1:11.88
715 0.0 0.4 1:11.89
715 0.0 0.4 1:11.89
715 0.0 0.4 1:11.89
715 0.0 0.4 1:11.89
715 0.0 0.4 1:11.89
715 0.0 0.4 1:11.89
715 0.0 0.4 1:11.89
715 0.0 0.4 1:11.89
715 0.0 0.4 1:11.89
715 0.0 0.4 1:11.89
