716 11.1 0.4 2:37.93
716 5.3 0.4 2:37.97
716 5.6 0.4 2:38.00
716 11.1 0.4 2:38.05
716 5.6 0.4 2:38.08
716 5.9 0.4 2:38.12
716 0.0 0.4 2:38.15
716 5.9 0.4 2:38.18
716 5.6 0.4 2:38.22
716 5.3 0.4 2:38.26
716 0.0 0.4 2:38.30
716 5.6 0.4 2:38.34
716 5.6 0.4 2:38.38
716 5.6 0.4 2:38.41
716 5.6 0.4 2:38.45
716 0.0 0.4 2:38.49
716 4.8 0.4 2:38.54
716 5.6 0.4 2:38.57
716 10.5 0.4 2:38.62
716 5.6 0.4 2:38.65
716 5.3 0.4 2:38.69
716 5.9 0.4 2:38.73
716 4.8 0.4 2:38.77
716 5.0 0.4 2:38.80
716 5.3 0.4 2:38.84
716 5.0 0.4 2:38.87
716 11.1 0.4 2:38.93
716 11.1 0.4 2:38.98
716 11.1 0.4 2:39.02
716 4.8 0.4 2:39.06
716 0.0 0.4 2:39.09
716 5.3 0.4 2:39.14
716 5.6 0.4 2:39.17
716 10.0 0.4 2:39.22
716 5.6 0.4 2:39.25
716 11.1 0.4 2:39.30
716 5.6 0.4 2:39.32
716 4.8 0.4 2:39.37
716 11.1 0.4 2:39.42
716 5.6 0.4 2:39.45
716 5.6 0.4 2:39.49
716 0.0 0.4 2:39.52
716 4.8 0.4 2:39.56
716 5.6 0.4 2:39.60
716 0.0 0.4 2:39.63
716 0.0 0.4 2:39.67
716 5.6 0.4 2:39.71
716 5.6 0.4 2:39.75
716 11.1 0.4 2:39.81
716 0.0 0.4 2:39.85
716 0.0 0.4 2:39.89
716 4.8 0.4 2:39.93
716 5.0 0.4 2:39.97
716 5.6 0.4 2:40.00
716 5.6 0.4 2:40.04
716 4.8 0.4 2:40.08
716 11.1 0.4 2:40.13
716 11.1 0.4 2:40.17
716 5.6 0.4 2:40.20
716 0.0 0.4 2:40.24
716 11.1 0.4 2:40.30
716 5.3 0.4 2:40.33
716 5.3 0.4 2:40.36
716 5.6 0.4 2:40.41
716 5.6 0.4 2:40.44
716 0.0 0.4 2:40.47
716 4.5 0.4 2:40.52
716 5.9 0.4 2:40.56
716 4.8 0.4 2:40.60
716 5.9 0.4 2:40.64
716 11.8 0.4 2:40.69
716 5.3 0.4 2:40.74
716 5.6 0.4 2:40.78
716 0.0 0.4 2:40.82
716 5.0 0.4 2:40.86
716 5.3 0.4 2:40.90
716 5.9 0.4 2:40.94
716 5.3 0.4 2:40.98
716 11.1 0.4 2:41.04
716 5.6 0.4 2:41.06
716 0.0 0.4 2:41.06
716 0.0 0.4 2:41.06
716 0.0 0.4 2:41.06
716 0.0 0.4 2:41.06
716 0.0 0.4 2:41.06
716 0.0 0.4 2:41.06
716 0.0 0.4 2:41.06
716 0.0 0.4 2:41.06
716 0.0 0.4 2:41.06
716 0.0 0.4 2:41.06
716 0.0 0.4 2:41.06
716 0.0 0.4 2:41.06
716 0.0 0.4 2:41.06
716 0.0 0.4 2:41.06
716 0.0 0.4 2:41.06
716 0.0 0.4 2:41.06
716 0.0 0.4 2:41.06
716 0.0 0.4 2:41.06
716 0.0 0.4 2:41.06
716 0.0 0.4 2:41.06
