716 0.0 0.4 1:44.12
716 5.6 0.4 1:44.19
716 11.1 0.4 1:44.26
716 11.1 0.4 1:44.32
716 9.5 0.4 1:44.41
716 16.7 0.4 1:44.48
716 11.8 0.4 1:44.54
716 9.5 0.4 1:44.62
716 5.6 0.4 1:44.67
716 11.1 0.4 1:44.75
716 11.1 0.4 1:44.82
KiB used, 371620 buff/cache
KiB used, 371648 buff/cache
716 11.1 0.4 1:45.03
716 11.1 0.4 1:45.10
716 15.8 0.4 1:45.18
716 11.1 0.4 1:45.23
716 11.1 0.4 1:45.29
716 4.5 0.4 1:45.36
716 5.9 0.4 1:45.42
716 11.1 0.4 1:45.49
716 5.6 0.4 1:45.55
716 16.7 0.4 1:45.63
716 5.6 0.4 1:45.69
716 11.8 0.4 1:45.78
716 5.9 0.4 1:45.84
716 11.1 0.4 1:45.91
716 11.1 0.4 1:45.97
KiB used, 372176 buff/cache
716 10.5 0.4 1:46.09
716 9.1 0.4 1:46.16
716 16.7 0.4 1:46.23
716 11.1 0.4 1:46.29
716 4.3 0.4 1:46.38
716 5.6 0.4 1:46.44
716 0.0 0.4 1:46.51
716 10.5 0.4 1:46.59
716 11.8 0.4 1:46.66
716 11.1 0.4 1:46.72
716 4.8 0.4 1:46.78
29716 16.7 0.2 0:00.10
716 11.1 0.4 1:46.93
716 0.0 0.4 1:47.00
716 4.2 0.4 1:47.06
KiB used, 372716 buff/cache
716 4.8 0.4 1:47.20
716 5.6 0.4 1:47.26
716 5.0 0.4 1:47.33
716 11.1 0.4 1:47.39
716 0.0 0.4 1:47.44
716 10.5 0.4 1:47.51
716 0.0 0.4 1:47.57
716 11.1 0.4 1:47.65
716 8.3 0.4 1:47.74
716 5.6 0.4 1:47.79
716 5.9 0.4 1:47.86
716 11.1 0.4 1:47.93
716 5.3 0.4 1:47.99
716 4.5 0.4 1:48.07
716 4.3 0.4 1:48.14
716 11.1 0.4 1:48.21
716 11.1 0.4 1:48.27
716 4.2 0.4 1:48.34
716 11.1 0.4 1:48.41
30716 16.7 0.2 0:00.03
716 11.1 0.4 1:48.56
30794 11.1 0.1 0:00.02
716 11.1 0.4 1:48.69
716 9.5 0.4 1:48.76
716 5.6 0.4 1:48.82
716 10.5 0.4 1:48.90
716 5.6 0.4 1:48.97
716 11.1 0.4 1:49.04
716 11.1 0.4 1:49.11
716 10.5 0.4 1:49.19
716 11.8 0.4 1:49.25
716 11.1 0.4 1:49.32
KiB used, 373824 buff/cache
716 0.0 0.4 1:49.41
716 0.0 0.4 1:49.41
716 0.0 0.4 1:49.41
716 0.0 0.4 1:49.41
