716 11.1 0.4 2:54.80
716 0.0 0.4 2:54.83
716 5.6 0.4 2:54.86
716 5.3 0.4 2:54.89
716 5.6 0.4 2:54.92
716 5.6 0.4 2:54.96
716 0.0 0.4 2:54.99
716 0.0 0.4 2:55.03
716 5.6 0.4 2:55.06
716 11.1 0.4 2:55.10
716 11.1 0.4 2:55.14
716 0.0 0.4 2:55.16
716 5.6 0.4 2:55.20
716 5.0 0.4 2:55.24
716 0.0 0.4 2:55.28
716 0.0 0.4 2:55.31
716 0.0 0.4 2:55.34
716 5.6 0.4 2:55.37
716 5.6 0.4 2:55.41
716 0.0 0.4 2:55.44
716 5.6 0.4 2:55.48
716 5.6 0.4 2:55.51
716 5.3 0.4 2:55.55
716 5.6 0.4 2:55.58
716 5.6 0.4 2:55.62
716 5.3 0.4 2:55.65
716 5.9 0.4 2:55.68
716 0.0 0.4 2:55.71
716 0.0 0.4 2:55.74
716 5.6 0.4 2:55.78
716 5.6 0.4 2:55.82
716 5.3 0.4 2:55.86
716 5.3 0.4 2:55.89
716 0.0 0.4 2:55.92
716 5.6 0.4 2:55.95
716 5.0 0.4 2:55.98
716 5.9 0.4 2:56.01
716 5.6 0.4 2:56.04
716 5.3 0.4 2:56.07
716 5.6 0.4 2:56.10
716 5.6 0.4 2:56.14
716 5.9 0.4 2:56.17
716 5.6 0.4 2:56.20
716 0.0 0.4 2:56.22
716 5.6 0.4 2:56.26
716 5.6 0.4 2:56.29
716 5.6 0.4 2:56.33
716 4.8 0.4 2:56.37
716 16.7 0.4 2:56.42
716 0.0 0.4 2:56.44
716 0.0 0.4 2:56.46
716 0.0 0.4 2:56.50
716 0.0 0.4 2:56.53
716 5.9 0.4 2:56.57
716 0.0 0.4 2:56.60
716 5.3 0.4 2:56.63
716 5.6 0.4 2:56.67
716 5.6 0.4 2:56.70
716 0.0 0.4 2:56.73
716 0.0 0.4 2:56.76
716 5.3 0.4 2:56.80
716 11.1 0.4 2:56.84
716 5.6 0.4 2:56.87
716 5.6 0.4 2:56.91
716 5.6 0.4 2:56.94
716 5.6 0.4 2:56.98
716 11.1 0.4 2:57.03
716 5.0 0.4 2:57.06
716 5.6 0.4 2:57.09
716 5.6 0.4 2:57.13
716 11.1 0.4 2:57.17
716 0.0 0.4 2:57.19
716 0.0 0.4 2:57.23
716 11.1 0.4 2:57.27
716 5.6 0.4 2:57.29
716 5.6 0.4 2:57.33
716 5.6 0.4 2:57.36
716 5.6 0.4 2:57.40
716 5.6 0.4 2:57.43
716 5.6 0.4 2:57.46
716 0.0 0.4 2:57.46
716 0.0 0.4 2:57.46
716 0.0 0.4 2:57.46
716 0.0 0.4 2:57.46
716 0.0 0.4 2:57.46
716 0.0 0.4 2:57.46
716 0.0 0.4 2:57.46
716 0.0 0.4 2:57.46
716 0.0 0.4 2:57.46
716 0.0 0.4 2:57.46
716 0.0 0.4 2:57.46
716 0.0 0.4 2:57.46
716 0.0 0.4 2:57.46
716 0.0 0.4 2:57.46
716 0.0 0.4 2:57.46
716 0.0 0.4 2:57.46
