716 27.5 0.4 0:00.96
716 20.0 0.4 0:00.95
716 19.0 0.4 0:00.97
716 6.7 0.4 0:00.99
716 8.2 0.4 0:01.00
716 8.3 0.4 0:01.03
716 5.9 0.4 0:01.04
716 6.7 0.4 0:01.03
716 7.4 0.4 0:01.08
716 16.7 0.4 0:01.19
716 11.1 0.4 0:01.29
716 8.7 0.4 0:01.41
716 11.1 0.4 0:01.49
716 5.3 0.4 0:01.59
716 10.5 0.4 0:01.70
716 22.2 0.4 0:01.82
716 15.8 0.4 0:01.93
716 11.1 0.4 0:02.03
716 5.6 0.4 0:02.12
716 3.8 0.4 0:02.22
716 11.1 0.4 0:02.31
716 15.8 0.4 0:02.42
716 11.1 0.4 0:02.50
716 16.7 0.4 0:02.61
716 9.5 0.4 0:02.73
716 11.1 0.4 0:02.84
716 11.1 0.4 0:02.93
716 11.1 0.4 0:03.03
716 4.5 0.4 0:03.14
716 16.7 0.4 0:03.25
716 8.0 0.4 0:03.36
716 11.1 0.4 0:03.45
716 9.1 0.4 0:03.56
716 4.2 0.4 0:03.66
716 4.5 0.4 0:03.76
716 5.6 0.4 0:03.84
716 8.3 0.4 0:03.96
716 15.8 0.4 0:04.07
716 11.1 0.4 0:04.18
716 16.7 0.4 0:04.29
716 16.7 0.4 0:04.39
716 10.0 0.4 0:04.50
716 15.8 0.4 0:04.60
716 10.5 0.4 0:04.70
KiB used, 257916 buff/cache
716 10.0 0.4 0:04.90
716 11.1 0.4 0:04.99
716 16.7 0.4 0:05.09
716 15.8 0.4 0:05.20
716 16.7 0.4 0:05.29
716 16.7 0.4 0:05.40
716 9.1 0.4 0:05.52
716 11.1 0.4 0:05.60
716 5.3 0.4 0:05.70
716 5.6 0.4 0:05.79
716 4.5 0.4 0:05.92
716 10.5 0.4 0:06.02
716 15.8 0.4 0:06.12
716 15.8 0.4 0:06.23
716 11.1 0.4 0:06.35
716 10.5 0.4 0:06.48
716 16.7 0.4 0:06.59
716 16.7 0.4 0:06.70
716 16.7 0.4 0:06.82
716 11.1 0.4 0:06.93
KiB used, 259324 buff/cache
KiB used, 259384 buff/cache
716 16.7 0.4 0:07.29
716 5.0 0.4 0:07.40
716 23.5 0.4 0:07.52
716 10.5 0.4 0:07.63
KiB used, 259704 buff/cache
716 20.0 0.4 0:07.85
716 15.8 0.4 0:07.99
716 11.1 0.4 0:08.11
716 16.7 0.4 0:08.21
716 15.8 0.4 0:08.34
716 11.1 0.4 0:08.44
716 10.5 0.4 0:08.53
716 22.2 0.4 0:08.66
716 7.4 0.4 0:08.78
716 11.1 0.4 0:08.86
716 16.7 0.4 0:08.98
716 10.5 0.4 0:09.10
716 16.7 0.4 0:09.20
716 0.0 0.4 0:09.25
716 0.0 0.4 0:09.25
716 0.0 0.4 0:09.25
716 0.0 0.4 0:09.25
716 0.0 0.4 0:09.25
716 0.0 0.4 0:09.25
716 0.0 0.4 0:09.25
716 0.0 0.4 0:09.25
716 0.0 0.4 0:09.25
716 0.0 0.4 0:09.25
716 0.0 0.4 0:09.25
716 0.0 0.4 0:09.25
716 0.0 0.4 0:09.25
KiB used, 260536 buff/cache
716 0.0 0.4 0:09.25
716 0.0 0.4 0:09.25
716 0.0 0.4 0:09.25
716 0.0 0.4 0:09.25
