716 5.3 0.4 2:11.01
716 5.6 0.4 2:11.06
716 5.6 0.4 2:11.10
716 11.1 0.4 2:11.15
716 5.6 0.4 2:11.19
716 0.0 0.4 2:11.24
716 0.0 0.4 2:11.28
716 0.0 0.4 2:11.32
716 5.6 0.4 2:11.37
716 11.1 0.4 2:11.42
716 0.0 0.4 2:11.44
716 5.6 0.4 2:11.49
716 4.5 0.4 2:11.54
716 5.6 0.4 2:11.58
716 11.1 0.4 2:11.64
716 4.5 0.4 2:11.67
716 16.7 0.4 2:11.73
716 5.6 0.4 2:11.76
716 5.6 0.4 2:11.80
716 10.5 0.4 2:11.85
716 5.3 0.4 2:11.89
716 5.6 0.4 2:11.93
716 10.5 0.4 2:11.99
716 5.9 0.4 2:12.02
KiB used, 387160 buff/cache
716 5.6 0.4 2:12.13
716 11.1 0.4 2:12.19
716 11.1 0.4 2:12.23
716 4.5 0.4 2:12.27
716 5.9 0.4 2:12.31
716 5.6 0.4 2:12.35
716 0.0 0.4 2:12.39
716 5.3 0.4 2:12.43
716 5.6 0.4 2:12.48
716 11.1 0.4 2:12.53
716 0.0 0.4 2:12.58
716 5.9 0.4 2:12.62
716 4.5 0.4 2:12.67
716 5.3 0.4 2:12.71
716 5.6 0.4 2:12.75
716 4.5 0.4 2:12.80
716 0.0 0.4 2:12.84
716 5.3 0.4 2:12.89
716 5.9 0.4 2:12.93
716 0.0 0.4 2:12.97
716 5.3 0.4 2:13.02
716 10.5 0.4 2:13.07
716 0.0 0.4 2:13.10
716 5.9 0.4 2:13.14
716 10.5 0.4 2:13.20
KiB used, 387716 buff/cache
716 5.3 0.4 2:13.28
716 11.1 0.4 2:13.33
716 4.3 0.4 2:13.37
716 10.5 0.4 2:13.42
716 5.6 0.4 2:13.46
716 5.6 0.4 2:13.51
KiB used, 387888 buff/cache
716 11.1 0.4 2:13.61
716 5.6 0.4 2:13.64
716 5.6 0.4 2:13.68
716 5.0 0.4 2:13.72
716 5.6 0.4 2:13.76
716 5.3 0.4 2:13.80
716 5.6 0.4 2:13.84
716 5.6 0.4 2:13.88
716 5.6 0.4 2:13.93
716 5.6 0.4 2:13.97
716 5.6 0.4 2:14.02
716 11.1 0.4 2:14.08
716 5.6 0.4 2:14.13
716 5.6 0.4 2:14.17
716 11.1 0.4 2:14.23
716 5.9 0.4 2:14.28
716 0.0 0.4 2:14.32
716 11.1 0.4 2:14.37
716 5.3 0.4 2:14.42
716 10.0 0.4 2:14.47
716 5.9 0.4 2:14.50
716 5.9 0.4 2:14.53
716 0.0 0.4 2:14.53
716 0.0 0.4 2:14.53
716 0.0 0.4 2:14.53
716 0.0 0.4 2:14.53
716 0.0 0.4 2:14.53
716 0.0 0.4 2:14.53
716 0.0 0.4 2:14.53
716 0.0 0.4 2:14.53
716 0.0 0.4 2:14.53
716 0.0 0.4 2:14.53
716 0.0 0.4 2:14.53
716 0.0 0.4 2:14.53
716 0.0 0.4 2:14.53
716 0.0 0.4 2:14.53
716 0.0 0.4 2:14.53
716 0.0 0.4 2:14.53
