716 5.6 0.4 2:46.79
716 5.6 0.4 2:46.82
KiB used, 405584 buff/cache
716 5.0 0.4 2:46.89
716 5.6 0.4 2:46.92
716 5.6 0.4 2:46.96
716 5.6 0.4 2:46.99
716 5.6 0.4 2:47.03
KiB used, 405672 buff/cache
716 5.3 0.4 2:47.09
KiB used, 405716 buff/cache
716 0.0 0.4 2:47.15
716 5.6 0.4 2:47.18
716 5.6 0.4 2:47.22
716 5.6 0.4 2:47.25
716 11.1 0.4 2:47.29
716 11.1 0.4 2:47.33
716 11.1 0.4 2:47.37
716 5.6 0.4 2:47.40
716 5.6 0.4 2:47.44
716 0.0 0.4 2:47.47
716 5.0 0.4 2:47.50
716 5.6 0.4 2:47.53
716 5.6 0.4 2:47.56
716 5.0 0.4 2:47.59
716 0.0 0.4 2:47.62
716 0.0 0.4 2:47.65
716 5.6 0.4 2:47.69
716 11.1 0.4 2:47.73
716 5.6 0.4 2:47.76
716 5.6 0.4 2:47.79
KiB used, 406056 buff/cache
716 5.6 0.4 2:47.87
716 11.1 0.4 2:47.91
716 0.0 0.4 2:47.93
716 5.6 0.4 2:47.97
716 0.0 0.4 2:48.00
716 0.0 0.4 2:48.03
447 0.0 0.1 0:00.00
716 5.6 0.4 2:48.10
716 5.6 0.4 2:48.14
716 5.6 0.4 2:48.18
716 5.6 0.4 2:48.22
716 5.6 0.4 2:48.25
KiB 1530716 avail Mem
716 0.0 0.4 2:48.32
716 5.6 0.4 2:48.36
716 5.6 0.4 2:48.39
716 0.0 0.4 2:48.42
716 5.3 0.4 2:48.45
716 5.0 0.4 2:48.49
716 5.3 0.4 2:48.53
716 0.0 0.4 2:48.55
716 5.3 0.4 2:48.58
716 5.6 0.4 2:48.62
716 10.5 0.4 2:48.66
716 4.5 0.4 2:48.70
716 0.0 0.4 2:48.73
716 5.6 0.4 2:48.76
716 0.0 0.4 2:48.79
716 10.5 0.4 2:48.83
716 10.5 0.4 2:48.87
716 5.3 0.4 2:48.90
716 5.6 0.4 2:48.94
716 5.6 0.4 2:48.97
716 5.6 0.4 2:49.01
716 5.6 0.4 2:49.04
716 0.0 0.4 2:49.07
716 0.0 0.4 2:49.10
716 5.6 0.4 2:49.13
716 0.0 0.4 2:49.16
716 5.6 0.4 2:49.20
716 5.6 0.4 2:49.23
716 0.0 0.4 2:49.26
716 0.0 0.4 2:49.29
716 0.0 0.4 2:49.32
716 5.6 0.4 2:49.35
716 5.9 0.4 2:49.39
716 0.0 0.4 2:49.41
716 0.0 0.4 2:49.43
716 0.0 0.4 2:49.44
716 0.0 0.4 2:49.44
716 0.0 0.4 2:49.44
KiB 1531716 avail Mem
716 0.0 0.4 2:49.44
716 0.0 0.4 2:49.44
716 0.0 0.4 2:49.44
716 0.0 0.4 2:49.44
716 0.0 0.4 2:49.44
716 0.0 0.4 2:49.44
