716 5.6 0.4 2:28.78
716 5.6 0.4 2:28.82
716 11.8 0.4 2:28.87
KiB used, 396116 buff/cache
716 5.9 0.4 2:28.94
716 5.6 0.4 2:28.96
716 0.0 0.4 2:28.96
716 0.0 0.4 2:28.96
716 0.0 0.4 2:28.96
716 0.0 0.4 2:28.96
716 0.0 0.4 2:28.96
716 0.0 0.4 2:28.96
716 0.0 0.4 2:28.96
716 0.0 0.4 2:28.96
716 0.0 0.4 2:28.96
716 0.0 0.4 2:28.96
716 0.0 0.4 2:28.96
716 0.0 0.4 2:28.96
716 0.0 0.4 2:28.96
716 10.0 0.4 2:29.00
716 5.6 0.4 2:29.03
716 11.1 0.4 2:29.08
716 5.0 0.4 2:29.12
7162 17.6 0.2 0:00.03
716 5.9 0.4 2:29.19
716 5.6 0.4 2:29.23
716 5.0 0.4 2:29.26
716 5.3 0.4 2:29.30
716 5.6 0.4 2:29.34
716 5.6 0.4 2:29.38
716 5.6 0.4 2:29.42
716 5.9 0.4 2:29.46
716 11.1 0.4 2:29.50
716 5.9 0.4 2:29.53
716 5.6 0.4 2:29.57
716 0.0 0.4 2:29.60
716 0.0 0.4 2:29.64
716 5.6 0.4 2:29.68
716 5.6 0.4 2:29.73
716 5.6 0.4 2:29.77
716 5.6 0.4 2:29.81
716 5.6 0.4 2:29.85
716 5.6 0.4 2:29.90
716 5.6 0.4 2:29.94
716 0.0 0.4 2:29.97
716 0.0 0.4 2:30.02
716 0.0 0.4 2:30.06
716 5.6 0.4 2:30.09
716 0.0 0.4 2:30.12
KiB used, 396716 buff/cache
716 4.8 0.4 2:30.20
716 10.5 0.4 2:30.24
716 5.6 0.4 2:30.30
716 5.6 0.4 2:30.34
716 5.6 0.4 2:30.38
716 5.9 0.4 2:30.41
716 5.6 0.4 2:30.45
716 0.0 0.4 2:30.48
716 5.6 0.4 2:30.52
716 0.0 0.4 2:30.55
716 4.5 0.4 2:30.60
716 5.3 0.4 2:30.63
716 5.6 0.4 2:30.66
716 5.3 0.4 2:30.70
716 5.3 0.4 2:30.74
716 5.6 0.4 2:30.79
716 11.1 0.4 2:30.84
716 0.0 0.4 2:30.86
716 0.0 0.4 2:30.90
716 5.6 0.4 2:30.94
716 5.3 0.4 2:30.98
716 4.8 0.4 2:31.02
KiB used, 397160 buff/cache
716 11.1 0.4 2:31.10
716 5.3 0.4 2:31.13
716 4.8 0.4 2:31.17
716 9.5 0.4 2:31.22
716 0.0 0.4 2:31.24
716 0.0 0.4 2:31.27
716 5.0 0.4 2:31.31
716 5.6 0.4 2:31.36
716 5.0 0.4 2:31.39
716 5.6 0.4 2:31.43
716 0.0 0.4 2:31.46
716 0.0 0.4 2:31.50
716 5.3 0.4 2:31.55
716 11.1 0.4 2:31.59
716 5.6 0.4 2:31.62
716 5.6 0.4 2:31.66
716 5.9 0.4 2:31.69
716 5.6 0.4 2:31.73
716 5.6 0.4 2:31.77
716 5.6 0.4 2:31.80
716 0.0 0.4 2:31.80
716 0.0 0.4 2:31.81
716 0.0 0.4 2:31.81
716 0.0 0.4 2:31.81
716 0.0 0.4 2:31.81
716 0.0 0.4 2:31.81
716 0.0 0.4 2:31.81
716 0.0 0.4 2:31.81
716 0.0 0.4 2:31.81
716 0.0 0.4 2:31.81
716 0.0 0.4 2:31.81
716 0.0 0.4 2:31.81
716 0.0 0.4 2:31.81
716 0.0 0.4 2:31.81
716 0.0 0.4 2:31.81
716 0.0 0.4 2:31.81
716 0.0 0.4 2:31.81
716 0.0 0.4 2:31.81
716 0.0 0.4 2:31.81
