716 5.6 0.4 3:11.73
716 0.0 0.4 3:11.76
716 5.9 0.4 3:11.79
716 5.6 0.4 3:11.81
716 5.6 0.4 3:11.85
716 11.1 0.4 3:11.91
716 0.0 0.4 3:11.93
716 0.0 0.4 3:11.96
716 5.3 0.4 3:11.99
716 0.0 0.4 3:12.01
716 0.0 0.4 3:12.04
716 5.6 0.4 3:12.07
716 0.0 0.4 3:12.09
716 5.3 0.4 3:12.12
716 0.0 0.4 3:12.14
716 0.0 0.4 3:12.16
716 0.0 0.4 3:12.19
716 5.6 0.4 3:12.23
716 0.0 0.4 3:12.26
716 5.3 0.4 3:12.30
716 0.0 0.4 3:12.32
716 0.0 0.4 3:12.34
716 11.1 0.4 3:12.38
716 0.0 0.4 3:12.39
716 5.6 0.4 3:12.42
716 0.0 0.4 3:12.44
716 5.9 0.4 3:12.47
716 0.0 0.4 3:12.50
716 5.9 0.4 3:12.53
716 0.0 0.4 3:12.56
716 0.0 0.4 3:12.58
716 0.0 0.4 3:12.61
716 5.6 0.4 3:12.63
716 0.0 0.4 3:12.66
716 5.0 0.4 3:12.69
716 9.5 0.4 3:12.73
716 0.0 0.4 3:12.73
716 0.0 0.4 3:12.76
716 0.0 0.4 3:12.78
716 5.6 0.4 3:12.81
716 0.0 0.4 3:12.84
716 0.0 0.4 3:12.86
716 5.3 0.4 3:12.89
716 5.0 0.4 3:12.91
716 0.0 0.4 3:12.93
716 0.0 0.4 3:12.95
716 0.0 0.4 3:12.97
716 5.6 0.4 3:13.00
716 5.3 0.4 3:13.02
716 5.0 0.4 3:13.05
716 0.0 0.4 3:13.07
716 0.0 0.4 3:13.09
716 4.8 0.4 3:13.12
716 5.6 0.4 3:13.15
716 11.1 0.4 3:13.19
7166 10.5 0.2 0:00.04
716 0.0 0.4 3:13.23
716 0.0 0.4 3:13.27
716 0.0 0.4 3:13.29
716 0.0 0.4 3:13.31
716 5.6 0.4 3:13.34
716 5.6 0.4 3:13.36
716 5.6 0.4 3:13.39
716 5.3 0.4 3:13.44
716 5.6 0.4 3:13.47
716 0.0 0.4 3:13.49
716 5.9 0.4 3:13.52
KiB used, 419716 buff/cache
716 0.0 0.4 3:13.57
716 0.0 0.4 3:13.59
716 0.0 0.4 3:13.62
716 0.0 0.4 3:13.65
716 0.0 0.4 3:13.68
716 0.0 0.4 3:13.71
716 11.1 0.4 3:13.76
716 5.6 0.4 3:13.78
716 5.9 0.4 3:13.80
716 0.0 0.4 3:13.82
716 0.0 0.4 3:13.85
716 0.0 0.4 3:13.88
716 0.0 0.4 3:13.89
716 0.0 0.4 3:13.89
716 0.0 0.4 3:13.89
716 0.0 0.4 3:13.89
716 0.0 0.4 3:13.89
716 0.0 0.4 3:13.89
