2843 14.3 0.3 8:23.92
2843 0.0 0.3 8:23.95
2843 15.8 0.3 8:24.00
2843 17.4 0.4 8:24.24
2843 5.3 0.4 8:24.37
2843 15.8 0.4 8:24.51
2843 15.8 0.4 8:24.69
2843 11.1 0.4 8:24.83
2843 15.8 0.4 8:24.99
2843 16.7 0.4 8:25.15
2843 10.0 0.4 8:25.29
2843 10.5 0.4 8:25.44
2843 21.1 0.4 8:25.63
2843 15.8 0.4 8:25.77
2843 5.3 0.4 8:25.91
2843 10.5 0.4 8:26.07
2843 10.5 0.4 8:26.23
2843 16.7 0.4 8:26.38
2843 5.6 0.4 8:26.51
2843 15.0 0.4 8:26.66
2843 10.5 0.4 8:26.80
2843 10.5 0.4 8:26.94
2843 10.0 0.4 8:27.10
2843 11.1 0.4 8:27.24
2843 10.5 0.4 8:27.38
2843 11.1 0.4 8:27.52
2843 10.5 0.4 8:27.66
2843 9.5 0.4 8:27.80
2843 9.7 0.4 8:27.96
2843 16.7 0.4 8:28.10
2843 13.6 0.4 8:28.23
2843 9.5 0.4 8:28.34
2843 10.5 0.4 8:28.47
2843 15.8 0.4 8:28.60
2843 10.5 0.4 8:28.71
2843 9.5 0.4 8:28.86
2843 14.3 0.4 8:29.01
2843 10.0 0.4 8:29.13
2843 10.0 0.4 8:29.27
2843 10.5 0.4 8:29.41
2843 10.0 0.4 8:29.55
2843 15.8 0.4 8:29.70
2843 10.5 0.4 8:29.84
2843 4.8 0.4 8:29.96
2843 14.3 0.4 8:30.10
2843 5.0 0.4 8:30.22
2843 4.3 0.4 8:30.37
2843 10.5 0.4 8:30.51
2843 10.0 0.4 8:30.63
2843 15.0 0.4 8:30.77
2843 15.0 0.4 8:30.90
2843 10.0 0.4 8:31.01
2843 15.0 0.4 8:31.16
2843 5.3 0.4 8:31.31
2843 13.6 0.4 8:31.46
2843 15.0 0.4 8:31.60
2843 10.0 0.4 8:31.75
2843 10.5 0.4 8:31.88
2843 9.1 0.4 8:32.03
2843 14.3 0.4 8:32.17
2843 10.5 0.4 8:32.31
2843 15.8 0.4 8:32.44
2843 10.0 0.4 8:32.57
2843 15.0 0.4 8:32.72
2843 10.0 0.4 8:32.86
2843 10.5 0.4 8:33.00
2843 10.5 0.4 8:33.15
2843 14.3 0.4 8:33.31
2843 15.8 0.4 8:33.46
2843 13.6 0.4 8:33.62
2843 10.0 0.4 8:33.75
2843 19.0 0.4 8:33.91
2843 14.3 0.4 8:34.05
2843 10.5 0.4 8:34.17
2843 5.3 0.4 8:34.30
2843 15.0 0.4 8:34.43
2843 10.5 0.4 8:34.56
2843 14.3 0.4 8:34.69
2843 9.5 0.4 8:34.84
2843 10.5 0.4 8:34.95
2843 11.1 0.4 8:35.08
2843 10.5 0.4 8:35.22
2843 10.5 0.4 8:35.35
2843 10.5 0.4 8:35.48
2843 10.5 0.4 8:35.60
2843 5.0 0.4 8:35.73
2843 10.5 0.4 8:35.87
2843 10.5 0.4 8:35.99
2843 10.0 0.4 8:36.12
2843 10.0 0.4 8:36.24
2843 9.5 0.4 8:36.38
2843 9.5 0.4 8:36.52
2843 15.8 0.4 8:36.66
2843 10.0 0.4 8:36.79
2843 5.6 0.4 8:36.93
2843 10.5 0.4 8:37.06
2843 10.0 0.4 8:37.19
2843 10.0 0.4 8:37.33
2843 9.5 0.4 8:37.46
2843 10.5 0.4 8:37.61
2843 15.8 0.4 8:37.75
2843 10.5 0.4 8:37.88
2843 11.1 0.4 8:38.03
2843 10.5 0.4 8:38.16
2843 10.5 0.4 8:38.28
2843 10.5 0.4 8:38.41
2843 10.5 0.4 8:38.54
2843 10.5 0.4 8:38.68
2843 10.5 0.4 8:38.80
2843 10.5 0.4 8:38.92
2843 10.5 0.4 8:39.05
2843 0.0 0.4 8:39.17
2843 15.8 0.4 8:39.33
2843 10.5 0.4 8:39.45
2843 10.5 0.4 8:39.59
2843 11.1 0.4 8:39.73
2843 10.5 0.4 8:39.88
2843 11.1 0.4 8:40.01
2843 10.5 0.4 8:40.15
2843 11.1 0.4 8:40.29
2843 10.0 0.4 8:40.44
2843 10.5 0.4 8:40.57
2843 15.8 0.4 8:40.71
2843 5.3 0.4 8:40.83
2843 10.0 0.4 8:40.98
2843 10.5 0.4 8:41.11
2843 10.5 0.4 8:41.25
2843 11.1 0.4 8:41.37
2843 10.0 0.4 8:41.51
2843 8.7 0.4 8:41.66
2843 5.3 0.4 8:41.79
2843 10.5 0.4 8:41.91
2843 10.5 0.4 8:42.03
2843 0.0 0.4 8:42.13
2843 10.0 0.4 8:42.26
2843 10.5 0.4 8:42.40
2843 10.0 0.4 8:42.53
2843 20.0 0.4 8:42.68
2843 10.5 0.4 8:42.80
2843 15.8 0.4 8:42.95
2843 11.1 0.4 8:43.07
2843 10.5 0.4 8:43.19
2843 15.8 0.4 8:43.34
2843 5.6 0.4 8:43.46
2843 15.0 0.4 8:43.59
2843 10.5 0.4 8:43.72
2843 16.7 0.4 8:43.86
2843 11.1 0.4 8:43.99
2843 5.3 0.4 8:44.12
2843 11.1 0.4 8:44.26
2843 16.7 0.4 8:44.40
2843 10.5 0.4 8:44.52
2843 5.3 0.4 8:44.65
2843 15.8 0.4 8:44.79
2843 16.7 0.4 8:44.93
2843 10.5 0.4 8:45.06
2843 10.0 0.4 8:45.18
2843 10.5 0.4 8:45.31
2843 10.0 0.4 8:45.43
2843 10.5 0.4 8:45.57
2843 10.5 0.4 8:45.71
2843 10.0 0.4 8:45.85
2843 10.5 0.4 8:45.99
2843 10.0 0.4 8:46.13
2843 11.1 0.4 8:46.28
2843 10.5 0.4 8:46.42
2843 5.3 0.4 8:46.55
2843 15.8 0.4 8:46.71
12843 15.8 0.1 0:00.05
2843 5.6 0.4 8:46.95
2843 11.1 0.4 8:47.08
2843 11.1 0.4 8:47.20
2843 16.7 0.4 8:47.32
2843 10.5 0.4 8:47.44
2843 11.1 0.4 8:47.59
2843 11.1 0.4 8:47.72
2843 5.3 0.4 8:47.85
2843 10.5 0.4 8:47.98
2843 10.5 0.4 8:48.12
2843 5.3 0.4 8:48.25
2843 10.5 0.4 8:48.39
2843 10.5 0.4 8:48.53
2843 4.8 0.4 8:48.64
2843 10.5 0.4 8:48.77
2843 10.5 0.4 8:48.90
2843 16.7 0.4 8:49.05
2843 11.1 0.4 8:49.17
2843 10.0 0.4 8:49.31
2843 10.5 0.4 8:49.45
2843 11.1 0.4 8:49.59
2843 10.5 0.4 8:49.73
2843 10.5 0.4 8:49.87
2843 10.5 0.4 8:50.01
2843 16.7 0.4 8:50.15
2843 10.5 0.4 8:50.28
2843 10.5 0.4 8:50.41
2843 10.5 0.4 8:50.55
2843 10.5 0.4 8:50.68
2843 15.0 0.4 8:50.81
2843 10.0 0.4 8:50.93
2843 15.8 0.4 8:51.06
2843 11.1 0.4 8:51.19
2843 15.8 0.4 8:51.32
2843 5.6 0.4 8:51.44
2843 11.1 0.4 8:51.57
2843 15.8 0.4 8:51.72
2843 10.5 0.4 8:51.85
2843 10.5 0.4 8:51.98
2843 10.5 0.4 8:52.10
2843 15.8 0.4 8:52.24
2843 11.1 0.4 8:52.37
2843 15.8 0.4 8:52.52
2843 10.5 0.4 8:52.65
2843 10.5 0.4 8:52.78
2843 15.8 0.4 8:52.93
2843 10.5 0.4 8:53.06
2843 10.0 0.4 8:53.18
2843 10.5 0.4 8:53.31
2843 5.3 0.4 8:53.43
2843 14.3 0.4 8:53.57
2843 10.5 0.4 8:53.70
2843 10.5 0.4 8:53.85
2843 15.8 0.4 8:53.98
2843 10.5 0.4 8:54.10
2843 10.5 0.4 8:54.22
2843 10.0 0.4 8:54.34
2843 10.5 0.4 8:54.46
2843 10.5 0.4 8:54.59
2843 10.5 0.4 8:54.71
2843 11.1 0.4 8:54.84
2843 10.5 0.4 8:54.98
2843 14.3 0.4 8:55.15
2843 9.5 0.4 8:55.30
2843 10.5 0.4 8:55.45
2843 10.5 0.4 8:55.59
2843 10.5 0.4 8:55.70
2843 5.0 0.4 8:55.82
2843 11.1 0.4 8:55.94
2843 10.5 0.4 8:56.05
2843 10.5 0.4 8:56.18
2843 15.0 0.4 8:56.31
2843 10.5 0.4 8:56.42
2843 11.1 0.4 8:56.54
2843 10.5 0.4 8:56.67
2843 16.7 0.4 8:56.81
2843 15.8 0.4 8:56.94
2843 16.7 0.4 8:57.07
2843 10.5 0.4 8:57.21
2843 11.1 0.4 8:57.35
2843 10.5 0.4 8:57.47
2843 11.1 0.4 8:57.61
2843 10.5 0.4 8:57.75
2843 10.5 0.4 8:57.89
2843 15.8 0.4 8:58.04
2843 10.5 0.4 8:58.17
2843 10.5 0.4 8:58.31
2843 10.5 0.4 8:58.45
2843 10.5 0.4 8:58.59
2843 10.5 0.4 8:58.73
2843 10.5 0.4 8:58.87
2843 11.1 0.4 8:59.01
2843 10.5 0.4 8:59.14
2843 11.1 0.4 8:59.28
2843 10.5 0.4 8:59.43
2843 10.5 0.4 8:59.56
2843 10.0 0.4 8:59.70
2843 10.5 0.4 8:59.84
2843 5.3 0.4 8:59.96
2843 10.5 0.4 9:00.10
2843 15.8 0.4 9:00.25
2843 5.0 0.4 9:00.37
2843 10.5 0.4 9:00.51
2843 10.5 0.4 9:00.64
2843 10.0 0.4 9:00.77
2843 10.0 0.4 9:00.89
2843 10.0 0.4 9:01.00
2843 10.5 0.4 9:01.15
2843 10.5 0.4 9:01.27
2843 10.5 0.4 9:01.41
2843 15.8 0.4 9:01.53
2843 10.5 0.4 9:01.64
2843 15.8 0.4 9:01.79
2843 11.1 0.4 9:01.94
2843 8.0 0.4 9:02.08
2843 4.8 0.4 9:02.21
2843 10.5 0.4 9:02.35
2843 10.5 0.4 9:02.51
2843 13.6 0.4 9:02.65
2843 10.5 0.4 9:02.77
2843 5.3 0.4 9:02.90
2843 11.1 0.4 9:03.05
2843 10.5 0.4 9:03.18
2843 15.8 0.4 9:03.32
2843 10.5 0.4 9:03.45
2843 10.5 0.4 9:03.59
2843 11.1 0.4 9:03.72
2843 5.3 0.4 9:03.86
2843 5.3 0.4 9:03.98
2843 16.7 0.4 9:04.11
2843 10.5 0.4 9:04.24
2843 10.5 0.4 9:04.38
2843 16.7 0.4 9:04.52
2843 5.3 0.4 9:04.65
2843 11.1 0.4 9:04.79
2843 5.6 0.4 9:04.87
2843 5.3 0.4 9:04.92
2843 5.3 0.4 9:04.96
