2843 0.0 0.2 13:22.36
2843 11.1 0.2 13:22.45
2843 22.2 0.2 13:22.57
2843 26.3 0.2 13:22.69
2843 38.9 0.2 13:22.82
2843 31.6 0.3 13:22.94
2843 16.7 0.3 13:23.04
2843 5.3 0.3 13:23.16
2843 0.0 0.3 13:23.32
2843 4.8 0.3 13:23.51
2843 10.0 0.3 13:23.72
2843 10.5 0.3 13:23.89
2843 15.8 0.3 13:24.07
2843 11.1 0.3 13:24.24
2843 10.5 0.3 13:24.41
2843 10.0 0.3 13:24.58
2843 10.0 0.3 13:24.75
2843 15.0 0.3 13:24.92
2843 20.0 0.3 13:25.09
2843 25.0 0.3 13:25.26
28430 0.0 0.0 0:00.00
2843 21.1 0.3 13:25.59
2843 15.0 0.3 13:25.75
2843 16.7 0.3 13:25.91
2843 15.8 0.3 13:26.07
2843 11.1 0.3 13:26.24
2843 10.5 0.3 13:26.41
2843 10.0 0.3 13:26.59
2843 14.3 0.3 13:26.76
2843 10.0 0.3 13:26.93
2843 15.8 0.3 13:27.11
2843 15.8 0.3 13:27.28
2843 16.7 0.3 13:27.44
2843 16.7 0.3 13:27.61
2843 10.5 0.3 13:27.79
2843 16.7 0.3 13:27.97
2843 14.3 0.3 13:28.14
2843 16.7 0.3 13:28.31
2843 21.1 0.3 13:28.49
2843 11.1 0.3 13:28.65
2843 15.0 0.3 13:28.83
2843 15.8 0.3 13:29.00
2843 10.5 0.3 13:29.17
2843 10.5 0.3 13:29.34
2843 15.8 0.3 13:29.51
2843 10.5 0.3 13:29.68
2843 15.8 0.3 13:29.86
2843 16.7 0.3 13:30.02
2843 11.1 0.3 13:30.18
2843 15.8 0.3 13:30.36
2843 10.0 0.3 13:30.51
2843 10.5 0.3 13:30.69
2843 11.1 0.3 13:30.85
2843 15.8 0.3 13:31.03
2843 15.8 0.3 13:31.19
2843 16.7 0.3 13:31.36
2843 11.1 0.3 13:31.53
2843 15.0 0.3 13:31.70
2843 10.5 0.3 13:31.87
2843 9.5 0.3 13:32.04
2843 10.0 0.3 13:32.23
2843 17.4 0.3 13:32.44
2843 15.8 0.3 13:32.61
2843 11.1 0.3 13:32.78
2843 16.7 0.3 13:32.95
2843 10.5 0.3 13:33.12
2843 15.8 0.3 13:33.30
2843 15.8 0.3 13:33.47
2843 10.5 0.3 13:33.63
2843 21.1 0.3 13:33.83
2843 10.5 0.3 13:33.99
2843 10.5 0.3 13:34.16
2843 11.1 0.3 13:34.33
2843 15.8 0.3 13:34.51
2843 15.8 0.3 13:34.68
2843 15.8 0.3 13:34.85
2843 22.2 0.3 13:35.03
2843 15.8 0.3 13:35.19
2843 22.2 0.3 13:35.36
2843 10.5 0.3 13:35.52
2843 15.8 0.3 13:35.70
2843 11.1 0.3 13:35.86
2843 15.0 0.3 13:36.05
2843 15.8 0.3 13:36.22
2843 14.3 0.3 13:36.39
2843 15.8 0.3 13:36.56
2843 22.2 0.2 13:36.74
2843 10.5 0.2 13:36.90
2843 10.0 0.2 13:37.07
2843 21.1 0.2 13:37.24
2843 16.7 0.2 13:37.42
2843 15.8 0.2 13:37.58
2843 27.8 0.2 13:37.80
2843 10.5 0.2 13:38.03
2843 16.7 0.2 13:38.28
2843 22.2 0.2 13:38.55
2843 22.2 0.2 13:38.76
2843 10.5 0.2 13:38.96
2843 16.7 0.2 13:39.22
2843 10.5 0.2 13:39.45
2843 21.1 0.2 13:39.76
2843 15.8 0.2 13:39.96
2843 25.0 0.2 13:40.21
2843 15.8 0.2 13:40.43
2843 15.8 0.2 13:40.65
2843 16.7 0.2 13:40.87
2843 0.0 0.2 13:40.90
