2844 16.7 0.3 1:45.73
2844 0.0 0.3 1:45.77
2844 0.0 0.3 1:45.78
2844 0.0 0.3 1:45.80
2844 0.0 0.3 1:45.81
2844 0.0 0.3 1:45.82
2844 0.0 0.3 1:45.84
2844 0.0 0.3 1:45.85
2844 5.3 0.3 1:45.87
2844 0.0 0.3 1:45.88
2844 0.0 0.3 1:45.89
2844 0.0 0.3 1:45.90
2844 0.0 0.3 1:45.91
2844 0.0 0.3 1:45.92
2844 0.0 0.3 1:45.93
2844 0.0 0.3 1:45.94
2844 0.0 0.3 1:45.94
2844 0.0 0.3 1:45.95
2844 0.0 0.3 1:45.96
2844 0.0 0.3 1:45.96
2844 0.0 0.3 1:45.97
2844 0.0 0.3 1:45.98
2844 0.0 0.3 1:45.98
2844 0.0 0.3 1:45.99
2844 5.0 0.3 1:46.00
2844 0.0 0.3 1:46.00
2844 5.0 0.3 1:46.02
2844 5.3 0.3 1:46.03
2844 4.8 0.3 1:46.04
2844 4.8 0.3 1:46.07
2844 0.0 0.3 1:46.08
2844 5.3 0.3 1:46.10
2844 0.0 0.3 1:46.11
2844 0.0 0.3 1:46.14
2844 5.6 0.3 1:46.15
2844 0.0 0.3 1:46.16
2844 0.0 0.3 1:46.17
2844 5.6 0.3 1:46.19
2844 0.0 0.3 1:46.19
2844 5.6 0.3 1:46.22
2844 0.0 0.3 1:46.23
2844 0.0 0.3 1:46.24
2844 5.6 0.3 1:46.26
2844 5.3 0.3 1:46.29
2844 0.0 0.3 1:46.31
2844 0.0 0.3 1:46.33
2844 0.0 0.3 1:46.34
2844 0.0 0.3 1:46.35
2844 5.3 0.3 1:46.36
2844 5.3 0.3 1:46.38
2844 0.0 0.3 1:46.44
2844 0.0 0.3 1:46.46
2844 0.0 0.3 1:46.48
2844 5.6 0.3 1:46.51
2844 0.0 0.3 1:46.52
2844 5.0 0.3 1:46.54
2844 5.3 0.3 1:46.56
2844 0.0 0.3 1:46.58
2844 5.3 0.3 1:46.61
2844 0.0 0.3 1:46.62
2844 5.9 0.3 1:46.64
2844 5.6 0.3 1:46.67
2844 5.6 0.3 1:46.68
2844 5.6 0.3 1:46.70
2844 0.0 0.3 1:46.72
2844 0.0 0.3 1:46.74
2844 5.0 0.3 1:46.76
2844 0.0 0.3 1:46.77
2844 0.0 0.3 1:46.81
2844 0.0 0.3 1:46.82
2844 5.6 0.3 1:46.84
2844 0.0 0.3 1:46.86
2844 0.0 0.3 1:46.88
2844 5.0 0.3 1:46.91
2844 5.6 0.3 1:46.93
2844 5.6 0.3 1:46.95
2844 0.0 0.3 1:46.97
2844 0.0 0.3 1:46.99
2844 9.1 0.3 1:47.03
2844 0.0 0.3 1:47.04
2844 0.0 0.3 1:47.06
2844 0.0 0.3 1:47.07
2844 10.0 0.3 1:47.10
2844 0.0 0.3 1:47.11
2844 0.0 0.3 1:47.11
2844 9.5 0.3 1:47.14
2844 4.8 0.3 1:47.15
2844 5.6 0.3 1:47.18
2844 0.0 0.3 1:47.20
2844 0.0 0.3 1:47.21
2844 0.0 0.3 1:47.22
2844 0.0 0.3 1:47.23
2844 5.6 0.3 1:47.25
2844 0.0 0.3 1:47.27
2844 0.0 0.3 1:47.30
2844 0.0 0.3 1:47.33
2844 0.0 0.3 1:47.33
2844 5.0 0.3 1:47.36
2844 5.3 0.3 1:47.39
2844 5.6 0.3 1:47.40
2844 0.0 0.3 1:47.41
2844 0.0 0.3 1:47.44
2844 5.3 0.3 1:47.49
2844 0.0 0.3 1:47.50
2844 0.0 0.3 1:47.51
2844 5.6 0.3 1:47.58
2844 0.0 0.3 1:47.59
2844 0.0 0.3 1:47.61
2844 0.0 0.3 1:47.63
2844 11.1 0.3 1:47.66
2844 5.6 0.3 1:47.68
2844 5.6 0.3 1:47.72
2844 0.0 0.3 1:47.74
2844 0.0 0.3 1:47.78
2844 5.0 0.3 1:47.80
2844 11.1 0.3 1:47.82
2844 0.0 0.3 1:47.84
2844 0.0 0.3 1:47.86
2844 5.6 0.3 1:47.88
2844 5.3 0.3 1:47.95
2844 0.0 0.3 1:47.96
2844 0.0 0.3 1:47.99
2844 0.0 0.3 1:48.03
2844 0.0 0.3 1:48.07
2844 11.1 0.3 1:48.10
2844 5.3 0.3 1:48.14
2844 0.0 0.3 1:48.19
2844 0.0 0.3 1:48.20
2844 0.0 0.3 1:48.21
2844 0.0 0.3 1:48.22
2844 5.6 0.3 1:48.25
2844 0.0 0.3 1:48.26
2844 0.0 0.3 1:48.28
2844 0.0 0.3 1:48.30
2844 5.3 0.3 1:48.34
2844 0.0 0.3 1:48.35
2844 5.6 0.3 1:48.38
2844 0.0 0.3 1:48.40
2844 0.0 0.3 1:48.40
2844 0.0 0.3 1:48.42
2844 0.0 0.3 1:48.42
2844 5.3 0.3 1:48.46
2844 5.0 0.3 1:48.48
2844 0.0 0.3 1:48.49
2844 0.0 0.3 1:48.50
2844 6.7 0.3 1:48.54
2844 3.7 0.3 1:48.62
2844 0.0 0.3 1:48.66
2844 5.0 0.3 1:48.69
2844 0.0 0.3 1:48.74
2844 5.0 0.3 1:48.77
2844 5.0 0.3 1:48.78
2844 4.5 0.3 1:48.80
2844 0.0 0.3 1:48.83
2844 5.3 0.3 1:48.86
2844 0.0 0.3 1:48.87
2844 0.0 0.3 1:48.88
2844 0.0 0.3 1:48.90
2844 0.0 0.3 1:48.92
2844 0.0 0.3 1:48.94
2844 0.0 0.3 1:48.95
2844 4.5 0.3 1:48.97
2844 0.0 0.3 1:48.99
2844 0.0 0.3 1:49.02
2844 5.3 0.3 1:49.06
2844 0.0 0.3 1:49.07
2844 5.3 0.3 1:49.10
2844 5.0 0.3 1:49.12
2844 5.6 0.3 1:49.15
2844 0.0 0.3 1:49.16
2844 0.0 0.3 1:49.19
2844 5.3 0.3 1:49.22
2844 0.0 0.3 1:49.23
2844 0.0 0.3 1:49.27
2844 0.0 0.3 1:49.29
2844 0.0 0.3 1:49.30
2844 5.6 0.3 1:49.37
2844 5.0 0.3 1:49.39
2844 0.0 0.3 1:49.41
2844 0.0 0.3 1:49.42
2844 5.6 0.3 1:49.46
2844 0.0 0.3 1:49.51
2844 0.0 0.3 1:49.52
2844 5.3 0.3 1:49.55
2844 0.0 0.3 1:49.56
2844 0.0 0.3 1:49.58
2844 0.0 0.3 1:49.61
2844 5.6 0.3 1:49.64
2844 0.0 0.3 1:49.65
2844 0.0 0.3 1:49.66
2844 0.0 0.3 1:49.73
2844 5.3 0.3 1:49.77
2844 11.1 0.3 1:49.82
2844 5.6 0.3 1:49.85
2844 0.0 0.3 1:49.89
2844 11.1 0.3 1:49.95
2844 5.3 0.3 1:49.99
2844 8.7 0.3 1:50.01
2844 0.0 0.3 1:50.04
2844 0.0 0.3 1:50.06
2844 0.0 0.3 1:50.10
2844 0.0 0.3 1:50.11
2844 0.0 0.3 1:50.12
2844 0.0 0.3 1:50.14
2844 5.6 0.3 1:50.17
2844 0.0 0.3 1:50.19
2844 0.0 0.3 1:50.22
2844 0.0 0.3 1:50.24
2844 5.3 0.3 1:50.27
2844 0.0 0.3 1:50.28
2844 0.0 0.3 1:50.29
2844 0.0 0.3 1:50.30
2844 5.3 0.3 1:50.32
2844 0.0 0.3 1:50.33
2844 0.0 0.3 1:50.36
2844 0.0 0.3 1:50.38
2844 0.0 0.3 1:50.40
2844 5.3 0.3 1:50.41
2844 5.6 0.3 1:50.43
2844 0.0 0.3 1:50.45
2844 5.3 0.3 1:50.49
2844 5.6 0.3 1:50.51
2844 5.6 0.3 1:50.53
2844 0.0 0.3 1:50.57
2844 0.0 0.3 1:50.60
2844 0.0 0.3 1:50.61
2844 4.8 0.3 1:50.63
2844 0.0 0.3 1:50.65
2844 0.0 0.3 1:50.67
2844 0.0 0.3 1:50.68
2844 0.0 0.3 1:50.70
2844 0.0 0.3 1:50.72
2844 5.6 0.3 1:50.73
2844 0.0 0.3 1:50.73
2844 5.6 0.3 1:50.75
2844 0.0 0.3 1:50.77
2844 0.0 0.3 1:50.79
2844 4.5 0.3 1:50.81
2844 0.0 0.3 1:50.82
2844 0.0 0.3 1:50.83
2844 0.0 0.3 1:50.85
2844 5.6 0.3 1:50.88
2844 0.0 0.3 1:50.89
2844 5.3 0.3 1:50.91
2844 0.0 0.3 1:50.93
2844 0.0 0.3 1:50.94
2844 4.8 0.3 1:50.96
2844 5.3 0.3 1:50.99
2844 5.3 0.3 1:51.02
2844 0.0 0.3 1:51.03
2844 10.5 0.3 1:51.10
2844 0.0 0.3 1:51.13
2844 4.5 0.3 1:51.15
2844 4.5 0.3 1:51.17
2844 0.0 0.3 1:51.19
2844 0.0 0.3 1:51.20
2844 5.3 0.3 1:51.22
2844 0.0 0.3 1:51.22
2844 10.5 0.3 1:51.25
2844 0.0 0.3 1:51.27
2844 5.3 0.3 1:51.29
2844 0.0 0.3 1:51.31
2844 0.0 0.3 1:51.32
2844 5.0 0.3 1:51.35
2844 5.6 0.3 1:51.38
2844 0.0 0.3 1:51.40
2844 0.0 0.3 1:51.43
2844 0.0 0.3 1:51.46
2844 4.8 0.3 1:51.49
2844 11.1 0.3 1:51.52
2844 5.3 0.3 1:51.53
2844 5.3 0.3 1:51.56
2844 0.0 0.3 1:51.58
2844 5.6 0.3 1:51.60
2844 5.3 0.3 1:51.63
2844 0.0 0.3 1:51.65
2844 0.0 0.3 1:51.67
2844 0.0 0.3 1:51.69
2844 0.0 0.3 1:51.72
2844 0.0 0.3 1:51.74
2844 5.3 0.3 1:51.77
2844 0.0 0.3 1:51.78
2844 0.0 0.3 1:51.79
2844 5.3 0.3 1:51.82
2844 0.0 0.3 1:51.83
2844 0.0 0.3 1:51.84
2844 0.0 0.3 1:51.86
2844 0.0 0.3 1:51.88
2844 0.0 0.3 1:51.89
2844 4.8 0.3 1:51.92
2844 0.0 0.3 1:51.94
2844 0.0 0.3 1:51.95
2844 0.0 0.3 1:51.96
2844 5.3 0.3 1:51.98
2844 5.6 0.3 1:51.99
2844 0.0 0.3 1:52.02
2844 5.6 0.3 1:52.05
2844 0.0 0.3 1:52.06
2844 0.0 0.3 1:52.08
2844 0.0 0.3 1:52.14
2844 8.3 0.3 1:52.23
2844 0.0 0.3 1:52.29
2844 0.0 0.3 1:52.30
2844 0.0 0.3 1:52.30
2844 0.0 0.3 1:52.30
