2844 0.0 0.3 2:15.43
2844 10.5 0.2 2:15.46
2844 0.0 0.2 2:15.49
2844 5.3 0.2 2:15.52
2844 4.8 0.2 2:15.56
2844 16.7 0.2 2:15.60
2844 0.0 0.2 2:15.62
2844 0.0 0.2 2:15.64
2844 0.0 0.2 2:15.67
2844 0.0 0.2 2:15.70
2844 0.0 0.2 2:15.70
2844 0.0 0.2 2:15.73
2844 0.0 0.2 2:15.74
2844 0.0 0.2 2:15.75
2844 5.6 0.2 2:15.77
2844 0.0 0.2 2:15.78
2844 0.0 0.2 2:15.79
2844 0.0 0.2 2:15.82
2844 0.0 0.2 2:15.83
2844 0.0 0.2 2:15.84
2844 0.0 0.2 2:15.85
2844 0.0 0.2 2:15.86
2844 0.0 0.2 2:15.87
2844 0.0 0.2 2:15.88
2844 0.0 0.2 2:15.89
2844 0.0 0.2 2:15.90
2844 0.0 0.2 2:15.91
2844 5.0 0.2 2:15.92
2844 0.0 0.2 2:15.92
2844 5.3 0.2 2:15.94
2844 0.0 0.2 2:15.94
2844 0.0 0.2 2:15.95
2844 3.8 0.2 2:15.97
2844 0.0 0.2 2:15.97
2844 0.0 0.2 2:15.98
2844 0.0 0.2 2:15.99
2844 0.0 0.2 2:16.00
2844 0.0 0.2 2:16.00
2844 5.0 0.2 2:16.01
2844 0.0 0.2 2:16.03
2844 0.0 0.2 2:16.03
2844 0.0 0.2 2:16.04
2844 0.0 0.2 2:16.04
2844 0.0 0.2 2:16.05
2844 0.0 0.2 2:16.05
2844 0.0 0.2 2:16.06
2844 0.0 0.2 2:16.06
2844 0.0 0.2 2:16.07
2844 0.0 0.2 2:16.08
2844 10.0 0.2 2:16.10
2844 0.0 0.2 2:16.10
2844 0.0 0.2 2:16.11
2844 0.0 0.2 2:16.11
2844 0.0 0.2 2:16.11
2844 0.0 0.2 2:16.12
2844 0.0 0.2 2:16.13
2844 0.0 0.2 2:16.13
2844 0.0 0.2 2:16.14
2844 0.0 0.2 2:16.16
2844 0.0 0.2 2:16.16
2844 0.0 0.2 2:16.16
2844 0.0 0.2 2:16.16
2844 0.0 0.2 2:16.17
2844 0.0 0.2 2:16.17
2844 0.0 0.2 2:16.17
2844 0.0 0.2 2:16.18
2844 0.0 0.2 2:16.20
2844 0.0 0.2 2:16.20
2844 0.0 0.2 2:16.20
2844 0.0 0.2 2:16.20
2844 0.0 0.2 2:16.21
2844 0.0 0.2 2:16.21
2844 0.0 0.2 2:16.22
2844 0.0 0.2 2:16.22
2844 0.0 0.2 2:16.22
2844 0.0 0.2 2:16.23
2844 5.3 0.2 2:16.24
2844 0.0 0.2 2:16.24
2844 0.0 0.2 2:16.25
2844 0.0 0.2 2:16.25
2844 0.0 0.2 2:16.25
2844 0.0 0.2 2:16.26
2844 5.6 0.2 2:16.29
2844 0.0 0.2 2:16.29
2844 0.0 0.2 2:16.30
2844 0.0 0.2 2:16.31
2844 5.3 0.2 2:16.33
2844 0.0 0.2 2:16.33
2844 0.0 0.2 2:16.34
2844 0.0 0.2 2:16.34
2844 5.3 0.2 2:16.35
2844 0.0 0.2 2:16.35
2844 0.0 0.2 2:16.36
2844 5.0 0.2 2:16.37
2844 0.0 0.2 2:16.39
2844 10.0 0.2 2:16.43
2844 5.6 0.2 2:16.44
2844 11.1 0.2 2:16.47
2844 5.3 0.2 2:16.50
2844 5.3 0.2 2:16.51
2844 0.0 0.2 2:16.54
2844 0.0 0.2 2:16.58
2844 0.0 0.2 2:16.61
2844 0.0 0.2 2:16.64
2844 0.0 0.2 2:16.67
2844 0.0 0.2 2:16.70
2844 5.3 0.2 2:16.71
2844 0.0 0.2 2:16.73
2844 0.0 0.2 2:16.76
2844 0.0 0.2 2:16.78
2844 0.0 0.2 2:16.80
2844 0.0 0.2 2:16.85
2844 0.0 0.2 2:16.86
2844 0.0 0.2 2:16.89
2844 0.0 0.2 2:16.90
2844 0.0 0.2 2:16.92
2844 0.0 0.2 2:16.93
2844 0.0 0.2 2:16.95
22844 0.0 0.0 0:00.00
2844 0.0 0.2 2:16.98
2844 0.0 0.2 2:16.99
2844 0.0 0.2 2:16.99
2844 0.0 0.2 2:17.01
2844 0.0 0.2 2:17.04
2844 0.0 0.2 2:17.04
2844 0.0 0.2 2:17.06
2844 0.0 0.2 2:17.10
2844 0.0 0.2 2:17.12
2844 0.0 0.2 2:17.15
2844 0.0 0.2 2:17.16
2844 0.0 0.2 2:17.17
2844 0.0 0.2 2:17.18
2844 0.0 0.2 2:17.18
