2846 0.0 0.2 0:20.91
2846 0.0 0.2 0:20.95
2846 0.0 0.2 0:20.96
2846 15.0 0.2 0:20.99
2846 10.5 0.2 0:21.02
2846 5.3 0.2 0:21.04
2846 0.0 0.2 0:21.04
2846 0.0 0.2 0:21.04
2846 0.0 0.2 0:21.04
2846 0.0 0.2 0:21.04
2846 0.0 0.2 0:21.04
2846 0.0 0.2 0:21.04
2846 0.0 0.2 0:21.04
2846 0.0 0.2 0:21.04
2846 0.0 0.2 0:21.04
2846 0.0 0.2 0:21.04
2846 0.0 0.2 0:21.04
2846 0.0 0.2 0:21.04
2846 0.0 0.2 0:21.04
2846 0.0 0.2 0:21.04
2846 0.0 0.2 0:21.04
2846 0.0 0.2 0:21.04
2846 0.0 0.2 0:21.04
2846 0.0 0.2 0:21.04
2846 0.0 0.2 0:21.04
2846 0.0 0.2 0:21.04
2846 0.0 0.2 0:21.04
2846 0.0 0.2 0:21.04
2846 0.0 0.2 0:21.04
2846 0.0 0.2 0:21.04
2846 0.0 0.2 0:21.04
2846 0.0 0.2 0:21.04
2846 0.0 0.2 0:21.04
2846 0.0 0.2 0:21.04
2846 0.0 0.2 0:21.04
2846 0.0 0.2 0:21.04
2846 0.0 0.2 0:21.04
2846 0.0 0.2 0:21.04
2846 0.0 0.2 0:21.04
2846 0.0 0.2 0:21.04
2846 0.0 0.2 0:21.04
2846 0.0 0.2 0:21.04
2846 0.0 0.2 0:21.04
2846 0.0 0.2 0:21.04
2846 0.0 0.2 0:21.04
2846 0.0 0.2 0:21.04
2846 0.0 0.2 0:21.04
2846 0.0 0.2 0:21.04
2846 0.0 0.2 0:21.04
2846 0.0 0.2 0:21.04
2846 0.0 0.2 0:21.04
2846 0.0 0.2 0:21.04
2846 0.0 0.2 0:21.04
2846 0.0 0.2 0:21.04
2846 0.0 0.2 0:21.04
2846 0.0 0.2 0:21.04
2846 0.0 0.2 0:21.04
2846 0.0 0.2 0:21.04
2846 0.0 0.2 0:21.04
2846 0.0 0.2 0:21.04
2846 0.0 0.2 0:21.04
2846 0.0 0.2 0:21.04
2846 0.0 0.2 0:21.04
2846 0.0 0.2 0:21.04
2846 0.0 0.2 0:21.04
2846 0.0 0.2 0:21.04
2846 0.0 0.2 0:21.04
2846 0.0 0.2 0:21.04
2846 0.0 0.2 0:21.04
2846 0.0 0.2 0:21.04
2846 0.0 0.2 0:21.04
2846 0.0 0.2 0:21.04
2846 0.0 0.2 0:21.04
2846 0.0 0.2 0:21.04
2846 0.0 0.2 0:21.04
2846 0.0 0.2 0:21.04
2846 0.0 0.2 0:21.04
2846 0.0 0.2 0:21.04
2846 0.0 0.2 0:21.04
2846 0.0 0.2 0:21.04
2846 0.0 0.2 0:21.04
2846 0.0 0.2 0:21.04
2846 0.0 0.2 0:21.04
2846 0.0 0.2 0:21.04
2846 0.0 0.2 0:21.04
2846 0.0 0.2 0:21.04
2846 0.0 0.2 0:21.04
2846 0.0 0.2 0:21.04
2846 0.0 0.2 0:21.04
2846 0.0 0.2 0:21.04
2846 0.0 0.2 0:21.04
2846 0.0 0.2 0:21.04
2846 0.0 0.2 0:21.04
2846 0.0 0.2 0:21.04
2846 0.0 0.2 0:21.04
2846 0.0 0.2 0:21.04
2846 0.0 0.2 0:21.04
2846 0.0 0.2 0:21.04
2846 0.0 0.2 0:21.04
2846 0.0 0.2 0:21.05
2846 0.0 0.2 0:21.05
2846 0.0 0.2 0:21.05
2846 0.0 0.2 0:21.05
2846 0.0 0.2 0:21.05
2846 0.0 0.2 0:21.05
2846 0.0 0.2 0:21.05
2846 0.0 0.2 0:21.05
2846 0.0 0.2 0:21.05
2846 0.0 0.2 0:21.05
