2846 5.6 0.2 0:21.39
2846 0.0 0.2 0:21.41
2846 0.0 0.2 0:21.41
2846 0.0 0.2 0:21.42
2846 0.0 0.2 0:21.42
2846 0.0 0.2 0:21.44
2846 0.0 0.2 0:21.45
2846 0.0 0.2 0:21.45
2846 0.0 0.2 0:21.45
2846 0.0 0.2 0:21.45
2846 0.0 0.2 0:21.45
2846 0.0 0.2 0:21.45
2846 0.0 0.2 0:21.45
2846 0.0 0.2 0:21.45
2846 0.0 0.2 0:21.45
2846 0.0 0.2 0:21.45
2846 0.0 0.2 0:21.45
2846 0.0 0.2 0:21.45
2846 0.0 0.2 0:21.45
2846 0.0 0.2 0:21.45
2846 0.0 0.2 0:21.45
2846 0.0 0.2 0:21.45
2846 0.0 0.2 0:21.45
2846 0.0 0.2 0:21.45
2846 0.0 0.2 0:21.45
2846 0.0 0.2 0:21.45
2846 0.0 0.2 0:21.45
2846 0.0 0.2 0:21.45
2846 0.0 0.2 0:21.45
2846 0.0 0.2 0:21.45
2846 0.0 0.2 0:21.45
2846 0.0 0.2 0:21.45
2846 0.0 0.2 0:21.45
2846 0.0 0.2 0:21.45
2846 0.0 0.2 0:21.45
2846 0.0 0.2 0:21.45
2846 0.0 0.2 0:21.45
2846 0.0 0.2 0:21.45
2846 0.0 0.2 0:21.45
2846 0.0 0.2 0:21.45
2846 0.0 0.2 0:21.45
2846 0.0 0.2 0:21.45
2846 0.0 0.2 0:21.45
2846 0.0 0.2 0:21.45
2846 0.0 0.2 0:21.45
2846 0.0 0.2 0:21.45
22846 0.0 0.1 0:00.00
2846 0.0 0.2 0:21.46
2846 0.0 0.2 0:21.46
2846 0.0 0.2 0:21.46
2846 0.0 0.2 0:21.46
2846 0.0 0.2 0:21.46
2846 0.0 0.2 0:21.46
2846 0.0 0.2 0:21.46
2846 0.0 0.2 0:21.46
2846 0.0 0.2 0:21.46
2846 0.0 0.2 0:21.46
2846 0.0 0.2 0:21.46
2846 0.0 0.2 0:21.46
2846 0.0 0.2 0:21.46
2846 0.0 0.2 0:21.46
2846 0.0 0.2 0:21.46
2846 0.0 0.2 0:21.46
2846 0.0 0.2 0:21.46
2846 0.0 0.2 0:21.46
2846 0.0 0.2 0:21.46
2846 0.0 0.2 0:21.46
2846 0.0 0.2 0:21.46
2846 0.0 0.2 0:21.46
2846 0.0 0.2 0:21.46
2846 0.0 0.2 0:21.46
2846 0.0 0.2 0:21.46
2846 0.0 0.2 0:21.46
2846 0.0 0.2 0:21.46
2846 0.0 0.2 0:21.46
