713 0.0 0.3 0:04.32
713 0.0 0.3 0:04.32
713 0.0 0.3 0:04.32
713 0.0 0.3 0:04.32
713 0.0 0.3 0:04.32
713 0.0 0.3 0:04.32
713 0.0 0.3 0:04.32
713 0.0 0.3 0:04.32
713 0.0 0.3 0:04.32
713 0.0 0.3 0:04.32
713 0.0 0.3 0:04.32
713 0.0 0.3 0:04.32
713 0.0 0.3 0:04.32
713 0.0 0.3 0:04.32
713 0.0 0.3 0:04.32
713 0.0 0.3 0:04.32
713 0.0 0.3 0:04.32
713 0.0 0.3 0:04.32
713 0.0 0.3 0:04.32
713 0.0 0.3 0:04.34
713 0.0 0.3 0:04.34
713 0.0 0.3 0:04.34
713 0.0 0.3 0:04.34
713 0.0 0.3 0:04.34
713 0.0 0.3 0:04.34
713 0.0 0.3 0:04.34
713 0.0 0.3 0:04.34
713 0.0 0.3 0:04.34
713 0.0 0.3 0:04.34
713 0.0 0.3 0:04.34
713 0.0 0.3 0:04.34
713 0.0 0.3 0:04.34
713 0.0 0.3 0:04.34
713 0.0 0.3 0:04.34
713 0.0 0.3 0:04.35
713 0.0 0.3 0:04.35
713 0.0 0.3 0:04.35
713 0.0 0.3 0:04.37
713 0.0 0.3 0:04.37
713 0.0 0.3 0:04.37
713 0.0 0.3 0:04.37
713 0.0 0.3 0:04.37
713 0.0 0.3 0:04.37
713 0.0 0.3 0:04.37
713 0.0 0.3 0:04.37
713 0.0 0.3 0:04.37
713 0.0 0.3 0:04.37
713 0.0 0.3 0:04.37
713 0.0 0.3 0:04.37
713 0.0 0.3 0:04.37
713 0.0 0.3 0:04.37
713 0.0 0.3 0:04.37
713 0.0 0.3 0:04.37
713 0.0 0.3 0:04.37
713 0.0 0.3 0:04.38
713 5.6 0.3 0:04.39
713 0.0 0.3 0:04.39
713 0.0 0.3 0:04.39
713 0.0 0.3 0:04.39
713 0.0 0.3 0:04.39
713 0.0 0.3 0:04.39
713 0.0 0.3 0:04.39
713 0.0 0.3 0:04.39
713 0.0 0.3 0:04.39
713 0.0 0.3 0:04.40
713 0.0 0.3 0:04.40
713 0.0 0.3 0:04.40
713 0.0 0.3 0:04.40
713 0.0 0.3 0:04.40
713 0.0 0.3 0:04.40
713 0.0 0.3 0:04.40
713 5.6 0.3 0:04.41
713 0.0 0.3 0:04.41
713 0.0 0.3 0:04.41
713 0.0 0.3 0:04.44
713 0.0 0.3 0:04.44
713 0.0 0.3 0:04.44
713 0.0 0.3 0:04.44
713 0.0 0.3 0:04.44
713 0.0 0.3 0:04.44
713 0.0 0.3 0:04.44
713 0.0 0.3 0:04.44
713 0.0 0.3 0:04.44
713 0.0 0.3 0:04.44
713 0.0 0.3 0:04.44
713 0.0 0.3 0:04.44
713 0.0 0.3 0:04.44
713 0.0 0.3 0:04.44
713 0.0 0.3 0:04.44
713 0.0 0.3 0:04.44
713 0.0 0.3 0:04.44
713 0.0 0.3 0:04.45
713 0.0 0.3 0:04.46
713 0.0 0.3 0:04.46
713 0.0 0.3 0:04.46
713 0.0 0.3 0:04.46
713 0.0 0.3 0:04.46
713 0.0 0.3 0:04.46
713 0.0 0.3 0:04.46
713 0.0 0.3 0:04.46
713 0.0 0.3 0:04.46
713 0.0 0.3 0:04.46
713 0.0 0.3 0:04.46
713 0.0 0.3 0:04.46
713 0.0 0.3 0:04.47
713 0.0 0.3 0:04.47
713 0.0 0.3 0:04.47
713 0.0 0.3 0:04.48
713 0.0 0.3 0:04.48
713 0.0 0.3 0:04.48
713 0.0 0.3 0:04.48
713 0.0 0.3 0:04.48
713 0.0 0.3 0:04.48
713 0.0 0.3 0:04.48
713 0.0 0.3 0:04.48
713 0.0 0.3 0:04.48
713 0.0 0.3 0:04.48
7136 11.1 0.2 0:00.04
713 0.0 0.3 0:04.49
713 0.0 0.3 0:04.49
713 0.0 0.3 0:04.49
713 0.0 0.3 0:04.49
713 0.0 0.3 0:04.49
713 0.0 0.3 0:04.49
713 0.0 0.3 0:04.49
713 0.0 0.3 0:04.50
713 0.0 0.3 0:04.50
713 0.0 0.3 0:04.50
713 0.0 0.3 0:04.50
713 0.0 0.3 0:04.51
713 0.0 0.3 0:04.51
713 0.0 0.3 0:04.51
713 0.0 0.3 0:04.51
713 0.0 0.3 0:04.51
713 0.0 0.3 0:04.51
713 0.0 0.3 0:04.51
713 0.0 0.3 0:04.51
713 0.0 0.3 0:04.51
713 0.0 0.3 0:04.51
713 0.0 0.3 0:04.51
713 0.0 0.3 0:04.51
713 0.0 0.3 0:04.51
713 0.0 0.3 0:04.51
713 5.6 0.3 0:04.52
713 0.0 0.3 0:04.52
713 0.0 0.3 0:04.52
713 0.0 0.3 0:04.52
713 5.3 0.3 0:04.53
713 0.0 0.3 0:04.53
713 0.0 0.3 0:04.53
713 0.0 0.3 0:04.53
713 0.0 0.3 0:04.53
713 0.0 0.3 0:04.53
713 0.0 0.3 0:04.53
713 0.0 0.3 0:04.53
713 0.0 0.3 0:04.53
713 0.0 0.3 0:04.53
713 0.0 0.3 0:04.53
713 0.0 0.3 0:04.53
713 0.0 0.3 0:04.53
713 0.0 0.3 0:04.54
713 0.0 0.3 0:04.54
713 0.0 0.3 0:04.54
713 0.0 0.3 0:04.54
713 0.0 0.3 0:04.54
713 0.0 0.3 0:04.55
713 0.0 0.3 0:04.55
713 0.0 0.3 0:04.56
713 0.0 0.3 0:04.56
713 0.0 0.3 0:04.56
713 0.0 0.3 0:04.56
713 0.0 0.3 0:04.56
713 0.0 0.3 0:04.56
713 0.0 0.3 0:04.56
713 0.0 0.3 0:04.56
713 0.0 0.3 0:04.56
713 0.0 0.3 0:04.56
713 0.0 0.3 0:04.57
713 0.0 0.3 0:04.58
713 0.0 0.3 0:04.58
713 0.0 0.3 0:04.59
713 0.0 0.3 0:04.59
713 11.1 0.3 0:04.61
713 0.0 0.3 0:04.61
713 0.0 0.3 0:04.61
713 0.0 0.3 0:04.61
713 0.0 0.3 0:04.61
713 0.0 0.3 0:04.61
713 0.0 0.3 0:04.61
713 0.0 0.3 0:04.61
713 0.0 0.3 0:04.61
713 0.0 0.3 0:04.61
713 0.0 0.3 0:04.61
713 0.0 0.3 0:04.61
713 11.1 0.3 0:04.63
713 0.0 0.3 0:04.63
713 0.0 0.3 0:04.63
713 0.0 0.3 0:04.63
713 0.0 0.3 0:04.63
713 0.0 0.3 0:04.63
713 0.0 0.3 0:04.63
713 0.0 0.3 0:04.63
713 0.0 0.3 0:04.63
713 0.0 0.3 0:04.63
713 0.0 0.3 0:04.63
713 0.0 0.3 0:04.63
713 0.0 0.3 0:04.63
713 0.0 0.3 0:04.63
713 0.0 0.3 0:04.63
713 5.6 0.3 0:04.64
713 0.0 0.3 0:04.64
713 0.0 0.3 0:04.64
713 0.0 0.3 0:04.64
713 0.0 0.3 0:04.64
713 0.0 0.3 0:04.65
713 0.0 0.3 0:04.65
713 0.0 0.3 0:04.65
713 0.0 0.3 0:04.65
713 0.0 0.3 0:04.65
713 0.0 0.3 0:04.66
713 0.0 0.3 0:04.66
713 0.0 0.3 0:04.66
713 0.0 0.3 0:04.66
713 0.0 0.3 0:04.66
713 0.0 0.3 0:04.67
713 0.0 0.3 0:04.67
713 0.0 0.3 0:04.67
713 0.0 0.3 0:04.67
713 0.0 0.3 0:04.67
713 0.0 0.3 0:04.67
713 0.0 0.3 0:04.68
713 0.0 0.3 0:04.68
713 0.0 0.3 0:04.68
713 0.0 0.3 0:04.68
713 0.0 0.3 0:04.69
713 5.3 0.3 0:04.70
713 0.0 0.3 0:04.70
713 0.0 0.3 0:04.70
713 0.0 0.3 0:04.70
713 0.0 0.3 0:04.72
713 0.0 0.3 0:04.72
713 0.0 0.3 0:04.72
713 0.0 0.3 0:04.72
713 0.0 0.3 0:04.72
713 0.0 0.3 0:04.72
713 0.0 0.3 0:04.75
713 0.0 0.3 0:04.75
713 0.0 0.3 0:04.75
713 0.0 0.3 0:04.75
713 0.0 0.3 0:04.75
713 0.0 0.3 0:04.75
713 0.0 0.3 0:04.75
713 0.0 0.3 0:04.75
713 0.0 0.3 0:04.78
713 0.0 0.3 0:04.78
713 0.0 0.3 0:04.78
713 0.0 0.3 0:04.78
713 0.0 0.3 0:04.78
713 0.0 0.3 0:04.78
713 0.0 0.3 0:04.78
713 0.0 0.3 0:04.78
713 0.0 0.3 0:04.79
713 0.0 0.3 0:04.79
713 0.0 0.3 0:04.79
713 0.0 0.3 0:04.79
713 0.0 0.3 0:04.80
713 0.0 0.3 0:04.80
713 0.0 0.3 0:04.81
713 0.0 0.3 0:04.81
713 0.0 0.3 0:04.81
713 0.0 0.3 0:04.81
713 0.0 0.3 0:04.81
713 0.0 0.3 0:04.82
713 0.0 0.3 0:04.82
713 0.0 0.3 0:04.82
713 0.0 0.3 0:04.82
713 0.0 0.3 0:04.82
713 0.0 0.3 0:04.82
713 0.0 0.3 0:04.82
713 0.0 0.3 0:04.84
713 0.0 0.3 0:04.84
713 0.0 0.3 0:04.84
713 0.0 0.3 0:04.84
713 0.0 0.3 0:04.84
713 0.0 0.3 0:04.84
713 0.0 0.3 0:04.84
713 0.0 0.3 0:04.84
713 0.0 0.3 0:04.84
713 5.3 0.3 0:04.85
713 0.0 0.3 0:04.85
713 0.0 0.3 0:04.86
713 0.0 0.3 0:04.86
713 0.0 0.3 0:04.86
713 0.0 0.3 0:04.86
713 0.0 0.3 0:04.86
713 0.0 0.3 0:04.86
713 0.0 0.3 0:04.87
713 0.0 0.3 0:04.87
713 0.0 0.3 0:04.88
713 0.0 0.3 0:04.88
713 0.0 0.3 0:04.88
713 5.0 0.3 0:04.89
713 0.0 0.3 0:04.89
713 0.0 0.3 0:04.89
713 0.0 0.3 0:04.89
713 0.0 0.3 0:04.89
713 0.0 0.3 0:04.90
713 0.0 0.3 0:04.90
713 0.0 0.3 0:04.90
713 0.0 0.3 0:04.90
713 0.0 0.3 0:04.91
713 0.0 0.3 0:04.91
713 0.0 0.3 0:04.91
713 0.0 0.3 0:04.91
713 0.0 0.3 0:04.91
713 0.0 0.3 0:04.91
713 0.0 0.3 0:04.91
713 0.0 0.3 0:04.91
713 0.0 0.3 0:04.91
713 0.0 0.3 0:04.91
713 0.0 0.3 0:04.92
713 0.0 0.3 0:04.92
713 0.0 0.3 0:04.92
713 0.0 0.3 0:04.92
713 0.0 0.3 0:04.93
713 0.0 0.3 0:04.93
713 0.0 0.3 0:04.93
713 0.0 0.3 0:04.93
713 0.0 0.3 0:04.93
713 0.0 0.3 0:04.93
713 0.0 0.3 0:04.94
713 0.0 0.3 0:04.94
713 0.0 0.3 0:04.94
713 0.0 0.3 0:04.94
713 0.0 0.3 0:04.94
713 0.0 0.3 0:04.94
713 0.0 0.3 0:04.94
713 0.0 0.3 0:04.94
713 0.0 0.3 0:04.96
713 0.0 0.3 0:04.96
713 0.0 0.3 0:04.96
713 0.0 0.3 0:04.96
713 0.0 0.3 0:04.96
713 0.0 0.3 0:04.96
713 0.0 0.3 0:04.97
713 0.0 0.3 0:04.97
713 0.0 0.3 0:04.97
713 0.0 0.3 0:04.97
713 0.0 0.3 0:04.97
713 0.0 0.3 0:04.97
713 0.0 0.3 0:04.97
713 0.0 0.3 0:04.97
713 0.0 0.3 0:04.97
713 0.0 0.3 0:04.97
713 0.0 0.3 0:04.97
713 0.0 0.3 0:04.97
713 0.0 0.3 0:04.97
713 0.0 0.3 0:04.98
713 0.0 0.3 0:04.98
713 0.0 0.3 0:04.98
713 0.0 0.3 0:04.98
713 0.0 0.3 0:04.98
713 0.0 0.3 0:04.98
713 0.0 0.3 0:04.98
713 0.0 0.3 0:04.98
713 0.0 0.3 0:04.98
713 0.0 0.3 0:04.99
713 0.0 0.3 0:04.99
713 0.0 0.3 0:04.99
713 0.0 0.3 0:04.99
713 0.0 0.3 0:04.99
713 0.0 0.3 0:04.99
713 0.0 0.3 0:05.00
713 0.0 0.3 0:05.00
713 0.0 0.3 0:05.00
713 0.0 0.3 0:05.00
KiB 1537132 avail Mem
713 0.0 0.3 0:05.02
713 0.0 0.3 0:05.02
713 0.0 0.3 0:05.02
713 0.0 0.3 0:05.02
713 0.0 0.3 0:05.02
713 0.0 0.3 0:05.02
713 0.0 0.3 0:05.02
713 0.0 0.3 0:05.02
713 0.0 0.3 0:05.02
713 0.0 0.3 0:05.02
713 0.0 0.3 0:05.02
713 0.0 0.3 0:05.02
713 0.0 0.3 0:05.02
713 0.0 0.3 0:05.02
713 0.0 0.3 0:05.02
713 0.0 0.3 0:05.02
713 0.0 0.3 0:05.02
713 0.0 0.3 0:05.02
713 0.0 0.3 0:05.02
713 0.0 0.3 0:05.02
713 0.0 0.3 0:05.02
713 0.0 0.3 0:05.02
18713 17.6 0.2 0:00.03
713 0.0 0.3 0:05.02
713 0.0 0.3 0:05.02
713 0.0 0.3 0:05.02
713 0.0 0.3 0:05.02
