2935 25.0 0.1 0:09.16
2935 22.2 0.1 0:09.47
2935 21.1 0.1 0:09.70
2935 31.8 0.1 0:10.04
2935 17.4 0.1 0:10.36
2935 21.1 0.1 0:10.60
2935 19.0 0.1 0:10.87
2935 15.0 0.1 0:11.14
2935 14.3 0.1 0:11.42
2935 21.1 0.1 0:11.70
2935 20.0 0.1 0:11.93
2935 26.3 0.1 0:12.17
2935 15.0 0.1 0:12.41
2935 23.8 0.1 0:12.67
2935 12.5 0.1 0:12.91
2935 21.1 0.1 0:13.17
2935 23.8 0.1 0:13.49
2935 26.1 0.1 0:13.78
2935 27.8 0.1 0:14.05
2935 19.0 0.1 0:14.29
2935 18.2 0.1 0:14.57
2935 15.4 0.1 0:14.86
2935 21.1 0.1 0:15.07
2935 29.4 0.1 0:15.39
2935 21.1 0.1 0:15.65
2935 28.6 0.1 0:15.92
2935 19.0 0.1 0:16.18
2935 21.1 0.1 0:16.42
2935 15.0 0.1 0:16.70
2935 28.6 0.1 0:17.01
2935 40.0 0.1 0:17.35
2935 11.1 0.1 0:17.60
2935 9.5 0.1 0:17.84
2935 0.0 0.1 0:17.85
