258 0.0 0.7 0:00.46
258 0.0 0.7 0:00.46
258 0.0 0.7 0:00.46
258 0.0 0.7 0:00.46
258 0.0 0.7 0:00.46
258 0.0 0.7 0:00.46
258 0.0 0.7 0:00.46
258 0.0 0.7 0:00.46
258 0.0 0.7 0:00.46
258 0.0 0.7 0:00.46
258 0.0 0.7 0:00.46
258 0.0 0.7 0:00.46
258 0.0 0.7 0:00.46
258 0.0 0.7 0:00.46
258 0.0 0.7 0:00.46
258 0.0 0.7 0:00.46
258 0.0 0.7 0:00.46
258 0.0 0.7 0:00.46
258 0.0 0.7 0:00.46
258 0.0 0.7 0:00.46
258 0.0 0.7 0:00.46
258 0.0 0.7 0:00.46
258 0.0 0.7 0:00.46
258 0.0 0.7 0:00.46
258 0.0 0.7 0:00.46
258 0.0 0.7 0:00.46
258 0.0 0.7 0:00.46
258 0.0 0.7 0:00.46
258 0.0 0.7 0:00.46
258 0.0 0.7 0:00.46
258 0.0 0.7 0:00.46
258 0.0 0.7 0:00.46
258 0.0 0.7 0:00.46
258 0.0 0.7 0:00.46
258 0.0 0.7 0:00.46
258 0.0 0.7 0:00.46
258 0.0 0.7 0:00.46
258 0.0 0.7 0:00.46
258 0.0 0.7 0:00.46
258 0.0 0.7 0:00.46
258 0.0 0.7 0:00.46
258 0.0 0.7 0:00.46
258 0.0 0.7 0:00.46
258 0.0 0.7 0:00.46
258 0.0 0.7 0:00.46
258 0.0 0.7 0:00.46
258 0.0 0.7 0:00.46
258 0.0 0.7 0:00.46
258 0.0 0.7 0:00.46
258 0.0 0.7 0:00.46
258 0.0 0.7 0:00.46
258 0.0 0.7 0:00.46
258 0.0 0.7 0:00.46
258 0.0 0.7 0:00.46
258 0.0 0.7 0:00.46
258 0.0 0.7 0:00.46
18712 5.6 0.2 0:00.04
258 0.0 0.7 0:00.46
258 0.0 0.7 0:00.46
258 0.0 0.7 0:00.46
258 0.0 0.7 0:00.46
258 0.0 0.7 0:00.46
258 0.0 0.7 0:00.46
258 0.0 0.7 0:00.46
258 0.0 0.7 0:00.46
258 0.0 0.7 0:00.46
258 0.0 0.7 0:00.46
258 0.0 0.7 0:00.46
258 0.0 0.7 0:00.46
258 0.0 0.7 0:00.46
258 0.0 0.7 0:00.46
258 0.0 0.7 0:00.46
258 0.0 0.7 0:00.46
258 0.0 0.7 0:00.46
258 0.0 0.7 0:00.46
258 0.0 0.7 0:00.46
258 0.0 0.7 0:00.46
258 0.0 0.7 0:00.46
258 0.0 0.7 0:00.46
258 0.0 0.7 0:00.46
258 0.0 0.7 0:00.46
258 0.0 0.7 0:00.46
258 0.0 0.7 0:00.46
258 0.0 0.7 0:00.46
258 0.0 0.7 0:00.46
258 0.0 0.7 0:00.46
258 0.0 0.7 0:00.46
258 0.0 0.7 0:00.46
258 0.0 0.7 0:00.46
258 0.0 0.7 0:00.46
258 0.0 0.7 0:00.46
258 0.0 0.7 0:00.46
258 0.0 0.7 0:00.46
258 0.0 0.7 0:00.46
258 0.0 0.7 0:00.46
258 0.0 0.7 0:00.46
258 0.0 0.7 0:00.46
258 0.0 0.7 0:00.46
258 0.0 0.7 0:00.46
258 0.0 0.7 0:00.46
258 0.0 0.7 0:00.46
258 0.0 0.7 0:00.46
258 0.0 0.7 0:00.46
258 0.0 0.7 0:00.46
258 0.0 0.7 0:00.46
258 0.0 0.7 0:00.46
258 0.0 0.7 0:00.46
258 0.0 0.7 0:00.46
258 0.0 0.7 0:00.46
258 0.0 0.7 0:00.46
258 0.0 0.7 0:00.46
258 0.0 0.7 0:00.46
258 0.0 0.7 0:00.46
258 0.0 0.7 0:00.46
258 0.0 0.7 0:00.46
258 0.0 0.7 0:00.46
258 0.0 0.7 0:00.46
258 0.0 0.7 0:00.46
258 0.0 0.7 0:00.46
258 0.0 0.7 0:00.46
258 0.0 0.7 0:00.46
258 0.0 0.7 0:00.46
258 0.0 0.7 0:00.46
258 0.0 0.7 0:00.46
KiB used, 252712 buff/cache
KiB used, 252708 buff/cache
258 0.0 0.7 0:00.46
258 0.0 0.7 0:00.46
258 0.0 0.7 0:00.46
258 0.0 0.7 0:00.46
258 0.0 0.7 0:00.46
258 0.0 0.7 0:00.46
258 0.0 0.7 0:00.46
258 0.0 0.7 0:00.46
258 0.0 0.7 0:00.46
258 0.0 0.7 0:00.46
258 0.0 0.7 0:00.46
258 0.0 0.7 0:00.46
258 0.0 0.7 0:00.46
258 0.0 0.7 0:00.46
258 0.0 0.7 0:00.46
258 0.0 0.7 0:00.46
258 0.0 0.7 0:00.46
258 0.0 0.7 0:00.46
258 0.0 0.7 0:00.46
258 0.0 0.7 0:00.46
258 0.0 0.7 0:00.46
258 0.0 0.7 0:00.46
258 0.0 0.7 0:00.46
258 0.0 0.7 0:00.46
258 0.0 0.7 0:00.46
KiB 1537712 avail Mem
258 0.0 0.7 0:00.46
258 0.0 0.7 0:00.46
258 0.0 0.7 0:00.46
258 0.0 0.7 0:00.46
258 0.0 0.7 0:00.46
258 0.0 0.7 0:00.46
258 0.0 0.7 0:00.46
258 0.0 0.7 0:00.46
258 0.0 0.7 0:00.46
KiB used, 252916 buff/cache
258 0.0 0.7 0:00.46
258 0.0 0.7 0:00.46
258 0.0 0.7 0:00.46
258 0.0 0.7 0:00.46
258 0.0 0.7 0:00.46
258 0.0 0.7 0:00.46
258 0.0 0.7 0:00.46
258 0.0 0.7 0:00.46
258 0.0 0.7 0:00.46
258 0.0 0.7 0:00.46
258 0.0 0.7 0:00.46
258 0.0 0.7 0:00.46
258 0.0 0.7 0:00.46
258 0.0 0.7 0:00.46
258 0.0 0.7 0:00.46
258 0.0 0.7 0:00.46
258 0.0 0.7 0:00.46
258 0.0 0.7 0:00.46
258 0.0 0.7 0:00.46
258 0.0 0.7 0:00.46
258 0.0 0.7 0:00.46
258 0.0 0.7 0:00.46
