709 7.9 0.3 0:00.06
709 7.4 0.3 0:00.09
709 8.2 0.3 0:00.13
709 8.4 0.3 0:00.13
709 10.1 0.3 0:00.12
709 17.5 0.3 0:00.16
709 10.0 0.3 0:00.31
709 14.3 0.3 0:00.45
709 10.5 0.3 0:00.57
709 21.1 0.3 0:00.73
709 15.8 0.3 0:00.84
709 11.1 0.3 0:00.94
KiB 1537096 avail Mem
709 0.0 0.3 0:01.06
709 0.0 0.3 0:01.06
709 0.0 0.3 0:01.06
709 0.0 0.3 0:01.06
709 0.0 0.3 0:01.06
709 0.0 0.3 0:01.06
709 0.0 0.3 0:01.06
709 0.0 0.3 0:01.06
709 0.0 0.3 0:01.06
709 0.0 0.3 0:01.06
709 0.0 0.3 0:01.06
709 0.0 0.3 0:01.06
709 0.0 0.3 0:01.06
709 0.0 0.3 0:01.06
709 0.0 0.3 0:01.06
709 0.0 0.3 0:01.06
709 0.0 0.3 0:01.06
709 0.0 0.3 0:01.06
