2949 2948 2947 2946 2945
2949 2948 2947 2946 2945
2949 2948 2947 2946 2945
2949 2948 2947 2946 2945
2949 2948 2947 2946 2945
2949 2948 2947 2946 2945
2949 2948 2947 2946 2945
2949 2948 2947 2946 2945
2949 2948 2947 2946 2945
2949 2948 2947 2946 2945
2949 2948 2947 2946 2945
2949 2948 2947 2946 2945
2949 2948 2947 2946 2945
2949 2948 2947 2946 2945
2949 2948 2947 2946 2945
2949 2948 2947 2946 2945
2949 2948 2947 2946 2945
2949 2948 2947 2946 2945
2949 2948 2947 2946 2945
2949 2948 2947 2946 2945
2949 2948 2947 2946 2945
2949 2948 2947 2946 2945
2949 2948 2947 2946 2945
2949 2948 2947 2946 2945
2949 2948 2947 2946 2945
