3649 0.0 0.2 0:59.19
3649 5.3 0.2 0:59.23
3649 0.0 0.2 0:59.25
3649 0.0 0.2 0:59.27
3649 0.0 0.2 0:59.28
3649 0.0 0.2 0:59.30
3649 0.0 0.2 0:59.31
3649 0.0 0.2 0:59.32
3649 0.0 0.2 0:59.33
3649 0.0 0.2 0:59.36
3649 5.6 0.2 0:59.37
3649 0.0 0.2 0:59.37
3649 5.3 0.2 0:59.38
3649 5.6 0.2 0:59.39
3649 0.0 0.2 0:59.39
3649 0.0 0.2 0:59.40
3649 5.0 0.2 0:59.41
3649 0.0 0.2 0:59.41
3649 0.0 0.2 0:59.43
3649 5.6 0.2 0:59.44
3649 0.0 0.2 0:59.44
3649 0.0 0.2 0:59.45
3649 0.0 0.2 0:59.45
3649 0.0 0.2 0:59.45
3649 0.0 0.2 0:59.46
3649 0.0 0.2 0:59.46
3649 0.0 0.2 0:59.46
3649 0.0 0.2 0:59.46
3649 5.3 0.2 0:59.47
3649 0.0 0.2 0:59.47
3649 0.0 0.2 0:59.47
3649 0.0 0.2 0:59.48
3649 0.0 0.2 0:59.48
3649 0.0 0.2 0:59.49
3649 0.0 0.2 0:59.49
3649 0.0 0.2 0:59.49
3649 0.0 0.2 0:59.50
3649 0.0 0.2 0:59.50
3649 5.3 0.2 0:59.51
3649 0.0 0.2 0:59.52
3649 0.0 0.2 0:59.52
3649 0.0 0.2 0:59.54
3649 0.0 0.2 0:59.54
3649 0.0 0.2 0:59.55
3649 0.0 0.2 0:59.55
3649 0.0 0.2 0:59.55
3649 0.0 0.2 0:59.56
3649 0.0 0.2 0:59.60
3649 0.0 0.2 0:59.61
3649 0.0 0.2 0:59.62
3649 0.0 0.2 0:59.62
3649 0.0 0.2 0:59.62
3649 0.0 0.2 0:59.63
3649 0.0 0.2 0:59.63
3649 0.0 0.2 0:59.63
3649 0.0 0.2 0:59.64
3649 0.0 0.2 0:59.64
3649 0.0 0.2 0:59.65
3649 0.0 0.2 0:59.66
3649 0.0 0.2 0:59.67
3649 0.0 0.2 0:59.67
3649 0.0 0.2 0:59.68
3649 0.0 0.2 0:59.68
3649 0.0 0.2 0:59.68
3649 0.0 0.2 0:59.68
3649 0.0 0.2 0:59.70
3649 0.0 0.2 0:59.70
3649 0.0 0.2 0:59.70
3649 0.0 0.2 0:59.70
3649 0.0 0.2 0:59.70
3649 0.0 0.2 0:59.70
3649 0.0 0.2 0:59.71
3649 0.0 0.2 0:59.71
3649 0.0 0.2 0:59.72
3649 5.3 0.2 0:59.74
3649 0.0 0.2 0:59.74
3649 5.6 0.2 0:59.75
3649 0.0 0.2 0:59.75
3649 0.0 0.2 0:59.75
3649 0.0 0.2 0:59.76
3649 0.0 0.2 0:59.76
3649 0.0 0.2 0:59.79
3649 0.0 0.2 0:59.80
3649 0.0 0.2 0:59.80
3649 0.0 0.2 0:59.81
3649 0.0 0.2 0:59.81
3649 0.0 0.2 0:59.81
3649 0.0 0.2 0:59.81
3649 5.3 0.2 0:59.82
3649 0.0 0.2 0:59.82
3649 0.0 0.2 0:59.82
