3649 10.5 0.2 1:07.71
3649 5.0 0.2 1:07.73
3649 0.0 0.2 1:07.74
3649 0.0 0.2 1:07.77
3649 5.6 0.2 1:07.80
3649 0.0 0.2 1:07.81
3649 5.6 0.2 1:07.83
3649 0.0 0.2 1:07.84
3649 0.0 0.2 1:07.85
3649 0.0 0.2 1:07.86
3649 0.0 0.2 1:07.87
3649 0.0 0.2 1:07.87
3649 0.0 0.2 1:07.89
3649 0.0 0.2 1:07.90
3649 0.0 0.2 1:07.91
3649 0.0 0.2 1:07.91
3649 0.0 0.2 1:07.92
3649 0.0 0.2 1:07.92
3649 0.0 0.2 1:07.94
3649 0.0 0.2 1:07.94
3649 0.0 0.2 1:07.95
3649 0.0 0.2 1:07.95
3649 0.0 0.2 1:07.97
3649 0.0 0.2 1:07.97
3649 0.0 0.2 1:07.99
3649 0.0 0.2 1:08.00
3649 0.0 0.2 1:08.00
3649 0.0 0.2 1:08.01
3649 0.0 0.2 1:08.01
3649 0.0 0.2 1:08.01
3649 5.3 0.2 1:08.03
3649 0.0 0.2 1:08.04
3649 0.0 0.2 1:08.04
3649 5.3 0.2 1:08.05
3649 0.0 0.2 1:08.05
3649 0.0 0.2 1:08.05
3649 0.0 0.2 1:08.06
3649 0.0 0.2 1:08.07
3649 0.0 0.2 1:08.08
3649 0.0 0.2 1:08.08
3649 5.6 0.2 1:08.09
3649 0.0 0.2 1:08.09
3649 5.0 0.2 1:08.11
3649 0.0 0.2 1:08.11
3649 0.0 0.2 1:08.11
3649 0.0 0.2 1:08.12
3649 0.0 0.2 1:08.13
3649 5.6 0.2 1:08.14
3649 0.0 0.2 1:08.14
3649 0.0 0.2 1:08.16
3649 0.0 0.2 1:08.17
3649 0.0 0.2 1:08.17
3649 0.0 0.2 1:08.18
3649 0.0 0.2 1:08.18
3649 0.0 0.2 1:08.20
3649 0.0 0.2 1:08.21
3649 0.0 0.2 1:08.21
3649 0.0 0.2 1:08.22
3649 0.0 0.2 1:08.23
3649 0.0 0.2 1:08.24
3649 0.0 0.2 1:08.24
3649 5.3 0.2 1:08.25
3649 0.0 0.2 1:08.25
3649 0.0 0.2 1:08.26
3649 0.0 0.2 1:08.27
3649 0.0 0.2 1:08.28
3649 0.0 0.2 1:08.29
3649 0.0 0.2 1:08.29
3649 0.0 0.2 1:08.29
3649 0.0 0.2 1:08.30
3649 0.0 0.2 1:08.31
3649 0.0 0.2 1:08.32
3649 0.0 0.2 1:08.33
3649 0.0 0.2 1:08.33
3649 0.0 0.2 1:08.33
3649 0.0 0.2 1:08.33
