3650 0.0 0.2 3:57.14
3650 10.0 0.2 3:57.19
3650 14.3 0.3 3:57.38
3650 5.6 0.3 3:57.52
3650 10.0 0.3 3:57.67
3650 16.7 0.3 3:57.85
3650 21.1 0.3 3:58.01
3650 10.5 0.3 3:58.15
3650 10.5 0.3 3:58.29
3650 10.5 0.3 3:58.44
3650 10.5 0.3 3:58.58
3650 15.8 0.3 3:58.75
3650 11.1 0.3 3:58.89
3650 14.3 0.3 3:59.04
3650 11.1 0.3 3:59.17
3650 10.5 0.3 3:59.30
3650 11.1 0.3 3:59.44
3650 16.7 0.3 3:59.57
3650 15.0 0.3 3:59.71
3650 15.8 0.3 3:59.85
3650 5.0 0.3 3:59.97
3650 10.0 0.3 4:00.10
3650 10.5 0.3 4:00.21
3650 11.1 0.3 4:00.34
3650 10.0 0.3 4:00.45
3650 10.0 0.3 4:00.57
3650 11.1 0.3 4:00.68
3650 15.8 0.3 4:00.81
3650 5.6 0.4 4:00.93
3650 11.1 0.4 4:01.06
3650 15.0 0.4 4:01.21
3650 5.6 0.4 4:01.34
3650 5.3 0.4 4:01.48
3650 5.6 0.4 4:01.60
3650 9.5 0.4 4:01.75
3650 16.7 0.4 4:01.87
3650 5.6 0.4 4:01.99
3650 5.3 0.4 4:02.11
3650 10.5 0.4 4:02.25
3650 5.3 0.4 4:02.37
3650 10.5 0.4 4:02.50
3650 11.1 0.4 4:02.63
3650 10.5 0.4 4:02.76
3650 9.5 0.4 4:02.88
3650 15.0 0.4 4:03.02
3650 10.0 0.4 4:03.16
3650 10.5 0.4 4:03.28
3650 11.1 0.4 4:03.42
3650 11.1 0.4 4:03.55
3650 10.0 0.4 4:03.68
3650 5.6 0.4 4:03.80
3650 5.3 0.4 4:03.93
3650 9.7 0.4 4:04.10
3650 14.3 0.4 4:04.26
3650 10.3 0.4 4:04.44
3650 10.5 0.4 4:04.57
3650 9.5 0.4 4:04.71
3650 15.8 0.4 4:04.87
3650 12.0 0.4 4:05.03
3650 11.1 0.4 4:05.16
3650 8.7 0.4 4:05.29
3650 11.1 0.4 4:05.42
3650 15.8 0.4 4:05.58
3650 10.0 0.4 4:05.73
3650 11.1 0.4 4:05.88
3650 9.5 0.4 4:06.01
3650 5.3 0.4 4:06.15
3650 5.3 0.4 4:06.28
3650 5.3 0.4 4:06.41
3650 10.5 0.4 4:06.56
3650 10.5 0.4 4:06.69
3650 5.0 0.4 4:06.83
3650 10.5 0.4 4:06.98
3650 10.5 0.4 4:07.10
3650 15.8 0.4 4:07.24
3650 9.1 0.4 4:07.37
3650 13.6 0.4 4:07.50
3650 8.7 0.4 4:07.64
3650 4.0 0.4 4:07.77
3650 9.5 0.4 4:07.89
3650 7.7 0.4 4:08.03
3650 10.5 0.4 4:08.16
3650 15.8 0.4 4:08.29
3650 10.5 0.4 4:08.40
3650 14.3 0.4 4:08.56
3650 9.1 0.4 4:08.71
3650 5.3 0.4 4:08.83
3650 15.0 0.4 4:08.98
3650 11.5 0.4 4:09.12
3650 4.3 0.4 4:09.23
3650 10.0 0.4 4:09.38
3650 5.0 0.4 4:09.50
3650 9.5 0.4 4:09.63
3650 16.7 0.4 4:09.78
3650 4.8 0.4 4:09.90
3650 12.5 0.4 4:10.03
3650 10.5 0.4 4:10.17
3650 5.6 0.4 4:10.29
3650 11.1 0.4 4:10.44
3650 8.7 0.4 4:10.58
3650 10.5 0.4 4:10.70
3650 15.0 0.4 4:10.84
13650 0.0 0.0 0:00.00
3650 11.1 0.4 4:11.10
3650 9.1 0.4 4:11.25
3650 10.5 0.4 4:11.37
3650 11.1 0.4 4:11.50
3650 15.0 0.4 4:11.63
3650 4.3 0.4 4:11.76
3650 10.5 0.4 4:11.92
3650 15.8 0.4 4:12.07
3650 10.0 0.4 4:12.19
3650 5.3 0.4 4:12.32
3650 11.1 0.4 4:12.47
3650 10.5 0.4 4:12.61
3650 10.0 0.4 4:12.75
3650 10.5 0.4 4:12.88
3650 10.5 0.4 4:13.02
3650 15.8 0.4 4:13.17
3650 10.0 0.4 4:13.30
3650 10.5 0.4 4:13.45
3650 10.5 0.4 4:13.59
3650 9.1 0.4 4:13.73
3650 8.3 0.4 4:13.88
3650 13.0 0.4 4:14.03
3650 10.5 0.4 4:14.18
3650 10.5 0.4 4:14.32
3650 9.5 0.4 4:14.46
3650 13.6 0.4 4:14.62
3650 10.0 0.4 4:14.75
3650 8.7 0.4 4:14.89
3650 9.5 0.4 4:15.03
3650 12.5 0.4 4:15.19
3650 4.8 0.4 4:15.31
3650 9.1 0.4 4:15.47
3650 5.0 0.4 4:15.59
3650 10.0 0.4 4:15.74
3650 10.0 0.4 4:15.88
3650 9.1 0.4 4:16.01
3650 10.0 0.4 4:16.15
3650 10.5 0.4 4:16.29
3650 15.8 0.4 4:16.42
3650 10.5 0.4 4:16.55
3650 15.8 0.4 4:16.70
3650 7.7 0.4 4:16.85
3650 11.1 0.4 4:16.96
3650 8.7 0.4 4:17.11
3650 15.0 0.4 4:17.26
3650 5.3 0.4 4:17.37
3650 11.1 0.4 4:17.50
3650 11.1 0.4 4:17.62
3650 11.1 0.4 4:17.74
3650 12.5 0.4 4:17.91
3650 13.6 0.4 4:18.07
3650 12.5 0.4 4:18.24
3650 10.5 0.4 4:18.40
3650 11.1 0.4 4:18.54
3650 8.7 0.4 4:18.67
3650 10.0 0.4 4:18.82
3650 13.0 0.4 4:18.99
3650 12.5 0.4 4:19.11
3650 15.0 0.4 4:19.25
3650 8.7 0.4 4:19.39
3650 10.0 0.4 4:19.51
3650 10.5 0.4 4:19.65
3650 10.0 0.4 4:19.78
3650 9.5 0.4 4:19.91
3650 10.5 0.4 4:20.03
3650 10.0 0.4 4:20.17
3650 15.0 0.4 4:20.30
3650 15.0 0.4 4:20.44
3650 10.0 0.4 4:20.58
3650 10.5 0.4 4:20.72
3650 15.8 0.4 4:20.87
3650 5.0 0.4 4:21.00
3650 10.0 0.4 4:21.15
3650 5.6 0.4 4:21.27
3650 10.0 0.4 4:21.41
3650 10.0 0.4 4:21.55
3650 9.5 0.4 4:21.68
3650 9.5 0.4 4:21.81
3650 10.5 0.4 4:21.94
3650 9.5 0.4 4:22.08
3650 11.1 0.4 4:22.20
3650 9.1 0.4 4:22.31
3650 11.1 0.4 4:22.44
3650 10.5 0.4 4:22.56
3650 14.3 0.4 4:22.71
3650 5.0 0.4 4:22.84
3650 10.0 0.4 4:22.98
3650 10.0 0.4 4:23.12
3650 5.6 0.4 4:23.26
3650 20.0 0.4 4:23.41
3650 10.0 0.4 4:23.54
3650 10.5 0.4 4:23.67
3650 10.5 0.4 4:23.81
3650 10.5 0.4 4:23.95
3650 11.1 0.4 4:24.09
3650 10.5 0.4 4:24.23
3650 10.5 0.4 4:24.37
3650 11.1 0.4 4:24.50
3650 16.7 0.4 4:24.63
3650 8.6 0.4 4:24.82
3650 7.7 0.4 4:24.96
3650 12.5 0.4 4:25.14
3650 5.3 0.4 4:25.26
3650 5.6 0.4 4:25.38
3650 10.0 0.4 4:25.54
3650 5.3 0.4 4:25.66
3650 9.5 0.4 4:25.80
3650 9.1 0.4 4:25.95
3650 10.5 0.4 4:26.08
3650 14.3 0.4 4:26.23
3650 15.8 0.4 4:26.37
3650 11.1 0.4 4:26.50
3650 10.5 0.4 4:26.64
3650 15.0 0.4 4:26.77
3650 10.5 0.4 4:26.90
3650 10.5 0.4 4:27.02
3650 10.5 0.4 4:27.15
3650 10.5 0.4 4:27.28
3650 10.5 0.4 4:27.41
3650 10.5 0.4 4:27.55
3650 10.5 0.4 4:27.68
3650 10.0 0.4 4:27.81
3650 9.5 0.4 4:27.94
3650 5.3 0.4 4:28.06
3650 10.0 0.4 4:28.19
3650 15.8 0.4 4:28.32
3650 10.5 0.4 4:28.44
3650 16.7 0.4 4:28.57
3650 15.8 0.4 4:28.71
3650 10.0 0.4 4:28.83
3650 15.0 0.4 4:28.98
3650 10.0 0.4 4:29.10
3650 14.3 0.4 4:29.24
3650 15.0 0.4 4:29.36
3650 10.5 0.4 4:29.49
3650 11.1 0.4 4:29.62
3650 15.8 0.4 4:29.76
3650 15.0 0.4 4:29.90
3650 10.5 0.4 4:30.03
3650 15.0 0.4 4:30.17
3650 11.1 0.4 4:30.31
3650 11.1 0.4 4:30.45
3650 10.5 0.4 4:30.57
3650 11.1 0.4 4:30.70
3650 10.0 0.4 4:30.83
3650 15.8 0.4 4:30.97
3650 10.5 0.4 4:31.10
3650 10.5 0.4 4:31.21
3650 10.5 0.4 4:31.33
3650 11.1 0.4 4:31.46
3650 15.8 0.4 4:31.61
3650 7.7 0.4 4:31.75
3650 8.7 0.4 4:31.89
3650 10.5 0.4 4:32.02
3650 10.0 0.4 4:32.15
3650 10.0 0.4 4:32.29
3650 11.1 0.4 4:32.41
3650 10.0 0.4 4:32.55
3650 11.1 0.4 4:32.69
3650 16.7 0.4 4:32.83
3650 5.3 0.4 4:32.95
3650 5.3 0.4 4:33.08
3650 11.1 0.4 4:33.21
3650 15.0 0.4 4:33.34
3650 9.1 0.4 4:33.47
3650 10.5 0.4 4:33.61
3650 10.5 0.4 4:33.74
3650 10.5 0.4 4:33.88
3650 10.5 0.4 4:34.02
3650 10.5 0.4 4:34.16
3650 10.5 0.4 4:34.29
3650 10.0 0.4 4:34.43
3650 16.7 0.4 4:34.57
3650 9.5 0.4 4:34.71
3650 10.0 0.4 4:34.84
3650 10.5 0.4 4:34.97
3650 11.1 0.4 4:35.09
3650 10.5 0.4 4:35.23
3650 10.0 0.4 4:35.37
3650 16.7 0.4 4:35.50
3650 15.0 0.4 4:35.63
3650 15.8 0.4 4:35.77
3650 5.3 0.4 4:35.89
3650 10.0 0.4 4:36.03
3650 9.5 0.4 4:36.16
3650 10.0 0.4 4:36.30
3650 10.5 0.4 4:36.43
3650 15.8 0.4 4:36.57
3650 15.8 0.4 4:36.70
3650 9.5 0.4 4:36.85
3650 10.5 0.4 4:36.97
3650 10.5 0.4 4:37.10
3650 10.0 0.4 4:37.24
3650 8.7 0.4 4:37.39
3650 10.5 0.4 4:37.50
3650 11.1 0.4 4:37.63
3650 11.1 0.4 4:37.76
3650 10.5 0.4 4:37.90
3650 10.0 0.4 4:38.02
3650 5.3 0.4 4:38.12
3650 5.0 0.4 4:38.25
3650 10.5 0.4 4:38.39
3650 10.5 0.4 4:38.54
3650 4.5 0.4 4:38.65
3650 0.0 0.4 4:38.72
3650 0.0 0.4 4:38.76
