2919 0.0 0.0 0:00.00
2919 0.0 0.0 0:00.00
2919 0.0 0.0 0:00.00
2919 0.0 0.0 0:00.00
2919 0.0 0.0 0:00.00
2919 0.0 0.0 0:00.00
2919 0.0 0.0 0:00.00
2919 0.0 0.0 0:00.00
2919 0.0 0.0 0:00.00
2919 0.0 0.0 0:00.00
2919 0.0 0.0 0:00.00
2919 0.0 0.0 0:00.00
2919 0.0 0.0 0:00.00
2919 0.0 0.0 0:00.00
2919 0.0 0.0 0:00.00
2919 0.0 0.0 0:00.00
2919 0.0 0.0 0:00.00
2919 0.0 0.0 0:00.00
2919 0.0 0.0 0:00.00
2919 0.0 0.0 0:00.00
2919 0.0 0.0 0:00.00
2919 0.0 0.0 0:00.00
2919 0.0 0.0 0:00.00
2919 0.0 0.0 0:00.00
2919 0.0 0.0 0:00.00
2919 0.0 0.0 0:00.00
2919 0.0 0.0 0:00.00
2919 0.0 0.0 0:00.00
2919 0.0 0.0 0:00.00
2919 0.0 0.0 0:00.00
29190 22.2 0.1 0:00.07
2919 0.0 0.0 0:00.00
2919 0.0 0.0 0:00.00
2919 0.0 0.0 0:00.00
2919 0.0 0.0 0:00.00
2919 0.0 0.0 0:00.00
2919 0.0 0.0 0:00.00
2919 0.0 0.0 0:00.00
2919 0.0 0.0 0:00.00
2919 0.0 0.0 0:00.00
2919 0.0 0.0 0:00.00
2919 0.0 0.0 0:00.00
2919 0.0 0.0 0:00.00
2919 0.0 0.0 0:00.00
2919 0.0 0.0 0:00.00
2919 0.0 0.0 0:00.00
2919 0.0 0.0 0:00.00
2919 0.0 0.0 0:00.00
2919 0.0 0.0 0:00.00
2919 0.0 0.0 0:00.00
2919 0.0 0.0 0:00.00
2919 0.0 0.0 0:00.00
2919 0.0 0.0 0:00.00
2919 0.0 0.0 0:00.00
2919 0.0 0.0 0:00.00
2919 0.0 0.0 0:00.00
2919 0.0 0.0 0:00.00
2919 0.0 0.0 0:00.00
2919 0.0 0.0 0:00.00
2919 0.0 0.0 0:00.00
2919 0.0 0.0 0:00.00
2919 0.0 0.0 0:00.00
2919 0.0 0.0 0:00.00
2919 0.0 0.0 0:00.00
2919 0.0 0.0 0:00.00
2919 0.0 0.0 0:00.00
2919 0.0 0.0 0:00.00
2919 0.0 0.0 0:00.00
2919 0.0 0.0 0:00.00
2919 0.0 0.0 0:00.00
2919 0.0 0.0 0:00.00
2919 0.0 0.0 0:00.00
2919 0.0 0.0 0:00.00
2919 0.0 0.0 0:00.00
2919 0.0 0.0 0:00.00
