2921 0.0 0.2 0:25.05
2921 0.0 0.2 0:25.08
2921 0.0 0.2 0:25.09
2921 0.0 0.2 0:25.12
2921 0.0 0.2 0:25.13
2921 0.0 0.2 0:25.15
2921 0.0 0.2 0:25.17
2921 5.3 0.2 0:25.18
2921 0.0 0.2 0:25.18
2921 0.0 0.2 0:25.19
2921 0.0 0.2 0:25.20
2921 0.0 0.2 0:25.20
2921 5.3 0.2 0:25.21
2921 0.0 0.2 0:25.23
2921 0.0 0.2 0:25.24
2921 5.3 0.2 0:25.25
2921 0.0 0.2 0:25.26
2921 0.0 0.2 0:25.28
2921 0.0 0.2 0:25.29
2921 0.0 0.2 0:25.30
2921 0.0 0.2 0:25.30
2921 0.0 0.2 0:25.31
2921 0.0 0.2 0:25.32
2921 0.0 0.2 0:25.33
2921 0.0 0.2 0:25.34
2921 0.0 0.2 0:25.36
2921 0.0 0.2 0:25.36
2921 0.0 0.2 0:25.37
2921 0.0 0.2 0:25.39
2921 0.0 0.2 0:25.40
2921 5.3 0.2 0:25.41
2921 0.0 0.2 0:25.41
2921 0.0 0.2 0:25.42
2921 0.0 0.2 0:25.42
2921 0.0 0.2 0:25.44
2921 0.0 0.2 0:25.45
2921 0.0 0.2 0:25.45
2921 0.0 0.2 0:25.46
2921 0.0 0.2 0:25.47
2921 0.0 0.2 0:25.47
2921 0.0 0.2 0:25.47
2921 0.0 0.2 0:25.48
2921 5.0 0.2 0:25.49
2921 0.0 0.2 0:25.49
2921 0.0 0.2 0:25.51
2921 0.0 0.2 0:25.54
2921 0.0 0.2 0:25.55
2921 0.0 0.2 0:25.56
2921 0.0 0.2 0:25.57
2921 0.0 0.2 0:25.59
2921 0.0 0.2 0:25.61
2921 0.0 0.2 0:25.62
2921 0.0 0.2 0:25.62
2921 4.8 0.2 0:25.63
2921 0.0 0.2 0:25.64
2921 5.3 0.2 0:25.68
2921 0.0 0.2 0:25.68
2921 0.0 0.2 0:25.68
2921 0.0 0.2 0:25.69
2921 5.0 0.2 0:25.71
2921 0.0 0.2 0:25.71
2921 4.5 0.2 0:25.73
2921 0.0 0.2 0:25.73
2921 0.0 0.2 0:25.74
2921 0.0 0.2 0:25.76
2921 5.3 0.2 0:25.77
2921 0.0 0.2 0:25.77
2921 0.0 0.2 0:25.78
2921 0.0 0.2 0:25.79
2921 5.3 0.2 0:25.82
2921 0.0 0.2 0:25.84
2921 5.3 0.2 0:25.88
2921 4.5 0.2 0:25.89
2921 0.0 0.2 0:25.89
2921 0.0 0.2 0:25.89
2921 0.0 0.2 0:25.89
