2922 0.0 0.2 0:00.79
2922 0.0 0.2 0:00.80
2922 0.0 0.2 0:00.80
2922 0.0 0.2 0:00.80
2922 0.0 0.2 0:00.80
2922 0.0 0.2 0:00.80
2922 0.0 0.2 0:00.80
2922 0.0 0.2 0:00.80
2922 0.0 0.2 0:00.80
2922 0.0 0.2 0:00.80
2922 0.0 0.2 0:00.80
2922 0.0 0.2 0:00.80
2922 0.0 0.2 0:00.80
2922 0.0 0.2 0:00.80
2922 0.0 0.2 0:00.80
2922 0.0 0.2 0:00.80
2922 0.0 0.2 0:00.80
2922 0.0 0.2 0:00.80
2922 0.0 0.2 0:00.80
2922 0.0 0.2 0:00.80
2922 0.0 0.2 0:00.80
2922 0.0 0.2 0:00.80
2922 0.0 0.2 0:00.80
2922 0.0 0.2 0:00.80
2922 0.0 0.2 0:00.80
2922 0.0 0.2 0:00.80
2922 0.0 0.2 0:00.80
2922 0.0 0.2 0:00.80
2922 0.0 0.2 0:00.80
2922 0.0 0.2 0:00.80
2922 0.0 0.2 0:00.80
2922 0.0 0.2 0:00.80
2922 0.0 0.2 0:00.80
2922 0.0 0.2 0:00.80
2922 0.0 0.2 0:00.80
2922 0.0 0.2 0:00.80
2922 0.0 0.2 0:00.80
2922 0.0 0.2 0:00.80
2922 0.0 0.2 0:00.80
2922 0.0 0.2 0:00.80
2922 0.0 0.2 0:00.80
2922 0.0 0.2 0:00.80
2922 0.0 0.2 0:00.80
2922 0.0 0.2 0:00.80
2922 0.0 0.2 0:00.80
2922 0.0 0.2 0:00.80
2922 0.0 0.2 0:00.80
2922 0.0 0.2 0:00.80
2922 0.0 0.2 0:00.80
2922 0.0 0.2 0:00.80
2922 0.0 0.2 0:00.80
2922 0.0 0.2 0:00.80
2922 0.0 0.2 0:00.80
2922 0.0 0.2 0:00.80
2922 0.0 0.2 0:00.80
2922 0.0 0.2 0:00.80
2922 0.0 0.2 0:00.80
2922 0.0 0.2 0:00.80
12922 11.1 0.1 0:00.02
2922 0.0 0.2 0:00.80
2922 0.0 0.2 0:00.80
2922 0.0 0.2 0:00.80
2922 0.0 0.2 0:00.80
2922 0.0 0.2 0:00.80
2922 0.0 0.2 0:00.80
2922 0.0 0.2 0:00.80
2922 0.0 0.2 0:00.80
2922 0.0 0.2 0:00.80
2922 0.0 0.2 0:00.80
2922 0.0 0.2 0:00.80
2922 0.0 0.2 0:00.80
2922 0.0 0.2 0:00.80
2922 0.0 0.2 0:00.80
2922 0.0 0.2 0:00.80
2922 0.0 0.2 0:00.80
2922 0.0 0.2 0:00.80
2922 0.0 0.2 0:00.80
2922 0.0 0.2 0:00.80
2922 0.0 0.2 0:00.80
2922 0.0 0.2 0:00.80
2922 0.0 0.2 0:00.80
2922 0.0 0.2 0:00.80
2922 0.0 0.2 0:00.80
2922 0.0 0.2 0:00.80
2922 0.0 0.2 0:00.80
2922 0.0 0.2 0:00.80
2922 0.0 0.2 0:00.80
2922 0.0 0.2 0:00.80
2922 0.0 0.2 0:00.80
2922 0.0 0.2 0:00.80
2922 0.0 0.2 0:00.80
2922 0.0 0.2 0:00.80
