2922 0.0 0.2 0:01.07
2922 0.0 0.2 0:01.07
2922 0.0 0.2 0:01.07
2922 0.0 0.2 0:01.07
2922 0.0 0.2 0:01.07
2922 0.0 0.2 0:01.07
2922 0.0 0.2 0:01.07
2922 0.0 0.2 0:01.07
2922 0.0 0.2 0:01.07
2922 0.0 0.2 0:01.07
2922 0.0 0.2 0:01.07
2922 0.0 0.2 0:01.07
2922 0.0 0.2 0:01.07
2922 0.0 0.2 0:01.07
2922 0.0 0.2 0:01.07
2922 0.0 0.2 0:01.07
2922 0.0 0.2 0:01.07
2922 0.0 0.2 0:01.07
2922 0.0 0.2 0:01.07
2922 0.0 0.2 0:01.07
2922 0.0 0.2 0:01.07
2922 0.0 0.2 0:01.07
2922 0.0 0.2 0:01.07
2922 0.0 0.2 0:01.07
2922 0.0 0.2 0:01.07
2922 0.0 0.2 0:01.07
2922 0.0 0.2 0:01.07
2922 0.0 0.2 0:01.07
2922 0.0 0.2 0:01.07
2922 0.0 0.2 0:01.07
2922 0.0 0.2 0:01.07
2922 0.0 0.2 0:01.07
2922 0.0 0.2 0:01.07
2922 0.0 0.2 0:01.07
2922 0.0 0.2 0:01.07
2922 0.0 0.2 0:01.07
2922 0.0 0.2 0:01.07
2922 0.0 0.2 0:01.07
2922 0.0 0.2 0:01.07
2922 0.0 0.2 0:01.07
2922 0.0 0.2 0:01.07
2922 0.0 0.2 0:01.07
2922 0.0 0.2 0:01.07
2922 0.0 0.2 0:01.07
2922 0.0 0.2 0:01.07
2922 0.0 0.2 0:01.07
2922 0.0 0.2 0:01.07
2922 0.0 0.2 0:01.07
2922 0.0 0.2 0:01.07
2922 0.0 0.2 0:01.07
2922 0.0 0.2 0:01.07
2922 0.0 0.2 0:01.07
2922 0.0 0.2 0:01.07
2922 0.0 0.2 0:01.07
2922 0.0 0.2 0:01.07
2922 0.0 0.2 0:01.07
2922 0.0 0.2 0:01.07
2922 0.0 0.2 0:01.07
2922 0.0 0.2 0:01.07
2922 0.0 0.2 0:01.07
2922 0.0 0.2 0:01.07
2922 0.0 0.2 0:01.07
2922 0.0 0.2 0:01.07
2922 0.0 0.2 0:01.07
2922 0.0 0.2 0:01.07
2922 0.0 0.2 0:01.07
2922 0.0 0.2 0:01.07
2922 0.0 0.2 0:01.07
2922 0.0 0.2 0:01.07
2922 0.0 0.2 0:01.07
2922 0.0 0.2 0:01.07
2922 0.0 0.2 0:01.07
2922 0.0 0.2 0:01.07
2922 0.0 0.2 0:01.07
2922 0.0 0.2 0:01.07
