2922 5.3 0.2 0:00.13
2922 0.0 0.2 0:00.13
2922 0.0 0.2 0:00.19
2922 0.0 0.2 0:00.20
2922 0.0 0.2 0:00.22
2922 0.0 0.2 0:00.23
2922 0.0 0.2 0:00.23
2922 4.8 0.2 0:00.25
2922 0.0 0.2 0:00.25
2922 5.6 0.2 0:00.26
2922 0.0 0.2 0:00.26
2922 0.0 0.2 0:00.26
2922 0.0 0.2 0:00.26
2922 0.0 0.2 0:00.26
2922 0.0 0.2 0:00.26
2922 0.0 0.2 0:00.26
2922 0.0 0.2 0:00.26
2922 0.0 0.2 0:00.26
2922 0.0 0.2 0:00.26
2922 0.0 0.2 0:00.26
2922 0.0 0.2 0:00.26
2922 0.0 0.2 0:00.26
2922 0.0 0.2 0:00.27
2922 0.0 0.2 0:00.27
2922 0.0 0.2 0:00.27
2922 0.0 0.2 0:00.27
2922 0.0 0.2 0:00.27
2922 0.0 0.2 0:00.27
2922 0.0 0.2 0:00.27
2922 0.0 0.2 0:00.27
2922 0.0 0.2 0:00.27
2922 0.0 0.2 0:00.27
2922 0.0 0.2 0:00.27
2922 0.0 0.2 0:00.27
2922 0.0 0.2 0:00.27
2922 0.0 0.2 0:00.27
2922 0.0 0.2 0:00.27
2922 0.0 0.2 0:00.27
2922 0.0 0.2 0:00.27
2922 0.0 0.2 0:00.27
2922 0.0 0.2 0:00.27
2922 0.0 0.2 0:00.27
2922 0.0 0.2 0:00.27
2922 0.0 0.2 0:00.27
2922 0.0 0.2 0:00.27
2922 0.0 0.2 0:00.27
2922 0.0 0.2 0:00.27
12922 0.0 0.0 0:00.00
2922 0.0 0.2 0:00.27
2922 0.0 0.2 0:00.27
2922 0.0 0.2 0:00.27
2922 0.0 0.2 0:00.27
2922 0.0 0.2 0:00.27
2922 0.0 0.2 0:00.27
2922 0.0 0.2 0:00.27
2922 0.0 0.2 0:00.27
2922 0.0 0.2 0:00.27
2922 0.0 0.2 0:00.27
2922 0.0 0.2 0:00.27
2922 0.0 0.2 0:00.27
2922 0.0 0.2 0:00.27
2922 0.0 0.2 0:00.27
2922 0.0 0.2 0:00.27
2922 0.0 0.2 0:00.27
2922 0.0 0.2 0:00.27
2922 0.0 0.2 0:00.27
2922 0.0 0.2 0:00.27
2922 0.0 0.2 0:00.27
2922 0.0 0.2 0:00.27
2922 0.0 0.2 0:00.27
2922 0.0 0.2 0:00.27
2922 0.0 0.2 0:00.27
2922 0.0 0.2 0:00.27
2922 0.0 0.2 0:00.27
2922 0.0 0.2 0:00.27
2922 0.0 0.2 0:00.27
2922 0.0 0.2 0:00.27
2922 0.0 0.2 0:00.27
2922 0.0 0.2 0:00.27
2922 0.0 0.2 0:00.27
2922 0.0 0.2 0:00.27
2922 0.0 0.2 0:00.27
2922 0.0 0.2 0:00.27
2922 0.0 0.2 0:00.27
2922 0.0 0.2 0:00.27
2922 0.0 0.2 0:00.27
2922 0.0 0.2 0:00.27
2922 0.0 0.2 0:00.27
2922 0.0 0.2 0:00.27
2922 0.0 0.2 0:00.27
2922 0.0 0.2 0:00.27
2922 0.0 0.2 0:00.27
2922 0.0 0.2 0:00.27
2922 0.0 0.2 0:00.27
2922 0.0 0.2 0:00.27
2922 0.0 0.2 0:00.27
2922 0.0 0.2 0:00.27
2922 0.0 0.2 0:00.27
2922 0.0 0.2 0:00.27
2922 0.0 0.2 0:00.27
2922 0.0 0.2 0:00.27
2922 0.0 0.2 0:00.27
2922 0.0 0.2 0:00.27
2922 0.0 0.2 0:00.27
2922 0.0 0.2 0:00.27
2922 0.0 0.2 0:00.27
2922 0.0 0.2 0:00.27
2922 0.0 0.2 0:00.27
2922 0.0 0.2 0:00.27
2922 0.0 0.2 0:00.27
2922 0.0 0.2 0:00.27
2922 0.0 0.2 0:00.27
2922 0.0 0.2 0:00.27
2922 0.0 0.2 0:00.27
2922 0.0 0.2 0:00.27
2922 0.0 0.2 0:00.27
2922 0.0 0.2 0:00.27
2922 0.0 0.2 0:00.27
2922 0.0 0.2 0:00.27
2922 0.0 0.2 0:00.27
2922 0.0 0.2 0:00.27
2922 0.0 0.2 0:00.27
2922 0.0 0.2 0:00.27
2922 0.0 0.2 0:00.27
2922 0.0 0.2 0:00.27
2922 0.0 0.2 0:00.27
2922 0.0 0.2 0:00.27
2922 0.0 0.2 0:00.27
2922 0.0 0.2 0:00.27
2922 0.0 0.2 0:00.27
2922 0.0 0.2 0:00.27
2922 0.0 0.2 0:00.27
2922 0.0 0.2 0:00.27
