2923 0.0 0.2 0:02.09
2923 0.0 0.2 0:02.09
2923 0.0 0.2 0:02.10
2923 0.0 0.2 0:02.11
2923 0.0 0.2 0:02.13
2923 0.0 0.2 0:02.13
2923 0.0 0.2 0:02.13
2923 0.0 0.2 0:02.13
2923 0.0 0.2 0:02.13
2923 0.0 0.2 0:02.13
2923 0.0 0.2 0:02.13
2923 0.0 0.2 0:02.13
2923 0.0 0.2 0:02.13
2923 0.0 0.2 0:02.13
2923 0.0 0.2 0:02.13
2923 0.0 0.2 0:02.14
2923 0.0 0.2 0:02.14
2923 0.0 0.2 0:02.14
2923 0.0 0.2 0:02.14
2923 0.0 0.2 0:02.14
2923 0.0 0.2 0:02.14
2923 0.0 0.2 0:02.14
2923 0.0 0.2 0:02.14
2923 0.0 0.2 0:02.14
2923 0.0 0.2 0:02.14
2923 0.0 0.2 0:02.14
2923 0.0 0.2 0:02.14
2923 0.0 0.2 0:02.14
2923 0.0 0.2 0:02.14
2923 0.0 0.2 0:02.14
2923 0.0 0.2 0:02.14
2923 0.0 0.2 0:02.14
2923 0.0 0.2 0:02.14
2923 0.0 0.2 0:02.14
2923 0.0 0.2 0:02.14
2923 0.0 0.2 0:02.14
2923 0.0 0.2 0:02.14
2923 0.0 0.2 0:02.14
2923 0.0 0.2 0:02.14
2923 0.0 0.2 0:02.14
2923 0.0 0.2 0:02.14
2923 0.0 0.2 0:02.14
2923 0.0 0.2 0:02.14
2923 0.0 0.2 0:02.14
2923 0.0 0.2 0:02.14
2923 0.0 0.2 0:02.14
2923 0.0 0.2 0:02.14
2923 0.0 0.2 0:02.14
2923 0.0 0.2 0:02.14
2923 0.0 0.2 0:02.14
2923 0.0 0.2 0:02.14
2923 0.0 0.2 0:02.14
2923 0.0 0.2 0:02.14
2923 0.0 0.2 0:02.14
2923 0.0 0.2 0:02.14
2923 0.0 0.2 0:02.14
2923 0.0 0.2 0:02.14
2923 0.0 0.2 0:02.14
2923 0.0 0.2 0:02.14
2923 0.0 0.2 0:02.14
2923 0.0 0.2 0:02.14
2923 0.0 0.2 0:02.14
2923 0.0 0.2 0:02.14
2923 0.0 0.2 0:02.14
2923 0.0 0.2 0:02.14
2923 0.0 0.2 0:02.14
2923 0.0 0.2 0:02.14
2923 0.0 0.2 0:02.14
2923 0.0 0.2 0:02.14
2923 0.0 0.2 0:02.14
2923 0.0 0.2 0:02.14
2923 0.0 0.2 0:02.14
2923 0.0 0.2 0:02.14
2923 0.0 0.2 0:02.14
2923 0.0 0.2 0:02.14
