715 0.0 0.1 0:00.00
715 0.0 0.1 0:00.00
715 0.0 0.1 0:00.00
715 0.0 0.1 0:00.00
715 0.0 0.1 0:00.00
715 0.0 0.1 0:00.00
715 0.0 0.1 0:00.00
715 0.0 0.1 0:00.00
715 0.0 0.1 0:00.00
715 0.0 0.1 0:00.00
715 0.0 0.1 0:00.00
715 0.0 0.1 0:00.00
715 0.0 0.1 0:00.00
715 0.0 0.1 0:00.00
715 0.0 0.1 0:00.00
715 0.0 0.1 0:00.00
715 0.0 0.1 0:00.00
715 0.0 0.1 0:00.00
715 0.0 0.1 0:00.00
715 0.0 0.1 0:00.00
715 0.0 0.1 0:00.00
715 0.0 0.1 0:00.00
715 0.0 0.1 0:00.00
715 0.0 0.1 0:00.00
715 0.0 0.1 0:00.00
715 0.0 0.1 0:00.00
715 0.0 0.1 0:00.00
715 0.0 0.1 0:00.00
715 0.0 0.1 0:00.00
715 0.0 0.1 0:00.00
715 0.0 0.1 0:00.00
715 0.0 0.1 0:00.00
715 0.0 0.1 0:00.00
715 0.0 0.1 0:00.00
715 0.0 0.1 0:00.00
715 0.0 0.1 0:00.00
715 0.0 0.1 0:00.00
715 0.0 0.1 0:00.00
715 0.0 0.1 0:00.00
715 0.0 0.1 0:00.00
715 0.0 0.1 0:00.00
715 0.0 0.1 0:00.00
715 0.0 0.1 0:00.00
715 0.0 0.1 0:00.00
715 0.0 0.1 0:00.00
715 0.0 0.1 0:00.00
715 0.0 0.1 0:00.00
715 0.0 0.1 0:00.00
715 0.0 0.1 0:00.00
715 0.0 0.1 0:00.00
715 0.0 0.1 0:00.00
715 0.0 0.1 0:00.00
715 0.0 0.1 0:00.00
715 0.0 0.1 0:00.00
715 0.0 0.1 0:00.00
715 0.0 0.1 0:00.00
715 0.0 0.1 0:00.00
715 0.0 0.1 0:00.00
715 0.0 0.1 0:00.00
715 0.0 0.1 0:00.00
715 0.0 0.1 0:00.00
715 0.0 0.1 0:00.00
715 0.0 0.1 0:00.00
715 0.0 0.1 0:00.00
715 0.0 0.1 0:00.00
715 0.0 0.1 0:00.00
715 0.0 0.1 0:00.00
715 0.0 0.1 0:00.00
715 0.0 0.1 0:00.00
KiB used, 271516 buff/cache
KiB used, 271548 buff/cache
KiB used, 271576 buff/cache
715 0.0 0.1 0:00.00
715 0.0 0.1 0:00.00
715 0.0 0.1 0:00.00
715 0.0 0.1 0:00.00
715 0.0 0.1 0:00.00
715 0.0 0.1 0:00.00
715 0.0 0.1 0:00.00
715 0.0 0.1 0:00.00
