716 5.6 0.4 0:28.89
716 0.0 0.4 0:28.91
716 5.0 0.4 0:28.94
716 5.3 0.4 0:28.98
716 11.1 0.4 0:29.03
716 0.0 0.4 0:29.05
716 0.0 0.4 0:29.09
716 5.6 0.4 0:29.14
716 0.0 0.4 0:29.18
716 0.0 0.4 0:29.22
716 5.3 0.4 0:29.26
716 4.8 0.4 0:29.30
716 0.0 0.4 0:29.33
716 0.0 0.4 0:29.37
716 5.3 0.4 0:29.41
716 5.3 0.4 0:29.45
716 5.3 0.4 0:29.48
716 5.3 0.4 0:29.52
716 5.3 0.4 0:29.55
716 5.0 0.4 0:29.59
716 4.5 0.4 0:29.63
716 5.0 0.4 0:29.67
716 4.8 0.4 0:29.71
716 5.6 0.4 0:29.75
716 4.8 0.4 0:29.79
716 5.3 0.4 0:29.82
716 5.6 0.4 0:29.86
716 0.0 0.4 0:29.89
716 5.6 0.4 0:29.93
716 5.6 0.4 0:29.97
716 5.3 0.4 0:30.01
716 0.0 0.4 0:30.04
716 0.0 0.4 0:30.08
716 5.6 0.4 0:30.13
716 0.0 0.4 0:30.16
716 5.0 0.4 0:30.20
716 5.6 0.4 0:30.25
716 5.3 0.4 0:30.29
716 5.3 0.4 0:30.33
716 5.6 0.4 0:30.37
KiB used, 291732 buff/cache
716 5.3 0.4 0:30.45
716 5.3 0.4 0:30.49
716 0.0 0.4 0:30.52
716 0.0 0.4 0:30.56
716 0.0 0.4 0:30.60
716 5.0 0.4 0:30.64
716 5.0 0.4 0:30.68
716 5.3 0.4 0:30.71
716 5.3 0.4 0:30.75
716 5.3 0.4 0:30.80
716 5.3 0.4 0:30.85
716 5.0 0.4 0:30.89
KiB used, 292096 buff/cache
716 0.0 0.4 0:30.96
716 0.0 0.4 0:30.99
716 5.3 0.4 0:31.03
716 5.6 0.4 0:31.07
716 5.3 0.4 0:31.12
716 5.6 0.4 0:31.15
716 0.0 0.4 0:31.18
716 5.3 0.4 0:31.22
716 4.8 0.4 0:31.26
716 0.0 0.4 0:31.30
716 5.3 0.4 0:31.35
716 0.0 0.4 0:31.38
716 5.3 0.4 0:31.43
716 0.0 0.4 0:31.47
716 5.3 0.4 0:31.51
716 5.3 0.4 0:31.56
716 0.0 0.4 0:31.59
716 0.0 0.4 0:31.62
716 5.0 0.4 0:31.67
716 5.3 0.4 0:31.70
716 5.0 0.4 0:31.73
716 0.0 0.4 0:31.76
716 5.6 0.4 0:31.80
KiB used, 292716 buff/cache
716 0.0 0.4 0:31.87
716 0.0 0.4 0:31.87
716 0.0 0.4 0:31.87
716 0.0 0.4 0:31.87
716 0.0 0.4 0:31.87
716 0.0 0.4 0:31.87
716 0.0 0.4 0:31.87
716 0.0 0.4 0:31.87
716 0.0 0.4 0:31.87
716 0.0 0.4 0:31.87
716 0.0 0.4 0:31.87
KiB used, 292728 buff/cache
