716 0.0 0.4 0:34.79
716 5.6 0.4 0:34.83
716 5.6 0.4 0:34.86
716 0.0 0.4 0:34.89
716 5.6 0.4 0:34.91
716 0.0 0.4 0:34.91
716 0.0 0.4 0:34.91
716 0.0 0.4 0:34.91
716 5.3 0.4 0:34.92
716 5.6 0.4 0:34.95
716 0.0 0.4 0:34.97
716 0.0 0.4 0:35.00
716 0.0 0.4 0:35.03
716 0.0 0.4 0:35.06
716 0.0 0.4 0:35.08
716 5.6 0.4 0:35.11
716 5.3 0.4 0:35.14
716 5.3 0.4 0:35.17
716 5.3 0.4 0:35.20
716 5.9 0.4 0:35.22
716 5.3 0.4 0:35.26
716 5.3 0.4 0:35.30
716 0.0 0.4 0:35.33
716 0.0 0.4 0:35.36
716 0.0 0.4 0:35.39
716 0.0 0.4 0:35.42
716 0.0 0.4 0:35.45
716 0.0 0.4 0:35.49
716 5.6 0.4 0:35.53
716 0.0 0.4 0:35.56
716 5.6 0.4 0:35.60
716 0.0 0.4 0:35.62
716 0.0 0.4 0:35.65
716 0.0 0.4 0:35.68
716 0.0 0.4 0:35.72
716 5.6 0.4 0:35.75
716 0.0 0.4 0:35.77
716 0.0 0.4 0:35.80
716 11.1 0.4 0:35.85
716 11.1 0.4 0:35.88
716 0.0 0.4 0:35.90
KiB used, 296320 buff/cache
716 5.0 0.4 0:35.97
716 0.0 0.4 0:35.99
716 0.0 0.4 0:36.03
716 5.3 0.4 0:36.06
716 10.5 0.4 0:36.10
716 5.0 0.4 0:36.12
716 5.0 0.4 0:36.15
716 5.6 0.4 0:36.18
716 5.6 0.4 0:36.21
716 0.0 0.4 0:36.23
716 5.3 0.4 0:36.27
716 5.3 0.4 0:36.30
716 0.0 0.4 0:36.33
716 0.0 0.4 0:36.36
716 5.3 0.4 0:36.40
716 5.6 0.4 0:36.44
716 0.0 0.4 0:36.47
716 0.0 0.4 0:36.50
716 5.6 0.4 0:36.54
716 0.0 0.4 0:36.57
716 0.0 0.4 0:36.59
716 5.6 0.4 0:36.63
716 10.5 0.4 0:36.67
716 0.0 0.4 0:36.69
716 0.0 0.4 0:36.72
716 5.3 0.4 0:36.76
716 0.0 0.4 0:36.79
716 0.0 0.4 0:36.81
716 5.3 0.4 0:36.85
716 0.0 0.4 0:36.87
716 5.6 0.4 0:36.91
716 4.8 0.4 0:36.94
716 5.3 0.4 0:36.97
716 5.3 0.4 0:37.00
716 0.0 0.4 0:37.03
716 0.0 0.4 0:37.06
716 0.0 0.4 0:37.10
KiB used, 297160 buff/cache
716 0.0 0.4 0:37.16
KiB used, 297196 buff/cache
716 5.6 0.4 0:37.22
716 0.0 0.4 0:37.22
716 0.0 0.4 0:37.22
716 0.0 0.4 0:37.22
716 0.0 0.4 0:37.22
716 0.0 0.4 0:37.22
716 0.0 0.4 0:37.22
716 0.0 0.4 0:37.22
716 0.0 0.4 0:37.22
716 0.0 0.4 0:37.22
716 0.0 0.4 0:37.22
716 0.0 0.4 0:37.22
716 0.0 0.4 0:37.22
KiB used, 297220 buff/cache
716 0.0 0.4 0:37.22
716 0.0 0.4 0:37.22
716 0.0 0.4 0:37.22
