717 5.3 0.4 1:15.62
717 4.8 0.4 1:15.64
717 5.3 0.4 1:15.66
717 5.3 0.4 1:15.68
717 0.0 0.4 1:15.70
717 0.0 0.4 1:15.73
717 0.0 0.4 1:15.74
717 5.3 0.4 1:15.77
717 0.0 0.4 1:15.78
717 0.0 0.4 1:15.80
717 0.0 0.4 1:15.82
717 5.0 0.4 1:15.85
717 0.0 0.4 1:15.87
717 0.0 0.4 1:15.89
717 0.0 0.4 1:15.91
717 0.0 0.4 1:15.94
717 0.0 0.4 1:15.96
717 0.0 0.4 1:15.98
717 0.0 0.4 1:16.00
717 0.0 0.4 1:16.03
717 5.3 0.4 1:16.05
717 0.0 0.4 1:16.07
717 0.0 0.4 1:16.09
717 5.6 0.4 1:16.12
717 0.0 0.4 1:16.14
717 10.0 0.4 1:16.18
717 0.0 0.4 1:16.19
717 5.3 0.4 1:16.21
717 0.0 0.4 1:16.23
717 5.0 0.4 1:16.26
717 5.0 0.4 1:16.28
717 5.0 0.4 1:16.31
717 0.0 0.4 1:16.33
717 0.0 0.4 1:16.35
717 0.0 0.4 1:16.37
717 4.8 0.4 1:16.40
717 0.0 0.4 1:16.42
717 10.5 0.4 1:16.46
717 0.0 0.4 1:16.47
717 5.0 0.4 1:16.50
717 0.0 0.4 1:16.52
717 5.3 0.4 1:16.55
717 0.0 0.4 1:16.56
717 5.6 0.4 1:16.59
717 0.0 0.4 1:16.61
717 5.0 0.4 1:16.64
717 0.0 0.4 1:16.66
717 0.0 0.4 1:16.68
717 5.6 0.4 1:16.70
717 0.0 0.4 1:16.72
717 5.0 0.4 1:16.75
717 5.6 0.4 1:16.77
717 0.0 0.4 1:16.79
17178 20.0 0.2 0:00.04
717 0.0 0.4 1:16.84
717 5.6 0.4 1:16.86
717 5.3 0.4 1:16.88
717 0.0 0.4 1:16.90
717 5.3 0.4 1:16.93
717 0.0 0.4 1:16.95
717 0.0 0.4 1:16.98
717 0.0 0.4 1:17.00
717 5.3 0.4 1:17.02
717 5.6 0.4 1:17.04
717 0.0 0.4 1:17.06
717 0.0 0.4 1:17.08
717 5.3 0.4 1:17.11
717 5.3 0.4 1:17.13
717 5.6 0.4 1:17.15
717 0.0 0.4 1:17.17
717 0.0 0.4 1:17.20
717 0.0 0.4 1:17.23
717 4.8 0.4 1:17.24
717 0.0 0.4 1:17.27
717 5.3 0.4 1:17.30
717 5.3 0.4 1:17.32
717 0.0 0.4 1:17.34
717 5.6 0.4 1:17.37
717 0.0 0.4 1:17.39
717 0.0 0.4 1:17.39
717 0.0 0.4 1:17.39
717 0.0 0.4 1:17.39
717 0.0 0.4 1:17.39
717 0.0 0.4 1:17.39
717 0.0 0.4 1:17.39
717 0.0 0.4 1:17.39
717 0.0 0.4 1:17.39
717 0.0 0.4 1:17.39
717 0.0 0.4 1:17.39
717 0.0 0.4 1:17.39
717 0.0 0.4 1:17.39
717 0.0 0.4 1:17.39
717 0.0 0.4 1:17.39
717 0.0 0.4 1:17.39
