717 10.5 0.4 0:47.38
717 0.0 0.4 0:47.40
717 5.3 0.4 0:47.44
717 5.3 0.4 0:47.48
717 5.3 0.4 0:47.51
717 5.0 0.4 0:47.54
717 5.3 0.4 0:47.57
717 0.0 0.4 0:47.60
717 4.8 0.4 0:47.63
717 0.0 0.4 0:47.66
717 0.0 0.4 0:47.69
717 5.3 0.4 0:47.73
717 0.0 0.4 0:47.77
717 0.0 0.4 0:47.80
717 0.0 0.4 0:47.83
717 5.6 0.4 0:47.86
717 4.8 0.4 0:47.89
717 0.0 0.4 0:47.92
717 10.5 0.4 0:47.97
717 0.0 0.4 0:47.98
717 5.3 0.4 0:48.01
717 0.0 0.4 0:48.03
717 0.0 0.4 0:48.06
717 4.8 0.4 0:48.09
717 0.0 0.4 0:48.13
717 0.0 0.4 0:48.15
717 5.6 0.4 0:48.19
717 5.3 0.4 0:48.22
717 5.3 0.4 0:48.25
717 0.0 0.4 0:48.28
717 0.0 0.4 0:48.31
717 5.6 0.4 0:48.34
717 0.0 0.4 0:48.37
717 0.0 0.4 0:48.40
717 5.3 0.4 0:48.43
717 0.0 0.4 0:48.45
717 0.0 0.4 0:48.48
717 5.6 0.4 0:48.52
717 5.3 0.4 0:48.55
717 4.8 0.4 0:48.59
717 0.0 0.4 0:48.61
717 0.0 0.4 0:48.65
25717 15.8 0.2 0:00.03
717 0.0 0.4 0:48.71
717 5.6 0.4 0:48.74
717 0.0 0.4 0:48.77
717 0.0 0.4 0:48.80
717 0.0 0.4 0:48.84
717 5.3 0.4 0:48.88
717 5.3 0.4 0:48.92
717 0.0 0.4 0:48.94
717 5.3 0.4 0:48.97
717 5.0 0.4 0:49.01
717 5.6 0.4 0:49.05
717 5.0 0.4 0:49.08
717 5.6 0.4 0:49.11
717 5.6 0.4 0:49.14
717 5.0 0.4 0:49.18
717 0.0 0.4 0:49.20
717 0.0 0.4 0:49.24
717 0.0 0.4 0:49.27
717 5.3 0.4 0:49.31
717 5.3 0.4 0:49.34
717 5.3 0.4 0:49.37
717 0.0 0.4 0:49.39
717 5.3 0.4 0:49.44
717 5.3 0.4 0:49.47
717 0.0 0.4 0:49.50
717 0.0 0.4 0:49.53
717 0.0 0.4 0:49.56
717 5.3 0.4 0:49.60
717 5.6 0.4 0:49.63
717 5.3 0.4 0:49.67
717 0.0 0.4 0:49.70
717 4.8 0.4 0:49.74
717 0.0 0.4 0:49.76
717 0.0 0.4 0:49.79
717 0.0 0.4 0:49.82
27177 10.5 0.2 0:00.05
717 0.0 0.4 0:49.85
717 0.0 0.4 0:49.85
717 0.0 0.4 0:49.85
717 0.0 0.4 0:49.85
717 0.0 0.4 0:49.85
717 0.0 0.4 0:49.85
717 0.0 0.4 0:49.85
717 0.0 0.4 0:49.85
717 0.0 0.4 0:49.85
717 0.0 0.4 0:49.85
717 0.0 0.4 0:49.85
717 0.0 0.4 0:49.85
717 0.0 0.4 0:49.85
717 0.0 0.4 0:49.85
717 0.0 0.4 0:49.85
717 0.0 0.4 0:49.85
717 0.0 0.4 0:49.85
717 0.0 0.4 0:49.85
717 0.0 0.4 0:49.85
