717 0.0 0.4 1:22.25
717 0.0 0.4 1:22.27
717 0.0 0.4 1:22.29
717 5.6 0.4 1:22.32
717 0.0 0.4 1:22.34
717 0.0 0.4 1:22.36
717 5.3 0.4 1:22.38
717 5.3 0.4 1:22.40
717 5.3 0.4 1:22.42
717 0.0 0.4 1:22.44
717 0.0 0.4 1:22.46
717 0.0 0.4 1:22.48
717 5.6 0.4 1:22.51
717 0.0 0.4 1:22.52
717 0.0 0.4 1:22.54
717 0.0 0.4 1:22.56
717 0.0 0.4 1:22.58
717 5.3 0.4 1:22.61
717 5.0 0.4 1:22.63
717 0.0 0.4 1:22.64
717 5.3 0.4 1:22.67
717 4.8 0.4 1:22.69
717 5.0 0.4 1:22.71
717 0.0 0.4 1:22.73
717 5.6 0.4 1:22.74
717 5.0 0.4 1:22.76
717 0.0 0.4 1:22.78
717 0.0 0.4 1:22.80
717 0.0 0.4 1:22.82
717 0.0 0.4 1:22.84
717 5.3 0.4 1:22.86
717 5.6 0.4 1:22.88
717 0.0 0.4 1:22.90
717 5.6 0.4 1:22.92
717 0.0 0.4 1:22.94
717 0.0 0.4 1:22.96
717 0.0 0.4 1:22.98
717 5.6 0.4 1:23.00
717 0.0 0.4 1:23.01
717 0.0 0.4 1:23.03
717 0.0 0.4 1:23.06
717 0.0 0.4 1:23.07
717 5.6 0.4 1:23.10
717 5.6 0.4 1:23.12
717 0.0 0.4 1:23.13
717 5.3 0.4 1:23.16
717 0.0 0.4 1:23.17
717 5.6 0.4 1:23.20
717 5.6 0.4 1:23.22
717 0.0 0.4 1:23.23
717 0.0 0.4 1:23.25
717 0.0 0.4 1:23.27
717 0.0 0.4 1:23.29
717 0.0 0.4 1:23.31
717 5.6 0.4 1:23.34
717 5.9 0.4 1:23.36
717 0.0 0.4 1:23.37
717 0.0 0.4 1:23.39
717 5.3 0.4 1:23.41
717 5.3 0.4 1:23.43
717 5.0 0.4 1:23.45
717 5.0 0.4 1:23.47
717 0.0 0.4 1:23.48
717 0.0 0.4 1:23.51
717 0.0 0.4 1:23.53
717 0.0 0.4 1:23.55
717 5.6 0.4 1:23.58
717 5.6 0.4 1:23.60
717 5.3 0.4 1:23.62
717 0.0 0.4 1:23.64
717 0.0 0.4 1:23.67
717 0.0 0.4 1:23.69
717 10.5 0.4 1:23.72
717 0.0 0.4 1:23.72
717 0.0 0.4 1:23.74
717 0.0 0.4 1:23.76
717 5.3 0.4 1:23.78
717 0.0 0.4 1:23.80
717 0.0 0.4 1:23.81
717 0.0 0.4 1:23.82
717 0.0 0.4 1:23.82
717 0.0 0.4 1:23.82
717 0.0 0.4 1:23.82
717 0.0 0.4 1:23.82
717 0.0 0.4 1:23.82
717 0.0 0.4 1:23.82
