717 5.6 0.4 0:56.50
717 5.3 0.4 0:56.53
717 0.0 0.4 0:56.55
717 0.0 0.4 0:56.58
717 0.0 0.4 0:56.61
717 5.6 0.4 0:56.64
717 5.3 0.4 0:56.68
717 0.0 0.4 0:56.69
717 0.0 0.4 0:56.74
717 5.3 0.4 0:56.75
717 0.0 0.4 0:56.77
717 0.0 0.4 0:56.79
717 5.3 0.4 0:56.82
717 11.1 0.4 0:56.86
717 5.0 0.4 0:56.88
717 0.0 0.4 0:56.90
717 5.6 0.4 0:56.93
717 0.0 0.4 0:56.95
717 0.0 0.4 0:56.98
717 0.0 0.4 0:57.00
717 0.0 0.4 0:57.03
717 0.0 0.4 0:57.06
717 0.0 0.4 0:57.08
717 5.6 0.4 0:57.11
717 5.6 0.4 0:57.14
717 0.0 0.4 0:57.17
717 5.3 0.4 0:57.20
717 5.6 0.4 0:57.23
717 0.0 0.4 0:57.25
717 5.6 0.4 0:57.28
717 0.0 0.4 0:57.30
717 5.3 0.4 0:57.33
717 0.0 0.4 0:57.35
717 0.0 0.4 0:57.38
717 5.0 0.4 0:57.40
717 0.0 0.4 0:57.43
717 5.3 0.4 0:57.46
717 0.0 0.4 0:57.48
717 5.0 0.4 0:57.51
717 5.6 0.4 0:57.53
717 0.0 0.4 0:57.55
717 0.0 0.4 0:57.58
717 5.3 0.4 0:57.62
717 5.3 0.4 0:57.65
717 0.0 0.4 0:57.67
717 0.0 0.4 0:57.69
717 0.0 0.4 0:57.72
717 0.0 0.4 0:57.75
717 5.3 0.4 0:57.78
717 0.0 0.4 0:57.80
717 5.3 0.4 0:57.83
717 0.0 0.4 0:57.85
717 5.6 0.4 0:57.89
717 0.0 0.4 0:57.91
717 0.0 0.4 0:57.94
717 0.0 0.4 0:57.97
717 0.0 0.4 0:58.00
717 5.3 0.4 0:58.03
717 5.6 0.4 0:58.06
717 0.0 0.4 0:58.08
717 5.3 0.4 0:58.11
717 0.0 0.4 0:58.13
717 0.0 0.4 0:58.16
717 5.6 0.4 0:58.20
717 0.0 0.4 0:58.22
717 0.0 0.4 0:58.25
717 5.3 0.4 0:58.28
717 0.0 0.4 0:58.30
717 5.0 0.4 0:58.33
717 0.0 0.4 0:58.35
717 0.0 0.4 0:58.38
717 5.6 0.4 0:58.41
717 5.0 0.4 0:58.43
717 5.0 0.4 0:58.46
717 5.3 0.4 0:58.49
717 0.0 0.4 0:58.51
717 0.0 0.4 0:58.54
717 5.6 0.4 0:58.58
717 0.0 0.4 0:58.60
717 0.0 0.4 0:58.61
717 0.0 0.4 0:58.61
717 0.0 0.4 0:58.61
717 0.0 0.4 0:58.61
717 0.0 0.4 0:58.61
717 0.0 0.4 0:58.61
717 0.0 0.4 0:58.61
717 0.0 0.4 0:58.61
717 0.0 0.4 0:58.61
717 0.0 0.4 0:58.61
717 0.0 0.4 0:58.61
717 0.0 0.4 0:58.61
717 0.0 0.4 0:58.61
717 0.0 0.4 0:58.61
717 0.0 0.4 0:58.61
717 0.0 0.4 0:58.61
717 0.0 0.4 0:58.61
717 0.0 0.4 0:58.61
717 0.0 0.4 0:58.61
717 0.0 0.4 0:58.61
