719 4.3 0.4 0:00.14
719 3.7 0.4 0:00.16
719 4.8 0.4 0:00.17
719 3.1 0.4 0:00.18
719 3.4 0.4 0:00.18
719 3.4 0.4 0:00.18
719 5.0 0.4 0:00.18
719 3.7 0.4 0:00.18
719 3.2 0.4 0:00.18
719 3.2 0.4 0:00.18
719 3.0 0.4 0:00.18
719 9.9 0.4 0:00.30
719 11.1 0.4 0:00.36
719 5.3 0.4 0:00.45
719 11.1 0.4 0:00.54
719 5.6 0.4 0:00.60
KiB used, 262040 buff/cache
719 15.8 0.4 0:00.76
719 5.6 0.4 0:00.82
719 4.5 0.4 0:00.89
719 10.5 0.4 0:00.95
719 11.1 0.4 0:01.01
719 11.1 0.4 0:01.07
719 11.1 0.4 0:01.13
719 3.7 0.4 0:01.19
719 5.3 0.4 0:01.24
719 0.0 0.4 0:01.29
719 0.0 0.4 0:01.35
719 5.6 0.4 0:01.40
719 3.8 0.4 0:01.48
719 4.0 0.4 0:01.54
719 5.6 0.4 0:01.59
719 0.0 0.4 0:01.65
719 10.0 0.4 0:01.71
719 5.3 0.4 0:01.76
719 5.6 0.4 0:01.82
719 5.6 0.4 0:01.87
719 0.0 0.4 0:01.92
719 5.6 0.4 0:01.98
719 11.1 0.4 0:02.05
719 5.6 0.4 0:02.10
719 0.0 0.4 0:02.16
719 10.5 0.4 0:02.23
719 0.0 0.4 0:02.29
719 5.6 0.4 0:02.36
719 5.6 0.4 0:02.43
719 3.8 0.4 0:02.49
719 11.1 0.4 0:02.54
719 4.3 0.4 0:02.60
719 5.6 0.4 0:02.65
719 0.0 0.4 0:02.72
719 11.1 0.4 0:02.79
719 10.5 0.4 0:02.84
719 5.6 0.4 0:02.89
719 5.6 0.4 0:02.96
719 5.3 0.4 0:03.01
719 11.1 0.4 0:03.09
719 5.9 0.4 0:03.15
719 11.1 0.4 0:03.22
719 10.5 0.4 0:03.28
719 11.1 0.4 0:03.34
719 11.1 0.4 0:03.40
719 4.8 0.4 0:03.47
719 11.1 0.4 0:03.53
719 4.5 0.4 0:03.60
719 3.7 0.4 0:03.66
719 11.1 0.4 0:03.72
719 11.1 0.4 0:03.78
719 4.3 0.4 0:03.84
719 10.5 0.4 0:03.89
719 16.7 0.4 0:03.98
719 10.5 0.4 0:04.03
719 0.0 0.4 0:04.08
719 5.6 0.4 0:04.15
719 4.0 0.4 0:04.22
719 0.0 0.4 0:04.27
719 16.7 0.4 0:04.35
719 0.0 0.4 0:04.39
719 0.0 0.4 0:04.46
719 10.5 0.4 0:04.53
719 0.0 0.4 0:04.58
719 5.6 0.4 0:04.63
719 5.3 0.4 0:04.69
719 0.0 0.4 0:04.74
719 0.0 0.4 0:04.75
719 0.0 0.4 0:04.75
719 0.0 0.4 0:04.75
719 0.0 0.4 0:04.75
719 0.0 0.4 0:04.75
719 0.0 0.4 0:04.75
719 0.0 0.4 0:04.75
719 0.0 0.4 0:04.75
719 0.0 0.4 0:04.75
719 0.0 0.4 0:04.75
719 0.0 0.4 0:04.75
719 0.0 0.4 0:04.75
719 0.0 0.4 0:04.75
719 0.0 0.4 0:04.75
719 0.0 0.4 0:04.75
719 0.0 0.4 0:04.75
719 0.0 0.4 0:04.75
719 0.0 0.4 0:04.75
719 0.0 0.4 0:04.75
719 0.0 0.4 0:04.75
719 0.0 0.4 0:04.75
719 0.0 0.4 0:04.75
719 0.0 0.4 0:04.75
719 0.0 0.4 0:04.75
