719 5.3 0.4 0:14.44
719 5.3 0.4 0:14.50
719 3.8 0.4 0:14.56
719 0.0 0.4 0:14.63
719 5.6 0.4 0:14.68
719 11.1 0.4 0:14.75
719 16.7 0.4 0:14.83
719 4.3 0.4 0:14.90
719 5.6 0.4 0:14.95
719 11.1 0.4 0:15.01
719 11.1 0.4 0:15.07
719 5.6 0.4 0:15.12
719 5.6 0.4 0:15.19
719 0.0 0.4 0:15.23
719 3.8 0.4 0:15.30
719 5.6 0.4 0:15.35
719 5.6 0.4 0:15.42
719 15.8 0.4 0:15.50
719 11.1 0.4 0:15.57
719 5.6 0.4 0:15.63
719 11.1 0.4 0:15.70
719 10.5 0.4 0:15.76
719 5.6 0.4 0:15.81
719 3.8 0.4 0:15.88
719 11.8 0.4 0:15.94
719 5.3 0.4 0:16.00
719 11.1 0.4 0:16.05
719 5.6 0.4 0:16.11
719 4.3 0.4 0:16.17
719 5.3 0.4 0:16.22
719 11.1 0.4 0:16.29
719 15.0 0.4 0:16.36
719 5.3 0.4 0:16.42
719 16.7 0.4 0:16.50
719 5.6 0.4 0:16.55
719 5.3 0.4 0:16.61
719 5.3 0.4 0:16.67
719 4.8 0.4 0:16.73
719 4.5 0.4 0:16.80
719 16.7 0.4 0:16.86
719 4.0 0.4 0:16.92
719 5.6 0.4 0:16.97
719 10.0 0.4 0:17.04
719 5.6 0.4 0:17.09
719 5.6 0.4 0:17.15
KiB used, 274172 buff/cache
719 4.3 0.4 0:17.28
719 0.0 0.4 0:17.33
719 5.3 0.4 0:17.40
719 5.0 0.4 0:17.48
719 11.1 0.4 0:17.54
719 11.1 0.4 0:17.62
719 5.6 0.4 0:17.68
719 5.6 0.4 0:17.74
719 4.3 0.4 0:17.81
719 5.3 0.4 0:17.87
719 4.2 0.4 0:17.94
719 11.1 0.4 0:18.00
719 11.1 0.4 0:18.06
719 5.6 0.4 0:18.12
719 11.1 0.4 0:18.18
719 10.5 0.4 0:18.24
719 5.6 0.4 0:18.31
719 11.1 0.4 0:18.38
719 11.8 0.4 0:18.45
719 5.6 0.4 0:18.50
719 5.6 0.4 0:18.57
719 5.6 0.4 0:18.62
719 5.3 0.4 0:18.68
719 11.1 0.4 0:18.75
719 5.0 0.4 0:18.81
719 10.5 0.4 0:18.88
719 5.6 0.4 0:18.93
719 11.1 0.4 0:19.01
719 5.6 0.4 0:19.07
719 10.5 0.4 0:19.14
719 0.0 0.4 0:19.19
719 0.0 0.4 0:19.21
719 0.0 0.4 0:19.21
