719 0.0 0.4 1:15.73
719 5.6 0.4 1:15.77
KiB used, 319696 buff/cache
719 0.0 0.4 1:15.82
719 4.5 0.4 1:15.85
719 0.0 0.4 1:15.87
719 0.0 0.4 1:15.89
719 5.6 0.4 1:15.92
719 5.6 0.4 1:15.96
719 0.0 0.4 1:15.98
719 0.0 0.4 1:16.01
719 5.6 0.4 1:16.04
719 0.0 0.4 1:16.06
719 5.6 0.4 1:16.09
719 0.0 0.4 1:16.12
719 0.0 0.4 1:16.15
719 4.8 0.4 1:16.18
719 5.0 0.4 1:16.21
719 0.0 0.4 1:16.23
719 5.3 0.4 1:16.27
719 5.6 0.4 1:16.30
719 0.0 0.4 1:16.32
719 0.0 0.4 1:16.35
719 0.0 0.4 1:16.37
719 5.3 0.4 1:16.40
719 5.6 0.4 1:16.43
719 5.6 0.4 1:16.46
719 5.6 0.4 1:16.50
719 0.0 0.4 1:16.53
719 5.0 0.4 1:16.56
719 0.0 0.4 1:16.58
719 0.0 0.4 1:16.61
719 0.0 0.4 1:16.64
719 5.6 0.4 1:16.67
719 0.0 0.4 1:16.70
719 0.0 0.4 1:16.72
719 0.0 0.4 1:16.75
719 5.6 0.4 1:16.78
719 11.1 0.4 1:16.83
719 5.3 0.4 1:16.86
719 0.0 0.4 1:16.88
719 5.6 0.4 1:16.92
719 0.0 0.4 1:16.96
719 0.0 0.4 1:17.00
719 5.6 0.4 1:17.03
719 5.6 0.4 1:17.06
719 0.0 0.4 1:17.09
719 5.3 0.4 1:17.12
719 5.3 0.4 1:17.15
719 0.0 0.4 1:17.17
719 5.3 0.4 1:17.20
719 0.0 0.4 1:17.22
719 0.0 0.4 1:17.25
719 5.6 0.4 1:17.28
719 5.6 0.4 1:17.31
719 5.3 0.4 1:17.34
719 0.0 0.4 1:17.37
719 5.6 0.4 1:17.40
719 0.0 0.4 1:17.42
719 5.9 0.4 1:17.45
719 0.0 0.4 1:17.47
719 0.0 0.4 1:17.49
719 5.3 0.4 1:17.52
719 5.6 0.4 1:17.55
719 0.0 0.4 1:17.57
719 0.0 0.4 1:17.59
719 5.6 0.4 1:17.62
719 0.0 0.4 1:17.64
719 4.8 0.4 1:17.67
719 4.5 0.4 1:17.69
719 0.0 0.4 1:17.71
719 5.6 0.4 1:17.75
719 0.0 0.4 1:17.77
719 0.0 0.4 1:17.81
719 0.0 0.4 1:17.84
719 0.0 0.4 1:17.87
719 0.0 0.4 1:17.89
719 0.0 0.4 1:17.92
719 0.0 0.4 1:17.94
719 0.0 0.4 1:17.94
719 0.0 0.4 1:17.94
719 0.0 0.4 1:17.94
719 0.0 0.4 1:17.94
719 0.0 0.4 1:17.94
719 0.0 0.4 1:17.94
719 0.0 0.4 1:17.94
719 0.0 0.4 1:17.94
719 0.0 0.4 1:17.94
719 0.0 0.4 1:17.94
719 0.0 0.4 1:17.94
719 0.0 0.4 1:17.94
