709 0.0 0.3 0:35.25
709 0.0 0.3 0:35.26
709 0.0 0.3 0:35.26
709 0.0 0.3 0:35.26
709 0.0 0.3 0:35.26
709 0.0 0.3 0:35.26
709 0.0 0.3 0:35.26
709 0.0 0.3 0:35.26
709 0.0 0.3 0:35.26
709 0.0 0.3 0:35.26
709 0.0 0.3 0:35.26
709 0.0 0.3 0:35.26
709 0.0 0.3 0:35.26
709 0.0 0.3 0:35.26
709 0.0 0.3 0:35.26
709 0.0 0.3 0:35.26
709 0.0 0.3 0:35.26
709 0.0 0.3 0:35.27
709 0.0 0.3 0:35.27
709 0.0 0.3 0:35.28
709 0.0 0.3 0:35.29
709 0.0 0.3 0:35.29
709 0.0 0.3 0:35.29
709 0.0 0.3 0:35.29
709 0.0 0.3 0:35.29
709 0.0 0.3 0:35.29
709 0.0 0.3 0:35.29
709 0.0 0.3 0:35.29
709 0.0 0.3 0:35.29
709 0.0 0.3 0:35.29
709 0.0 0.3 0:35.29
709 0.0 0.3 0:35.29
709 0.0 0.3 0:35.29
709 0.0 0.3 0:35.29
709 0.0 0.3 0:35.29
709 0.0 0.3 0:35.30
709 0.0 0.3 0:35.30
709 0.0 0.3 0:35.32
709 0.0 0.3 0:35.34
709 0.0 0.3 0:35.34
709 0.0 0.3 0:35.34
709 0.0 0.3 0:35.34
709 0.0 0.3 0:35.34
709 0.0 0.3 0:35.34
709 0.0 0.3 0:35.34
709 0.0 0.3 0:35.34
709 0.0 0.3 0:35.34
709 0.0 0.3 0:35.34
709 0.0 0.3 0:35.34
709 0.0 0.3 0:35.34
4709 16.7 0.2 0:00.03
709 0.0 0.3 0:35.34
709 0.0 0.3 0:35.34
709 0.0 0.3 0:35.35
709 0.0 0.3 0:35.35
709 0.0 0.3 0:35.35
709 0.0 0.3 0:35.35
709 0.0 0.3 0:35.35
709 0.0 0.3 0:35.35
709 0.0 0.3 0:35.35
709 0.0 0.3 0:35.35
709 0.0 0.3 0:35.35
709 0.0 0.3 0:35.35
709 0.0 0.3 0:35.35
709 0.0 0.3 0:35.35
709 0.0 0.3 0:35.36
709 0.0 0.3 0:35.36
709 0.0 0.3 0:35.36
709 0.0 0.3 0:35.36
709 0.0 0.3 0:35.36
709 0.0 0.3 0:35.36
709 0.0 0.3 0:35.38
709 0.0 0.3 0:35.38
709 0.0 0.3 0:35.40
709 0.0 0.3 0:35.41
709 0.0 0.3 0:35.41
709 0.0 0.3 0:35.41
709 0.0 0.3 0:35.41
709 0.0 0.3 0:35.41
709 0.0 0.3 0:35.41
709 0.0 0.3 0:35.41
709 0.0 0.3 0:35.41
709 0.0 0.3 0:35.41
709 0.0 0.3 0:35.41
709 0.0 0.3 0:35.41
709 0.0 0.3 0:35.41
709 0.0 0.3 0:35.41
709 0.0 0.3 0:35.42
709 0.0 0.3 0:35.43
709 0.0 0.3 0:35.44
709 0.0 0.3 0:35.44
709 0.0 0.3 0:35.45
709 0.0 0.3 0:35.45
709 0.0 0.3 0:35.45
709 0.0 0.3 0:35.45
709 0.0 0.3 0:35.45
709 0.0 0.3 0:35.45
709 0.0 0.3 0:35.45
709 0.0 0.3 0:35.45
709 0.0 0.3 0:35.45
709 0.0 0.3 0:35.46
709 0.0 0.3 0:35.46
709 0.0 0.3 0:35.46
709 0.0 0.3 0:35.46
709 0.0 0.3 0:35.47
709 0.0 0.3 0:35.47
709 0.0 0.3 0:35.47
709 0.0 0.3 0:35.48
709 0.0 0.3 0:35.49
709 0.0 0.3 0:35.49
709 0.0 0.3 0:35.49
709 0.0 0.3 0:35.49
709 0.0 0.3 0:35.49
709 0.0 0.3 0:35.49
709 0.0 0.3 0:35.49
709 0.0 0.3 0:35.49
709 0.0 0.3 0:35.49
709 0.0 0.3 0:35.49
709 0.0 0.3 0:35.49
709 0.0 0.3 0:35.49
709 0.0 0.3 0:35.49
709 0.0 0.3 0:35.50
709 0.0 0.3 0:35.50
709 0.0 0.3 0:35.50
709 0.0 0.3 0:35.51
709 0.0 0.3 0:35.51
709 0.0 0.3 0:35.52
709 0.0 0.3 0:35.52
709 0.0 0.3 0:35.52
709 0.0 0.3 0:35.53
709 0.0 0.3 0:35.53
709 0.0 0.3 0:35.53
709 0.0 0.3 0:35.53
709 0.0 0.3 0:35.53
709 0.0 0.3 0:35.53
709 0.0 0.3 0:35.53
709 0.0 0.3 0:35.53
709 0.0 0.3 0:35.53
709 0.0 0.3 0:35.53
709 0.0 0.3 0:35.53
709 0.0 0.3 0:35.53
709 0.0 0.3 0:35.54
709 0.0 0.3 0:35.54
709 0.0 0.3 0:35.55
709 0.0 0.3 0:35.55
709 0.0 0.3 0:35.55
709 5.6 0.3 0:35.56
709 0.0 0.3 0:35.56
709 0.0 0.3 0:35.56
709 0.0 0.3 0:35.56
709 0.0 0.3 0:35.56
709 0.0 0.3 0:35.56
709 0.0 0.3 0:35.56
709 0.0 0.3 0:35.56
709 0.0 0.3 0:35.56
709 0.0 0.3 0:35.56
709 5.3 0.3 0:35.57
709 0.0 0.3 0:35.57
709 0.0 0.3 0:35.57
709 0.0 0.3 0:35.57
709 0.0 0.3 0:35.58
709 0.0 0.3 0:35.58
709 0.0 0.3 0:35.59
709 0.0 0.3 0:35.59
709 0.0 0.3 0:35.59
709 0.0 0.3 0:35.59
709 0.0 0.3 0:35.59
709 0.0 0.3 0:35.59
709 0.0 0.3 0:35.59
709 0.0 0.3 0:35.59
709 0.0 0.3 0:35.59
709 0.0 0.3 0:35.60
709 0.0 0.3 0:35.60
709 0.0 0.3 0:35.60
709 0.0 0.3 0:35.60
KiB 1537092 avail Mem
709 0.0 0.3 0:35.61
709 0.0 0.3 0:35.61
709 0.0 0.3 0:35.61
709 0.0 0.3 0:35.62
709 0.0 0.3 0:35.62
709 0.0 0.3 0:35.62
709 0.0 0.3 0:35.62
709 0.0 0.3 0:35.62
709 0.0 0.3 0:35.62
709 0.0 0.3 0:35.62
709 0.0 0.3 0:35.62
709 0.0 0.3 0:35.62
709 0.0 0.3 0:35.62
709 0.0 0.3 0:35.62
709 0.0 0.3 0:35.62
709 0.0 0.3 0:35.62
709 0.0 0.3 0:35.63
709 0.0 0.3 0:35.63
709 0.0 0.3 0:35.63
709 0.0 0.3 0:35.63
709 0.0 0.3 0:35.63
709 0.0 0.3 0:35.64
709 0.0 0.3 0:35.64
709 0.0 0.3 0:35.64
709 0.0 0.3 0:35.65
709 0.0 0.3 0:35.65
709 0.0 0.3 0:35.65
709 0.0 0.3 0:35.65
709 0.0 0.3 0:35.65
709 0.0 0.3 0:35.65
709 0.0 0.3 0:35.66
709 0.0 0.3 0:35.66
709 0.0 0.3 0:35.66
709 0.0 0.3 0:35.67
709 0.0 0.3 0:35.67
709 0.0 0.3 0:35.67
709 0.0 0.3 0:35.67
709 0.0 0.3 0:35.67
709 0.0 0.3 0:35.67
709 0.0 0.3 0:35.68
709 0.0 0.3 0:35.68
709 0.0 0.3 0:35.68
709 0.0 0.3 0:35.68
709 0.0 0.3 0:35.68
709 0.0 0.3 0:35.70
709 0.0 0.3 0:35.70
709 0.0 0.3 0:35.70
709 0.0 0.3 0:35.70
709 0.0 0.3 0:35.70
709 0.0 0.3 0:35.70
709 0.0 0.3 0:35.70
709 0.0 0.3 0:35.70
709 0.0 0.3 0:35.70
709 0.0 0.3 0:35.70
709 0.0 0.3 0:35.70
709 0.0 0.3 0:35.70
709 0.0 0.3 0:35.72
709 0.0 0.3 0:35.72
709 0.0 0.3 0:35.72
709 0.0 0.3 0:35.72
709 0.0 0.3 0:35.72
709 0.0 0.3 0:35.72
709 0.0 0.3 0:35.72
709 0.0 0.3 0:35.72
709 0.0 0.3 0:35.72
709 0.0 0.3 0:35.72
709 0.0 0.3 0:35.74
709 0.0 0.3 0:35.74
709 0.0 0.3 0:35.74
709 0.0 0.3 0:35.74
709 0.0 0.3 0:35.74
709 0.0 0.3 0:35.74
709 0.0 0.3 0:35.74
709 0.0 0.3 0:35.74
709 0.0 0.3 0:35.74
709 0.0 0.3 0:35.74
709 0.0 0.3 0:35.74
709 0.0 0.3 0:35.74
709 0.0 0.3 0:35.74
709 0.0 0.3 0:35.74
709 0.0 0.3 0:35.74
709 0.0 0.3 0:35.74
709 0.0 0.3 0:35.74
709 0.0 0.3 0:35.74
709 0.0 0.3 0:35.74
709 0.0 0.3 0:35.75
709 0.0 0.3 0:35.75
709 0.0 0.3 0:35.75
709 0.0 0.3 0:35.75
709 0.0 0.3 0:35.75
709 0.0 0.3 0:35.75
709 0.0 0.3 0:35.76
709 0.0 0.3 0:35.76
709 0.0 0.3 0:35.76
709 0.0 0.3 0:35.78
709 0.0 0.3 0:35.78
709 0.0 0.3 0:35.79
709 0.0 0.3 0:35.79
709 0.0 0.3 0:35.79
709 0.0 0.3 0:35.79
709 0.0 0.3 0:35.79
709 0.0 0.3 0:35.79
709 0.0 0.3 0:35.79
709 0.0 0.3 0:35.79
709 0.0 0.3 0:35.79
709 0.0 0.3 0:35.79
709 0.0 0.3 0:35.79
709 0.0 0.3 0:35.79
709 0.0 0.3 0:35.79
709 5.6 0.3 0:35.80
709 0.0 0.3 0:35.80
709 0.0 0.3 0:35.80
709 0.0 0.3 0:35.80
709 0.0 0.3 0:35.81
709 0.0 0.3 0:35.81
709 0.0 0.3 0:35.81
709 0.0 0.3 0:35.81
709 0.0 0.3 0:35.81
709 0.0 0.3 0:35.81
709 0.0 0.3 0:35.81
709 0.0 0.3 0:35.81
709 0.0 0.3 0:35.81
709 0.0 0.3 0:35.81
709 0.0 0.3 0:35.81
709 0.0 0.3 0:35.81
709 5.9 0.3 0:35.82
709 0.0 0.3 0:35.82
709 0.0 0.3 0:35.82
709 0.0 0.3 0:35.82
709 0.0 0.3 0:35.82
709 0.0 0.3 0:35.82
709 0.0 0.3 0:35.83
709 0.0 0.3 0:35.83
709 0.0 0.3 0:35.83
709 0.0 0.3 0:35.83
709 0.0 0.3 0:35.83
709 0.0 0.3 0:35.83
709 0.0 0.3 0:35.83
709 0.0 0.3 0:35.83
709 0.0 0.3 0:35.83
709 0.0 0.3 0:35.83
709 0.0 0.3 0:35.83
709 0.0 0.3 0:35.84
709 0.0 0.3 0:35.84
709 0.0 0.3 0:35.84
709 0.0 0.3 0:35.84
709 0.0 0.3 0:35.84
709 0.0 0.3 0:35.85
709 0.0 0.3 0:35.85
709 0.0 0.3 0:35.85
709 0.0 0.3 0:35.85
709 0.0 0.3 0:35.85
709 0.0 0.3 0:35.85
709 0.0 0.3 0:35.85
709 0.0 0.3 0:35.86
709 0.0 0.3 0:35.86
709 0.0 0.3 0:35.86
709 0.0 0.3 0:35.86
709 0.0 0.3 0:35.86
709 0.0 0.3 0:35.86
709 0.0 0.3 0:35.86
709 0.0 0.3 0:35.86
709 0.0 0.3 0:35.87
709 0.0 0.3 0:35.87
709 0.0 0.3 0:35.87
709 0.0 0.3 0:35.87
709 0.0 0.3 0:35.87
709 0.0 0.3 0:35.87
709 0.0 0.3 0:35.88
709 0.0 0.3 0:35.88
709 0.0 0.3 0:35.88
709 0.0 0.3 0:35.88
709 0.0 0.3 0:35.88
709 0.0 0.3 0:35.88
709 0.0 0.3 0:35.88
709 0.0 0.3 0:35.88
17092 16.7 0.2 0:00.05
709 0.0 0.3 0:35.88
709 0.0 0.3 0:35.88
709 0.0 0.3 0:35.88
709 0.0 0.3 0:35.88
709 0.0 0.3 0:35.88
709 0.0 0.3 0:35.88
709 0.0 0.3 0:35.88
709 0.0 0.3 0:35.88
709 0.0 0.3 0:35.88
709 0.0 0.3 0:35.88
709 0.0 0.3 0:35.88
709 0.0 0.3 0:35.88
