709 5.3 0.3 0:37.91
709 0.0 0.3 0:37.91
709 0.0 0.3 0:37.91
709 0.0 0.3 0:37.91
709 0.0 0.3 0:37.91
709 0.0 0.3 0:37.91
709 0.0 0.3 0:37.91
709 0.0 0.3 0:37.91
709 0.0 0.3 0:37.91
709 0.0 0.3 0:37.91
709 0.0 0.3 0:37.91
709 0.0 0.3 0:37.91
709 0.0 0.3 0:37.91
709 0.0 0.3 0:37.91
709 0.0 0.3 0:37.91
709 0.0 0.3 0:37.91
709 0.0 0.3 0:37.91
709 0.0 0.3 0:37.91
709 0.0 0.3 0:37.91
709 0.0 0.3 0:37.93
709 0.0 0.3 0:37.93
709 0.0 0.3 0:37.93
709 0.0 0.3 0:37.93
709 0.0 0.3 0:37.93
709 0.0 0.3 0:37.93
709 0.0 0.3 0:37.93
709 0.0 0.3 0:37.93
709 0.0 0.3 0:37.93
709 0.0 0.3 0:37.93
709 0.0 0.3 0:37.93
709 0.0 0.3 0:37.93
709 0.0 0.3 0:37.93
709 0.0 0.3 0:37.93
709 0.0 0.3 0:37.93
709 0.0 0.3 0:37.93
709 5.6 0.3 0:37.94
709 0.0 0.3 0:37.94
709 0.0 0.3 0:37.95
709 0.0 0.3 0:37.95
709 0.0 0.3 0:37.95
709 0.0 0.3 0:37.95
709 0.0 0.3 0:37.95
709 0.0 0.3 0:37.95
709 0.0 0.3 0:37.95
709 0.0 0.3 0:37.95
709 0.0 0.3 0:37.95
709 0.0 0.3 0:37.95
709 0.0 0.3 0:37.95
709 0.0 0.3 0:37.95
709 0.0 0.3 0:37.95
709 0.0 0.3 0:37.95
709 0.0 0.3 0:37.95
709 0.0 0.3 0:37.96
709 0.0 0.3 0:37.96
709 5.6 0.3 0:37.97
709 0.0 0.3 0:37.98
709 0.0 0.3 0:37.98
709 0.0 0.3 0:37.98
709 0.0 0.3 0:37.98
709 0.0 0.3 0:37.98
709 0.0 0.3 0:37.98
709 0.0 0.3 0:37.98
709 0.0 0.3 0:37.98
709 0.0 0.3 0:37.98
709 0.0 0.3 0:37.98
709 0.0 0.3 0:37.98
709 0.0 0.3 0:37.98
709 0.0 0.3 0:37.98
709 0.0 0.3 0:37.98
709 0.0 0.3 0:37.99
709 0.0 0.3 0:37.99
709 0.0 0.3 0:37.99
709 0.0 0.3 0:38.00
709 5.6 0.3 0:38.01
709 0.0 0.3 0:38.01
709 0.0 0.3 0:38.01
709 0.0 0.3 0:38.01
709 0.0 0.3 0:38.01
709 0.0 0.3 0:38.01
709 0.0 0.3 0:38.01
709 0.0 0.3 0:38.01
709 0.0 0.3 0:38.01
709 0.0 0.3 0:38.01
709 0.0 0.3 0:38.01
709 0.0 0.3 0:38.01
709 0.0 0.3 0:38.01
709 0.0 0.3 0:38.02
709 0.0 0.3 0:38.02
709 0.0 0.3 0:38.02
709 0.0 0.3 0:38.02
709 0.0 0.3 0:38.02
709 0.0 0.3 0:38.02
709 0.0 0.3 0:38.03
709 0.0 0.3 0:38.03
709 0.0 0.3 0:38.03
709 0.0 0.3 0:38.03
709 0.0 0.3 0:38.03
709 0.0 0.3 0:38.03
709 0.0 0.3 0:38.03
709 0.0 0.3 0:38.03
709 0.0 0.3 0:38.03
709 0.0 0.3 0:38.03
709 0.0 0.3 0:38.03
709 0.0 0.3 0:38.03
709 0.0 0.3 0:38.04
709 0.0 0.3 0:38.04
709 0.0 0.3 0:38.04
709 0.0 0.3 0:38.05
709 0.0 0.3 0:38.06
709 0.0 0.3 0:38.06
709 0.0 0.3 0:38.06
709 0.0 0.3 0:38.06
709 0.0 0.3 0:38.06
709 0.0 0.3 0:38.06
709 5.3 0.3 0:38.07
709 0.0 0.3 0:38.07
709 0.0 0.3 0:38.07
709 0.0 0.3 0:38.07
709 0.0 0.3 0:38.07
709 0.0 0.3 0:38.07
709 0.0 0.3 0:38.07
709 0.0 0.3 0:38.07
709 0.0 0.3 0:38.07
709 5.3 0.3 0:38.08
709 0.0 0.3 0:38.08
709 0.0 0.3 0:38.08
709 0.0 0.3 0:38.08
709 0.0 0.3 0:38.08
709 0.0 0.3 0:38.10
709 0.0 0.3 0:38.10
709 0.0 0.3 0:38.10
709 0.0 0.3 0:38.10
709 0.0 0.3 0:38.10
709 0.0 0.3 0:38.10
709 0.0 0.3 0:38.10
709 0.0 0.3 0:38.10
709 0.0 0.3 0:38.10
709 0.0 0.3 0:38.10
709 0.0 0.3 0:38.10
709 0.0 0.3 0:38.10
709 0.0 0.3 0:38.10
709 0.0 0.3 0:38.10
709 0.0 0.3 0:38.12
709 0.0 0.3 0:38.12
709 0.0 0.3 0:38.12
709 0.0 0.3 0:38.12
709 0.0 0.3 0:38.12
709 0.0 0.3 0:38.12
709 0.0 0.3 0:38.12
709 0.0 0.3 0:38.12
709 0.0 0.3 0:38.12
709 0.0 0.3 0:38.12
709 0.0 0.3 0:38.12
709 0.0 0.3 0:38.13
709 0.0 0.3 0:38.13
709 0.0 0.3 0:38.13
709 0.0 0.3 0:38.13
709 0.0 0.3 0:38.13
709 0.0 0.3 0:38.13
709 5.3 0.3 0:38.14
709 0.0 0.3 0:38.14
709 5.6 0.3 0:38.15
709 0.0 0.3 0:38.15
709 0.0 0.3 0:38.16
709 0.0 0.3 0:38.16
709 0.0 0.3 0:38.18
709 0.0 0.3 0:38.18
709 0.0 0.3 0:38.18
709 0.0 0.3 0:38.18
709 0.0 0.3 0:38.18
709 0.0 0.3 0:38.18
709 0.0 0.3 0:38.18
709 0.0 0.3 0:38.18
709 0.0 0.3 0:38.18
709 0.0 0.3 0:38.18
709 0.0 0.3 0:38.18
709 0.0 0.3 0:38.19
709 0.0 0.3 0:38.19
709 0.0 0.3 0:38.19
709 0.0 0.3 0:38.20
709 0.0 0.3 0:38.20
709 0.0 0.3 0:38.20
709 0.0 0.3 0:38.20
709 0.0 0.3 0:38.20
709 0.0 0.3 0:38.20
709 0.0 0.3 0:38.20
709 0.0 0.3 0:38.20
709 0.0 0.3 0:38.20
709 0.0 0.3 0:38.21
709 0.0 0.3 0:38.21
709 0.0 0.3 0:38.21
709 0.0 0.3 0:38.21
709 0.0 0.3 0:38.21
709 0.0 0.3 0:38.21
709 0.0 0.3 0:38.21
KiB 1537092 avail Mem
709 0.0 0.3 0:38.22
709 5.6 0.3 0:38.23
709 0.0 0.3 0:38.23
709 0.0 0.3 0:38.23
709 0.0 0.3 0:38.23
709 0.0 0.3 0:38.23
709 0.0 0.3 0:38.23
709 0.0 0.3 0:38.23
709 0.0 0.3 0:38.23
709 0.0 0.3 0:38.23
709 0.0 0.3 0:38.24
709 0.0 0.3 0:38.24
709 0.0 0.3 0:38.24
709 0.0 0.3 0:38.24
709 0.0 0.3 0:38.24
709 0.0 0.3 0:38.24
709 0.0 0.3 0:38.25
709 0.0 0.3 0:38.25
709 0.0 0.3 0:38.25
709 0.0 0.3 0:38.25
709 0.0 0.3 0:38.25
709 0.0 0.3 0:38.26
709 0.0 0.3 0:38.26
7092 11.1 0.2 0:00.04
709 0.0 0.3 0:38.26
709 0.0 0.3 0:38.26
709 0.0 0.3 0:38.26
709 0.0 0.3 0:38.27
709 0.0 0.3 0:38.27
709 0.0 0.3 0:38.27
709 0.0 0.3 0:38.27
709 0.0 0.3 0:38.27
709 0.0 0.3 0:38.27
709 0.0 0.3 0:38.27
709 0.0 0.3 0:38.27
709 0.0 0.3 0:38.27
709 0.0 0.3 0:38.27
709 0.0 0.3 0:38.27
709 0.0 0.3 0:38.28
709 0.0 0.3 0:38.28
709 0.0 0.3 0:38.28
709 0.0 0.3 0:38.28
709 0.0 0.3 0:38.29
709 0.0 0.3 0:38.29
709 0.0 0.3 0:38.29
709 0.0 0.3 0:38.29
709 0.0 0.3 0:38.29
709 0.0 0.3 0:38.29
709 0.0 0.3 0:38.29
709 0.0 0.3 0:38.30
709 0.0 0.3 0:38.30
709 0.0 0.3 0:38.30
709 0.0 0.3 0:38.31
709 0.0 0.3 0:38.31
709 0.0 0.3 0:38.31
709 0.0 0.3 0:38.31
709 5.6 0.3 0:38.32
709 0.0 0.3 0:38.32
709 0.0 0.3 0:38.32
709 0.0 0.3 0:38.32
709 0.0 0.3 0:38.33
709 0.0 0.3 0:38.33
709 0.0 0.3 0:38.33
709 0.0 0.3 0:38.33
709 0.0 0.3 0:38.33
709 0.0 0.3 0:38.33
709 0.0 0.3 0:38.33
709 0.0 0.3 0:38.33
709 0.0 0.3 0:38.34
709 0.0 0.3 0:38.34
709 0.0 0.3 0:38.34
709 0.0 0.3 0:38.34
709 0.0 0.3 0:38.35
709 0.0 0.3 0:38.35
709 0.0 0.3 0:38.35
709 0.0 0.3 0:38.36
709 0.0 0.3 0:38.37
709 0.0 0.3 0:38.37
709 0.0 0.3 0:38.37
709 0.0 0.3 0:38.37
709 0.0 0.3 0:38.37
709 0.0 0.3 0:38.37
709 0.0 0.3 0:38.37
709 0.0 0.3 0:38.38
709 0.0 0.3 0:38.38
709 0.0 0.3 0:38.38
709 0.0 0.3 0:38.38
709 0.0 0.3 0:38.38
709 0.0 0.3 0:38.38
709 0.0 0.3 0:38.38
709 0.0 0.3 0:38.38
709 0.0 0.3 0:38.39
709 0.0 0.3 0:38.39
709 0.0 0.3 0:38.39
709 0.0 0.3 0:38.39
709 11.1 0.3 0:38.41
709 0.0 0.3 0:38.41
709 0.0 0.3 0:38.41
709 0.0 0.3 0:38.41
709 0.0 0.3 0:38.41
709 0.0 0.3 0:38.41
709 0.0 0.3 0:38.41
709 0.0 0.3 0:38.41
709 0.0 0.3 0:38.41
709 0.0 0.3 0:38.41
709 0.0 0.3 0:38.41
709 0.0 0.3 0:38.41
709 0.0 0.3 0:38.41
709 0.0 0.3 0:38.41
709 0.0 0.3 0:38.41
709 0.0 0.3 0:38.41
709 0.0 0.3 0:38.42
709 0.0 0.3 0:38.42
709 0.0 0.3 0:38.42
709 0.0 0.3 0:38.43
709 0.0 0.3 0:38.43
709 0.0 0.3 0:38.43
709 0.0 0.3 0:38.44
709 0.0 0.3 0:38.44
709 0.0 0.3 0:38.44
709 5.3 0.3 0:38.45
709 0.0 0.3 0:38.45
709 0.0 0.3 0:38.45
709 0.0 0.3 0:38.45
709 0.0 0.3 0:38.45
709 0.0 0.3 0:38.45
709 0.0 0.3 0:38.47
709 0.0 0.3 0:38.47
709 0.0 0.3 0:38.47
709 0.0 0.3 0:38.47
709 0.0 0.3 0:38.47
709 0.0 0.3 0:38.47
709 0.0 0.3 0:38.47
709 0.0 0.3 0:38.47
709 0.0 0.3 0:38.47
709 0.0 0.3 0:38.47
709 0.0 0.3 0:38.47
709 0.0 0.3 0:38.47
709 0.0 0.3 0:38.47
709 0.0 0.3 0:38.47
709 0.0 0.3 0:38.47
709 0.0 0.3 0:38.47
709 0.0 0.3 0:38.47
709 0.0 0.3 0:38.47
709 0.0 0.3 0:38.47
709 0.0 0.3 0:38.48
709 0.0 0.3 0:38.48
709 0.0 0.3 0:38.48
709 0.0 0.3 0:38.48
709 0.0 0.3 0:38.48
709 0.0 0.3 0:38.48
709 0.0 0.3 0:38.48
709 0.0 0.3 0:38.48
709 0.0 0.3 0:38.48
709 0.0 0.3 0:38.48
709 0.0 0.3 0:38.48
709 0.0 0.3 0:38.48
709 0.0 0.3 0:38.48
709 0.0 0.3 0:38.48
709 0.0 0.3 0:38.48
709 0.0 0.3 0:38.48
709 0.0 0.3 0:38.48
709 0.0 0.3 0:38.48
709 0.0 0.3 0:38.48
709 0.0 0.3 0:38.48
709 0.0 0.3 0:38.48
