715 21.1 0.3 0:47.13
715 8.7 0.3 0:47.36
715 11.5 0.3 0:47.58
715 26.3 0.3 0:47.75
715 0.0 0.3 0:47.85
715 0.0 0.3 0:47.85
715 0.0 0.3 0:47.85
715 0.0 0.3 0:47.85
715 0.0 0.3 0:47.85
715 0.0 0.3 0:47.85
715 0.0 0.3 0:47.85
715 0.0 0.3 0:47.85
715 0.0 0.3 0:47.85
715 0.0 0.3 0:47.85
715 0.0 0.3 0:47.85
715 0.0 0.3 0:47.85
715 0.0 0.3 0:47.85
715 0.0 0.3 0:47.85
715 0.0 0.3 0:47.85
715 0.0 0.3 0:47.85
715 0.0 0.3 0:47.85
715 0.0 0.3 0:47.85
715 0.0 0.3 0:47.85
715 0.0 0.3 0:47.85
715 0.0 0.3 0:47.85
715 0.0 0.3 0:47.85
715 0.0 0.3 0:47.85
715 0.0 0.3 0:47.85
715 0.0 0.3 0:47.85
715 0.0 0.3 0:47.85
715 0.0 0.3 0:47.85
715 0.0 0.3 0:47.85
715 0.0 0.3 0:47.85
715 0.0 0.3 0:47.85
715 0.0 0.3 0:47.85
715 0.0 0.3 0:47.85
715 0.0 0.3 0:47.85
715 0.0 0.3 0:47.85
715 0.0 0.3 0:47.85
715 0.0 0.3 0:47.85
715 0.0 0.3 0:47.85
715 0.0 0.3 0:47.85
715 0.0 0.3 0:47.85
715 0.0 0.3 0:47.85
715 0.0 0.3 0:47.85
715 0.0 0.3 0:47.85
715 0.0 0.3 0:47.85
715 0.0 0.3 0:47.85
715 0.0 0.3 0:47.85
715 0.0 0.3 0:47.85
