523 0.0 0.9 0:00.47
523 0.0 0.9 0:00.47
523 0.0 0.9 0:00.47
523 0.0 0.9 0:00.47
523 0.0 0.9 0:00.47
523 0.0 0.9 0:00.47
523 0.0 0.9 0:00.47
523 0.0 0.9 0:00.47
523 0.0 0.9 0:00.47
523 0.0 0.9 0:00.47
523 0.0 0.9 0:00.47
523 0.0 0.9 0:00.47
523 0.0 0.9 0:00.47
523 0.0 0.9 0:00.47
523 0.0 0.9 0:00.47
523 0.0 0.9 0:00.47
523 0.0 0.9 0:00.47
523 0.0 0.9 0:00.47
523 0.0 0.9 0:00.47
523 0.0 0.9 0:00.47
523 0.0 0.9 0:00.47
523 0.0 0.9 0:00.47
523 0.0 0.9 0:00.47
523 0.0 0.9 0:00.47
523 0.0 0.9 0:00.47
523 0.0 0.9 0:00.47
523 0.0 0.9 0:00.47
523 0.0 0.9 0:00.47
523 0.0 0.9 0:00.47
523 0.0 0.9 0:00.47
523 0.0 0.9 0:00.47
523 0.0 0.9 0:00.47
523 0.0 0.9 0:00.47
523 0.0 0.9 0:00.47
523 0.0 0.9 0:00.47
523 0.0 0.9 0:00.47
523 0.0 0.9 0:00.47
523 0.0 0.9 0:00.47
523 0.0 0.9 0:00.47
523 0.0 0.9 0:00.47
523 0.0 0.9 0:00.47
523 0.0 0.9 0:00.47
523 0.0 0.9 0:00.47
523 0.0 0.9 0:00.47
523 0.0 0.9 0:00.47
523 0.0 0.9 0:00.47
523 0.0 0.9 0:00.47
523 0.0 0.9 0:00.47
523 0.0 0.9 0:00.47
523 0.0 0.9 0:00.47
523 0.0 0.9 0:00.47
KiB used, 337104 buff/cache
523 0.0 0.9 0:00.47
523 0.0 0.9 0:00.47
523 0.0 0.9 0:00.47
523 0.0 0.9 0:00.47
523 0.0 0.9 0:00.47
523 0.0 0.9 0:00.47
523 0.0 0.9 0:00.47
523 0.0 0.9 0:00.47
523 0.0 0.9 0:00.47
523 0.0 0.9 0:00.47
523 0.0 0.9 0:00.47
523 0.0 0.9 0:00.47
523 0.0 0.9 0:00.47
523 0.0 0.9 0:00.47
523 0.0 0.9 0:00.47
523 0.0 0.9 0:00.47
523 0.0 0.9 0:00.47
523 0.0 0.9 0:00.47
523 0.0 0.9 0:00.47
523 0.0 0.9 0:00.47
523 0.0 0.9 0:00.47
523 0.0 0.9 0:00.47
523 0.0 0.9 0:00.47
523 0.0 0.9 0:00.47
523 0.0 0.9 0:00.47
523 0.0 0.9 0:00.47
523 0.0 0.9 0:00.47
523 0.0 0.9 0:00.47
523 0.0 0.9 0:00.47
523 0.0 0.9 0:00.47
523 0.0 0.9 0:00.47
523 0.0 0.9 0:00.47
523 0.0 0.9 0:00.47
523 0.0 0.9 0:00.47
523 0.0 0.9 0:00.47
523 0.0 0.9 0:00.47
523 0.0 0.9 0:00.47
523 0.0 0.9 0:00.47
523 0.0 0.9 0:00.47
523 0.0 0.9 0:00.47
523 0.0 0.9 0:00.47
523 0.0 0.9 0:00.47
