711 0.0 0.4 0:06.07
711 0.0 0.4 0:06.09
711 0.0 0.4 0:06.11
711 0.0 0.4 0:06.14
711 5.6 0.4 0:06.17
711 0.0 0.4 0:06.20
711 5.3 0.4 0:06.23
711 5.3 0.4 0:06.26
711 5.6 0.4 0:06.29
711 0.0 0.4 0:06.31
711 5.6 0.4 0:06.34
711 0.0 0.4 0:06.36
711 0.0 0.4 0:06.39
711 0.0 0.4 0:06.41
711 5.3 0.4 0:06.44
711 0.0 0.4 0:06.46
711 5.3 0.4 0:06.49
711 0.0 0.4 0:06.51
711 0.0 0.4 0:06.54
711 0.0 0.4 0:06.57
711 0.0 0.4 0:06.59
711 0.0 0.4 0:06.61
711 0.0 0.4 0:06.64
711 5.3 0.4 0:06.67
711 5.3 0.4 0:06.70
711 5.6 0.4 0:06.73
711 0.0 0.4 0:06.75
711 0.0 0.4 0:06.78
711 0.0 0.4 0:06.81
711 0.0 0.4 0:06.83
711 0.0 0.4 0:06.85
711 0.0 0.4 0:06.87
711 5.3 0.4 0:06.90
711 5.6 0.4 0:06.92
711 0.0 0.4 0:06.94
711 5.3 0.4 0:06.97
711 0.0 0.4 0:06.99
711 0.0 0.4 0:07.02
711 0.0 0.4 0:07.03
711 5.6 0.4 0:07.06
711 5.6 0.4 0:07.08
711 0.0 0.4 0:07.10
711 5.6 0.4 0:07.13
711 0.0 0.4 0:07.15
711 5.3 0.4 0:07.18
711 5.3 0.4 0:07.21
711 0.0 0.4 0:07.23
711 0.0 0.4 0:07.25
711 5.6 0.4 0:07.28
711 0.0 0.4 0:07.30
711 0.0 0.4 0:07.32
711 0.0 0.4 0:07.35
711 0.0 0.4 0:07.38
711 0.0 0.4 0:07.40
711 5.6 0.4 0:07.44
711 5.6 0.4 0:07.47
711 5.6 0.4 0:07.49
711 0.0 0.4 0:07.52
KiB used, 324236 buff/cache
711 0.0 0.4 0:07.56
711 5.6 0.4 0:07.59
711 5.6 0.4 0:07.62
711 0.0 0.4 0:07.64
711 0.0 0.4 0:07.66
711 0.0 0.4 0:07.69
711 0.0 0.4 0:07.71
711 0.0 0.4 0:07.73
711 5.3 0.4 0:07.76
711 5.6 0.4 0:07.79
711 5.6 0.4 0:07.82
711 0.0 0.4 0:07.84
711 0.0 0.4 0:07.87
711 0.0 0.4 0:07.90
711 5.0 0.4 0:07.92
711 0.0 0.4 0:07.94
711 0.0 0.4 0:07.96
711 0.0 0.4 0:07.99
711 5.6 0.4 0:08.02
711 5.6 0.4 0:08.05
711 0.0 0.4 0:08.06
711 0.0 0.4 0:08.06
711 0.0 0.4 0:08.06
17119 11.1 0.2 0:00.05
711 0.0 0.4 0:08.06
711 0.0 0.4 0:08.06
711 0.0 0.4 0:08.06
711 0.0 0.4 0:08.06
711 0.0 0.4 0:08.06
711 0.0 0.4 0:08.06
711 0.0 0.4 0:08.06
711 0.0 0.4 0:08.06
711 0.0 0.4 0:08.06
711 0.0 0.4 0:08.06
711 0.0 0.4 0:08.06
711 0.0 0.4 0:08.06
711 0.0 0.4 0:08.06
711 0.0 0.4 0:08.06
711 0.0 0.4 0:08.06
711 0.0 0.4 0:08.06
