711 0.0 0.4 0:31.14
711 0.0 0.4 0:31.16
711 0.0 0.4 0:31.18
711 5.3 0.4 0:31.20
711 0.0 0.4 0:31.21
711 0.0 0.4 0:31.23
711 0.0 0.4 0:31.25
711 0.0 0.4 0:31.26
711 0.0 0.4 0:31.28
711 0.0 0.4 0:31.30
711 5.3 0.4 0:31.33
711 0.0 0.4 0:31.34
7711 16.7 0.2 0:00.05
711 5.3 0.4 0:31.38
711 0.0 0.4 0:31.39
711 5.6 0.4 0:31.41
711 0.0 0.4 0:31.42
711 5.6 0.4 0:31.44
711 0.0 0.4 0:31.46
711 0.0 0.4 0:31.47
711 5.9 0.4 0:31.49
711 5.3 0.4 0:31.51
711 0.0 0.4 0:31.53
711 0.0 0.4 0:31.56
711 5.6 0.4 0:31.58
711 0.0 0.4 0:31.60
711 0.0 0.4 0:31.61
711 0.0 0.4 0:31.63
711 0.0 0.4 0:31.65
711 5.6 0.4 0:31.67
711 0.0 0.4 0:31.69
711 5.6 0.4 0:31.71
711 0.0 0.4 0:31.73
711 5.6 0.4 0:31.75
711 0.0 0.4 0:31.76
711 0.0 0.4 0:31.78
711 0.0 0.4 0:31.80
711 5.3 0.4 0:31.82
711 0.0 0.4 0:31.83
711 0.0 0.4 0:31.85
711 0.0 0.4 0:31.87
711 0.0 0.4 0:31.88
KiB used, 346032 buff/cache
711 5.9 0.4 0:31.93
711 5.6 0.4 0:31.95
711 0.0 0.4 0:31.96
711 0.0 0.4 0:31.98
711 0.0 0.4 0:32.00
711 0.0 0.4 0:32.02
711 0.0 0.4 0:32.03
711 0.0 0.4 0:32.05
711 0.0 0.4 0:32.07
711 0.0 0.4 0:32.09
711 0.0 0.4 0:32.10
711 0.0 0.4 0:32.12
711 0.0 0.4 0:32.14
711 0.0 0.4 0:32.16
711 5.6 0.4 0:32.18
711 0.0 0.4 0:32.21
711 0.0 0.4 0:32.21
711 0.0 0.4 0:32.23
711 5.6 0.4 0:32.25
711 5.6 0.4 0:32.27
711 5.3 0.4 0:32.29
711 0.0 0.4 0:32.30
711 5.3 0.4 0:32.32
711 5.3 0.4 0:32.34
711 0.0 0.4 0:32.35
711 0.0 0.4 0:32.37
711 0.0 0.4 0:32.39
711 5.6 0.4 0:32.41
711 0.0 0.4 0:32.42
711 0.0 0.4 0:32.44
711 0.0 0.4 0:32.46
711 0.0 0.4 0:32.48
711 0.0 0.4 0:32.50
711 0.0 0.4 0:32.52
711 0.0 0.4 0:32.55
711 0.0 0.4 0:32.57
711 5.3 0.4 0:32.59
711 0.0 0.4 0:32.59
711 0.0 0.4 0:32.59
711 0.0 0.4 0:32.59
711 0.0 0.4 0:32.59
711 0.0 0.4 0:32.59
711 0.0 0.4 0:32.59
711 0.0 0.4 0:32.59
711 0.0 0.4 0:32.59
