712 5.6 0.4 0:18.62
712 5.0 0.4 0:18.65
712 5.6 0.4 0:18.67
712 0.0 0.4 0:18.70
712 5.0 0.4 0:18.73
712 0.0 0.4 0:18.75
712 0.0 0.4 0:18.78
712 10.5 0.4 0:18.82
712 0.0 0.4 0:18.84
712 5.0 0.4 0:18.87
712 5.6 0.4 0:18.90
712 0.0 0.4 0:18.92
712 0.0 0.4 0:18.95
712 0.0 0.4 0:18.97
712 5.6 0.4 0:19.00
712 5.6 0.4 0:19.03
712 0.0 0.4 0:19.06
712 5.6 0.4 0:19.09
712 0.0 0.4 0:19.11
712 5.3 0.4 0:19.14
712 5.6 0.4 0:19.16
712 5.0 0.4 0:19.19
KiB used, 331800 buff/cache
712 0.0 0.4 0:19.24
712 0.0 0.4 0:19.27
712 0.0 0.4 0:19.30
712 0.0 0.4 0:19.32
712 5.3 0.4 0:19.35
712 5.6 0.4 0:19.38
712 5.3 0.4 0:19.41
712 0.0 0.4 0:19.43
712 0.0 0.4 0:19.46
712 0.0 0.4 0:19.48
712 0.0 0.4 0:19.51
712 5.6 0.4 0:19.54
712 5.0 0.4 0:19.57
712 5.3 0.4 0:19.60
712 0.0 0.4 0:19.62
712 0.0 0.4 0:19.64
KiB used, 332084 buff/cache
712 5.0 0.4 0:19.71
712 0.0 0.4 0:19.73
712 5.6 0.4 0:19.76
712 5.6 0.4 0:19.79
712 5.6 0.4 0:19.82
712 0.0 0.4 0:19.84
712 0.0 0.4 0:19.87
712 0.0 0.4 0:19.89
712 0.0 0.4 0:19.92
712 5.6 0.4 0:19.95
712 0.0 0.4 0:19.97
712 0.0 0.4 0:20.00
712 5.6 0.4 0:20.03
712 0.0 0.4 0:20.05
712 0.0 0.4 0:20.08
712 5.3 0.4 0:20.11
712 0.0 0.4 0:20.14
712 0.0 0.4 0:20.16
712 0.0 0.4 0:20.18
712 0.0 0.4 0:20.20
712 5.6 0.4 0:20.24
712 5.3 0.4 0:20.27
712 0.0 0.4 0:20.29
712 0.0 0.4 0:20.32
712 0.0 0.4 0:20.34
712 0.0 0.4 0:20.37
712 0.0 0.4 0:20.40
712 0.0 0.4 0:20.43
712 0.0 0.4 0:20.46
712 5.6 0.4 0:20.49
712 0.0 0.4 0:20.51
712 10.0 0.4 0:20.55
712 10.5 0.4 0:20.58
712 0.0 0.4 0:20.59
712 5.6 0.4 0:20.62
712 5.6 0.4 0:20.65
712 5.6 0.4 0:20.67
712 0.0 0.4 0:20.69
712 0.0 0.4 0:20.72
712 0.0 0.4 0:20.75
712 0.0 0.4 0:20.76
712 0.0 0.4 0:20.76
712 0.0 0.4 0:20.76
712 0.0 0.4 0:20.76
712 0.0 0.4 0:20.76
712 0.0 0.4 0:20.76
712 0.0 0.4 0:20.76
712 0.0 0.4 0:20.76
712 0.0 0.4 0:20.76
712 0.0 0.4 0:20.76
712 0.0 0.4 0:20.76
712 0.0 0.4 0:20.76
712 0.0 0.4 0:20.76
712 0.0 0.4 0:20.76
712 0.0 0.4 0:20.76
712 0.0 0.4 0:20.76
712 0.0 0.4 0:20.76
712 0.0 0.4 0:20.76
712 0.0 0.4 0:20.76
