712 10.7 0.4 0:00.10
712 15.5 0.4 0:00.12
712 14.3 0.4 0:00.12
712 9.2 0.4 0:00.12
712 13.8 0.4 0:00.12
712 12.5 0.4 0:00.13
712 5.6 0.4 0:00.17
712 5.3 0.4 0:00.22
712 5.3 0.4 0:00.28
712 4.8 0.4 0:00.33
712 0.0 0.4 0:00.35
712 0.0 0.4 0:00.39
712 0.0 0.4 0:00.42
712 0.0 0.4 0:00.45
712 5.6 0.4 0:00.49
712 0.0 0.4 0:00.52
712 5.3 0.4 0:00.54
712 0.0 0.4 0:00.57
712 0.0 0.4 0:00.60
712 5.6 0.4 0:00.64
712 0.0 0.4 0:00.67
712 0.0 0.4 0:00.70
712 5.3 0.4 0:00.73
712 5.6 0.4 0:00.76
712 5.3 0.4 0:00.79
712 0.0 0.4 0:00.82
712 5.3 0.4 0:00.86
712 10.5 0.4 0:00.90
712 0.0 0.4 0:00.91
712 5.0 0.4 0:00.95
712 5.3 0.4 0:00.97
712 10.5 0.4 0:01.01
712 0.0 0.4 0:01.02
712 5.0 0.4 0:01.05
712 0.0 0.4 0:01.08
712 0.0 0.4 0:01.12
712 0.0 0.4 0:01.14
712 0.0 0.4 0:01.18
712 5.3 0.4 0:01.22
712 5.0 0.4 0:01.25
712 5.3 0.4 0:01.28
712 0.0 0.4 0:01.30
712 0.0 0.4 0:01.33
712 0.0 0.4 0:01.35
712 0.0 0.4 0:01.38
712 0.0 0.4 0:01.41
712 0.0 0.4 0:01.44
712 0.0 0.4 0:01.47
712 5.6 0.4 0:01.51
712 5.0 0.4 0:01.54
712 0.0 0.4 0:01.57
712 0.0 0.4 0:01.60
712 0.0 0.4 0:01.63
712 5.0 0.4 0:01.66
712 0.0 0.4 0:01.69
712 5.6 0.4 0:01.73
712 0.0 0.4 0:01.75
712 5.3 0.4 0:01.78
712 0.0 0.4 0:01.80
712 5.6 0.4 0:01.84
712 0.0 0.4 0:01.87
712 5.3 0.4 0:01.90
712 5.3 0.4 0:01.93
712 5.6 0.4 0:01.96
712 5.6 0.4 0:01.99
712 5.6 0.4 0:02.02
712 5.3 0.4 0:02.05
712 5.6 0.4 0:02.08
712 10.0 0.4 0:02.12
KiB used, 294400 buff/cache
712 5.3 0.4 0:02.17
712 0.0 0.4 0:02.20
712 0.0 0.4 0:02.23
712 0.0 0.4 0:02.25
712 0.0 0.4 0:02.28
712 5.6 0.4 0:02.32
712 0.0 0.4 0:02.35
712 5.3 0.4 0:02.38
712 5.3 0.4 0:02.41
712 5.3 0.4 0:02.44
712 0.0 0.4 0:02.46
712 0.0 0.4 0:02.46
KiB used, 294580 buff/cache
712 0.0 0.4 0:02.46
712 0.0 0.4 0:02.46
712 0.0 0.4 0:02.46
712 0.0 0.4 0:02.46
712 0.0 0.4 0:02.46
712 0.0 0.4 0:02.46
712 0.0 0.4 0:02.46
712 0.0 0.4 0:02.46
712 0.0 0.4 0:02.46
712 0.0 0.4 0:02.46
