713 0.0 0.4 0:19.99
713 0.0 0.4 0:20.01
713 5.3 0.4 0:20.04
713 5.6 0.4 0:20.06
713 0.0 0.4 0:20.08
713 0.0 0.4 0:20.10
713 5.3 0.4 0:20.12
713 0.0 0.4 0:20.13
713 5.6 0.4 0:20.15
713 4.8 0.4 0:20.17
713 5.6 0.4 0:20.19
713 4.8 0.4 0:20.21
713 0.0 0.4 0:20.23
713 0.0 0.4 0:20.25
713 0.0 0.4 0:20.27
713 5.6 0.4 0:20.29
713 0.0 0.4 0:20.31
713 0.0 0.4 0:20.32
713 4.8 0.4 0:20.35
713 0.0 0.4 0:20.37
713 5.3 0.4 0:20.39
713 0.0 0.4 0:20.41
713 0.0 0.4 0:20.43
713 5.6 0.4 0:20.45
713 5.6 0.4 0:20.47
713 0.0 0.4 0:20.48
713 0.0 0.4 0:20.50
713 0.0 0.4 0:20.52
713 0.0 0.4 0:20.54
713 5.6 0.4 0:20.57
713 5.6 0.4 0:20.59
713 0.0 0.4 0:20.61
713 5.6 0.4 0:20.63
713 5.0 0.4 0:20.65
713 0.0 0.4 0:20.67
713 0.0 0.4 0:20.69
713 0.0 0.4 0:20.72
713 0.0 0.4 0:20.74
713 0.0 0.4 0:20.77
713 0.0 0.4 0:20.79
713 5.6 0.4 0:20.81
713 0.0 0.4 0:20.83
713 0.0 0.4 0:20.85
713 5.3 0.4 0:20.88
713 0.0 0.4 0:20.89
713 5.6 0.4 0:20.93
713 0.0 0.4 0:20.94
713 0.0 0.4 0:20.96
713 0.0 0.4 0:20.98
713 0.0 0.4 0:21.01
713 5.3 0.4 0:21.03
713 0.0 0.4 0:21.05
713 0.0 0.4 0:21.07
713 5.0 0.4 0:21.10
713 0.0 0.4 0:21.12
713 0.0 0.4 0:21.14
713 0.0 0.4 0:21.16
713 0.0 0.4 0:21.18
713 5.6 0.4 0:21.20
713 5.3 0.4 0:21.22
713 0.0 0.4 0:21.23
713 0.0 0.4 0:21.25
713 0.0 0.4 0:21.27
713 0.0 0.4 0:21.29
713 0.0 0.4 0:21.31
713 0.0 0.4 0:21.33
713 0.0 0.4 0:21.35
713 0.0 0.4 0:21.37
713 0.0 0.4 0:21.39
713 0.0 0.4 0:21.41
713 4.8 0.4 0:21.43
713 5.0 0.4 0:21.46
713 5.0 0.4 0:21.48
713 0.0 0.4 0:21.50
713 0.0 0.4 0:21.52
713 0.0 0.4 0:21.54
713 0.0 0.4 0:21.56
713 4.8 0.4 0:21.59
713 5.6 0.4 0:21.61
713 5.9 0.4 0:21.63
713 0.0 0.4 0:21.64
713 0.0 0.4 0:21.64
713 0.0 0.4 0:21.64
713 0.0 0.4 0:21.64
713 0.0 0.4 0:21.64
713 0.0 0.4 0:21.64
713 0.0 0.4 0:21.64
713 0.0 0.4 0:21.64
713 0.0 0.4 0:21.64
713 0.0 0.4 0:21.64
713 0.0 0.4 0:21.64
713 0.0 0.4 0:21.64
713 0.0 0.4 0:21.64
713 0.0 0.4 0:21.64
713 0.0 0.4 0:21.64
713 0.0 0.4 0:21.64
713 0.0 0.4 0:21.64
713 0.0 0.4 0:21.64
713 0.0 0.4 0:21.64
713 0.0 0.4 0:21.64
