714 5.3 0.4 0:52.09
714 0.0 0.4 0:52.12
714 5.6 0.4 0:52.14
714 5.0 0.4 0:52.17
714 5.3 0.4 0:52.19
714 5.9 0.4 0:52.22
714 0.0 0.4 0:52.24
714 0.0 0.4 0:52.26
714 5.0 0.4 0:52.29
714 0.0 0.4 0:52.31
714 0.0 0.4 0:52.34
714 4.8 0.4 0:52.37
714 4.8 0.4 0:52.40
714 5.9 0.4 0:52.43
714 5.6 0.4 0:52.45
714 5.6 0.4 0:52.48
714 5.9 0.4 0:52.51
714 0.0 0.4 0:52.53
714 5.6 0.4 0:52.56
714 5.6 0.4 0:52.58
714 0.0 0.4 0:52.60
714 0.0 0.4 0:52.62
714 5.3 0.4 0:52.65
714 0.0 0.4 0:52.68
714 0.0 0.4 0:52.70
714 0.0 0.4 0:52.72
714 0.0 0.4 0:52.74
714 5.6 0.4 0:52.77
714 5.6 0.4 0:52.79
714 0.0 0.4 0:52.82
714 4.8 0.4 0:52.84
714 5.6 0.4 0:52.87
KiB used, 347128 buff/cache
714 0.0 0.4 0:52.93
KiB used, 347144 buff/cache
714 5.6 0.4 0:52.98
714 0.0 0.4 0:53.00
714 5.3 0.4 0:53.03
714 5.6 0.4 0:53.06
714 5.6 0.4 0:53.09
714 5.6 0.4 0:53.12
714 0.0 0.4 0:53.14
714 0.0 0.4 0:53.17
714 5.3 0.4 0:53.20
12714 11.1 0.2 0:00.04
714 5.6 0.4 0:53.26
714 0.0 0.4 0:53.28
714 5.6 0.4 0:53.31
714 5.3 0.4 0:53.34
714 11.1 0.4 0:53.38
714 4.8 0.4 0:53.41
714 0.0 0.4 0:53.43
714 10.5 0.4 0:53.47
714 5.6 0.4 0:53.48
714 5.6 0.4 0:53.51
714 5.6 0.4 0:53.54
714 5.6 0.4 0:53.56
714 0.0 0.4 0:53.59
714 5.6 0.4 0:53.62
714 5.3 0.4 0:53.65
714 5.6 0.4 0:53.68
714 0.0 0.4 0:53.70
714 5.6 0.4 0:53.73
714 0.0 0.4 0:53.75
714 5.6 0.4 0:53.78
714 0.0 0.4 0:53.81
KiB used, 347568 buff/cache
714 5.3 0.4 0:53.87
13714 10.5 0.2 0:00.02
714 5.0 0.4 0:53.93
714 5.3 0.4 0:53.96
714 0.0 0.4 0:53.98
714 0.0 0.4 0:54.01
714 5.9 0.4 0:54.05
714 0.0 0.4 0:54.07
714 0.0 0.4 0:54.10
714 5.6 0.4 0:54.13
714 0.0 0.4 0:54.16
714 0.0 0.4 0:54.19
714 0.0 0.4 0:54.23
714 0.0 0.4 0:54.24
714 0.0 0.4 0:54.24
714 0.0 0.4 0:54.24
714 0.0 0.4 0:54.24
714 0.0 0.4 0:54.24
714 0.0 0.4 0:54.24
714 0.0 0.4 0:54.24
714 0.0 0.4 0:54.24
714 0.0 0.4 0:54.24
714 0.0 0.4 0:54.24
