710 5.6 0.4 0:22.78
710 5.6 0.4 0:22.82
710 5.6 0.4 0:22.86
710 5.6 0.4 0:22.89
710 5.6 0.4 0:22.92
710 5.6 0.4 0:22.95
556 0.0 0.9 0:00.48
710 4.5 0.4 0:23.01
556 0.0 0.9 0:00.48
710 5.3 0.4 0:23.06
556 0.0 0.9 0:00.48
710 5.0 0.4 0:23.12
556 0.0 0.9 0:00.48
710 5.6 0.4 0:23.18
556 0.0 0.9 0:00.48
710 5.6 0.4 0:23.23
710 5.6 0.4 0:23.26
710 5.9 0.4 0:23.30
710 5.6 0.4 0:23.33
710 5.6 0.4 0:23.35
556 0.0 0.9 0:00.48
710 5.0 0.4 0:23.42
710 11.1 0.4 0:23.46
556 0.0 0.9 0:00.48
710 11.8 0.4 0:23.52
556 0.0 0.9 0:00.48
556 0.0 0.9 0:00.48
556 0.0 0.9 0:00.48
710 5.6 0.4 0:23.64
710 11.1 0.4 0:23.68
710 4.3 0.4 0:23.70
556 0.0 0.9 0:00.48
556 0.0 0.9 0:00.48
710 5.3 0.4 0:23.78
556 0.0 0.9 0:00.48
710 5.9 0.4 0:23.83
710 10.5 0.4 0:23.87
710 5.0 0.4 0:23.89
556 0.0 0.9 0:00.48
710 5.0 0.4 0:23.94
710 5.6 0.4 0:23.97
710 5.6 0.4 0:23.99
710 5.6 0.4 0:24.02
556 0.0 0.9 0:00.48
556 0.0 0.9 0:00.48
710 10.5 0.4 0:24.12
556 0.0 0.9 0:00.48
710 5.6 0.4 0:24.18
710 5.6 0.4 0:24.20
710 5.6 0.4 0:24.23
710 5.6 0.4 0:24.25
710 5.6 0.4 0:24.28
710 5.9 0.4 0:24.31
556 0.0 0.9 0:00.48
556 0.0 0.9 0:00.48
710 5.3 0.4 0:24.39
710 5.6 0.4 0:24.42
710 5.3 0.4 0:24.45
710 5.0 0.4 0:24.48
710 5.6 0.4 0:24.51
556 0.0 0.9 0:00.48
710 4.5 0.4 0:24.57
556 0.0 0.9 0:00.48
710 5.6 0.4 0:24.62
710 11.1 0.4 0:24.66
710 5.6 0.4 0:24.69
710 5.0 0.4 0:24.72
710 5.9 0.4 0:24.75
556 0.0 0.9 0:00.48
710 5.3 0.4 0:24.81
KiB used, 317104 buff/cache
556 0.0 0.9 0:00.48
710 5.6 0.4 0:24.90
710 11.1 0.4 0:24.93
710 11.1 0.4 0:24.97
710 4.5 0.4 0:24.99
556 0.0 0.9 0:00.48
710 5.3 0.4 0:25.05
710 4.3 0.4 0:25.10
556 0.0 0.9 0:00.48
556 0.0 0.9 0:00.48
556 0.0 0.9 0:00.48
556 0.0 0.9 0:00.48
556 0.0 0.9 0:00.48
556 0.0 0.9 0:00.48
556 0.0 0.9 0:00.48
