710 4.8 0.3 0:07.91
710 5.6 0.4 0:07.95
710 5.3 0.4 0:07.99
710 5.6 0.4 0:08.02
710 11.8 0.4 0:08.07
556 0.0 0.9 0:00.48
556 0.0 0.9 0:00.48
710 11.1 0.4 0:08.18
556 0.0 0.9 0:00.48
710 5.3 0.4 0:08.23
710 11.8 0.4 0:08.27
710 5.9 0.4 0:08.30
710 4.8 0.4 0:08.33
710 5.6 0.4 0:08.36
710 5.6 0.4 0:08.40
710 5.6 0.4 0:08.43
710 5.9 0.4 0:08.46
710 5.6 0.4 0:08.50
710 5.6 0.4 0:08.53
710 5.3 0.4 0:08.55
556 0.0 0.9 0:00.48
710 5.0 0.4 0:08.61
556 0.0 0.9 0:00.48
710 5.6 0.4 0:08.67
556 0.0 0.9 0:00.48
710 4.8 0.4 0:08.73
556 0.0 0.9 0:00.48
556 0.0 0.9 0:00.48
710 5.3 0.4 0:08.82
556 0.0 0.9 0:00.48
710 11.1 0.4 0:08.90
710 16.7 0.4 0:08.95
710 5.3 0.4 0:08.98
710 4.5 0.4 0:09.02
710 5.6 0.4 0:09.05
710 5.6 0.4 0:09.08
710 5.9 0.4 0:09.11
710 5.6 0.4 0:09.14
710 5.6 0.4 0:09.17
710 5.6 0.4 0:09.21
710 5.6 0.4 0:09.25
KiB used, 258772 buff/cache
556 0.0 0.9 0:00.48
710 5.6 0.4 0:09.35
710 5.6 0.4 0:09.38
710 5.6 0.4 0:09.41
710 5.3 0.4 0:09.45
710 5.9 0.4 0:09.48
710 10.5 0.4 0:09.53
556 0.0 0.9 0:00.48
710 5.6 0.4 0:09.58
KiB used, 258900 buff/cache
556 0.0 0.9 0:00.48
710 5.3 0.4 0:09.68
556 0.0 0.9 0:00.48
556 0.0 0.9 0:00.48
710 5.6 0.4 0:09.76
710 10.0 0.4 0:09.80
556 0.0 0.9 0:00.48
710 11.8 0.4 0:09.87
710 5.0 0.4 0:09.91
710 10.5 0.4 0:09.96
556 0.0 0.9 0:00.48
556 0.0 0.9 0:00.48
710 4.8 0.4 0:10.05
710 5.6 0.4 0:10.08
556 0.0 0.9 0:00.48
556 0.0 0.9 0:00.48
710 15.0 0.4 0:10.20
710 4.8 0.4 0:10.22
710 5.6 0.4 0:10.25
710 5.3 0.4 0:10.28
556 0.0 0.9 0:00.48
710 5.6 0.4 0:10.34
710 5.6 0.4 0:10.38
710 5.9 0.4 0:10.42
710 5.3 0.4 0:10.45
710 9.5 0.4 0:10.50
710 5.6 0.4 0:10.53
556 0.0 0.9 0:00.48
556 0.0 0.9 0:00.48
556 0.0 0.9 0:00.48
556 0.0 0.9 0:00.48
556 0.0 0.9 0:00.48
556 0.0 0.9 0:00.48
556 0.0 0.9 0:00.48
556 0.0 0.9 0:00.48
