732 5.9 0.3 0:00.25
732 4.4 0.3 0:00.27
732 4.0 0.3 0:00.27
732 4.3 0.3 0:00.28
732 4.2 0.3 0:00.28
732 5.0 0.3 0:00.29
732 3.9 0.3 0:00.28
732 4.6 0.3 0:00.29
732 3.6 0.3 0:00.28
732 1.9 0.3 0:00.36
732 1.9 0.3 0:00.36
732 1.7 0.3 0:00.36
732 2.0 0.3 0:00.37
732 2.1 0.3 0:00.37
732 2.0 0.3 0:00.37
732 2.1 0.3 0:00.37
732 1.9 0.3 0:00.36
732 3.8 0.3 0:00.44
732 2.2 0.3 0:00.37
732 2.1 0.3 0:00.37
732 34.8 0.3 0:00.56
732 20.8 0.3 0:00.94
732 23.8 0.3 0:01.33
732 29.2 0.3 0:01.76
732 19.0 0.3 0:02.12
732 26.1 0.3 0:02.54
732 19.0 0.3 0:02.85
732 20.8 0.3 0:03.23
590 0.0 0.5 0:00.48
590 0.0 0.5 0:00.48
590 0.0 0.5 0:00.48
590 0.0 0.5 0:00.48
590 0.0 0.5 0:00.48
590 0.0 0.5 0:00.48
590 0.0 0.5 0:00.48
590 0.0 0.5 0:00.48
590 0.0 0.5 0:00.48
590 0.0 0.5 0:00.48
590 0.0 0.5 0:00.48
590 0.0 0.5 0:00.48
590 0.0 0.5 0:00.48
