3448 16.7 0.1 3:44.24
3448 42.1 0.1 3:44.65
3448 35.0 0.1 3:45.12
3448 47.4 0.1 3:45.58
3448 25.0 0.1 3:46.03
3448 27.8 0.1 3:46.49
3448 44.4 0.1 3:46.98
3448 25.0 0.1 3:47.41
3448 30.0 0.1 3:47.85
3448 35.0 0.1 3:48.31
3448 50.0 0.1 3:48.72
3448 40.0 0.1 3:49.18
3448 38.9 0.1 3:49.60
3448 31.6 0.1 3:50.00
3448 44.4 0.1 3:50.48
3448 35.0 0.1 3:50.96
3448 30.0 0.1 3:51.42
3448 31.6 0.1 3:51.88
3448 42.1 0.1 3:52.33
3448 33.3 0.1 3:52.80
3448 31.6 0.1 3:53.23
3448 40.0 0.1 3:53.71
3448 27.8 0.1 3:54.16
3448 33.3 0.1 3:54.60
3448 31.6 0.1 3:55.07
3448 36.8 0.1 3:55.55
3448 25.0 0.1 3:56.02
3448 0.0 0.1 3:56.02
3448 0.0 0.1 3:56.02
