715 9.1 0.3 0:57.70
715 0.0 0.3 0:57.74
715 11.1 0.3 0:57.76
715 0.0 0.3 0:57.76
715 0.0 0.3 0:57.76
715 0.0 0.3 0:57.76
715 0.0 0.3 0:57.76
715 15.0 0.3 0:57.83
715 9.1 0.3 0:57.99
715 8.7 0.3 0:58.16
715 22.2 0.3 0:58.32
715 15.8 0.3 0:58.51
715 9.1 0.3 0:58.71
715 14.3 0.3 0:58.87
715 15.8 0.3 0:59.03
715 0.0 0.3 0:59.14
715 0.0 0.3 0:59.14
715 0.0 0.3 0:59.14
715 0.0 0.3 0:59.14
715 0.0 0.3 0:59.14
715 0.0 0.3 0:59.14
715 0.0 0.3 0:59.14
715 0.0 0.3 0:59.14
715 0.0 0.3 0:59.14
715 0.0 0.3 0:59.14
715 0.0 0.3 0:59.14
715 0.0 0.3 0:59.14
715 0.0 0.3 0:59.14
715 0.0 0.3 0:59.14
715 0.0 0.3 0:59.14
715 0.0 0.3 0:59.14
715 0.0 0.3 0:59.14
715 0.0 0.3 0:59.14
715 0.0 0.3 0:59.14
715 0.0 0.3 0:59.14
715 0.0 0.3 0:59.14
715 0.0 0.3 0:59.14
715 0.0 0.3 0:59.14
715 0.0 0.3 0:59.14
715 0.0 0.3 0:59.14
715 0.0 0.3 0:59.14
715 0.0 0.3 0:59.14
715 0.0 0.3 0:59.14
715 0.0 0.3 0:59.14
715 0.0 0.3 0:59.14
715 0.0 0.3 0:59.14
715 0.0 0.3 0:59.14
715 0.0 0.3 0:59.14
715 0.0 0.3 0:59.14
715 0.0 0.3 0:59.14
715 0.0 0.3 0:59.14
715 0.0 0.3 0:59.14
715 0.0 0.3 0:59.14
715 0.0 0.3 0:59.14
715 0.0 0.3 0:59.14
715 0.0 0.3 0:59.14
715 0.0 0.3 0:59.14
715 0.0 0.3 0:59.14
715 0.0 0.3 0:59.14
715 0.0 0.3 0:59.14
715 0.0 0.3 0:59.14
715 0.0 0.3 0:59.14
715 0.0 0.3 0:59.14
715 0.0 0.3 0:59.14
715 0.0 0.3 0:59.14
