706 0.0 0.4 0:38.97
706 0.0 0.4 0:38.99
706 0.0 0.4 0:39.01
706 0.0 0.4 0:39.02
706 5.6 0.4 0:39.04
706 5.3 0.4 0:39.06
706 5.3 0.4 0:39.08
706 0.0 0.4 0:39.09
706 0.0 0.4 0:39.11
706 0.0 0.4 0:39.12
706 0.0 0.4 0:39.14
706 5.3 0.4 0:39.16
706 0.0 0.4 0:39.18
706 0.0 0.4 0:39.19
706 5.3 0.4 0:39.21
706 0.0 0.4 0:39.22
706 5.6 0.4 0:39.24
706 0.0 0.4 0:39.26
706 5.3 0.4 0:39.29
706 0.0 0.4 0:39.30
706 0.0 0.4 0:39.32
706 0.0 0.4 0:39.33
706 0.0 0.4 0:39.35
706 0.0 0.4 0:39.37
706 0.0 0.4 0:39.40
706 5.6 0.4 0:39.42
706 0.0 0.4 0:39.44
706 0.0 0.4 0:39.46
706 5.3 0.4 0:39.49
706 0.0 0.4 0:39.50
706 0.0 0.4 0:39.53
706 0.0 0.4 0:39.54
706 0.0 0.4 0:39.56
706 0.0 0.4 0:39.58
706 0.0 0.4 0:39.60
706 0.0 0.4 0:39.62
706 0.0 0.4 0:39.64
706 0.0 0.4 0:39.66
706 5.0 0.4 0:39.68
706 0.0 0.4 0:39.70
706 0.0 0.4 0:39.72
706 0.0 0.4 0:39.73
706 5.3 0.4 0:39.75
706 0.0 0.4 0:39.76
706 5.3 0.4 0:39.79
706 0.0 0.4 0:39.80
706 0.0 0.4 0:39.82
706 10.5 0.4 0:39.85
706 0.0 0.4 0:39.85
706 0.0 0.4 0:39.87
706 5.3 0.4 0:39.89
706 0.0 0.4 0:39.90
706 0.0 0.4 0:39.92
706 0.0 0.4 0:39.93
706 0.0 0.4 0:39.95
706 0.0 0.4 0:39.97
706 5.6 0.4 0:39.99
706 0.0 0.4 0:40.01
706 0.0 0.4 0:40.03
706 0.0 0.4 0:40.05
706 5.3 0.4 0:40.07
706 0.0 0.4 0:40.08
706 5.6 0.4 0:40.10
706 5.3 0.4 0:40.12
706 0.0 0.4 0:40.13
706 0.0 0.4 0:40.14
706 0.0 0.4 0:40.16
706 0.0 0.4 0:40.18
706 0.0 0.4 0:40.19
706 0.0 0.4 0:40.21
706 5.3 0.4 0:40.23
706 0.0 0.4 0:40.24
706 0.0 0.4 0:40.26
706 0.0 0.4 0:40.28
706 5.6 0.4 0:40.30
706 0.0 0.4 0:40.31
706 0.0 0.4 0:40.34
706 0.0 0.4 0:40.36
706 0.0 0.4 0:40.38
706 0.0 0.4 0:40.39
706 0.0 0.4 0:40.39
706 0.0 0.4 0:40.39
706 0.0 0.4 0:40.39
706 0.0 0.4 0:40.39
706 0.0 0.4 0:40.39
706 0.0 0.4 0:40.39
706 0.0 0.4 0:40.39
706 0.0 0.4 0:40.39
706 0.0 0.4 0:40.39
706 0.0 0.4 0:40.39
706 0.0 0.4 0:40.39
706 0.0 0.4 0:40.39
