706 5.4 0.4 0:00.09
706 6.1 0.4 0:00.13
706 4.5 0.4 0:00.12
706 5.8 0.4 0:00.13
706 5.9 0.4 0:00.13
706 4.3 0.4 0:00.16
KiB used, 259840 buff/cache
706 4.5 0.4 0:00.19
706 5.3 0.4 0:00.19
706 4.4 0.4 0:00.19
706 0.0 0.4 0:00.20
706 5.6 0.4 0:00.25
706 5.0 0.4 0:00.28
706 5.0 0.4 0:00.32
706 0.0 0.4 0:00.35
706 0.0 0.4 0:00.38
706 0.0 0.4 0:00.41
706 0.0 0.4 0:00.44
706 5.0 0.4 0:00.47
706 0.0 0.4 0:00.49
706 0.0 0.4 0:00.52
706 0.0 0.4 0:00.55
706 0.0 0.4 0:00.58
706 0.0 0.4 0:00.60
706 5.6 0.4 0:00.63
706 0.0 0.4 0:00.65
706 5.3 0.4 0:00.68
706 5.3 0.4 0:00.71
706 0.0 0.4 0:00.74
706 5.0 0.4 0:00.77
706 5.3 0.4 0:00.80
706 0.0 0.4 0:00.82
706 0.0 0.4 0:00.85
706 5.0 0.4 0:00.89
706 5.0 0.4 0:00.91
706 5.6 0.4 0:00.94
706 5.3 0.4 0:00.97
706 5.3 0.4 0:00.99
706 5.6 0.4 0:01.02
706 0.0 0.4 0:01.05
706 0.0 0.4 0:01.08
706 5.6 0.4 0:01.12
706 0.0 0.4 0:01.14
706 0.0 0.4 0:01.17
706 0.0 0.4 0:01.20
706 5.3 0.4 0:01.23
706 0.0 0.4 0:01.25
706 0.0 0.4 0:01.29
706 0.0 0.4 0:01.33
706 16.7 0.4 0:01.36
706 5.6 0.4 0:01.37
706 5.3 0.4 0:01.40
706 5.0 0.4 0:01.43
706 5.6 0.4 0:01.46
706 5.3 0.4 0:01.48
706 0.0 0.4 0:01.51
706 0.0 0.4 0:01.54
706 0.0 0.4 0:01.57
706 5.3 0.4 0:01.60
706 5.3 0.4 0:01.63
706 10.0 0.4 0:01.68
706 5.3 0.4 0:01.70
706 0.0 0.4 0:01.73
706 11.1 0.4 0:01.78
706 5.6 0.4 0:01.80
706 0.0 0.4 0:01.83
706 0.0 0.4 0:01.86
706 5.3 0.4 0:01.89
706 0.0 0.4 0:01.92
706 0.0 0.4 0:01.95
706 5.3 0.4 0:01.98
706 0.0 0.4 0:02.00
706 0.0 0.4 0:02.03
706 0.0 0.4 0:02.06
706 5.0 0.4 0:02.10
706 0.0 0.4 0:02.12
706 0.0 0.4 0:02.15
706 5.6 0.4 0:02.18
706 0.0 0.4 0:02.20
706 5.3 0.4 0:02.24
706 0.0 0.4 0:02.26
706 5.6 0.4 0:02.30
706 0.0 0.4 0:02.32
706 0.0 0.4 0:02.35
706 0.0 0.4 0:02.36
706 0.0 0.4 0:02.36
706 0.0 0.4 0:02.36
706 0.0 0.4 0:02.36
706 0.0 0.4 0:02.36
706 0.0 0.4 0:02.36
706 0.0 0.4 0:02.36
706 0.0 0.4 0:02.36
706 0.0 0.4 0:02.36
706 0.0 0.4 0:02.36
706 0.0 0.4 0:02.36
706 0.0 0.4 0:02.36
706 0.0 0.4 0:02.36
706 0.0 0.4 0:02.36
706 0.0 0.4 0:02.36
706 0.0 0.4 0:02.36
706 0.0 0.4 0:02.36
706 0.0 0.4 0:02.36
706 0.0 0.4 0:02.36
706 0.0 0.4 0:02.36
706 0.0 0.4 0:02.36
706 0.0 0.4 0:02.36
706 0.0 0.4 0:02.36
