706 5.6 0.4 0:17.49
706 0.0 0.4 0:17.51
708 5.6 0.4 0:21.23
708 5.6 0.4 0:21.25
706 5.6 0.4 0:17.59
708 4.8 0.4 0:21.31
708 5.6 0.4 0:21.34
708 5.6 0.4 0:21.37
708 4.8 0.4 0:21.41
706 0.0 0.4 0:17.70
708 5.6 0.4 0:21.46
708 4.8 0.4 0:21.49
706 4.5 0.4 0:17.79
708 5.6 0.4 0:21.54
708 5.6 0.4 0:21.57
706 5.3 0.4 0:17.85
706 5.6 0.4 0:17.88
706 5.6 0.4 0:17.90
706 0.0 0.4 0:17.92
706 5.3 0.4 0:17.95
708 5.3 0.4 0:21.74
706 0.0 0.4 0:17.99
706 5.6 0.4 0:18.02
KiB used, 334300 buff/cache
706 5.6 0.4 0:18.07
706 5.6 0.4 0:18.10
706 5.6 0.4 0:18.14
706 5.6 0.4 0:18.16
706 5.6 0.4 0:18.19
706 0.0 0.4 0:18.21
706 0.0 0.4 0:18.23
706 5.3 0.4 0:18.27
708 5.3 0.4 0:22.06
706 5.6 0.4 0:18.32
708 5.0 0.4 0:22.12
706 5.9 0.4 0:18.37
706 0.0 0.4 0:18.40
706 0.0 0.4 0:18.42
706 0.0 0.4 0:18.45
706 5.6 0.4 0:18.47
708 5.6 0.4 0:22.30
706 5.6 0.4 0:18.52
706 0.0 0.4 0:18.54
706 0.0 0.4 0:18.56
706 5.6 0.4 0:18.59
708 5.6 0.4 0:22.44
706 5.3 0.4 0:18.64
708 5.3 0.4 0:22.51
706 5.3 0.4 0:18.69
706 0.0 0.4 0:18.71
706 0.0 0.4 0:18.73
706 0.0 0.4 0:18.76
706 5.3 0.4 0:18.79
708 5.6 0.4 0:22.69
708 5.3 0.4 0:22.72
708 5.6 0.4 0:22.75
706 5.6 0.4 0:18.88
706 0.0 0.4 0:18.90
706 4.8 0.4 0:18.93
706 4.8 0.4 0:18.95
706 5.3 0.4 0:18.98
706 5.6 0.4 0:19.00
708 10.5 0.4 0:22.99
708 5.6 0.4 0:23.01
708 5.3 0.4 0:23.04
706 0.0 0.4 0:19.10
KiB 1532708 avail Mem
706 0.0 0.4 0:19.15
708 5.6 0.4 0:23.15
706 5.6 0.4 0:19.21
708 5.3 0.4 0:23.21
706 4.8 0.4 0:19.25
708 4.5 0.4 0:23.27
706 5.3 0.4 0:19.30
706 0.0 0.4 0:19.32
706 5.3 0.4 0:19.35
706 5.6 0.4 0:19.37
708 5.6 0.4 0:23.41
706 0.0 0.4 0:19.41
706 0.0 0.4 0:19.43
706 0.0 0.4 0:19.43
706 0.0 0.4 0:19.43
706 0.0 0.4 0:19.43
706 0.0 0.4 0:19.43
706 0.0 0.4 0:19.43
706 0.0 0.4 0:19.43
706 0.0 0.4 0:19.43
706 0.0 0.4 0:19.43
706 0.0 0.4 0:19.43
706 0.0 0.4 0:19.43
706 0.0 0.4 0:19.43
706 0.0 0.4 0:19.43
706 0.0 0.4 0:19.43
706 0.0 0.4 0:19.43
706 0.0 0.4 0:19.43
706 0.0 0.4 0:19.43
706 0.0 0.4 0:19.43
706 0.0 0.4 0:19.43
706 0.0 0.4 0:19.43
