709 5.6 0.4 0:24.81
709 11.1 0.4 0:24.86
709 4.8 0.4 0:24.89
709 5.3 0.4 0:24.93
709 5.6 0.4 0:24.97
709 10.5 0.4 0:25.02
709 5.0 0.4 0:25.05
709 5.9 0.4 0:25.09
709 5.6 0.4 0:25.13
709 4.8 0.4 0:25.17
709 5.9 0.4 0:25.20
709 5.3 0.4 0:25.24
709 11.1 0.4 0:25.28
709 4.8 0.4 0:25.32
709 0.0 0.4 0:25.35
709 0.0 0.4 0:25.39
709 0.0 0.4 0:25.43
709 16.7 0.4 0:25.49
709 5.6 0.4 0:25.52
709 5.3 0.4 0:25.56
709 5.6 0.4 0:25.60
709 0.0 0.4 0:25.64
709 4.5 0.4 0:25.68
709 0.0 0.4 0:25.71
709 0.0 0.4 0:25.75
709 5.3 0.4 0:25.79
709 10.5 0.4 0:25.83
709 5.3 0.4 0:25.88
709 11.1 0.4 0:25.93
709 0.0 0.4 0:25.97
709 10.5 0.4 0:26.02
709 11.1 0.4 0:26.07
709 0.0 0.4 0:26.10
709 0.0 0.4 0:26.15
709 0.0 0.4 0:26.18
709 5.6 0.4 0:26.22
709 5.3 0.4 0:26.25
709 5.0 0.4 0:26.29
709 5.6 0.4 0:26.33
709 11.8 0.4 0:26.37
709 5.6 0.4 0:26.41
709 5.6 0.4 0:26.45
709 5.6 0.4 0:26.49
709 5.6 0.4 0:26.52
709 11.1 0.4 0:26.57
709 5.9 0.4 0:26.61
709 5.6 0.4 0:26.65
709 0.0 0.4 0:26.68
709 0.0 0.4 0:26.72
709 5.6 0.4 0:26.76
709 5.6 0.4 0:26.81
709 5.3 0.4 0:26.85
709 5.9 0.4 0:26.89
709 5.6 0.4 0:26.94
709 5.6 0.4 0:26.98
709 5.0 0.4 0:27.02
709 5.6 0.4 0:27.06
709 5.3 0.4 0:27.10
709 0.0 0.4 0:27.13
709 5.3 0.4 0:27.17
709 5.6 0.4 0:27.21
709 0.0 0.4 0:27.24
709 5.6 0.4 0:27.29
709 11.1 0.4 0:27.34
709 5.6 0.4 0:27.38
709 5.6 0.4 0:27.42
709 0.0 0.4 0:27.46
709 5.3 0.4 0:27.51
709 4.8 0.4 0:27.55
709 4.5 0.4 0:27.59
709 0.0 0.4 0:27.62
709 5.6 0.4 0:27.66
709 11.1 0.4 0:27.71
709 5.6 0.4 0:27.74
709 0.0 0.4 0:27.77
709 4.8 0.4 0:27.82
709 5.6 0.4 0:27.85
709 5.6 0.4 0:27.89
709 0.0 0.4 0:27.93
709 0.0 0.4 0:27.97
709 0.0 0.4 0:27.97
709 0.0 0.4 0:27.97
709 0.0 0.4 0:27.97
709 0.0 0.4 0:27.97
709 0.0 0.4 0:27.97
709 0.0 0.4 0:27.97
709 0.0 0.4 0:27.97
709 0.0 0.4 0:27.97
709 0.0 0.4 0:27.97
709 0.0 0.4 0:27.97
709 0.0 0.4 0:27.97
709 0.0 0.4 0:27.97
709 0.0 0.4 0:27.97
709 0.0 0.4 0:27.97
709 0.0 0.4 0:27.97
709 0.0 0.4 0:27.97
709 0.0 0.4 0:27.97
709 0.0 0.4 0:27.97
709 0.0 0.4 0:27.97
