709 5.0 0.4 0:47.88
709 0.0 0.4 0:47.90
709 0.0 0.4 0:47.93
709 5.6 0.4 0:47.96
709 5.3 0.4 0:47.98
709 11.1 0.4 0:48.02
709 5.6 0.4 0:48.04
709 5.6 0.4 0:48.07
709 5.3 0.4 0:48.10
709 0.0 0.4 0:48.13
709 5.3 0.4 0:48.17
709 5.6 0.4 0:48.20
709 5.3 0.4 0:48.23
709 0.0 0.4 0:48.25
709 5.3 0.4 0:48.28
709 0.0 0.4 0:48.30
709 0.0 0.4 0:48.33
709 5.6 0.4 0:48.36
709 0.0 0.4 0:48.39
709 0.0 0.4 0:48.42
709 0.0 0.4 0:48.44
709 5.6 0.4 0:48.48
709 5.9 0.4 0:48.51
709 5.6 0.4 0:48.54
709 0.0 0.4 0:48.57
709 0.0 0.4 0:48.60
709 9.1 0.4 0:48.65
KiB used, 347092 buff/cache
709 10.5 0.4 0:48.70
709 5.6 0.4 0:48.72
709 5.6 0.4 0:48.75
709 5.6 0.4 0:48.79
KiB used, 347172 buff/cache
709 5.9 0.4 0:48.85
709 5.6 0.4 0:48.88
709 5.6 0.4 0:48.91
709 0.0 0.4 0:48.93
709 5.6 0.4 0:48.96
709 5.3 0.4 0:48.99
709 5.6 0.4 0:49.01
709 0.0 0.4 0:49.03
709 5.6 0.4 0:49.07
709 5.6 0.4 0:49.10
709 0.0 0.4 0:49.13
709 5.6 0.4 0:49.16
709 5.6 0.4 0:49.19
709 5.6 0.4 0:49.22
709 5.3 0.4 0:49.25
709 5.3 0.4 0:49.28
709 5.6 0.4 0:49.31
709 0.0 0.4 0:49.34
709 11.1 0.4 0:49.38
709 0.0 0.4 0:49.40
709 0.0 0.4 0:49.43
709 0.0 0.4 0:49.46
709 0.0 0.4 0:49.49
709 0.0 0.4 0:49.52
709 5.6 0.4 0:49.55
709 0.0 0.4 0:49.58
709 11.1 0.4 0:49.63
709 0.0 0.4 0:49.65
709 5.6 0.4 0:49.68
709 5.6 0.4 0:49.72
709 5.6 0.4 0:49.75
709 5.0 0.4 0:49.78
709 0.0 0.4 0:49.83
709 0.0 0.4 0:49.85
709 0.0 0.4 0:49.87
709 0.0 0.4 0:49.90
709 0.0 0.4 0:49.93
709 5.6 0.4 0:49.96
709 5.6 0.4 0:49.99
709 5.6 0.4 0:50.02
709 5.6 0.4 0:50.05
709 5.6 0.4 0:50.08
709 5.6 0.4 0:50.11
709 5.6 0.4 0:50.15
709 0.0 0.4 0:50.17
709 5.6 0.4 0:50.20
709 5.6 0.4 0:50.23
709 0.0 0.4 0:50.25
709 0.0 0.4 0:50.25
709 0.0 0.4 0:50.25
709 0.0 0.4 0:50.25
709 0.0 0.4 0:50.25
709 0.0 0.4 0:50.25
709 0.0 0.4 0:50.25
709 0.0 0.4 0:50.25
709 0.0 0.4 0:50.25
709 0.0 0.4 0:50.25
709 0.0 0.4 0:50.25
709 0.0 0.4 0:50.25
709 0.0 0.4 0:50.25
709 0.0 0.4 0:50.25
709 0.0 0.4 0:50.25
709 0.0 0.4 0:50.25
709 0.0 0.4 0:50.25
709 0.0 0.4 0:50.25
709 0.0 0.4 0:50.25
709 0.0 0.4 0:50.25
