2965 0.0 0.1 0:00.30
2965 0.0 0.1 0:00.31
2965 0.0 0.1 0:00.33
2965 5.3 0.1 0:00.34
2965 0.0 0.1 0:00.34
2965 0.0 0.1 0:00.35
2965 5.9 0.1 0:00.36
2965 5.3 0.1 0:00.37
2965 0.0 0.1 0:00.37
2965 0.0 0.1 0:00.38
2965 4.5 0.1 0:00.39
2965 0.0 0.1 0:00.40
2965 0.0 0.1 0:00.41
2965 0.0 0.1 0:00.41
2965 0.0 0.1 0:00.42
2965 0.0 0.1 0:00.43
2965 3.6 0.1 0:00.44
2965 0.0 0.1 0:00.46
2965 0.0 0.1 0:00.47
2965 0.0 0.1 0:00.47
2965 5.3 0.1 0:00.50
2965 0.0 0.1 0:00.50
2965 5.3 0.1 0:00.52
2965 3.1 0.1 0:00.54
2965 0.0 0.1 0:00.54
2965 0.0 0.1 0:00.54
