3679 18.2 0.1 0:21.51
3679 21.1 0.1 0:21.80
3679 21.1 0.1 0:22.05
3679 18.2 0.1 0:22.36
3679 30.0 0.1 0:22.66
3679 16.7 0.1 0:22.93
3679 20.0 0.1 0:23.23
3679 21.1 0.1 0:23.51
3679 25.0 0.1 0:23.86
3679 22.7 0.1 0:24.16
3679 19.0 0.1 0:24.49
3679 18.2 0.1 0:24.75
3679 27.3 0.1 0:25.00
3679 33.3 0.1 0:25.27
3679 24.0 0.1 0:25.57
3679 26.3 0.1 0:25.86
3679 33.3 0.1 0:26.17
3679 18.2 0.1 0:26.43
3679 12.5 0.1 0:26.72
3679 19.0 0.1 0:26.99
3679 14.3 0.1 0:27.27
3679 15.8 0.1 0:27.50
3679 22.7 0.1 0:27.72
3679 21.1 0.1 0:27.97
3679 20.0 0.1 0:28.31
3679 21.4 0.1 0:28.64
3679 16.7 0.1 0:28.95
3679 24.0 0.1 0:29.32
3679 23.8 0.1 0:29.57
3679 20.0 0.1 0:29.91
3679 26.3 0.1 0:30.18
3679 19.0 0.1 0:30.46
3679 25.0 0.1 0:30.72
3679 0.0 0.1 0:30.87
3679 0.0 0.1 0:30.88
3679 0.0 0.1 0:30.88
3679 0.0 0.1 0:30.88
3679 0.0 0.1 0:30.88
3679 0.0 0.1 0:30.88
3679 0.0 0.1 0:30.88
3679 0.0 0.1 0:30.88
3679 0.0 0.1 0:30.88
3679 0.0 0.1 0:30.88
3679 0.0 0.1 0:30.88
3679 0.0 0.1 0:30.88
3679 0.0 0.1 0:30.88
3679 0.0 0.1 0:30.88
3679 0.0 0.1 0:30.88
3679 0.0 0.1 0:30.88
3679 0.0 0.1 0:30.88
3679 0.0 0.1 0:30.88
3679 0.0 0.1 0:30.88
3679 0.0 0.1 0:30.88
3679 0.0 0.1 0:30.88
3679 0.0 0.1 0:30.88
3679 0.0 0.1 0:30.88
3679 0.0 0.1 0:30.88
3679 0.0 0.1 0:30.88
3679 0.0 0.1 0:30.88
3679 0.0 0.1 0:30.88
3679 0.0 0.1 0:30.88
