709 11.1 0.3 0:11.26
709 5.3 0.3 0:11.32
709 0.0 0.3 0:11.32
709 0.0 0.3 0:11.32
709 0.0 0.3 0:11.32
709 0.0 0.3 0:11.32
709 0.0 0.3 0:11.32
709 0.0 0.3 0:11.32
709 0.0 0.3 0:11.32
709 0.0 0.3 0:11.32
709 0.0 0.3 0:11.32
709 0.0 0.3 0:11.32
709 0.0 0.3 0:11.32
709 0.0 0.3 0:11.32
709 0.0 0.3 0:11.32
709 0.0 0.3 0:11.32
709 0.0 0.3 0:11.32
709 0.0 0.3 0:11.32
709 0.0 0.3 0:11.32
709 0.0 0.3 0:11.38
709 0.0 0.3 0:11.39
709 0.0 0.3 0:11.39
709 0.0 0.3 0:11.39
709 0.0 0.3 0:11.39
709 0.0 0.3 0:11.39
709 0.0 0.3 0:11.39
709 0.0 0.3 0:11.39
709 0.0 0.3 0:11.39
709 0.0 0.3 0:11.39
709 0.0 0.3 0:11.39
709 0.0 0.3 0:11.39
709 0.0 0.3 0:11.39
709 0.0 0.3 0:11.39
709 0.0 0.3 0:11.39
709 5.3 0.3 0:11.40
709 0.0 0.3 0:11.40
709 0.0 0.3 0:11.41
709 11.1 0.3 0:11.46
709 0.0 0.3 0:11.46
709 0.0 0.3 0:11.46
709 0.0 0.3 0:11.46
709 0.0 0.3 0:11.46
709 0.0 0.3 0:11.46
709 0.0 0.3 0:11.46
709 0.0 0.3 0:11.46
709 0.0 0.3 0:11.46
15709 11.8 0.2 0:00.04
709 0.0 0.3 0:11.46
709 0.0 0.3 0:11.46
709 0.0 0.3 0:11.47
709 0.0 0.3 0:11.47
709 0.0 0.3 0:11.47
709 0.0 0.3 0:11.47
709 0.0 0.3 0:11.48
709 0.0 0.3 0:11.49
709 11.1 0.3 0:11.51
709 5.6 0.3 0:11.52
709 0.0 0.3 0:11.52
709 0.0 0.3 0:11.52
709 0.0 0.3 0:11.52
709 0.0 0.3 0:11.52
709 0.0 0.3 0:11.52
709 0.0 0.3 0:11.52
709 0.0 0.3 0:11.52
709 0.0 0.3 0:11.52
709 0.0 0.3 0:11.52
709 0.0 0.3 0:11.52
709 0.0 0.3 0:11.53
709 0.0 0.3 0:11.53
709 0.0 0.3 0:11.53
709 0.0 0.3 0:11.54
709 5.6 0.3 0:11.55
709 0.0 0.3 0:11.55
709 0.0 0.3 0:11.55
709 0.0 0.3 0:11.58
709 0.0 0.3 0:11.59
709 0.0 0.3 0:11.59
709 0.0 0.3 0:11.59
709 0.0 0.3 0:11.59
709 0.0 0.3 0:11.59
709 0.0 0.3 0:11.59
709 0.0 0.3 0:11.59
709 0.0 0.3 0:11.59
709 0.0 0.3 0:11.59
709 0.0 0.3 0:11.59
709 0.0 0.3 0:11.59
709 0.0 0.3 0:11.59
709 0.0 0.3 0:11.61
709 0.0 0.3 0:11.61
709 0.0 0.3 0:11.61
709 0.0 0.3 0:11.61
709 0.0 0.3 0:11.61
709 10.5 0.3 0:11.65
709 0.0 0.3 0:11.65
709 0.0 0.3 0:11.65
709 0.0 0.3 0:11.65
709 0.0 0.3 0:11.65
709 0.0 0.3 0:11.65
709 0.0 0.3 0:11.65
709 0.0 0.3 0:11.65
709 0.0 0.3 0:11.65
709 0.0 0.3 0:11.65
709 0.0 0.3 0:11.65
709 0.0 0.3 0:11.65
709 0.0 0.3 0:11.65
709 11.1 0.3 0:11.67
709 0.0 0.3 0:11.67
709 0.0 0.3 0:11.67
709 0.0 0.3 0:11.67
709 0.0 0.3 0:11.68
709 0.0 0.3 0:11.68
709 0.0 0.3 0:11.71
709 0.0 0.3 0:11.71
709 0.0 0.3 0:11.71
709 0.0 0.3 0:11.71
709 0.0 0.3 0:11.71
709 0.0 0.3 0:11.71
709 0.0 0.3 0:11.71
709 0.0 0.3 0:11.71
709 0.0 0.3 0:11.71
709 0.0 0.3 0:11.71
709 0.0 0.3 0:11.72
709 0.0 0.3 0:11.72
709 0.0 0.3 0:11.72
709 0.0 0.3 0:11.72
709 0.0 0.3 0:11.73
709 0.0 0.3 0:11.73
709 0.0 0.3 0:11.73
709 0.0 0.3 0:11.74
709 0.0 0.3 0:11.77
709 0.0 0.3 0:11.77
709 0.0 0.3 0:11.77
709 0.0 0.3 0:11.77
709 0.0 0.3 0:11.77
709 0.0 0.3 0:11.77
709 0.0 0.3 0:11.77
709 0.0 0.3 0:11.78
709 0.0 0.3 0:11.78
709 0.0 0.3 0:11.78
709 0.0 0.3 0:11.78
709 0.0 0.3 0:11.78
709 0.0 0.3 0:11.78
709 0.0 0.3 0:11.79
709 0.0 0.3 0:11.79
709 0.0 0.3 0:11.79
709 0.0 0.3 0:11.80
709 0.0 0.3 0:11.82
709 5.6 0.3 0:11.83
709 0.0 0.3 0:11.84
709 0.0 0.3 0:11.84
709 0.0 0.3 0:11.84
709 0.0 0.3 0:11.84
709 0.0 0.3 0:11.84
709 0.0 0.3 0:11.84
709 0.0 0.3 0:11.84
709 0.0 0.3 0:11.85
709 0.0 0.3 0:11.85
709 0.0 0.3 0:11.85
709 0.0 0.3 0:11.85
709 5.6 0.3 0:11.86
709 0.0 0.3 0:11.86
709 0.0 0.3 0:11.86
709 0.0 0.3 0:11.86
709 0.0 0.3 0:11.87
709 0.0 0.3 0:11.87
709 0.0 0.3 0:11.87
709 0.0 0.3 0:11.89
709 0.0 0.3 0:11.89
709 0.0 0.3 0:11.89
709 0.0 0.3 0:11.89
709 0.0 0.3 0:11.89
709 0.0 0.3 0:11.89
709 0.0 0.3 0:11.89
709 0.0 0.3 0:11.89
709 0.0 0.3 0:11.89
709 0.0 0.3 0:11.89
709 0.0 0.3 0:11.89
709 0.0 0.3 0:11.89
709 0.0 0.3 0:11.89
709 0.0 0.3 0:11.89
709 0.0 0.3 0:11.89
709 0.0 0.3 0:11.89
709 0.0 0.3 0:11.89
709 0.0 0.3 0:11.89
709 0.0 0.3 0:11.89
709 0.0 0.3 0:11.89
