712 16.7 0.3 0:14.05
712 5.6 0.3 0:14.10
712 0.0 0.3 0:14.10
712 0.0 0.3 0:14.10
712 0.0 0.3 0:14.10
712 0.0 0.3 0:14.10
712 0.0 0.3 0:14.10
712 0.0 0.3 0:14.10
712 0.0 0.3 0:14.10
712 0.0 0.3 0:14.10
712 0.0 0.3 0:14.10
712 0.0 0.3 0:14.10
712 0.0 0.3 0:14.10
712 0.0 0.3 0:14.10
712 0.0 0.3 0:14.10
712 0.0 0.3 0:14.10
712 0.0 0.3 0:14.10
712 0.0 0.3 0:14.10
712 0.0 0.3 0:14.10
712 0.0 0.3 0:14.17
712 0.0 0.3 0:14.18
712 0.0 0.3 0:14.19
712 0.0 0.3 0:14.19
712 0.0 0.3 0:14.19
KiB used, 327472 buff/cache
712 0.0 0.3 0:14.19
712 0.0 0.3 0:14.19
712 0.0 0.3 0:14.19
712 0.0 0.3 0:14.19
712 0.0 0.3 0:14.19
712 0.0 0.3 0:14.19
712 0.0 0.3 0:14.19
712 0.0 0.3 0:14.19
712 0.0 0.3 0:14.19
712 0.0 0.3 0:14.19
712 0.0 0.3 0:14.19
712 0.0 0.3 0:14.19
712 15.8 0.3 0:14.27
712 0.0 0.3 0:14.30
712 0.0 0.3 0:14.30
712 0.0 0.3 0:14.30
712 0.0 0.3 0:14.30
712 0.0 0.3 0:14.30
712 0.0 0.3 0:14.30
712 0.0 0.3 0:14.30
712 0.0 0.3 0:14.30
712 0.0 0.3 0:14.30
712 0.0 0.3 0:14.30
712 0.0 0.3 0:14.30
712 0.0 0.3 0:14.30
712 0.0 0.3 0:14.30
712 0.0 0.3 0:14.31
712 0.0 0.3 0:14.31
712 0.0 0.3 0:14.32
712 0.0 0.3 0:14.32
712 0.0 0.3 0:14.33
712 5.6 0.3 0:14.37
712 0.0 0.3 0:14.37
712 0.0 0.3 0:14.37
712 0.0 0.3 0:14.37
712 0.0 0.3 0:14.37
712 0.0 0.3 0:14.37
712 0.0 0.3 0:14.37
712 0.0 0.3 0:14.37
712 0.0 0.3 0:14.37
712 0.0 0.3 0:14.37
712 0.0 0.3 0:14.37
712 0.0 0.3 0:14.38
712 0.0 0.3 0:14.38
712 0.0 0.3 0:14.38
712 0.0 0.3 0:14.38
712 0.0 0.3 0:14.39
712 0.0 0.3 0:14.39
KiB used, 327712 buff/cache
712 0.0 0.3 0:14.44
712 0.0 0.3 0:14.45
712 0.0 0.3 0:14.45
712 0.0 0.3 0:14.45
712 0.0 0.3 0:14.45
712 0.0 0.3 0:14.45
712 0.0 0.3 0:14.45
17128 16.7 0.2 0:00.03
712 0.0 0.3 0:14.45
712 0.0 0.3 0:14.45
712 0.0 0.3 0:14.45
712 0.0 0.3 0:14.45
712 0.0 0.3 0:14.45
712 0.0 0.3 0:14.47
712 0.0 0.3 0:14.47
712 0.0 0.3 0:14.47
712 0.0 0.3 0:14.47
712 0.0 0.3 0:14.49
712 11.1 0.3 0:14.51
712 0.0 0.3 0:14.52
712 0.0 0.3 0:14.52
712 0.0 0.3 0:14.52
712 0.0 0.3 0:14.52
712 0.0 0.3 0:14.52
712 0.0 0.3 0:14.52
712 0.0 0.3 0:14.52
712 0.0 0.3 0:14.52
712 0.0 0.3 0:14.52
712 0.0 0.3 0:14.53
712 0.0 0.3 0:14.53
712 0.0 0.3 0:14.53
712 0.0 0.3 0:14.53
712 0.0 0.3 0:14.53
712 0.0 0.3 0:14.54
712 0.0 0.3 0:14.55
712 0.0 0.3 0:14.57
712 0.0 0.3 0:14.57
712 5.6 0.3 0:14.61
712 0.0 0.3 0:14.61
712 0.0 0.3 0:14.61
712 0.0 0.3 0:14.61
712 0.0 0.3 0:14.61
712 0.0 0.3 0:14.61
712 0.0 0.3 0:14.61
712 0.0 0.3 0:14.61
712 0.0 0.3 0:14.61
712 0.0 0.3 0:14.61
712 0.0 0.3 0:14.61
712 0.0 0.3 0:14.62
712 0.0 0.3 0:14.62
712 0.0 0.3 0:14.62
712 0.0 0.3 0:14.63
712 0.0 0.3 0:14.63
712 0.0 0.3 0:14.64
712 5.9 0.3 0:14.66
712 4.8 0.3 0:14.69
712 0.0 0.3 0:14.70
712 0.0 0.3 0:14.70
712 0.0 0.3 0:14.70
712 0.0 0.3 0:14.70
712 0.0 0.3 0:14.70
712 0.0 0.3 0:14.70
712 11.1 0.3 0:14.72
712 0.0 0.3 0:14.72
712 0.0 0.3 0:14.72
712 0.0 0.3 0:14.72
712 0.0 0.3 0:14.72
712 0.0 0.3 0:14.72
712 0.0 0.3 0:14.72
712 0.0 0.3 0:14.72
712 0.0 0.3 0:14.72
712 0.0 0.3 0:14.74
712 0.0 0.3 0:14.74
712 5.6 0.3 0:14.76
712 0.0 0.3 0:14.78
712 0.0 0.3 0:14.79
712 0.0 0.3 0:14.79
712 0.0 0.3 0:14.79
712 0.0 0.3 0:14.79
712 0.0 0.3 0:14.79
712 0.0 0.3 0:14.79
712 0.0 0.3 0:14.79
712 0.0 0.3 0:14.79
712 0.0 0.3 0:14.80
712 0.0 0.3 0:14.80
712 0.0 0.3 0:14.81
712 0.0 0.3 0:14.81
712 0.0 0.3 0:14.81
712 0.0 0.3 0:14.81
712 0.0 0.3 0:14.82
712 5.3 0.3 0:14.83
712 0.0 0.3 0:14.83
712 5.6 0.3 0:14.86
712 0.0 0.3 0:14.86
712 0.0 0.3 0:14.86
712 0.0 0.3 0:14.86
712 0.0 0.3 0:14.86
712 0.0 0.3 0:14.86
712 0.0 0.3 0:14.86
712 0.0 0.3 0:14.86
712 0.0 0.3 0:14.86
712 0.0 0.3 0:14.86
712 0.0 0.3 0:14.86
712 0.0 0.3 0:14.86
712 0.0 0.3 0:14.86
712 0.0 0.3 0:14.86
712 0.0 0.3 0:14.86
712 0.0 0.3 0:14.86
712 0.0 0.3 0:14.86
712 0.0 0.3 0:14.86
712 0.0 0.3 0:14.86
712 0.0 0.3 0:14.86
