718 10.5 0.3 0:32.70
718 0.0 0.3 0:32.74
718 0.0 0.3 0:32.74
718 0.0 0.3 0:32.74
718 0.0 0.3 0:32.74
718 5.3 0.3 0:32.82
718 11.1 0.3 0:32.93
718 5.3 0.3 0:33.03
718 10.5 0.3 0:33.15
718 15.0 0.3 0:33.30
16718 21.1 0.2 0:00.04
718 15.8 0.3 0:33.54
718 15.0 0.3 0:33.65
718 5.6 0.3 0:33.69
718 0.0 0.3 0:33.69
718 0.0 0.3 0:33.69
718 0.0 0.3 0:33.69
718 0.0 0.3 0:33.69
718 0.0 0.3 0:33.69
718 0.0 0.3 0:33.69
718 0.0 0.3 0:33.69
718 0.0 0.3 0:33.69
718 0.0 0.3 0:33.69
718 0.0 0.3 0:33.69
718 0.0 0.3 0:33.69
718 0.0 0.3 0:33.69
718 0.0 0.3 0:33.69
718 0.0 0.3 0:33.69
718 0.0 0.3 0:33.69
718 0.0 0.3 0:33.69
718 0.0 0.3 0:33.69
718 0.0 0.3 0:33.69
