719 16.7 0.3 0:00.08
719 21.4 0.3 0:00.08
719 19.4 0.3 0:00.10
719 16.5 0.3 0:00.19
719 20.3 0.3 0:00.19
719 15.2 0.3 0:00.19
719 25.0 0.3 0:00.37
719 30.0 0.3 0:00.64
719 31.6 0.3 0:00.91
719 26.3 0.3 0:01.16
719 15.0 0.3 0:01.41
719 15.8 0.3 0:01.62
719 14.3 0.3 0:01.88
719 0.0 0.3 0:02.03
719 0.0 0.3 0:02.04
719 0.0 0.3 0:02.04
719 0.0 0.3 0:02.04
719 0.0 0.3 0:02.04
719 0.0 0.3 0:02.04
719 0.0 0.3 0:02.04
719 0.0 0.3 0:02.04
719 0.0 0.3 0:02.04
719 0.0 0.3 0:02.04
719 0.0 0.3 0:02.04
719 0.0 0.3 0:02.04
719 0.0 0.3 0:02.04
719 0.0 0.3 0:02.04
719 0.0 0.3 0:02.04
719 0.0 0.3 0:02.04
719 0.0 0.3 0:02.04
719 0.0 0.3 0:02.04
719 0.0 0.3 0:02.04
719 0.0 0.3 0:02.04
