2922 14.3 0.1 0:37.94
2922 36.8 0.1 0:38.17
2922 28.6 0.1 0:38.48
2922 28.6 0.1 0:38.90
2922 40.0 0.1 0:39.34
2922 35.0 0.1 0:39.72
2922 30.4 0.1 0:40.13
2922 28.6 0.1 0:40.54
2922 28.6 0.1 0:40.93
2922 32.0 0.1 0:41.37
2922 29.2 0.1 0:41.83
2922 26.1 0.1 0:42.18
2922 34.8 0.1 0:42.63
2922 24.1 0.1 0:43.07
2922 27.3 0.1 0:43.48
2922 31.6 0.1 0:43.87
2922 31.6 0.1 0:44.27
2922 25.0 0.1 0:44.67
2922 22.2 0.1 0:45.01
2922 36.8 0.1 0:45.42
2922 31.6 0.1 0:45.82
2922 31.6 0.1 0:46.21
2922 30.0 0.1 0:46.61
2922 28.6 0.1 0:47.01
2922 36.8 0.1 0:47.41
2922 5.0 0.1 0:47.72
