2923 5.6 0.1 0:02.02
2923 0.0 0.1 0:02.10
2923 5.6 0.1 0:02.20
2923 9.5 0.1 0:02.29
2923 4.8 0.1 0:02.35
2923 0.0 0.1 0:02.40
2923 5.0 0.1 0:02.47
2923 5.0 0.1 0:02.53
2923 10.5 0.1 0:02.61
2923 5.6 0.1 0:02.68
2923 10.0 0.1 0:02.78
2923 5.3 0.1 0:02.84
2923 10.5 0.1 0:02.91
2923 5.0 0.1 0:02.96
2923 5.3 0.1 0:03.02
2923 8.7 0.1 0:03.13
2923 11.1 0.1 0:03.26
2923 9.5 0.1 0:03.38
2923 8.7 0.1 0:03.46
2923 5.6 0.1 0:03.53
2923 5.6 0.1 0:03.61
2923 11.1 0.1 0:03.68
2923 10.0 0.1 0:03.79
2923 10.0 0.1 0:03.88
2923 5.6 0.1 0:03.93
2923 0.0 0.1 0:03.95
