2925 0.0 0.1 0:00.23
2925 0.0 0.1 0:00.25
2925 5.6 0.1 0:00.28
2925 4.8 0.1 0:00.31
2925 0.0 0.1 0:00.32
2925 0.0 0.1 0:00.33
2925 0.0 0.1 0:00.33
2925 0.0 0.1 0:00.33
2925 0.0 0.1 0:00.33
2925 0.0 0.1 0:00.33
2925 0.0 0.1 0:00.33
2925 0.0 0.1 0:00.33
2925 0.0 0.1 0:00.33
2925 0.0 0.1 0:00.33
2925 0.0 0.1 0:00.33
2925 0.0 0.1 0:00.33
2925 0.0 0.1 0:00.33
2925 0.0 0.1 0:00.33
2925 0.0 0.1 0:00.33
2925 0.0 0.1 0:00.34
2925 0.0 0.1 0:00.34
2925 0.0 0.1 0:00.34
2925 0.0 0.1 0:00.34
2925 0.0 0.1 0:00.34
2925 0.0 0.1 0:00.34
