709 10.0 0.3 0:48.41
709 10.5 0.3 0:48.47
709 0.0 0.3 0:48.47
709 0.0 0.3 0:48.47
KiB used, 397424 buff/cache
709 0.0 0.3 0:48.47
709 0.0 0.3 0:48.47
709 10.5 0.3 0:48.53
709 10.0 0.3 0:48.61
709 21.1 0.3 0:48.72
709 10.5 0.3 0:48.80
709 10.5 0.3 0:48.91
709 15.0 0.3 0:49.02
709 10.5 0.3 0:49.13
709 5.0 0.3 0:49.22
709 0.0 0.3 0:49.22
709 0.0 0.3 0:49.22
709 0.0 0.3 0:49.22
709 0.0 0.3 0:49.22
709 0.0 0.3 0:49.22
709 0.0 0.3 0:49.22
709 0.0 0.3 0:49.22
709 0.0 0.3 0:49.22
709 0.0 0.3 0:49.22
709 0.0 0.3 0:49.22
709 0.0 0.3 0:49.22
709 0.0 0.3 0:49.22
709 0.0 0.3 0:49.22
709 0.0 0.3 0:49.22
709 0.0 0.3 0:49.22
709 0.0 0.3 0:49.22
709 0.0 0.3 0:49.22
709 0.0 0.3 0:49.22
709 0.0 0.3 0:49.22
709 0.0 0.3 0:49.22
709 0.0 0.3 0:49.22
709 0.0 0.3 0:49.22
709 0.0 0.3 0:49.22
709 0.0 0.3 0:49.22
709 0.0 0.3 0:49.22
709 0.0 0.3 0:49.22
709 0.0 0.3 0:49.22
709 0.0 0.3 0:49.22
