710 16.1 0.3 0:00.13
710 12.2 0.3 0:00.16
710 14.1 0.3 0:00.16
710 14.1 0.3 0:00.16
710 3.4 0.3 0:00.24
710 3.7 0.3 0:00.20
710 2.4 0.3 0:00.22
710 3.0 0.3 0:00.24
710 2.4 0.3 0:00.22
KiB used, 264368 buff/cache
710 2.7 0.3 0:00.24
710 38.1 0.3 0:00.48
710 25.0 0.3 0:00.87
710 28.6 0.3 0:01.20
710 26.1 0.3 0:01.58
710 33.3 0.3 0:01.99
710 36.4 0.3 0:02.43
710 26.1 0.3 0:02.76
546 0.0 0.9 0:00.51
546 0.0 0.9 0:00.51
546 0.0 0.9 0:00.51
546 0.0 0.9 0:00.51
546 0.0 0.9 0:00.51
546 0.0 0.9 0:00.51
546 0.0 0.9 0:00.51
546 0.0 0.9 0:00.51
546 0.0 0.9 0:00.51
546 0.0 0.9 0:00.51
546 0.0 0.9 0:00.51
546 0.0 0.9 0:00.51
546 0.0 0.9 0:00.51
546 0.0 0.9 0:00.51
546 0.0 0.9 0:00.51
546 0.0 0.9 0:00.51
546 0.0 0.9 0:00.51
546 0.0 0.9 0:00.51
546 0.0 0.9 0:00.51
546 0.0 0.9 0:00.51
546 0.0 0.9 0:00.51
546 0.0 0.9 0:00.51
546 0.0 0.9 0:00.51
546 0.0 0.9 0:00.51
546 0.0 0.9 0:00.51
546 0.0 0.9 0:00.51
546 0.0 0.9 0:00.51
546 0.0 0.9 0:00.51
546 0.0 0.9 0:00.51
546 0.0 0.9 0:00.51
546 0.0 0.9 0:00.51
546 0.0 0.9 0:00.51
546 0.0 0.9 0:00.51
546 0.0 0.9 0:00.51
546 0.0 0.9 0:00.51
546 0.0 0.9 0:00.51
546 0.0 0.9 0:00.51
546 0.0 0.9 0:00.51
546 0.0 0.9 0:00.51
546 0.0 0.9 0:00.51
546 0.0 0.9 0:00.51
546 0.0 0.9 0:00.51
546 0.0 0.9 0:00.51
546 0.0 0.9 0:00.51
546 0.0 0.9 0:00.51
