710 11.1 0.3 0:48.11
710 5.6 0.3 0:48.14
710 5.6 0.3 0:48.15
546 0.0 0.9 0:00.51
546 0.0 0.9 0:00.51
546 0.0 0.9 0:00.51
710 16.7 0.3 0:48.20
710 11.1 0.3 0:48.32
710 15.8 0.3 0:48.44
710 10.5 0.3 0:48.56
710 15.8 0.3 0:48.68
710 15.0 0.3 0:48.82
710 9.1 0.3 0:48.95
710 15.8 0.3 0:49.08
546 0.0 0.9 0:00.51
546 0.0 0.9 0:00.51
546 0.0 0.9 0:00.51
546 0.0 0.9 0:00.51
546 0.0 0.9 0:00.51
546 0.0 0.9 0:00.51
546 0.0 0.9 0:00.51
546 0.0 0.9 0:00.51
546 0.0 0.9 0:00.51
546 0.0 0.9 0:00.51
546 0.0 0.9 0:00.51
546 0.0 0.9 0:00.51
546 0.0 0.9 0:00.51
546 0.0 0.9 0:00.51
546 0.0 0.9 0:00.51
546 0.0 0.9 0:00.51
546 0.0 0.9 0:00.51
546 0.0 0.9 0:00.51
546 0.0 0.9 0:00.51
546 0.0 0.9 0:00.51
