712 21.1 0.3 1:06.21
712 14.3 0.3 1:06.28
712 0.0 0.3 1:06.29
712 5.6 0.3 1:06.30
712 0.0 0.3 1:06.30
712 0.0 0.3 1:06.30
712 0.0 0.3 1:06.30
712 16.7 0.3 1:06.40
712 19.0 0.3 1:06.56
712 15.8 0.3 1:06.71
712 15.8 0.3 1:06.87
712 12.5 0.3 1:07.03
712 9.1 0.3 1:07.19
712 16.7 0.3 1:07.34
712 15.8 0.3 1:07.50
712 0.0 0.3 1:07.50
712 0.0 0.3 1:07.50
712 0.0 0.3 1:07.50
712 0.0 0.3 1:07.50
712 0.0 0.3 1:07.50
712 0.0 0.3 1:07.50
712 0.0 0.3 1:07.50
712 0.0 0.3 1:07.50
KiB used, 398468 buff/cache
712 0.0 0.3 1:07.50
712 0.0 0.3 1:07.50
712 0.0 0.3 1:07.50
712 0.0 0.3 1:07.50
712 0.0 0.3 1:07.50
712 0.0 0.3 1:07.50
712 0.0 0.3 1:07.50
712 0.0 0.3 1:07.50
712 0.0 0.3 1:07.50
712 0.0 0.3 1:07.50
712 0.0 0.3 1:07.50
712 0.0 0.3 1:07.50
712 0.0 0.3 1:07.50
712 0.0 0.3 1:07.50
712 0.0 0.3 1:07.50
712 0.0 0.3 1:07.50
712 0.0 0.3 1:07.50
712 0.0 0.3 1:07.50
712 0.0 0.3 1:07.50
