705 0.0 0.1 0:00.00
705 0.0 0.1 0:00.00
705 0.0 0.1 0:00.00
705 0.0 0.1 0:00.00
705 0.0 0.1 0:00.00
705 0.0 0.1 0:00.00
705 0.0 0.1 0:00.00
705 0.0 0.1 0:00.00
705 0.0 0.1 0:00.00
705 0.0 0.1 0:00.00
KiB used, 267052 buff/cache
705 0.0 0.1 0:00.00
705 0.0 0.1 0:00.00
705 0.0 0.1 0:00.00
705 0.0 0.1 0:00.00
705 0.0 0.1 0:00.00
705 0.0 0.1 0:00.00
705 0.0 0.1 0:00.00
705 0.0 0.1 0:00.00
705 0.0 0.1 0:00.00
705 0.0 0.1 0:00.00
705 0.0 0.1 0:00.00
705 0.0 0.1 0:00.00
705 0.0 0.1 0:00.00
705 0.0 0.1 0:00.00
705 0.0 0.1 0:00.00
705 0.0 0.1 0:00.00
705 0.0 0.1 0:00.00
705 0.0 0.1 0:00.00
705 0.0 0.1 0:00.00
705 0.0 0.1 0:00.00
705 0.0 0.1 0:00.00
705 0.0 0.1 0:00.00
705 0.0 0.1 0:00.00
705 0.0 0.1 0:00.00
705 0.0 0.1 0:00.00
705 0.0 0.1 0:00.00
705 0.0 0.1 0:00.00
705 0.0 0.1 0:00.00
705 0.0 0.1 0:00.00
705 0.0 0.1 0:00.00
705 0.0 0.1 0:00.00
705 0.0 0.1 0:00.00
705 0.0 0.1 0:00.00
705 0.0 0.1 0:00.00
705 0.0 0.1 0:00.00
705 0.0 0.1 0:00.00
705 0.0 0.1 0:00.00
705 0.0 0.1 0:00.00
705 0.0 0.1 0:00.00
705 0.0 0.1 0:00.00
KiB used, 268900 buff/cache
705 0.0 0.1 0:00.00
705 0.0 0.1 0:00.00
705 0.0 0.1 0:00.00
705 0.0 0.1 0:00.00
705 0.0 0.1 0:00.00
705 0.0 0.1 0:00.00
705 0.0 0.1 0:00.00
705 0.0 0.1 0:00.00
705 0.0 0.1 0:00.00
705 0.0 0.1 0:00.00
705 0.0 0.1 0:00.00
705 0.0 0.1 0:00.00
705 0.0 0.1 0:00.00
705 0.0 0.1 0:00.00
705 0.0 0.1 0:00.00
705 0.0 0.1 0:00.00
705 0.0 0.1 0:00.00
705 0.0 0.1 0:00.00
705 0.0 0.1 0:00.00
705 0.0 0.1 0:00.00
705 0.0 0.1 0:00.00
705 0.0 0.1 0:00.00
705 0.0 0.1 0:00.00
705 0.0 0.1 0:00.00
705 0.0 0.1 0:00.00
705 0.0 0.1 0:00.00
705 0.0 0.1 0:00.00
705 0.0 0.1 0:00.00
705 0.0 0.1 0:00.00
705 0.0 0.1 0:00.00
705 0.0 0.1 0:00.00
705 0.0 0.1 0:00.00
705 0.0 0.1 0:00.00
705 0.0 0.1 0:00.00
705 0.0 0.1 0:00.00
705 0.0 0.1 0:00.00
705 0.0 0.1 0:00.00
705 0.0 0.1 0:00.00
705 0.0 0.1 0:00.00
705 0.0 0.1 0:00.00
705 0.0 0.1 0:00.00
705 0.0 0.1 0:00.00
705 0.0 0.1 0:00.00
