705 0.0 0.1 0:00.00
705 0.0 0.1 0:00.00
705 0.0 0.1 0:00.00
705 0.0 0.1 0:00.00
705 0.0 0.1 0:00.00
705 0.0 0.1 0:00.00
705 0.0 0.1 0:00.00
705 0.0 0.1 0:00.00
705 0.0 0.1 0:00.00
705 0.0 0.1 0:00.00
705 0.0 0.1 0:00.00
705 0.0 0.1 0:00.00
705 0.0 0.1 0:00.00
705 0.0 0.1 0:00.00
705 0.0 0.1 0:00.00
705 0.0 0.1 0:00.00
705 0.0 0.1 0:00.00
705 0.0 0.1 0:00.00
705 0.0 0.1 0:00.00
705 0.0 0.1 0:00.00
705 0.0 0.1 0:00.00
705 0.0 0.1 0:00.00
705 0.0 0.1 0:00.00
705 0.0 0.1 0:00.00
705 0.0 0.1 0:00.00
705 0.0 0.1 0:00.00
705 0.0 0.1 0:00.00
705 0.0 0.1 0:00.00
705 0.0 0.1 0:00.00
705 0.0 0.1 0:00.00
705 0.0 0.1 0:00.00
705 0.0 0.1 0:00.00
705 0.0 0.1 0:00.00
705 0.0 0.1 0:00.00
705 0.0 0.1 0:00.00
705 0.0 0.1 0:00.00
705 0.0 0.1 0:00.00
705 0.0 0.1 0:00.00
705 0.0 0.1 0:00.00
705 0.0 0.1 0:00.00
705 0.0 0.1 0:00.00
27705 5.6 0.2 0:00.04
705 0.0 0.1 0:00.00
705 0.0 0.1 0:00.00
705 0.0 0.1 0:00.00
705 0.0 0.1 0:00.00
705 0.0 0.1 0:00.00
705 0.0 0.1 0:00.00
705 0.0 0.1 0:00.00
705 0.0 0.1 0:00.00
705 0.0 0.1 0:00.00
705 0.0 0.1 0:00.00
705 0.0 0.1 0:00.00
705 0.0 0.1 0:00.00
705 0.0 0.1 0:00.00
705 0.0 0.1 0:00.00
705 0.0 0.1 0:00.00
705 0.0 0.1 0:00.00
705 0.0 0.1 0:00.00
705 0.0 0.1 0:00.00
705 0.0 0.1 0:00.00
705 0.0 0.1 0:00.00
705 0.0 0.1 0:00.00
705 0.0 0.1 0:00.00
705 0.0 0.1 0:00.00
705 0.0 0.1 0:00.00
705 0.0 0.1 0:00.00
705 0.0 0.1 0:00.00
705 0.0 0.1 0:00.00
705 0.0 0.1 0:00.00
705 0.0 0.1 0:00.00
705 0.0 0.1 0:00.00
705 0.0 0.1 0:00.00
705 0.0 0.1 0:00.00
705 0.0 0.1 0:00.00
705 0.0 0.1 0:00.00
705 0.0 0.1 0:00.00
705 0.0 0.1 0:00.00
705 0.0 0.1 0:00.00
705 0.0 0.1 0:00.00
705 0.0 0.1 0:00.00
705 0.0 0.1 0:00.00
705 0.0 0.1 0:00.00
705 0.0 0.1 0:00.00
705 0.0 0.1 0:00.00
705 0.0 0.1 0:00.00
705 0.0 0.1 0:00.00
705 0.0 0.1 0:00.00
705 0.0 0.1 0:00.00
705 0.0 0.1 0:00.00
705 0.0 0.1 0:00.00
705 0.0 0.1 0:00.00
705 0.0 0.1 0:00.00
705 0.0 0.1 0:00.00
705 0.0 0.1 0:00.00
705 0.0 0.1 0:00.00
705 0.0 0.1 0:00.00
705 0.0 0.1 0:00.00
705 0.0 0.1 0:00.00
705 0.0 0.1 0:00.00
705 0.0 0.1 0:00.00
705 0.0 0.1 0:00.00
705 0.0 0.1 0:00.00
705 0.0 0.1 0:00.00
705 0.0 0.1 0:00.00
705 0.0 0.1 0:00.00
705 0.0 0.1 0:00.00
705 0.0 0.1 0:00.00
