707 10.5 0.4 1:07.66
707 0.0 0.4 1:07.68
707 0.0 0.4 1:07.71
707 5.6 0.4 1:07.75
707 0.0 0.4 1:07.78
707 5.3 0.4 1:07.82
707 0.0 0.4 1:07.84
707 0.0 0.4 1:07.88
707 5.6 0.4 1:07.91
707 5.6 0.4 1:07.94
707 0.0 0.4 1:07.96
707 5.3 0.4 1:07.99
707 0.0 0.4 1:08.01
707 0.0 0.4 1:08.04
707 5.6 0.4 1:08.07
707 5.6 0.4 1:08.10
707 5.3 0.4 1:08.13
707 0.0 0.4 1:08.15
707 5.3 0.4 1:08.19
707 0.0 0.4 1:08.21
707 0.0 0.4 1:08.24
707 5.3 0.4 1:08.28
707 5.6 0.4 1:08.31
707 0.0 0.4 1:08.34
707 0.0 0.4 1:08.37
707 0.0 0.4 1:08.40
707 5.6 0.4 1:08.44
707 0.0 0.4 1:08.47
707 5.6 0.4 1:08.50
707 5.3 0.4 1:08.53
707 5.3 0.4 1:08.56
707 0.0 0.4 1:08.58
707 0.0 0.4 1:08.61
707 0.0 0.4 1:08.64
707 0.0 0.4 1:08.67
707 0.0 0.4 1:08.70
707 0.0 0.4 1:08.73
707 0.0 0.4 1:08.76
707 5.3 0.4 1:08.80
707 0.0 0.4 1:08.82
707 5.6 0.4 1:08.86
707 0.0 0.4 1:08.88
707 0.0 0.4 1:08.91
707 0.0 0.4 1:08.94
707 0.0 0.4 1:08.97
707 5.6 0.4 1:09.01
707 0.0 0.4 1:09.04
707 5.6 0.4 1:09.08
707 5.3 0.4 1:09.11
707 5.6 0.4 1:09.14
707 5.0 0.4 1:09.17
707 11.1 0.4 1:09.21
707 5.3 0.4 1:09.23
707 5.6 0.4 1:09.26
707 5.3 0.4 1:09.30
KiB used, 378632 buff/cache
707 0.0 0.4 1:09.36
707 5.6 0.4 1:09.40
707 5.3 0.4 1:09.43
707 5.3 0.4 1:09.46
707 0.0 0.4 1:09.48
707 5.3 0.4 1:09.52
707 5.6 0.4 1:09.55
707 0.0 0.4 1:09.57
707 0.0 0.4 1:09.60
707 5.6 0.4 1:09.64
707 0.0 0.4 1:09.66
707 0.0 0.4 1:09.69
707 0.0 0.4 1:09.72
707 0.0 0.4 1:09.75
707 5.0 0.4 1:09.78
707 5.0 0.4 1:09.81
707 5.3 0.4 1:09.84
707 5.6 0.4 1:09.87
707 0.0 0.4 1:09.89
707 5.6 0.4 1:09.93
707 5.3 0.4 1:09.96
707 0.0 0.4 1:09.98
707 0.0 0.4 1:10.02
707 0.0 0.4 1:10.05
707 0.0 0.4 1:10.06
707 0.0 0.4 1:10.06
707 0.0 0.4 1:10.06
707 0.0 0.4 1:10.06
707 0.0 0.4 1:10.06
707 0.0 0.4 1:10.06
707 0.0 0.4 1:10.06
707 0.0 0.4 1:10.06
707 0.0 0.4 1:10.06
707 0.0 0.4 1:10.06
707 0.0 0.4 1:10.06
707 0.0 0.4 1:10.06
707 0.0 0.4 1:10.06
707 0.0 0.4 1:10.06
707 0.0 0.4 1:10.06
707 0.0 0.4 1:10.06
707 0.0 0.4 1:10.06
707 0.0 0.4 1:10.06
707 0.0 0.4 1:10.06
707 0.0 0.4 1:10.06
707 0.0 0.4 1:10.06
