707 5.6 0.4 1:37.13
707 0.0 0.4 1:37.14
707 0.0 0.4 1:37.16
707 0.0 0.4 1:37.18
707 0.0 0.4 1:37.19
707 0.0 0.4 1:37.21
707 5.9 0.4 1:37.23
707 0.0 0.4 1:37.24
707 0.0 0.4 1:37.26
707 0.0 0.4 1:37.27
707 0.0 0.4 1:37.29
707 0.0 0.4 1:37.30
707 5.6 0.4 1:37.32
707 0.0 0.4 1:37.34
707 0.0 0.4 1:37.36
707 0.0 0.4 1:37.37
707 0.0 0.4 1:37.39
707 0.0 0.4 1:37.41
707 0.0 0.4 1:37.43
707 5.3 0.4 1:37.45
707 5.9 0.4 1:37.47
707 0.0 0.4 1:37.48
707 0.0 0.4 1:37.50
707 0.0 0.4 1:37.52
707 0.0 0.4 1:37.54
707 0.0 0.4 1:37.56
707 0.0 0.4 1:37.58
707 0.0 0.4 1:37.60
707 0.0 0.4 1:37.62
707 0.0 0.4 1:37.64
707 0.0 0.4 1:37.66
707 0.0 0.4 1:37.68
707 0.0 0.4 1:37.70
707 0.0 0.4 1:37.71
707 0.0 0.4 1:37.73
707 0.0 0.4 1:37.75
707 0.0 0.4 1:37.77
707 0.0 0.4 1:37.79
707 5.3 0.4 1:37.81
707 0.0 0.4 1:37.82
707 0.0 0.4 1:37.84
707 5.6 0.4 1:37.86
707 5.6 0.4 1:37.88
707 0.0 0.4 1:37.89
707 0.0 0.4 1:37.91
707 5.6 0.4 1:37.93
707 0.0 0.4 1:37.94
707 0.0 0.4 1:37.96
707 0.0 0.4 1:37.98
707 0.0 0.4 1:38.01
707 0.0 0.4 1:38.03
707 5.6 0.4 1:38.05
707 0.0 0.4 1:38.06
707 0.0 0.4 1:38.08
707 0.0 0.4 1:38.10
707 0.0 0.4 1:38.11
707 0.0 0.4 1:38.13
707 0.0 0.4 1:38.15
707 5.6 0.4 1:38.17
707 0.0 0.4 1:38.18
707 0.0 0.4 1:38.20
707 0.0 0.4 1:38.21
707 0.0 0.4 1:38.23
707 0.0 0.4 1:38.26
707 0.0 0.4 1:38.28
707 5.3 0.4 1:38.30
707 5.6 0.4 1:38.32
707 5.3 0.4 1:38.34
707 5.6 0.4 1:38.36
707 0.0 0.4 1:38.37
707 5.6 0.4 1:38.39
707 0.0 0.4 1:38.42
707 0.0 0.4 1:38.42
707 0.0 0.4 1:38.43
707 0.0 0.4 1:38.45
707 5.6 0.4 1:38.47
707 0.0 0.4 1:38.49
707 5.9 0.4 1:38.51
707 0.0 0.4 1:38.52
707 0.0 0.4 1:38.54
707 0.0 0.4 1:38.55
707 0.0 0.4 1:38.55
707 0.0 0.4 1:38.55
707 0.0 0.4 1:38.55
707 0.0 0.4 1:38.55
707 0.0 0.4 1:38.55
707 0.0 0.4 1:38.55
