707 0.0 0.4 0:28.97
707 5.3 0.4 0:29.01
707 5.6 0.4 0:29.05
707 11.1 0.4 0:29.11
707 0.0 0.4 0:29.14
707 5.3 0.4 0:29.19
707 4.5 0.4 0:29.24
707 5.6 0.4 0:29.28
707 5.3 0.4 0:29.33
707 5.6 0.4 0:29.37
707 0.0 0.4 0:29.41
707 0.0 0.4 0:29.47
707 5.6 0.4 0:29.52
707 0.0 0.4 0:29.56
707 0.0 0.4 0:29.61
707 5.3 0.4 0:29.66
707 5.3 0.4 0:29.71
707 5.3 0.4 0:29.76
707 5.0 0.4 0:29.80
707 0.0 0.4 0:29.84
707 5.3 0.4 0:29.90
707 11.1 0.4 0:29.96
707 0.0 0.4 0:29.99
707 0.0 0.4 0:30.05
707 10.5 0.4 0:30.12
707 5.6 0.4 0:30.16
707 5.6 0.4 0:30.22
707 0.0 0.4 0:30.25
707 11.1 0.4 0:30.31
707 5.0 0.4 0:30.35
707 4.8 0.4 0:30.40
707 5.3 0.4 0:30.45
707 16.7 0.4 0:30.52
707 5.6 0.4 0:30.55
707 0.0 0.4 0:30.59
707 5.6 0.4 0:30.64
707 5.3 0.4 0:30.68
707 0.0 0.4 0:30.72
707 5.6 0.4 0:30.76
707 0.0 0.4 0:30.80
707 5.6 0.4 0:30.84
707 5.3 0.4 0:30.88
707 5.3 0.4 0:30.92
707 5.6 0.4 0:30.96
707 0.0 0.4 0:31.00
707 5.0 0.4 0:31.06
707 0.0 0.4 0:31.10
707 5.6 0.4 0:31.15
707 5.0 0.4 0:31.19
707 0.0 0.4 0:31.23
707 5.3 0.4 0:31.28
707 5.3 0.4 0:31.33
707 0.0 0.4 0:31.38
707 5.6 0.4 0:31.44
707 5.0 0.4 0:31.48
707 5.6 0.4 0:31.52
707 5.6 0.4 0:31.57
707 5.6 0.4 0:31.61
707 0.0 0.4 0:31.66
707 5.6 0.4 0:31.71
707 0.0 0.4 0:31.76
707 10.0 0.4 0:31.82
707 5.6 0.4 0:31.85
707 5.6 0.4 0:31.91
707 5.3 0.4 0:31.95
707 5.6 0.4 0:32.00
707 0.0 0.4 0:32.05
707 0.0 0.4 0:32.09
707 5.6 0.4 0:32.14
707 5.6 0.4 0:32.19
707 5.6 0.4 0:32.23
27074 15.0 0.2 0:00.03
707 0.0 0.4 0:32.32
KiB used, 347072 buff/cache
707 5.3 0.4 0:32.42
707 4.8 0.4 0:32.47
707 5.6 0.4 0:32.51
707 0.0 0.4 0:32.55
707 5.6 0.4 0:32.60
707 0.0 0.4 0:32.61
707 0.0 0.4 0:32.61
707 0.0 0.4 0:32.61
707 0.0 0.4 0:32.61
707 0.0 0.4 0:32.61
707 0.0 0.4 0:32.61
707 0.0 0.4 0:32.61
