708 0.0 0.4 1:37.33
708 0.0 0.4 1:37.36
708 0.0 0.4 1:37.38
708 0.0 0.4 1:37.39
708 0.0 0.4 1:37.41
708 0.0 0.4 1:37.44
708 0.0 0.4 1:37.46
708 0.0 0.4 1:37.48
708 0.0 0.4 1:37.49
708 0.0 0.4 1:37.51
708 5.6 0.4 1:37.54
708 5.3 0.4 1:37.56
708 5.3 0.4 1:37.59
708 0.0 0.4 1:37.60
708 0.0 0.4 1:37.63
708 0.0 0.4 1:37.65
708 0.0 0.4 1:37.67
708 0.0 0.4 1:37.69
708 0.0 0.4 1:37.71
708 0.0 0.4 1:37.73
708 5.6 0.4 1:37.76
708 0.0 0.4 1:37.78
708 0.0 0.4 1:37.80
708 5.3 0.4 1:37.83
708 0.0 0.4 1:37.85
708 0.0 0.4 1:37.87
708 5.3 0.4 1:37.89
708 0.0 0.4 1:37.91
708 5.6 0.4 1:37.93
708 5.3 0.4 1:37.95
708 0.0 0.4 1:37.98
708 0.0 0.4 1:38.00
708 0.0 0.4 1:38.02
708 0.0 0.4 1:38.04
708 0.0 0.4 1:38.06
708 0.0 0.4 1:38.07
708 0.0 0.4 1:38.09
708 0.0 0.4 1:38.11
708 5.0 0.4 1:38.13
708 0.0 0.4 1:38.14
708 0.0 0.4 1:38.17
708 0.0 0.4 1:38.19
708 0.0 0.4 1:38.21
708 5.6 0.4 1:38.23
708 0.0 0.4 1:38.25
708 0.0 0.4 1:38.27
708 5.3 0.4 1:38.30
708 5.6 0.4 1:38.32
708 5.0 0.4 1:38.35
708 0.0 0.4 1:38.37
708 5.0 0.4 1:38.39
708 0.0 0.4 1:38.41
708 0.0 0.4 1:38.43
708 0.0 0.4 1:38.45
708 0.0 0.4 1:38.47
708 0.0 0.4 1:38.50
708 0.0 0.4 1:38.52
708 5.3 0.4 1:38.55
708 5.3 0.4 1:38.57
708 5.6 0.4 1:38.59
708 0.0 0.4 1:38.61
708 0.0 0.4 1:38.63
708 5.3 0.4 1:38.66
708 0.0 0.4 1:38.68
708 5.6 0.4 1:38.70
708 0.0 0.4 1:38.72
708 0.0 0.4 1:38.74
708 0.0 0.4 1:38.76
708 5.3 0.4 1:38.78
708 0.0 0.4 1:38.80
708 0.0 0.4 1:38.82
708 0.0 0.4 1:38.84
708 0.0 0.4 1:38.87
708 0.0 0.4 1:38.89
708 5.6 0.4 1:38.91
708 0.0 0.4 1:38.93
708 0.0 0.4 1:38.95
708 0.0 0.4 1:38.97
708 0.0 0.4 1:38.99
708 0.0 0.4 1:39.01
708 0.0 0.4 1:39.02
708 0.0 0.4 1:39.02
708 0.0 0.4 1:39.02
708 0.0 0.4 1:39.02
KiB used, 400180 buff/cache
708 0.0 0.4 1:39.02
708 0.0 0.4 1:39.02
708 0.0 0.4 1:39.02
708 0.0 0.4 1:39.02
