708 0.0 0.4 0:10.50
708 10.5 0.4 0:10.59
708 5.0 0.4 0:10.64
708 5.3 0.4 0:10.72
708 5.6 0.4 0:10.79
708 5.6 0.4 0:10.86
708 5.6 0.4 0:10.93
708 5.6 0.4 0:10.99
708 0.0 0.4 0:11.05
708 5.3 0.4 0:11.15
708 11.1 0.4 0:11.22
708 0.0 0.4 0:11.29
708 10.5 0.4 0:11.36
708 5.3 0.4 0:11.42
708 5.3 0.4 0:11.49
708 5.3 0.4 0:11.57
708 0.0 0.4 0:11.63
708 10.5 0.4 0:11.71
708 5.0 0.4 0:11.77
708 5.3 0.4 0:11.86
708 10.5 0.4 0:11.94
708 5.0 0.4 0:12.00
708 5.0 0.4 0:12.08
708 5.0 0.4 0:12.15
708 10.5 0.4 0:12.22
708 5.6 0.4 0:12.28
708 5.3 0.4 0:12.35
708 0.0 0.4 0:12.41
708 5.3 0.4 0:12.48
708 5.3 0.4 0:12.55
708 5.3 0.4 0:12.61
708 5.6 0.4 0:12.69
708 22.2 0.4 0:12.79
708 5.3 0.4 0:12.84
708 4.8 0.4 0:12.91
708 15.8 0.4 0:12.99
708 5.0 0.4 0:13.06
708 10.5 0.4 0:13.15
708 5.6 0.4 0:13.22
708 5.3 0.4 0:13.31
708 11.1 0.4 0:13.39
708 5.0 0.4 0:13.47
708 5.0 0.4 0:13.54
708 5.6 0.4 0:13.61
708 5.0 0.4 0:13.67
708 5.3 0.4 0:13.75
708 11.1 0.4 0:13.84
708 10.5 0.4 0:13.91
708 5.0 0.4 0:13.97
708 4.8 0.4 0:14.06
708 5.3 0.4 0:14.12
708 5.6 0.4 0:14.20
708 0.0 0.4 0:14.27
708 10.5 0.4 0:14.35
708 5.3 0.4 0:14.44
708 0.0 0.4 0:14.51
708 5.6 0.4 0:14.58
708 5.0 0.4 0:14.63
708 10.5 0.4 0:14.72
708 5.3 0.4 0:14.78
708 5.3 0.4 0:14.84
708 5.3 0.4 0:14.90
708 5.6 0.4 0:14.96
708 5.6 0.4 0:15.03
708 10.5 0.4 0:15.10
708 10.0 0.4 0:15.18
708 5.6 0.4 0:15.23
708 5.3 0.4 0:15.30
708 10.5 0.4 0:15.38
708 10.5 0.4 0:15.44
KiB used, 331680 buff/cache
708 0.0 0.4 0:15.56
708 5.3 0.4 0:15.63
708 5.6 0.4 0:15.71
708 10.5 0.4 0:15.77
708 5.0 0.4 0:15.84
708 9.5 0.4 0:15.93
708 5.6 0.4 0:15.97
708 0.0 0.4 0:15.97
708 0.0 0.4 0:15.97
708 0.0 0.4 0:15.97
KiB used, 331984 buff/cache
708 0.0 0.4 0:15.97
708 0.0 0.4 0:15.97
708 0.0 0.4 0:15.97
708 0.0 0.4 0:15.97
