708 0.0 0.4 1:44.03
708 5.0 0.4 1:44.05
708 5.6 0.4 1:44.07
708 5.0 0.4 1:44.10
708 0.0 0.4 1:44.11
708 0.0 0.4 1:44.13
708 0.0 0.4 1:44.15
708 0.0 0.4 1:44.17
708 0.0 0.4 1:44.19
708 5.0 0.4 1:44.21
708 0.0 0.4 1:44.22
708 0.0 0.4 1:44.24
708 5.6 0.4 1:44.27
708 0.0 0.4 1:44.29
708 0.0 0.4 1:44.31
708 0.0 0.4 1:44.33
708 0.0 0.4 1:44.34
708 0.0 0.4 1:44.36
708 0.0 0.4 1:44.38
708 0.0 0.4 1:44.39
708 0.0 0.4 1:44.42
708 0.0 0.4 1:44.44
708 0.0 0.4 1:44.47
708 0.0 0.4 1:44.47
708 0.0 0.4 1:44.49
KiB used, 404708 buff/cache
708 5.6 0.4 1:44.54
708 0.0 0.4 1:44.56
708 0.0 0.4 1:44.59
708 0.0 0.4 1:44.61
708 0.0 0.4 1:44.63
708 10.0 0.4 1:44.66
708 0.0 0.4 1:44.66
708 0.0 0.4 1:44.68
708 0.0 0.4 1:44.70
708 5.3 0.4 1:44.72
708 0.0 0.4 1:44.73
708 5.3 0.4 1:44.76
708 0.0 0.4 1:44.77
708 0.0 0.4 1:44.79
708 0.0 0.4 1:44.81
708 5.0 0.4 1:44.83
708 0.0 0.4 1:44.84
708 0.0 0.4 1:44.86
708 0.0 0.4 1:44.88
708 5.6 0.4 1:44.90
708 0.0 0.4 1:44.92
708 5.6 0.4 1:44.93
708 5.6 0.4 1:44.95
708 5.6 0.4 1:44.97
708 0.0 0.4 1:44.98
708 0.0 0.4 1:45.00
708 5.3 0.4 1:45.03
708 5.3 0.4 1:45.05
708 5.6 0.4 1:45.07
708 5.0 0.4 1:45.09
708 0.0 0.4 1:45.11
708 0.0 0.4 1:45.13
708 0.0 0.4 1:45.15
708 5.3 0.4 1:45.17
708 0.0 0.4 1:45.19
708 0.0 0.4 1:45.21
708 5.3 0.4 1:45.23
708 0.0 0.4 1:45.25
708 0.0 0.4 1:45.27
708 0.0 0.4 1:45.28
708 0.0 0.4 1:45.30
708 0.0 0.4 1:45.33
708 0.0 0.4 1:45.35
708 0.0 0.4 1:45.37
708 5.6 0.4 1:45.40
708 5.6 0.4 1:45.42
708 0.0 0.4 1:45.43
708 0.0 0.4 1:45.46
708 0.0 0.4 1:45.47
708 0.0 0.4 1:45.49
708 0.0 0.4 1:45.51
708 0.0 0.4 1:45.53
708 0.0 0.4 1:45.55
708 0.0 0.4 1:45.57
708 0.0 0.4 1:45.57
708 0.0 0.4 1:45.57
708 0.0 0.4 1:45.57
708 0.0 0.4 1:45.57
708 0.0 0.4 1:45.57
708 0.0 0.4 1:45.57
708 0.0 0.4 1:45.57
708 0.0 0.4 1:45.57
708 0.0 0.4 1:45.57
708 0.0 0.4 1:45.57
708 0.0 0.4 1:45.57
708 0.0 0.4 1:45.57
