708 5.0 0.4 0:42.34
708 0.0 0.4 0:42.39
708 11.1 0.4 0:42.45
708 5.3 0.4 0:42.49
708 5.6 0.4 0:42.54
708 5.3 0.4 0:42.60
708 5.3 0.4 0:42.66
708 0.0 0.4 0:42.70
708 10.5 0.4 0:42.76
708 5.6 0.4 0:42.81
708 5.3 0.4 0:42.86
708 5.3 0.4 0:42.91
708 5.0 0.4 0:42.97
708 5.0 0.4 0:43.02
708 0.0 0.4 0:43.07
708 5.3 0.4 0:43.12
708 11.8 0.4 0:43.17
708 5.3 0.4 0:43.23
708 5.6 0.4 0:43.28
708 5.6 0.4 0:43.33
708 5.6 0.4 0:43.37
708 5.3 0.4 0:43.42
708 0.0 0.4 0:43.47
708 5.3 0.4 0:43.52
708 5.6 0.4 0:43.57
708 5.3 0.4 0:43.62
708 0.0 0.4 0:43.67
708 5.9 0.4 0:43.73
708 10.5 0.4 0:43.80
708 5.6 0.4 0:43.83
708 5.6 0.4 0:43.88
708 0.0 0.4 0:43.92
708 5.3 0.4 0:43.97
708 5.6 0.4 0:44.02
708 0.0 0.4 0:44.06
708 10.5 0.4 0:44.12
708 0.0 0.4 0:44.15
708 0.0 0.4 0:44.20
708 5.3 0.4 0:44.25
708 5.6 0.4 0:44.30
708 5.3 0.4 0:44.35
708 5.0 0.4 0:44.40
708 11.1 0.4 0:44.46
708 5.6 0.4 0:44.51
708 10.0 0.4 0:44.56
708 5.3 0.4 0:44.60
708 5.3 0.4 0:44.66
708 5.3 0.4 0:44.71
708 10.0 0.4 0:44.77
708 5.3 0.4 0:44.81
708 10.5 0.4 0:44.86
708 5.6 0.4 0:44.90
708 0.0 0.4 0:44.95
708 5.3 0.4 0:45.01
708 5.3 0.4 0:45.06
708 0.0 0.4 0:45.10
708 5.6 0.4 0:45.15
708 5.6 0.4 0:45.20
708 5.6 0.4 0:45.24
708 5.6 0.4 0:45.30
708 5.6 0.4 0:45.35
708 5.6 0.4 0:45.39
708 0.0 0.4 0:45.45
708 0.0 0.4 0:45.49
708 5.6 0.4 0:45.55
708 0.0 0.4 0:45.60
708 0.0 0.4 0:45.64
708 5.6 0.4 0:45.70
708 5.3 0.4 0:45.75
708 0.0 0.4 0:45.79
708 11.1 0.4 0:45.85
708 10.5 0.4 0:45.90
708 5.3 0.4 0:45.94
708 4.5 0.4 0:46.00
708 5.0 0.4 0:46.05
708 5.0 0.4 0:46.09
708 5.3 0.4 0:46.13
708 0.0 0.4 0:46.18
708 5.3 0.4 0:46.24
708 0.0 0.4 0:46.24
708 0.0 0.4 0:46.24
708 0.0 0.4 0:46.24
708 0.0 0.4 0:46.24
