709 5.3 0.4 1:57.77
709 0.0 0.4 1:57.80
709 5.6 0.4 1:57.83
709 5.3 0.4 1:57.86
709 0.0 0.4 1:57.88
709 5.3 0.4 1:57.91
709 5.3 0.4 1:57.94
709 5.6 0.4 1:57.98
709 5.6 0.4 1:58.01
709 5.3 0.4 1:58.04
709 5.6 0.4 1:58.08
709 5.6 0.4 1:58.11
709 0.0 0.4 1:58.15
709 0.0 0.4 1:58.17
709 0.0 0.4 1:58.20
7098 16.7 0.2 0:00.05
709 9.5 0.4 1:58.28
709 5.9 0.4 1:58.31
709 5.6 0.4 1:58.34
709 5.6 0.4 1:58.39
709 0.0 0.4 1:58.42
709 0.0 0.4 1:58.46
709 0.0 0.4 1:58.49
709 5.9 0.4 1:58.53
709 0.0 0.4 1:58.56
709 5.3 0.4 1:58.60
709 0.0 0.4 1:58.63
709 5.3 0.4 1:58.67
709 5.6 0.4 1:58.70
709 0.0 0.4 1:58.73
709 0.0 0.4 1:58.76
709 5.6 0.4 1:58.79
709 0.0 0.4 1:58.81
709 0.0 0.4 1:58.84
709 5.6 0.4 1:58.87
709 5.3 0.4 1:58.92
709 5.6 0.4 1:58.95
709 5.3 0.4 1:58.99
709 0.0 0.4 1:59.02
709 0.0 0.4 1:59.06
709 0.0 0.4 1:59.09
709 0.0 0.4 1:59.12
709 0.0 0.4 1:59.16
709 0.0 0.4 1:59.19
709 4.8 0.4 1:59.22
709 0.0 0.4 1:59.25
709 5.0 0.4 1:59.28
709 5.6 0.4 1:59.31
709 5.6 0.4 1:59.35
709 5.3 0.4 1:59.38
709 0.0 0.4 1:59.41
709 5.6 0.4 1:59.45
709 0.0 0.4 1:59.49
709 5.3 0.4 1:59.53
709 5.6 0.4 1:59.56
709 11.1 0.4 1:59.60
709 10.5 0.4 1:59.63
709 5.0 0.4 1:59.66
709 0.0 0.4 1:59.69
709 4.8 0.4 1:59.73
709 5.3 0.4 1:59.76
709 0.0 0.4 1:59.80
709 0.0 0.4 1:59.82
709 0.0 0.4 1:59.86
709 0.0 0.4 1:59.90
709 5.6 0.4 1:59.92
709 5.3 0.4 1:59.95
709 0.0 0.4 1:59.97
709 5.6 0.4 2:00.01
709 0.0 0.4 2:00.04
709 5.3 0.4 2:00.08
709 5.3 0.4 2:00.11
709 5.6 0.4 2:00.14
709 5.0 0.4 2:00.18
709 5.3 0.4 2:00.21
709 5.6 0.4 2:00.25
709 5.6 0.4 2:00.28
709 0.0 0.4 2:00.30
709 5.3 0.4 2:00.34
709 5.6 0.4 2:00.37
709 0.0 0.4 2:00.39
709 0.0 0.4 2:00.40
709 0.0 0.4 2:00.40
709 0.0 0.4 2:00.40
709 0.0 0.4 2:00.40
709 0.0 0.4 2:00.40
709 0.0 0.4 2:00.40
709 0.0 0.4 2:00.40
709 0.0 0.4 2:00.40
709 0.0 0.4 2:00.40
709 0.0 0.4 2:00.40
709 0.0 0.4 2:00.40
