709 4.8 0.4 1:42.90
709 0.0 0.4 1:42.93
709 5.6 0.4 1:42.98
709 11.1 0.4 1:43.03
709 0.0 0.4 1:43.06
709 5.6 0.4 1:43.10
709 4.5 0.4 1:43.13
709 0.0 0.4 1:43.16
709 5.0 0.4 1:43.20
709 0.0 0.4 1:43.23
709 0.0 0.4 1:43.26
709 10.5 0.4 1:43.31
709 0.0 0.4 1:43.33
709 5.3 0.4 1:43.38
709 5.6 0.4 1:43.42
709 5.0 0.4 1:43.45
709 5.0 0.4 1:43.49
709 11.1 0.4 1:43.54
709 5.0 0.4 1:43.58
709 5.6 0.4 1:43.62
709 5.6 0.4 1:43.65
709 0.0 0.4 1:43.68
709 0.0 0.4 1:43.71
709 5.3 0.4 1:43.75
709 5.3 0.4 1:43.79
709 11.1 0.4 1:43.84
709 5.6 0.4 1:43.87
709 0.0 0.4 1:43.90
19709 15.8 0.2 0:00.03
709 5.3 0.4 1:43.98
709 5.6 0.4 1:44.02
709 0.0 0.4 1:44.05
709 5.3 0.4 1:44.10
709 5.3 0.4 1:44.14
709 5.6 0.4 1:44.17
709 0.0 0.4 1:44.20
709 5.6 0.4 1:44.23
709 0.0 0.4 1:44.27
709 5.6 0.4 1:44.31
709 5.3 0.4 1:44.35
709 5.6 0.4 1:44.38
709 5.6 0.4 1:44.43
709 5.6 0.4 1:44.46
709 0.0 0.4 1:44.49
709 5.9 0.4 1:44.53
709 5.6 0.4 1:44.57
709 10.0 0.4 1:44.62
709 5.6 0.4 1:44.64
709 5.3 0.4 1:44.68
709 10.5 0.4 1:44.72
709 5.6 0.4 1:44.76
709 11.1 0.4 1:44.81
20709 14.3 0.2 0:00.03
709 5.3 0.4 1:44.89
709 5.6 0.4 1:44.93
709 5.6 0.4 1:44.96
709 0.0 0.4 1:44.99
709 5.6 0.4 1:45.03
709 0.0 0.4 1:45.07
709 4.8 0.4 1:45.11
709 5.3 0.4 1:45.15
709 0.0 0.4 1:45.19
709 5.0 0.4 1:45.22
709 5.6 0.4 1:45.26
709 5.3 0.4 1:45.30
709 5.3 0.4 1:45.34
709 5.3 0.4 1:45.38
709 0.0 0.4 1:45.42
709 0.0 0.4 1:45.46
709 5.6 0.4 1:45.49
709 5.6 0.4 1:45.53
709 5.0 0.4 1:45.57
709 5.3 0.4 1:45.60
709 5.6 0.4 1:45.63
709 5.0 0.4 1:45.67
709 0.0 0.4 1:45.69
709 0.0 0.4 1:45.72
709 0.0 0.4 1:45.77
709 11.1 0.4 1:45.81
709 5.3 0.4 1:45.83
709 0.0 0.4 1:45.86
709 0.0 0.4 1:45.86
709 0.0 0.4 1:45.86
709 0.0 0.4 1:45.86
709 0.0 0.4 1:45.86
709 0.0 0.4 1:45.86
709 0.0 0.4 1:45.86
709 0.0 0.4 1:45.86
709 0.0 0.4 1:45.86
709 0.0 0.4 1:45.86
709 0.0 0.4 1:45.86
709 0.0 0.4 1:45.86
709 0.0 0.4 1:45.86
709 0.0 0.4 1:45.86
709 0.0 0.4 1:45.86
709 0.0 0.4 1:45.86
709 0.0 0.4 1:45.86
709 0.0 0.4 1:45.86
709 0.0 0.4 1:45.86
709 0.0 0.4 1:45.86
