709 10.5 0.4 1:13.47
709 10.5 0.4 1:13.53
709 5.3 0.4 1:13.57
709 11.1 0.4 1:13.63
709 5.0 0.4 1:13.67
709 4.5 0.4 1:13.72
709 5.3 0.4 1:13.78
709 5.3 0.4 1:13.84
709 5.3 0.4 1:13.89
709 4.5 0.4 1:13.94
709 13.6 0.4 1:14.01
709 15.0 0.4 1:14.07
709 11.1 0.4 1:14.12
709 10.5 0.4 1:14.18
709 4.5 0.4 1:14.24
709 5.6 0.4 1:14.29
709 5.3 0.4 1:14.34
709 5.6 0.4 1:14.39
709 5.3 0.4 1:14.44
KiB used, 364332 buff/cache
709 5.6 0.4 1:14.55
709 11.1 0.4 1:14.61
709 5.3 0.4 1:14.66
709 11.1 0.4 1:14.73
709 5.6 0.4 1:14.77
709 0.0 0.4 1:14.82
709 0.0 0.4 1:14.87
709 0.0 0.4 1:14.93
709 5.3 0.4 1:14.99
709 4.5 0.4 1:15.05
709 11.8 0.4 1:15.11
709 5.0 0.4 1:15.16
709 5.0 0.4 1:15.22
709 5.9 0.4 1:15.27
709 4.8 0.4 1:15.33
709 11.1 0.4 1:15.38
709 5.0 0.4 1:15.43
709 5.0 0.4 1:15.48
709 5.6 0.4 1:15.53
709 4.8 0.4 1:15.58
709 10.5 0.4 1:15.65
709 5.0 0.4 1:15.71
709 5.3 0.4 1:15.76
709 4.8 0.4 1:15.82
709 5.6 0.4 1:15.88
709 5.6 0.4 1:15.93
709 10.5 0.4 1:15.99
709 5.3 0.4 1:16.04
709 5.3 0.4 1:16.09
709 5.3 0.4 1:16.15
709 5.3 0.4 1:16.20
709 5.0 0.4 1:16.25
709 5.6 0.4 1:16.30
709 5.6 0.4 1:16.35
709 0.0 0.4 1:16.39
709 4.8 0.4 1:16.45
709 11.1 0.4 1:16.51
709 11.1 0.4 1:16.57
709 11.1 0.4 1:16.62
709 5.6 0.4 1:16.67
KiB used, 365384 buff/cache
709 5.0 0.4 1:16.78
709 5.6 0.4 1:16.83
709 16.7 0.4 1:16.91
709 5.3 0.4 1:16.95
709 5.3 0.4 1:17.00
709 5.3 0.4 1:17.05
709 9.1 0.4 1:17.11
709 0.0 0.4 1:17.16
709 5.6 0.4 1:17.20
709 5.9 0.4 1:17.26
709 11.1 0.4 1:17.32
709 0.0 0.4 1:17.36
709 5.0 0.4 1:17.42
709 8.7 0.4 1:17.48
709 5.6 0.4 1:17.52
709 5.6 0.4 1:17.58
709 5.3 0.4 1:17.63
709 16.7 0.4 1:17.70
709 0.0 0.4 1:17.73
709 0.0 0.4 1:17.73
709 0.0 0.4 1:17.73
709 0.0 0.4 1:17.73
709 0.0 0.4 1:17.73
709 0.0 0.4 1:17.73
709 0.0 0.4 1:17.73
709 0.0 0.4 1:17.73
709 0.0 0.4 1:17.73
