710 11.1 0.4 0:17.74
710 5.3 0.4 0:17.82
710 16.7 0.4 0:17.91
710 5.6 0.4 0:17.98
710 5.0 0.4 0:18.06
710 5.0 0.4 0:18.13
710 10.0 0.4 0:18.21
710 5.6 0.4 0:18.29
710 11.1 0.4 0:18.36
710 11.1 0.4 0:18.44
710 5.6 0.4 0:18.51
710 5.3 0.4 0:18.58
710 5.6 0.4 0:18.66
710 4.5 0.4 0:18.73
710 5.3 0.4 0:18.79
708 4.8 0.4 0:17.06
710 11.1 0.4 0:18.94
708 5.6 0.4 0:17.18
708 5.6 0.4 0:17.25
708 10.5 0.4 0:17.33
708 5.6 0.4 0:17.39
708 5.6 0.4 0:17.46
708 10.5 0.4 0:17.55
710 11.8 0.4 0:19.45
708 11.1 0.4 0:17.67
710 10.5 0.4 0:19.63
708 5.3 0.4 0:17.79
708 5.3 0.4 0:17.87
710 4.2 0.4 0:19.85
710 10.0 0.4 0:19.93
710 10.0 0.4 0:20.02
710 5.3 0.4 0:20.08
710 11.1 0.4 0:20.16
710 11.1 0.4 0:20.24
710 5.3 0.4 0:20.33
710 11.1 0.4 0:20.42
710 5.3 0.4 0:20.49
537 0.0 0.9 0:00.47
537 0.0 0.9 0:00.47
537 0.0 0.9 0:00.47
710 5.3 0.4 0:20.79
710 5.6 0.4 0:20.87
710 5.6 0.4 0:20.95
710 5.6 0.4 0:21.02
710 5.6 0.4 0:21.09
710 10.5 0.4 0:21.17
710 5.6 0.4 0:21.24
710 11.1 0.4 0:21.32
710 10.5 0.4 0:21.41
710 5.6 0.4 0:21.47
537 0.0 0.9 0:00.47
710 11.1 0.4 0:21.62
710 5.6 0.4 0:21.69
710 5.6 0.4 0:21.77
710 5.6 0.4 0:21.86
710 5.6 0.4 0:21.92
710 5.6 0.4 0:22.00
710 11.1 0.4 0:22.08
710 11.1 0.4 0:22.16
710 5.9 0.4 0:22.23
710 11.1 0.4 0:22.32
710 5.6 0.4 0:22.39
710 11.1 0.4 0:22.48
710 5.6 0.4 0:22.54
710 5.6 0.4 0:22.61
710 3.6 0.4 0:22.69
710 5.6 0.4 0:22.77
710 11.1 0.4 0:22.85
710 5.6 0.4 0:22.91
710 5.6 0.4 0:22.99
710 11.1 0.4 0:23.08
710 5.6 0.4 0:23.16
710 5.3 0.4 0:23.23
710 9.5 0.4 0:23.31
710 5.6 0.4 0:23.38
537 0.0 0.9 0:00.47
537 0.0 0.9 0:00.47
537 0.0 0.9 0:00.47
