710 5.6 0.4 0:05.82
710 11.1 0.4 0:05.90
710 15.8 0.4 0:05.98
710 11.1 0.4 0:06.05
710 5.6 0.4 0:06.11
537 0.0 0.9 0:00.47
710 5.3 0.4 0:06.26
710 5.3 0.4 0:06.35
710 16.7 0.4 0:06.43
710 5.6 0.4 0:06.51
710 5.6 0.4 0:06.57
710 5.3 0.4 0:06.63
710 15.8 0.4 0:06.71
710 11.1 0.4 0:06.79
710 5.6 0.4 0:06.86
710 5.0 0.4 0:06.94
710 11.1 0.4 0:07.02
710 11.1 0.4 0:07.12
710 10.5 0.4 0:07.19
710 10.5 0.4 0:07.27
710 5.3 0.4 0:07.34
710 10.5 0.4 0:07.42
710 11.1 0.4 0:07.52
710 5.6 0.4 0:07.59
710 10.5 0.4 0:07.67
710 5.3 0.4 0:07.75
710 5.3 0.4 0:07.82
710 10.5 0.4 0:07.92
710 10.0 0.4 0:08.00
710 11.8 0.4 0:08.08
710 10.5 0.4 0:08.16
710 5.3 0.4 0:08.23
710 16.7 0.4 0:08.32
710 5.3 0.4 0:08.39
710 5.6 0.4 0:08.45
710 5.6 0.4 0:08.52
710 11.1 0.4 0:08.59
537 0.0 0.9 0:00.47
710 16.7 0.4 0:08.75
710 5.3 0.4 0:08.83
710 5.3 0.4 0:08.90
710 5.6 0.4 0:08.97
710 10.5 0.4 0:09.05
710 16.7 0.4 0:09.15
710 11.8 0.4 0:09.21
710 5.6 0.4 0:09.29
710 5.9 0.4 0:09.36
710 5.6 0.4 0:09.43
710 4.3 0.4 0:09.51
710 11.1 0.4 0:09.58
710 5.6 0.4 0:09.65
710 11.1 0.4 0:09.73
710 5.6 0.4 0:09.80
710 8.0 0.4 0:09.89
7101 16.7 0.2 0:00.03
710 10.5 0.4 0:10.03
710 5.3 0.4 0:10.09
710 11.1 0.4 0:10.18
710 11.1 0.4 0:10.24
710 10.5 0.4 0:10.33
710 16.7 0.4 0:10.42
710 5.6 0.4 0:10.48
710 11.8 0.4 0:10.57
710 5.0 0.4 0:10.64
710 10.0 0.4 0:10.71
710 11.1 0.4 0:10.80
710 11.1 0.4 0:10.88
710 5.6 0.4 0:10.94
710 15.0 0.4 0:11.04
710 11.1 0.4 0:11.12
710 15.8 0.4 0:11.21
710 10.5 0.4 0:11.29
710 10.5 0.4 0:11.38
537 0.0 0.9 0:00.47
710 22.2 0.4 0:11.54
710 5.0 0.4 0:11.59
710 11.1 0.4 0:11.67
537 0.0 0.9 0:00.47
537 0.0 0.9 0:00.47
537 0.0 0.9 0:00.47
537 0.0 0.9 0:00.47
537 0.0 0.9 0:00.47
537 0.0 0.9 0:00.47
537 0.0 0.9 0:00.47
537 0.0 0.9 0:00.47
537 0.0 0.9 0:00.47
537 0.0 0.9 0:00.47
537 0.0 0.9 0:00.47
537 0.0 0.9 0:00.47
537 0.0 0.9 0:00.47
537 0.0 0.9 0:00.47
537 0.0 0.9 0:00.47
537 0.0 0.9 0:00.47
537 0.0 0.9 0:00.47
537 0.0 0.9 0:00.47
