710 4.8 0.4 1:56.42
710 5.6 0.4 1:56.44
537 0.0 0.9 0:00.47
710 5.6 0.4 1:56.48
710 5.6 0.4 1:56.50
710 5.6 0.4 1:56.52
537 0.0 0.9 0:00.47
537 0.0 0.9 0:00.47
537 0.0 0.9 0:00.47
710 5.9 0.4 1:56.60
537 0.0 0.9 0:00.47
710 5.6 0.4 1:56.64
537 0.0 0.9 0:00.47
17105 11.1 0.2 0:00.02
537 0.0 0.9 0:00.47
537 0.0 0.9 0:00.47
710 5.6 0.4 1:56.75
710 5.6 0.4 1:56.77
537 0.0 0.9 0:00.47
537 0.0 0.9 0:00.47
537 0.0 0.9 0:00.47
537 0.0 0.9 0:00.47
537 0.0 0.9 0:00.47
710 5.6 0.4 1:56.89
710 5.6 0.4 1:56.91
710 5.6 0.4 1:56.94
537 0.0 0.9 0:00.47
710 5.3 0.4 1:56.99
710 4.8 0.4 1:57.01
710 5.6 0.4 1:57.03
537 0.0 0.9 0:00.47
537 0.0 0.9 0:00.47
537 0.0 0.9 0:00.47
537 0.0 0.9 0:00.47
710 9.5 0.4 1:57.14
710 5.9 0.4 1:57.15
537 0.0 0.9 0:00.47
537 0.0 0.9 0:00.47
710 5.6 0.4 1:57.22
537 0.0 0.9 0:00.47
710 5.3 0.4 1:57.27
537 0.0 0.9 0:00.47
537 0.0 0.9 0:00.47
537 0.0 0.9 0:00.47
710 5.6 0.4 1:57.34
537 0.0 0.9 0:00.47
537 0.0 0.9 0:00.47
537 0.0 0.9 0:00.47
710 5.6 0.4 1:57.43
537 0.0 0.9 0:00.47
537 0.0 0.9 0:00.47
537 0.0 0.9 0:00.47
537 0.0 0.9 0:00.47
537 0.0 0.9 0:00.47
710 4.8 0.4 1:57.56
710 5.6 0.4 1:57.58
537 0.0 0.9 0:00.47
537 0.0 0.9 0:00.47
537 0.0 0.9 0:00.47
537 0.0 0.9 0:00.47
537 0.0 0.9 0:00.47
537 0.0 0.9 0:00.47
710 5.6 0.4 1:57.73
710 5.6 0.4 1:57.75
710 5.6 0.4 1:57.77
537 0.0 0.9 0:00.47
537 0.0 0.9 0:00.47
537 0.0 0.9 0:00.47
710 5.6 0.4 1:57.85
710 5.6 0.4 1:57.87
710 5.3 0.4 1:57.89
710 5.3 0.4 1:57.91
537 0.0 0.9 0:00.47
537 0.0 0.9 0:00.47
537 0.0 0.9 0:00.47
537 0.0 0.9 0:00.47
537 0.0 0.9 0:00.47
537 0.0 0.9 0:00.47
710 5.0 0.4 1:58.06
710 5.3 0.4 1:58.08
537 0.0 0.9 0:00.47
537 0.0 0.9 0:00.47
537 0.0 0.9 0:00.47
537 0.0 0.9 0:00.47
537 0.0 0.9 0:00.47
537 0.0 0.9 0:00.47
537 0.0 0.9 0:00.47
537 0.0 0.9 0:00.47
537 0.0 0.9 0:00.47
537 0.0 0.9 0:00.47
537 0.0 0.9 0:00.47
