2944 5.6 0.3 3:07.94
2944 0.0 0.3 3:07.95
2944 0.0 0.3 3:07.96
2944 0.0 0.3 3:07.96
2944 0.0 0.3 3:07.96
2944 0.0 0.3 3:07.97
2944 5.3 0.3 3:08.00
2944 0.0 0.3 3:08.00
2944 0.0 0.3 3:08.01
2944 5.0 0.3 3:08.02
2944 0.0 0.3 3:08.02
2944 0.0 0.3 3:08.04
2944 0.0 0.3 3:08.05
2944 0.0 0.3 3:08.05
2944 11.1 0.3 3:08.07
2944 0.0 0.3 3:08.08
2944 0.0 0.3 3:08.09
2944 5.6 0.3 3:08.10
2944 5.0 0.3 3:08.12
2944 0.0 0.3 3:08.13
2944 0.0 0.3 3:08.14
2944 0.0 0.3 3:08.14
2944 0.0 0.3 3:08.15
2944 0.0 0.3 3:08.15
2944 0.0 0.3 3:08.16
2944 0.0 0.3 3:08.17
2944 0.0 0.3 3:08.20
2944 0.0 0.3 3:08.21
2944 5.6 0.3 3:08.22
2944 0.0 0.3 3:08.22
2944 0.0 0.3 3:08.23
2944 0.0 0.3 3:08.23
2944 0.0 0.3 3:08.24
2944 0.0 0.3 3:08.24
2944 0.0 0.3 3:08.25
2944 0.0 0.3 3:08.26
2944 0.0 0.3 3:08.27
2944 0.0 0.3 3:08.29
2944 5.0 0.3 3:08.37
2944 0.0 0.3 3:08.37
2944 0.0 0.3 3:08.38
2944 0.0 0.3 3:08.38
2944 0.0 0.3 3:08.38
2944 5.0 0.3 3:08.39
2944 0.0 0.3 3:08.39
2944 0.0 0.3 3:08.40
2944 0.0 0.3 3:08.40
2944 0.0 0.3 3:08.40
2944 0.0 0.3 3:08.40
2944 0.0 0.3 3:08.41
2944 0.0 0.3 3:08.41
2944 0.0 0.3 3:08.42
2944 0.0 0.3 3:08.43
2944 0.0 0.3 3:08.44
2944 0.0 0.3 3:08.44
22944 0.0 0.0 0:00.00
2944 0.0 0.3 3:08.46
2944 5.3 0.3 3:08.47
2944 0.0 0.3 3:08.48
2944 0.0 0.3 3:08.48
2944 0.0 0.3 3:08.49
2944 0.0 0.3 3:08.50
2944 5.3 0.3 3:08.51
2944 0.0 0.3 3:08.51
2944 0.0 0.3 3:08.52
2944 0.0 0.3 3:08.52
2944 0.0 0.3 3:08.54
2944 5.3 0.3 3:08.55
2944 0.0 0.3 3:08.57
2944 0.0 0.3 3:08.57
2944 0.0 0.3 3:08.59
2944 0.0 0.3 3:08.59
2944 0.0 0.3 3:08.59
2944 0.0 0.3 3:08.59
2944 0.0 0.3 3:08.61
2944 0.0 0.3 3:08.61
