2945 0.0 0.2 20:08.04
2945 10.5 0.2 20:08.14
2945 5.6 0.2 20:08.24
2945 13.6 0.3 20:08.44
2945 11.1 0.3 20:08.56
2945 5.3 0.3 20:08.69
2945 26.3 0.3 20:08.85
2945 9.1 0.3 20:09.00
2945 10.5 0.3 20:09.15
2945 10.0 0.3 20:09.30
2945 16.7 0.3 20:09.47
2945 11.1 0.3 20:09.61
2945 9.5 0.3 20:09.77
2945 10.5 0.3 20:09.92
2945 9.5 0.3 20:10.10
2945 15.8 0.3 20:10.26
2945 10.5 0.3 20:10.41
2945 15.0 0.3 20:10.57
2945 25.0 0.3 20:10.75
2945 14.3 0.3 20:10.91
2945 15.0 0.3 20:11.07
2945 10.5 0.3 20:11.22
2945 11.1 0.4 20:11.39
2945 10.0 0.4 20:11.54
2945 15.0 0.4 20:11.70
2945 15.8 0.4 20:11.86
2945 10.5 0.4 20:12.02
2945 9.1 0.4 20:12.19
2945 15.8 0.4 20:12.34
2945 15.8 0.4 20:12.50
2945 15.0 0.4 20:12.66
2945 21.1 0.4 20:12.82
2945 16.7 0.4 20:13.01
2945 13.0 0.4 20:13.19
2945 30.0 0.4 20:13.39
2945 15.0 0.4 20:13.56
2945 15.0 0.4 20:13.71
2945 21.1 0.4 20:13.87
2945 21.1 0.4 20:14.03
29451 0.0 0.0 0:00.00
2945 15.8 0.4 20:14.36
2945 26.3 0.4 20:14.54
2945 15.8 0.4 20:14.68
2945 15.8 0.4 20:14.85
2945 16.7 0.4 20:15.01
2945 20.0 0.4 20:15.18
2945 16.7 0.4 20:15.33
2945 22.2 0.4 20:15.49
2945 21.1 0.4 20:15.66
2945 10.0 0.4 20:15.81
2945 9.5 0.2 20:15.96
2945 15.0 0.2 20:16.12
2945 10.5 0.2 20:16.27
2945 15.8 0.2 20:16.43
2945 15.8 0.2 20:16.59
2945 15.0 0.2 20:16.75
2945 11.1 0.2 20:16.90
2945 10.0 0.2 20:17.06
2945 10.5 0.2 20:17.21
2945 15.0 0.2 20:17.40
2945 21.1 0.2 20:17.56
2945 15.8 0.2 20:17.72
2945 10.0 0.2 20:17.87
2945 15.0 0.2 20:18.03
2945 15.0 0.2 20:18.18
2945 20.0 0.2 20:18.35
2945 16.7 0.2 20:18.51
2945 15.0 0.2 20:18.68
2945 15.8 0.2 20:18.84
2945 22.2 0.2 20:19.00
2945 15.8 0.2 20:19.16
2945 15.8 0.2 20:19.31
2945 16.7 0.2 20:19.48
2945 15.0 0.2 20:19.65
2945 10.5 0.2 20:19.81
2945 0.0 0.2 20:19.91
