2946 5.3 0.3 0:27.83
2946 0.0 0.3 0:27.83
2946 0.0 0.3 0:27.83
2946 0.0 0.3 0:27.84
2946 0.0 0.3 0:27.85
2946 0.0 0.3 0:27.85
2946 0.0 0.3 0:27.85
2946 0.0 0.3 0:27.85
2946 0.0 0.3 0:27.85
2946 0.0 0.3 0:27.85
2946 0.0 0.3 0:27.85
2946 0.0 0.3 0:27.85
2946 0.0 0.3 0:27.85
2946 0.0 0.3 0:27.85
2946 0.0 0.3 0:27.85
2946 0.0 0.3 0:27.85
2946 0.0 0.3 0:27.85
2946 0.0 0.3 0:27.85
2946 0.0 0.3 0:27.85
2946 0.0 0.3 0:27.85
2946 0.0 0.3 0:27.85
2946 0.0 0.3 0:27.85
2946 0.0 0.3 0:27.85
2946 0.0 0.3 0:27.85
2946 0.0 0.3 0:27.85
2946 0.0 0.3 0:27.85
2946 0.0 0.3 0:27.85
2946 0.0 0.3 0:27.85
2946 0.0 0.3 0:27.85
2946 0.0 0.3 0:27.85
2946 0.0 0.3 0:27.85
2946 0.0 0.3 0:27.85
2946 0.0 0.3 0:27.85
2946 0.0 0.3 0:27.85
2946 0.0 0.3 0:27.85
2946 0.0 0.3 0:27.85
2946 0.0 0.3 0:27.85
2946 0.0 0.3 0:27.85
2946 0.0 0.3 0:27.85
2946 0.0 0.3 0:27.85
2946 0.0 0.3 0:27.85
2946 0.0 0.3 0:27.85
2946 0.0 0.3 0:27.85
2946 0.0 0.3 0:27.85
2946 0.0 0.3 0:27.85
2946 0.0 0.3 0:27.85
2946 0.0 0.3 0:27.85
2946 0.0 0.3 0:27.85
2946 0.0 0.3 0:27.85
2946 0.0 0.3 0:27.85
2946 0.0 0.3 0:27.85
2946 0.0 0.3 0:27.85
2946 0.0 0.3 0:27.85
2946 0.0 0.3 0:27.85
2946 0.0 0.3 0:27.85
2946 0.0 0.3 0:27.85
2946 0.0 0.3 0:27.85
2946 0.0 0.3 0:27.85
2946 0.0 0.3 0:27.85
2946 0.0 0.3 0:27.85
2946 0.0 0.3 0:27.85
2946 0.0 0.3 0:27.85
2946 0.0 0.3 0:27.85
2946 0.0 0.3 0:27.85
2946 0.0 0.3 0:27.85
2946 0.0 0.3 0:27.85
2946 0.0 0.3 0:27.85
2946 0.0 0.3 0:27.85
2946 0.0 0.3 0:27.85
2946 0.0 0.3 0:27.85
2946 0.0 0.3 0:27.85
2946 0.0 0.3 0:27.85
2946 0.0 0.3 0:27.85
2946 0.0 0.3 0:27.85
2946 0.0 0.3 0:27.85
2946 0.0 0.3 0:27.85
