2947 0.0 0.3 0:04.94
2947 0.0 0.3 0:04.95
2947 0.0 0.3 0:04.96
2947 0.0 0.3 0:04.97
2947 0.0 0.3 0:04.98
2947 5.3 0.3 0:04.99
2947 0.0 0.3 0:05.00
2947 0.0 0.3 0:05.00
2947 0.0 0.3 0:05.00
2947 0.0 0.3 0:05.00
2947 0.0 0.3 0:05.01
2947 0.0 0.3 0:05.01
2947 0.0 0.3 0:05.01
2947 0.0 0.3 0:05.01
2947 0.0 0.3 0:05.01
2947 0.0 0.3 0:05.01
2947 0.0 0.3 0:05.01
2947 0.0 0.3 0:05.01
2947 0.0 0.3 0:05.01
2947 0.0 0.3 0:05.01
2947 0.0 0.3 0:05.01
2947 0.0 0.3 0:05.01
2947 0.0 0.3 0:05.01
2947 0.0 0.3 0:05.01
2947 0.0 0.3 0:05.01
2947 0.0 0.3 0:05.01
2947 0.0 0.3 0:05.01
2947 0.0 0.3 0:05.01
2947 0.0 0.3 0:05.01
2947 0.0 0.3 0:05.01
2947 0.0 0.3 0:05.01
2947 0.0 0.3 0:05.01
2947 0.0 0.3 0:05.01
2947 0.0 0.3 0:05.01
2947 0.0 0.3 0:05.01
2947 0.0 0.3 0:05.01
2947 0.0 0.3 0:05.01
2947 0.0 0.3 0:05.01
2947 0.0 0.3 0:05.01
2947 0.0 0.3 0:05.01
2947 0.0 0.3 0:05.01
2947 0.0 0.3 0:05.01
2947 0.0 0.3 0:05.01
2947 0.0 0.3 0:05.01
2947 0.0 0.3 0:05.01
2947 0.0 0.3 0:05.01
2947 0.0 0.3 0:05.01
2947 0.0 0.3 0:05.01
2947 0.0 0.3 0:05.01
2947 0.0 0.3 0:05.01
2947 0.0 0.3 0:05.01
2947 0.0 0.3 0:05.01
2947 0.0 0.3 0:05.01
2947 0.0 0.3 0:05.01
2947 0.0 0.3 0:05.01
2947 0.0 0.3 0:05.01
2947 0.0 0.3 0:05.01
2947 0.0 0.3 0:05.01
2947 0.0 0.3 0:05.01
2947 0.0 0.3 0:05.01
2947 0.0 0.3 0:05.01
2947 0.0 0.3 0:05.01
2947 0.0 0.3 0:05.01
2947 0.0 0.3 0:05.01
2947 0.0 0.3 0:05.01
2947 0.0 0.3 0:05.01
2947 0.0 0.3 0:05.01
2947 0.0 0.3 0:05.01
2947 0.0 0.3 0:05.01
2947 0.0 0.3 0:05.01
2947 0.0 0.3 0:05.01
2947 0.0 0.3 0:05.01
2947 0.0 0.3 0:05.01
2947 0.0 0.3 0:05.01
2947 0.0 0.3 0:05.01
2947 0.0 0.3 0:05.01
2947 0.0 0.3 0:05.01
2947 0.0 0.3 0:05.01
2947 0.0 0.3 0:05.01
2947 0.0 0.3 0:05.01
2947 0.0 0.3 0:05.01
2947 0.0 0.3 0:05.01
2947 0.0 0.3 0:05.01
2947 0.0 0.3 0:05.01
2947 0.0 0.3 0:05.01
2947 0.0 0.3 0:05.01
2947 0.0 0.3 0:05.01
2947 0.0 0.3 0:05.01
2947 0.0 0.3 0:05.01
2947 0.0 0.3 0:05.01
2947 0.0 0.3 0:05.01
2947 0.0 0.3 0:05.01
2947 0.0 0.3 0:05.01
2947 0.0 0.3 0:05.01
2947 0.0 0.3 0:05.01
2947 0.0 0.3 0:05.01
2947 0.0 0.3 0:05.01
2947 0.0 0.3 0:05.01
2947 0.0 0.3 0:05.01
2947 0.0 0.3 0:05.01
2947 0.0 0.3 0:05.01
2947 0.0 0.3 0:05.01
2947 0.0 0.3 0:05.01
2947 0.0 0.3 0:05.01
2947 0.0 0.3 0:05.01
2947 0.0 0.3 0:05.01
2947 0.0 0.3 0:05.01
2947 0.0 0.3 0:05.01
2947 0.0 0.3 0:05.01
2947 0.0 0.3 0:05.01
2947 0.0 0.3 0:05.01
2947 0.0 0.3 0:05.01
2947 0.0 0.3 0:05.01
2947 0.0 0.3 0:05.01
2947 0.0 0.3 0:05.01
2947 0.0 0.3 0:05.01
2947 0.0 0.3 0:05.01
2947 0.0 0.3 0:05.01
2947 0.0 0.3 0:05.01
2947 0.0 0.3 0:05.01
2947 0.0 0.3 0:05.01
2947 0.0 0.3 0:05.01
2947 0.0 0.3 0:05.01
2947 0.0 0.3 0:05.01
2947 0.0 0.3 0:05.01
2947 0.0 0.3 0:05.01
2947 0.0 0.3 0:05.01
2947 0.0 0.3 0:05.01
2947 0.0 0.3 0:05.01
2947 0.0 0.3 0:05.01
2947 0.0 0.3 0:05.01
22947 21.1 0.1 0:00.04
2947 0.0 0.3 0:05.01
2947 0.0 0.3 0:05.01
2947 0.0 0.3 0:05.01
2947 0.0 0.3 0:05.01
2947 0.0 0.3 0:05.01
2947 0.0 0.3 0:05.01
2947 0.0 0.3 0:05.01
2947 0.0 0.3 0:05.01
