2947 0.0 0.3 0:05.55
2947 0.0 0.3 0:05.55
2947 0.0 0.3 0:05.55
2947 0.0 0.3 0:05.55
2947 0.0 0.3 0:05.56
2947 0.0 0.3 0:05.56
2947 0.0 0.3 0:05.56
2947 0.0 0.3 0:05.56
2947 0.0 0.3 0:05.56
2947 0.0 0.3 0:05.56
2947 0.0 0.3 0:05.56
2947 0.0 0.3 0:05.56
2947 0.0 0.3 0:05.56
2947 0.0 0.3 0:05.56
2947 0.0 0.3 0:05.56
2947 0.0 0.3 0:05.56
2947 0.0 0.3 0:05.56
2947 0.0 0.3 0:05.56
2947 0.0 0.3 0:05.56
2947 0.0 0.3 0:05.56
2947 0.0 0.3 0:05.56
2947 0.0 0.3 0:05.56
2947 0.0 0.3 0:05.56
2947 0.0 0.3 0:05.56
2947 0.0 0.3 0:05.56
2947 0.0 0.3 0:05.56
2947 0.0 0.3 0:05.56
2947 0.0 0.3 0:05.56
2947 0.0 0.3 0:05.56
2947 0.0 0.3 0:05.56
2947 0.0 0.3 0:05.56
2947 0.0 0.3 0:05.56
2947 0.0 0.3 0:05.56
2947 0.0 0.3 0:05.56
2947 0.0 0.3 0:05.56
2947 0.0 0.3 0:05.56
2947 0.0 0.3 0:05.56
2947 0.0 0.3 0:05.56
2947 0.0 0.3 0:05.56
2947 0.0 0.3 0:05.56
2947 0.0 0.3 0:05.56
2947 0.0 0.3 0:05.56
2947 0.0 0.3 0:05.56
2947 0.0 0.3 0:05.56
2947 0.0 0.3 0:05.56
2947 0.0 0.3 0:05.56
2947 0.0 0.3 0:05.56
2947 0.0 0.3 0:05.56
2947 0.0 0.3 0:05.56
2947 0.0 0.3 0:05.56
2947 0.0 0.3 0:05.56
2947 0.0 0.3 0:05.56
2947 0.0 0.3 0:05.56
2947 0.0 0.3 0:05.56
2947 0.0 0.3 0:05.56
2947 0.0 0.3 0:05.56
2947 0.0 0.3 0:05.56
2947 0.0 0.3 0:05.56
2947 0.0 0.3 0:05.56
2947 0.0 0.3 0:05.56
2947 0.0 0.3 0:05.56
2947 0.0 0.3 0:05.56
2947 0.0 0.3 0:05.56
2947 0.0 0.3 0:05.56
2947 0.0 0.3 0:05.56
2947 0.0 0.3 0:05.56
2947 0.0 0.3 0:05.56
2947 0.0 0.3 0:05.56
2947 0.0 0.3 0:05.56
2947 0.0 0.3 0:05.56
2947 0.0 0.3 0:05.56
2947 0.0 0.3 0:05.56
2947 0.0 0.3 0:05.56
2947 0.0 0.3 0:05.56
2947 0.0 0.3 0:05.56
2947 0.0 0.3 0:05.56
2947 0.0 0.3 0:05.56
2947 0.0 0.3 0:05.56
2947 0.0 0.3 0:05.56
2947 0.0 0.3 0:05.56
2947 0.0 0.3 0:05.56
2947 0.0 0.3 0:05.56
2947 0.0 0.3 0:05.56
2947 0.0 0.3 0:05.56
2947 0.0 0.3 0:05.56
2947 0.0 0.3 0:05.56
2947 0.0 0.3 0:05.56
2947 0.0 0.3 0:05.56
2947 0.0 0.3 0:05.56
2947 0.0 0.3 0:05.56
2947 0.0 0.3 0:05.56
2947 0.0 0.3 0:05.56
2947 0.0 0.3 0:05.56
2947 0.0 0.3 0:05.56
2947 0.0 0.3 0:05.56
2947 0.0 0.3 0:05.56
2947 0.0 0.3 0:05.56
2947 0.0 0.3 0:05.56
2947 0.0 0.3 0:05.56
2947 0.0 0.3 0:05.56
2947 0.0 0.3 0:05.56
2947 0.0 0.3 0:05.56
2947 0.0 0.3 0:05.56
2947 0.0 0.3 0:05.56
2947 0.0 0.3 0:05.56
2947 0.0 0.3 0:05.56
2947 0.0 0.3 0:05.56
2947 0.0 0.3 0:05.56
2947 0.0 0.3 0:05.56
2947 0.0 0.3 0:05.56
