3646 11.1 0.2 1:43.26
3646 5.3 0.2 1:43.34
3646 13.6 0.2 1:43.49
3646 10.5 0.2 1:43.61
3646 5.3 0.2 1:43.74
3646 15.8 0.2 1:43.90
3646 13.6 0.2 1:44.07
3646 13.6 0.2 1:44.24
3646 9.5 0.2 1:44.38
3646 15.0 0.2 1:44.54
3646 10.5 0.2 1:44.67
3646 10.0 0.2 1:44.82
3646 22.2 0.2 1:45.00
3646 16.7 0.2 1:45.16
3646 15.0 0.2 1:45.32
3646 15.0 0.2 1:45.47
3646 15.0 0.2 1:45.63
3646 10.0 0.2 1:45.76
3646 10.5 0.2 1:45.92
3646 15.8 0.2 1:46.06
3646 15.8 0.2 1:46.20
3646 15.8 0.2 1:46.37
3646 14.3 0.2 1:46.56
3646 12.5 0.2 1:46.74
3646 15.8 0.2 1:46.91
3646 11.1 0.2 1:47.10
3646 12.5 0.2 1:47.30
3646 11.1 0.2 1:47.50
3646 13.0 0.2 1:47.67
3646 13.6 0.2 1:47.85
3646 15.8 0.2 1:48.02
3646 10.5 0.2 1:48.20
3646 10.5 0.2 1:48.39
3646 10.5 0.2 1:48.56
3646 15.8 0.2 1:48.74
3646 15.8 0.2 1:48.90
3646 9.1 0.2 1:49.06
3646 21.1 0.2 1:49.24
3646 15.8 0.2 1:49.41
3646 11.1 0.2 1:49.57
3646 15.8 0.2 1:49.74
3646 10.5 0.2 1:49.91
3646 14.3 0.2 1:50.10
3646 14.3 0.2 1:50.27
3646 10.5 0.2 1:50.42
3646 10.0 0.2 1:50.58
3646 15.0 0.2 1:50.77
3646 15.8 0.2 1:50.94
3646 19.0 0.2 1:51.13
3646 16.7 0.2 1:51.30
3646 9.1 0.2 1:51.48
3646 15.8 0.2 1:51.65
3646 9.5 0.2 1:51.83
3646 20.0 0.2 1:52.02
3646 9.1 0.2 1:52.20
3646 15.8 0.2 1:52.39
3646 10.0 0.2 1:52.54
3646 10.5 0.2 1:52.67
3646 15.8 0.2 1:52.82
3646 10.5 0.2 1:52.97
3646 21.1 0.2 1:53.12
3646 15.8 0.2 1:53.28
3646 8.7 0.2 1:53.45
3646 15.8 0.2 1:53.61
3646 10.5 0.2 1:53.79
3646 15.0 0.2 1:53.94
3646 15.8 0.2 1:54.07
3646 15.0 0.2 1:54.22
3646 10.0 0.2 1:54.36
3646 15.0 0.2 1:54.51
3646 14.3 0.2 1:54.67
3646 10.5 0.2 1:54.80
3646 15.8 0.2 1:54.97
