3647 0.0 0.2 0:04.24
3647 0.0 0.2 0:04.27
3647 0.0 0.2 0:04.27
3647 0.0 0.2 0:04.27
3647 0.0 0.2 0:04.28
3647 0.0 0.2 0:04.29
3647 0.0 0.2 0:04.29
3647 0.0 0.2 0:04.35
3647 0.0 0.2 0:04.37
3647 0.0 0.2 0:04.37
3647 0.0 0.2 0:04.38
3647 0.0 0.2 0:04.41
3647 0.0 0.2 0:04.42
3647 0.0 0.2 0:04.42
3647 0.0 0.2 0:04.42
3647 0.0 0.2 0:04.43
3647 10.5 0.2 0:04.46
3647 0.0 0.2 0:04.47
3647 0.0 0.2 0:04.48
3647 0.0 0.2 0:04.49
3647 5.0 0.2 0:04.50
3647 0.0 0.2 0:04.52
3647 0.0 0.2 0:04.53
3647 0.0 0.2 0:04.54
3647 0.0 0.2 0:04.55
3647 0.0 0.2 0:04.56
3647 0.0 0.2 0:04.58
3647 0.0 0.2 0:04.58
3647 10.0 0.2 0:04.60
3647 5.3 0.2 0:04.63
3647 0.0 0.2 0:04.63
3647 0.0 0.2 0:04.64
3647 0.0 0.2 0:04.65
3647 0.0 0.2 0:04.65
3647 0.0 0.2 0:04.67
3647 0.0 0.2 0:04.67
3647 4.8 0.2 0:04.69
3647 0.0 0.2 0:04.69
3647 0.0 0.2 0:04.69
3647 3.0 0.2 0:04.71
3647 0.0 0.2 0:04.72
3647 0.0 0.2 0:04.73
3647 0.0 0.2 0:04.74
3647 0.0 0.2 0:04.74
3647 0.0 0.2 0:04.76
3647 0.0 0.2 0:04.76
3647 0.0 0.2 0:04.76
3647 10.0 0.2 0:04.78
3647 0.0 0.2 0:04.78
3647 5.0 0.2 0:04.79
3647 0.0 0.2 0:04.79
3647 0.0 0.2 0:04.79
3647 0.0 0.2 0:04.80
3647 10.5 0.2 0:04.84
3647 0.0 0.2 0:04.84
3647 0.0 0.2 0:04.84
3647 0.0 0.2 0:04.85
3647 0.0 0.2 0:04.90
3647 0.0 0.2 0:04.91
3647 0.0 0.2 0:04.91
3647 0.0 0.2 0:04.92
3647 0.0 0.2 0:04.93
3647 0.0 0.2 0:04.93
3647 0.0 0.2 0:04.93
3647 0.0 0.2 0:04.94
3647 0.0 0.2 0:04.98
3647 0.0 0.2 0:04.99
3647 5.3 0.2 0:05.00
3647 0.0 0.2 0:05.00
3647 0.0 0.2 0:05.01
3647 0.0 0.2 0:05.01
3647 0.0 0.2 0:05.02
3647 0.0 0.2 0:05.02
3647 0.0 0.2 0:05.03
3647 0.0 0.2 0:05.04
