3649 0.0 0.1 0:00.02
3649 0.0 0.1 0:00.02
3649 0.0 0.1 0:00.02
3649 0.0 0.1 0:00.02
3649 0.0 0.1 0:00.02
3649 0.0 0.1 0:00.02
3649 0.0 0.1 0:00.02
3649 0.0 0.1 0:00.02
3649 0.0 0.1 0:00.02
3649 0.0 0.1 0:00.02
3649 0.0 0.1 0:00.02
3649 0.0 0.1 0:00.02
3649 0.0 0.1 0:00.02
3649 0.0 0.1 0:00.02
3649 0.0 0.1 0:00.02
3649 0.0 0.1 0:00.02
3649 0.0 0.1 0:00.02
3649 0.0 0.1 0:00.02
3649 0.0 0.1 0:00.02
3649 0.0 0.1 0:00.02
3649 0.0 0.1 0:00.02
3649 0.0 0.1 0:00.02
3649 0.0 0.1 0:00.02
3649 0.0 0.1 0:00.02
3649 0.0 0.1 0:00.02
3649 0.0 0.1 0:00.02
3649 0.0 0.1 0:00.02
3649 0.0 0.1 0:00.02
3649 0.0 0.1 0:00.02
3649 0.0 0.1 0:00.02
3649 0.0 0.1 0:00.02
3649 0.0 0.1 0:00.02
3649 0.0 0.1 0:00.02
3649 0.0 0.1 0:00.02
3649 0.0 0.1 0:00.02
3649 0.0 0.1 0:00.02
3649 0.0 0.1 0:00.02
3649 0.0 0.1 0:00.02
3649 0.0 0.1 0:00.02
3649 0.0 0.1 0:00.02
3649 0.0 0.1 0:00.02
3649 0.0 0.1 0:00.02
3649 0.0 0.1 0:00.02
3649 0.0 0.1 0:00.02
3649 0.0 0.1 0:00.02
3649 0.0 0.1 0:00.02
3649 0.0 0.1 0:00.02
3649 0.0 0.1 0:00.02
3649 0.0 0.1 0:00.02
3649 0.0 0.1 0:00.02
3649 0.0 0.1 0:00.02
3649 0.0 0.1 0:00.02
3649 0.0 0.1 0:00.02
3649 0.0 0.1 0:00.02
3649 0.0 0.1 0:00.02
3649 0.0 0.1 0:00.02
3649 0.0 0.1 0:00.02
3649 0.0 0.1 0:00.02
3649 0.0 0.1 0:00.02
3649 0.0 0.1 0:00.02
3649 0.0 0.1 0:00.02
3649 0.0 0.1 0:00.02
3649 0.0 0.1 0:00.02
3649 0.0 0.1 0:00.02
3649 0.0 0.1 0:00.02
3649 0.0 0.1 0:00.02
3649 0.0 0.1 0:00.02
3649 0.0 0.1 0:00.02
3649 0.0 0.1 0:00.02
3649 0.0 0.1 0:00.02
3649 0.0 0.1 0:00.02
3649 0.0 0.1 0:00.02
3649 0.0 0.1 0:00.02
3649 0.0 0.1 0:00.02
3649 0.0 0.1 0:00.02
3649 0.0 0.1 0:00.02
