3649 0.0 0.2 0:00.04
3649 0.0 0.2 0:00.04
3649 0.0 0.2 0:00.04
3649 5.6 0.2 0:00.05
3649 0.0 0.2 0:00.05
3649 0.0 0.2 0:00.05
3649 0.0 0.2 0:00.05
3649 0.0 0.2 0:00.05
3649 0.0 0.2 0:00.05
3649 0.0 0.2 0:00.05
3649 0.0 0.2 0:00.05
3649 0.0 0.2 0:00.05
3649 0.0 0.2 0:00.05
3649 0.0 0.2 0:00.05
3649 0.0 0.2 0:00.05
3649 0.0 0.2 0:00.05
3649 0.0 0.2 0:00.05
3649 0.0 0.2 0:00.05
3649 0.0 0.2 0:00.05
3649 0.0 0.2 0:00.05
3649 0.0 0.2 0:00.05
3649 0.0 0.2 0:00.05
3649 0.0 0.2 0:00.05
3649 0.0 0.2 0:00.05
3649 0.0 0.2 0:00.05
3649 0.0 0.2 0:00.05
3649 0.0 0.2 0:00.05
3649 0.0 0.2 0:00.05
3649 0.0 0.2 0:00.05
3649 0.0 0.2 0:00.05
3649 0.0 0.2 0:00.05
3649 0.0 0.2 0:00.05
3649 0.0 0.2 0:00.05
3649 0.0 0.2 0:00.05
3649 0.0 0.2 0:00.05
3649 0.0 0.2 0:00.05
3649 0.0 0.2 0:00.05
3649 0.0 0.2 0:00.05
3649 0.0 0.2 0:00.05
3649 0.0 0.2 0:00.05
3649 0.0 0.2 0:00.05
3649 0.0 0.2 0:00.05
3649 0.0 0.2 0:00.05
3649 0.0 0.2 0:00.05
3649 0.0 0.2 0:00.05
3649 0.0 0.2 0:00.05
3649 0.0 0.2 0:00.05
3649 0.0 0.2 0:00.05
3649 0.0 0.2 0:00.05
3649 0.0 0.2 0:00.05
3649 0.0 0.2 0:00.05
3649 0.0 0.2 0:00.05
3649 0.0 0.2 0:00.05
3649 0.0 0.2 0:00.05
3649 0.0 0.2 0:00.05
3649 0.0 0.2 0:00.05
3649 0.0 0.2 0:00.05
3649 0.0 0.2 0:00.05
3649 0.0 0.2 0:00.05
3649 0.0 0.2 0:00.05
3649 0.0 0.2 0:00.05
3649 0.0 0.2 0:00.05
3649 0.0 0.2 0:00.05
3649 0.0 0.2 0:00.05
3649 0.0 0.2 0:00.05
3649 0.0 0.2 0:00.05
3649 0.0 0.2 0:00.05
3649 0.0 0.2 0:00.05
3649 0.0 0.2 0:00.05
3649 0.0 0.2 0:00.05
3649 0.0 0.2 0:00.05
3649 0.0 0.2 0:00.05
3649 0.0 0.2 0:00.05
3649 0.0 0.2 0:00.05
3649 0.0 0.2 0:00.05
3649 0.0 0.2 0:00.05
