708 10.0 0.3 0:25.30
708 0.0 0.3 0:25.34
708 0.0 0.3 0:25.35
708 0.0 0.3 0:25.35
708 0.0 0.3 0:25.35
708 0.0 0.3 0:25.35
708 0.0 0.3 0:25.35
708 0.0 0.3 0:25.35
708 0.0 0.3 0:25.35
708 0.0 0.3 0:25.35
708 0.0 0.3 0:25.35
708 0.0 0.3 0:25.35
708 0.0 0.3 0:25.35
708 0.0 0.3 0:25.35
708 0.0 0.3 0:25.35
708 0.0 0.3 0:25.35
708 0.0 0.3 0:25.35
708 0.0 0.3 0:25.35
708 0.0 0.3 0:25.35
708 0.0 0.3 0:25.40
708 0.0 0.3 0:25.41
708 0.0 0.3 0:25.41
708 0.0 0.3 0:25.41
708 0.0 0.3 0:25.41
708 0.0 0.3 0:25.41
708 0.0 0.3 0:25.41
708 0.0 0.3 0:25.41
708 0.0 0.3 0:25.41
708 0.0 0.3 0:25.41
708 0.0 0.3 0:25.41
708 0.0 0.3 0:25.41
708 0.0 0.3 0:25.41
708 0.0 0.3 0:25.41
708 0.0 0.3 0:25.41
708 5.6 0.3 0:25.42
708 0.0 0.3 0:25.42
708 0.0 0.3 0:25.43
708 5.6 0.3 0:25.46
708 0.0 0.3 0:25.47
708 0.0 0.3 0:25.47
708 0.0 0.3 0:25.47
708 0.0 0.3 0:25.47
708 0.0 0.3 0:25.47
708 0.0 0.3 0:25.47
708 0.0 0.3 0:25.47
708 0.0 0.3 0:25.47
708 0.0 0.3 0:25.47
708 0.0 0.3 0:25.47
708 0.0 0.3 0:25.47
708 0.0 0.3 0:25.47
708 0.0 0.3 0:25.49
708 0.0 0.3 0:25.49
708 0.0 0.3 0:25.49
708 0.0 0.3 0:25.49
708 0.0 0.3 0:25.49
708 11.1 0.3 0:25.51
708 0.0 0.3 0:25.54
708 0.0 0.3 0:25.54
708 0.0 0.3 0:25.54
708 0.0 0.3 0:25.54
708 0.0 0.3 0:25.54
708 0.0 0.3 0:25.54
708 0.0 0.3 0:25.54
708 0.0 0.3 0:25.54
708 0.0 0.3 0:25.54
708 0.0 0.3 0:25.54
KiB 1537088 avail Mem
708 0.0 0.3 0:25.54
708 0.0 0.3 0:25.54
708 0.0 0.3 0:25.54
708 0.0 0.3 0:25.54
708 0.0 0.3 0:25.54
708 11.1 0.3 0:25.56
708 0.0 0.3 0:25.56
708 0.0 0.3 0:25.61
708 0.0 0.3 0:25.62
708 0.0 0.3 0:25.62
708 0.0 0.3 0:25.62
708 0.0 0.3 0:25.62
708 0.0 0.3 0:25.62
708 0.0 0.3 0:25.62
708 0.0 0.3 0:25.62
708 0.0 0.3 0:25.62
708 0.0 0.3 0:25.62
708 0.0 0.3 0:25.62
708 5.3 0.3 0:25.63
708 0.0 0.3 0:25.63
708 0.0 0.3 0:25.63
708 0.0 0.3 0:25.63
708 5.6 0.3 0:25.64
708 0.0 0.3 0:25.64
708 0.0 0.3 0:25.65
708 5.6 0.3 0:25.67
708 0.0 0.3 0:25.69
708 0.0 0.3 0:25.70
708 0.0 0.3 0:25.70
708 0.0 0.3 0:25.70
708 0.0 0.3 0:25.70
708 0.0 0.3 0:25.70
708 0.0 0.3 0:25.70
708 0.0 0.3 0:25.70
708 0.0 0.3 0:25.70
708 0.0 0.3 0:25.70
708 0.0 0.3 0:25.70
708 0.0 0.3 0:25.70
708 0.0 0.3 0:25.70
708 5.6 0.3 0:25.71
708 0.0 0.3 0:25.71
708 0.0 0.3 0:25.71
708 0.0 0.3 0:25.72
708 0.0 0.3 0:25.72
708 0.0 0.3 0:25.75
708 0.0 0.3 0:25.75
708 0.0 0.3 0:25.75
708 0.0 0.3 0:25.75
708 0.0 0.3 0:25.75
708 0.0 0.3 0:25.75
708 0.0 0.3 0:25.75
708 0.0 0.3 0:25.75
708 0.0 0.3 0:25.75
708 0.0 0.3 0:25.75
708 0.0 0.3 0:25.75
708 0.0 0.3 0:25.76
708 0.0 0.3 0:25.76
708 0.0 0.3 0:25.76
708 0.0 0.3 0:25.76
708 5.6 0.3 0:25.77
708 0.0 0.3 0:25.78
708 0.0 0.3 0:25.78
708 5.0 0.3 0:25.83
708 0.0 0.3 0:25.83
708 0.0 0.3 0:25.83
708 0.0 0.3 0:25.83
708 0.0 0.3 0:25.83
708 0.0 0.3 0:25.83
708 0.0 0.3 0:25.83
708 0.0 0.3 0:25.84
708 0.0 0.3 0:25.84
708 0.0 0.3 0:25.84
708 0.0 0.3 0:25.84
27083 16.7 0.2 0:00.05
708 0.0 0.3 0:25.84
708 0.0 0.3 0:25.85
708 0.0 0.3 0:25.86
708 0.0 0.3 0:25.86
708 0.0 0.3 0:25.87
708 0.0 0.3 0:25.87
708 5.6 0.3 0:25.89
708 0.0 0.3 0:25.91
708 0.0 0.3 0:25.91
708 0.0 0.3 0:25.91
708 0.0 0.3 0:25.91
708 0.0 0.3 0:25.91
708 0.0 0.3 0:25.91
708 0.0 0.3 0:25.91
708 0.0 0.3 0:25.92
708 0.0 0.3 0:25.92
708 0.0 0.3 0:25.92
708 0.0 0.3 0:25.92
KiB used, 347080 buff/cache
KiB used, 347084 buff/cache
KiB used, 347084 buff/cache
708 0.0 0.3 0:25.94
708 0.0 0.3 0:25.95
708 5.0 0.3 0:25.96
708 0.0 0.3 0:25.96
708 0.0 0.3 0:25.98
708 0.0 0.3 0:25.98
708 0.0 0.3 0:25.98
708 0.0 0.3 0:25.98
708 0.0 0.3 0:25.98
708 0.0 0.3 0:25.98
708 0.0 0.3 0:25.98
708 0.0 0.3 0:25.98
708 0.0 0.3 0:25.98
708 0.0 0.3 0:25.98
708 0.0 0.3 0:25.98
708 0.0 0.3 0:25.98
708 0.0 0.3 0:25.98
708 0.0 0.3 0:25.98
708 0.0 0.3 0:25.98
708 0.0 0.3 0:25.98
708 0.0 0.3 0:25.98
708 0.0 0.3 0:25.98
708 0.0 0.3 0:25.98
708 0.0 0.3 0:25.98
