717 10.5 0.3 0:06.13
717 0.0 0.3 0:06.18
717 5.6 0.3 0:06.19
717 0.0 0.3 0:06.19
717 0.0 0.3 0:06.20
717 0.0 0.3 0:06.20
717 0.0 0.3 0:06.20
717 5.6 0.3 0:06.22
717 10.5 0.3 0:06.33
717 21.1 0.3 0:06.45
717 5.6 0.3 0:06.56
717 10.0 0.3 0:06.69
717 10.5 0.3 0:06.80
717 22.2 0.3 0:06.94
717 10.0 0.3 0:07.05
717 0.0 0.3 0:07.14
717 0.0 0.3 0:07.14
717 0.0 0.3 0:07.14
717 0.0 0.3 0:07.14
717 0.0 0.3 0:07.14
717 0.0 0.3 0:07.14
717 0.0 0.3 0:07.14
717 0.0 0.3 0:07.14
717 0.0 0.3 0:07.14
717 0.0 0.3 0:07.14
717 0.0 0.3 0:07.14
717 0.0 0.3 0:07.14
717 0.0 0.3 0:07.14
717 0.0 0.3 0:07.14
717 0.0 0.3 0:07.14
717 0.0 0.3 0:07.14
717 0.0 0.3 0:07.14
717 0.0 0.3 0:07.14
717 0.0 0.3 0:07.14
717 0.0 0.3 0:07.14
717 0.0 0.3 0:07.14
717 0.0 0.3 0:07.14
717 0.0 0.3 0:07.14
717 0.0 0.3 0:07.14
717 0.0 0.3 0:07.14
717 0.0 0.3 0:07.14
717 0.0 0.3 0:07.14
717 0.0 0.3 0:07.14
717 0.0 0.3 0:07.14
717 0.0 0.3 0:07.14
717 0.0 0.3 0:07.14
717 0.0 0.3 0:07.14
7175 11.1 0.2 0:00.02
717 0.0 0.3 0:07.14
717 0.0 0.3 0:07.14
717 0.0 0.3 0:07.14
717 0.0 0.3 0:07.14
717 0.0 0.3 0:07.14
717 0.0 0.3 0:07.14
717 0.0 0.3 0:07.14
717 0.0 0.3 0:07.14
717 0.0 0.3 0:07.14
717 0.0 0.3 0:07.14
717 0.0 0.3 0:07.14
717 0.0 0.3 0:07.14
717 0.0 0.3 0:07.14
7717 16.7 0.2 0:00.05
717 0.0 0.3 0:07.14
717 0.0 0.3 0:07.14
717 0.0 0.3 0:07.14
717 0.0 0.3 0:07.14
