2924 0.0 0.1 0:00.05
2924 0.0 0.1 0:00.05
2924 0.0 0.1 0:00.05
2924 0.0 0.1 0:00.05
2924 0.0 0.1 0:00.05
2924 0.0 0.1 0:00.05
2924 0.0 0.1 0:00.05
2924 0.0 0.1 0:00.05
2924 0.0 0.1 0:00.05
2924 0.0 0.1 0:00.05
2924 0.0 0.1 0:00.05
2924 0.0 0.1 0:00.05
2924 0.0 0.1 0:00.05
2924 0.0 0.1 0:00.05
2924 0.0 0.1 0:00.05
2924 0.0 0.1 0:00.05
2924 0.0 0.1 0:00.05
2924 0.0 0.1 0:00.05
2924 0.0 0.1 0:00.05
2924 0.0 0.1 0:00.05
2924 0.0 0.1 0:00.05
2924 0.0 0.1 0:00.05
2924 0.0 0.1 0:00.05
2924 0.0 0.1 0:00.05
2924 0.0 0.1 0:00.06
2924 0.0 0.1 0:00.06
2924 0.0 0.1 0:00.06
2924 0.0 0.1 0:00.06
2924 0.0 0.1 0:00.06
2924 0.0 0.1 0:00.06
2924 0.0 0.1 0:00.06
2924 0.0 0.1 0:00.06
2924 0.0 0.1 0:00.06
2924 0.0 0.1 0:00.06
2924 0.0 0.1 0:00.06
2924 0.0 0.1 0:00.06
2924 0.0 0.1 0:00.06
2924 0.0 0.1 0:00.06
2924 0.0 0.1 0:00.06
2924 0.0 0.1 0:00.06
2924 0.0 0.1 0:00.06
2924 0.0 0.1 0:00.06
2924 0.0 0.1 0:00.06
2924 0.0 0.1 0:00.06
2924 0.0 0.1 0:00.06
2924 0.0 0.1 0:00.06
2924 0.0 0.1 0:00.06
2924 0.0 0.1 0:00.06
2924 0.0 0.1 0:00.06
2924 0.0 0.1 0:00.06
2924 0.0 0.1 0:00.06
2924 0.0 0.1 0:00.06
2924 0.0 0.1 0:00.06
2924 0.0 0.1 0:00.06
2924 0.0 0.1 0:00.06
2924 0.0 0.1 0:00.06
2924 0.0 0.1 0:00.06
2924 0.0 0.1 0:00.06
2924 0.0 0.1 0:00.06
2924 0.0 0.1 0:00.06
2924 0.0 0.1 0:00.06
2924 0.0 0.1 0:00.06
2924 0.0 0.1 0:00.06
2924 0.0 0.1 0:00.06
2924 0.0 0.1 0:00.06
2924 0.0 0.1 0:00.06
2924 0.0 0.1 0:00.06
2924 0.0 0.1 0:00.06
2924 0.0 0.1 0:00.06
2924 0.0 0.1 0:00.06
2924 0.0 0.1 0:00.06
2924 0.0 0.1 0:00.07
2924 0.0 0.1 0:00.07
2924 0.0 0.1 0:00.07
2924 0.0 0.1 0:00.07
