2924 0.0 0.1 0:00.07
2924 0.0 0.1 0:00.08
2924 0.0 0.1 0:00.08
2924 0.0 0.1 0:00.08
2924 0.0 0.1 0:00.08
2924 0.0 0.1 0:00.08
2924 0.0 0.1 0:00.08
2924 0.0 0.1 0:00.08
2924 0.0 0.1 0:00.08
2924 0.0 0.1 0:00.08
2924 0.0 0.1 0:00.08
2924 0.0 0.1 0:00.08
2924 0.0 0.1 0:00.08
2924 0.0 0.1 0:00.08
2924 0.0 0.1 0:00.08
2924 0.0 0.1 0:00.08
2924 0.0 0.1 0:00.08
2924 0.0 0.1 0:00.08
2924 0.0 0.1 0:00.08
2924 0.0 0.1 0:00.08
2924 0.0 0.1 0:00.08
2924 0.0 0.1 0:00.08
2924 0.0 0.1 0:00.08
2924 0.0 0.1 0:00.08
2924 0.0 0.1 0:00.08
2924 0.0 0.1 0:00.08
2924 0.0 0.1 0:00.08
2924 0.0 0.1 0:00.08
2924 0.0 0.1 0:00.08
2924 0.0 0.1 0:00.08
2924 0.0 0.1 0:00.08
2924 0.0 0.1 0:00.08
2924 0.0 0.1 0:00.08
2924 0.0 0.1 0:00.08
2924 0.0 0.1 0:00.08
2924 0.0 0.1 0:00.08
2924 0.0 0.1 0:00.08
2924 0.0 0.1 0:00.08
2924 0.0 0.1 0:00.08
2924 0.0 0.1 0:00.08
2924 0.0 0.1 0:00.08
2924 0.0 0.1 0:00.08
2924 0.0 0.1 0:00.08
2924 0.0 0.1 0:00.08
2924 0.0 0.1 0:00.08
2924 0.0 0.1 0:00.08
2924 0.0 0.1 0:00.08
2924 0.0 0.1 0:00.08
2924 0.0 0.1 0:00.08
2924 0.0 0.1 0:00.08
2924 0.0 0.1 0:00.08
2924 0.0 0.1 0:00.08
2924 0.0 0.1 0:00.08
2924 0.0 0.1 0:00.08
2924 0.0 0.1 0:00.08
2924 0.0 0.1 0:00.08
2924 0.0 0.1 0:00.08
2924 0.0 0.1 0:00.08
2924 0.0 0.1 0:00.08
2924 0.0 0.1 0:00.08
2924 0.0 0.1 0:00.08
2924 0.0 0.1 0:00.08
2924 0.0 0.1 0:00.08
2924 0.0 0.1 0:00.08
2924 0.0 0.1 0:00.08
2924 0.0 0.1 0:00.08
2924 0.0 0.1 0:00.09
2924 0.0 0.1 0:00.09
2924 0.0 0.1 0:00.09
2924 0.0 0.1 0:00.09
2924 0.0 0.1 0:00.09
2924 0.0 0.1 0:00.09
2924 0.0 0.1 0:00.09
2924 0.0 0.1 0:00.09
2924 0.0 0.1 0:00.09
