714 0.0 0.4 0:33.07
714 0.0 0.4 0:33.09
714 0.0 0.4 0:33.11
714 0.0 0.4 0:33.13
714 5.6 0.4 0:33.15
714 0.0 0.4 0:33.17
714 0.0 0.4 0:33.20
714 0.0 0.4 0:33.20
714 0.0 0.4 0:33.20
714 0.0 0.4 0:33.20
714 0.0 0.4 0:33.20
714 0.0 0.4 0:33.20
714 0.0 0.4 0:33.20
714 0.0 0.4 0:33.20
714 0.0 0.4 0:33.20
714 0.0 0.4 0:33.20
714 0.0 0.4 0:33.20
714 0.0 0.4 0:33.20
714 0.0 0.4 0:33.20
714 5.3 0.4 0:33.22
714 0.0 0.4 0:33.23
714 0.0 0.4 0:33.25
714 0.0 0.4 0:33.26
714 5.6 0.4 0:33.29
714 0.0 0.4 0:33.33
714 0.0 0.4 0:33.33
714 0.0 0.4 0:33.33
714 0.0 0.4 0:33.33
714 0.0 0.4 0:33.33
714 0.0 0.4 0:33.33
714 0.0 0.4 0:33.33
714 0.0 0.4 0:33.33
714 0.0 0.4 0:33.33
714 0.0 0.4 0:33.33
714 0.0 0.4 0:33.33
714 0.0 0.4 0:33.33
714 0.0 0.4 0:33.33
714 0.0 0.4 0:33.34
714 0.0 0.4 0:33.38
714 0.0 0.4 0:33.40
714 0.0 0.4 0:33.41
714 5.6 0.4 0:33.42
714 0.0 0.4 0:33.42
714 0.0 0.4 0:33.43
714 0.0 0.4 0:33.43
714 0.0 0.4 0:33.43
714 0.0 0.4 0:33.43
714 0.0 0.4 0:33.43
714 0.0 0.4 0:33.43
714 0.0 0.4 0:33.43
714 0.0 0.4 0:33.43
714 0.0 0.4 0:33.44
714 0.0 0.4 0:33.44
714 0.0 0.4 0:33.44
714 0.0 0.4 0:33.44
714 5.6 0.4 0:33.45
714 5.6 0.4 0:33.47
714 0.0 0.4 0:33.48
714 5.3 0.4 0:33.50
714 0.0 0.4 0:33.51
714 0.0 0.4 0:33.53
714 0.0 0.4 0:33.53
714 0.0 0.4 0:33.54
714 0.0 0.4 0:33.54
714 0.0 0.4 0:33.54
714 0.0 0.4 0:33.54
714 0.0 0.4 0:33.54
714 0.0 0.4 0:33.54
714 0.0 0.4 0:33.54
27140 10.5 0.0 0:00.05
714 5.9 0.4 0:33.55
714 0.0 0.4 0:33.55
714 0.0 0.4 0:33.55
714 0.0 0.4 0:33.55
714 0.0 0.4 0:33.57
714 5.3 0.4 0:33.60
714 0.0 0.4 0:33.61
714 5.6 0.4 0:33.63
714 5.9 0.4 0:33.65
714 0.0 0.4 0:33.65
714 0.0 0.4 0:33.65
714 0.0 0.4 0:33.65
714 0.0 0.4 0:33.65
714 0.0 0.4 0:33.65
714 0.0 0.4 0:33.65
714 0.0 0.4 0:33.65
714 0.0 0.4 0:33.65
714 5.6 0.4 0:33.66
714 0.0 0.4 0:33.66
714 0.0 0.4 0:33.66
714 0.0 0.4 0:33.66
714 0.0 0.4 0:33.66
714 0.0 0.4 0:33.68
714 0.0 0.4 0:33.69
714 0.0 0.4 0:33.71
714 0.0 0.4 0:33.72
714 0.0 0.4 0:33.76
714 0.0 0.4 0:33.77
714 0.0 0.4 0:33.77
714 0.0 0.4 0:33.77
714 0.0 0.4 0:33.77
714 0.0 0.4 0:33.77
714 0.0 0.4 0:33.77
714 0.0 0.4 0:33.77
714 0.0 0.4 0:33.77
714 0.0 0.4 0:33.78
714 0.0 0.4 0:33.78
714 0.0 0.4 0:33.78
714 0.0 0.4 0:33.78
714 0.0 0.4 0:33.79
714 0.0 0.4 0:33.79
714 0.0 0.4 0:33.80
714 0.0 0.4 0:33.81
714 0.0 0.4 0:33.82
714 0.0 0.4 0:33.83
714 0.0 0.4 0:33.84
714 5.9 0.4 0:33.85
714 0.0 0.4 0:33.86
714 0.0 0.4 0:33.86
714 0.0 0.4 0:33.86
714 0.0 0.4 0:33.86
714 0.0 0.4 0:33.86
714 0.0 0.4 0:33.86
714 0.0 0.4 0:33.86
714 0.0 0.4 0:33.87
714 0.0 0.4 0:33.87
714 0.0 0.4 0:33.88
714 0.0 0.4 0:33.88
714 0.0 0.4 0:33.88
714 0.0 0.4 0:33.89
714 5.3 0.4 0:33.91
714 0.0 0.4 0:33.91
714 0.0 0.4 0:33.92
714 0.0 0.4 0:33.92
714 0.0 0.4 0:33.93
714 0.0 0.4 0:33.93
714 0.0 0.4 0:33.93
714 0.0 0.4 0:33.93
714 0.0 0.4 0:33.93
714 0.0 0.4 0:33.93
714 0.0 0.4 0:33.93
714 0.0 0.4 0:33.93
714 5.3 0.4 0:33.94
714 0.0 0.4 0:33.94
714 0.0 0.4 0:33.94
714 0.0 0.4 0:33.94
714 0.0 0.4 0:33.95
714 0.0 0.4 0:33.95
714 0.0 0.4 0:33.96
714 0.0 0.4 0:33.98
714 0.0 0.4 0:34.01
714 0.0 0.4 0:34.03
714 5.6 0.4 0:34.04
714 0.0 0.4 0:34.04
714 0.0 0.4 0:34.04
714 0.0 0.4 0:34.04
714 0.0 0.4 0:34.04
714 0.0 0.4 0:34.04
714 5.6 0.4 0:34.05
714 0.0 0.4 0:34.05
714 0.0 0.4 0:34.05
714 0.0 0.4 0:34.05
714 0.0 0.4 0:34.05
714 0.0 0.4 0:34.06
714 0.0 0.4 0:34.06
714 5.0 0.4 0:34.07
714 0.0 0.4 0:34.10
714 0.0 0.4 0:34.16
714 0.0 0.4 0:34.21
714 0.0 0.4 0:34.21
714 0.0 0.4 0:34.22
714 0.0 0.4 0:34.22
714 0.0 0.4 0:34.22
714 0.0 0.4 0:34.22
714 0.0 0.4 0:34.22
714 0.0 0.4 0:34.22
714 0.0 0.4 0:34.22
714 0.0 0.4 0:34.22
714 0.0 0.4 0:34.22
714 0.0 0.4 0:34.22
714 0.0 0.4 0:34.23
714 0.0 0.4 0:34.23
714 0.0 0.4 0:34.23
714 0.0 0.4 0:34.23
714 11.1 0.4 0:34.25
714 0.0 0.4 0:34.26
714 0.0 0.4 0:34.28
714 0.0 0.4 0:34.29
714 0.0 0.4 0:34.30
714 5.6 0.4 0:34.31
714 0.0 0.4 0:34.31
714 0.0 0.4 0:34.31
714 0.0 0.4 0:34.31
714 0.0 0.4 0:34.31
714 0.0 0.4 0:34.31
714 0.0 0.4 0:34.31
714 0.0 0.4 0:34.31
714 0.0 0.4 0:34.31
714 0.0 0.4 0:34.31
714 0.0 0.4 0:34.31
714 0.0 0.4 0:34.31
714 0.0 0.4 0:34.31
714 0.0 0.4 0:34.31
714 0.0 0.4 0:34.31
714 0.0 0.4 0:34.31
714 0.0 0.4 0:34.31
714 0.0 0.4 0:34.31
714 0.0 0.4 0:34.31
714 0.0 0.4 0:34.31
714 0.0 0.4 0:34.31
714 0.0 0.4 0:34.31
714 0.0 0.4 0:34.31
714 0.0 0.4 0:34.31
714 0.0 0.4 0:34.31
714 0.0 0.4 0:34.31
714 0.0 0.4 0:34.31
714 0.0 0.4 0:34.31
714 0.0 0.4 0:34.31
