714 0.0 0.4 0:04.82
714 0.0 0.4 0:04.85
714 0.0 0.4 0:04.88
714 0.0 0.4 0:04.91
714 5.6 0.4 0:04.94
714 11.1 0.4 0:04.98
714 0.0 0.4 0:05.00
714 0.0 0.4 0:05.03
714 0.0 0.4 0:05.05
714 5.0 0.4 0:05.08
714 5.3 0.4 0:05.11
714 0.0 0.4 0:05.13
714 0.0 0.4 0:05.16
714 5.3 0.4 0:05.19
714 5.3 0.4 0:05.22
714 0.0 0.4 0:05.24
714 5.3 0.4 0:05.27
714 5.6 0.4 0:05.30
714 5.6 0.4 0:05.32
714 0.0 0.4 0:05.35
714 5.0 0.4 0:05.39
714 5.6 0.4 0:05.42
714 10.5 0.4 0:05.46
714 0.0 0.4 0:05.47
714 0.0 0.4 0:05.50
714 0.0 0.4 0:05.52
714 5.6 0.4 0:05.56
714 0.0 0.4 0:05.59
714 5.6 0.4 0:05.62
714 0.0 0.4 0:05.64
714 5.3 0.4 0:05.68
714 0.0 0.4 0:05.71
714 5.3 0.4 0:05.74
714 0.0 0.4 0:05.76
714 0.0 0.4 0:05.79
714 0.0 0.4 0:05.82
714 5.3 0.4 0:05.85
714 0.0 0.4 0:05.87
714 0.0 0.4 0:05.91
714 0.0 0.4 0:05.93
714 0.0 0.4 0:05.96
714 0.0 0.4 0:05.98
714 0.0 0.4 0:06.01
714 0.0 0.4 0:06.04
714 5.6 0.4 0:06.07
714 10.0 0.4 0:06.11
714 0.0 0.4 0:06.13
714 0.0 0.4 0:06.16
714 5.0 0.4 0:06.20
714 0.0 0.4 0:06.22
714 5.6 0.4 0:06.25
714 0.0 0.4 0:06.28
714 5.6 0.4 0:06.31
714 5.3 0.4 0:06.34
714 0.0 0.4 0:06.37
714 5.6 0.4 0:06.40
714 0.0 0.4 0:06.42
714 5.3 0.4 0:06.45
714 5.6 0.4 0:06.48
714 0.0 0.4 0:06.51
714 0.0 0.4 0:06.54
714 5.3 0.4 0:06.57
714 5.3 0.4 0:06.60
714 0.0 0.4 0:06.62
714 5.3 0.4 0:06.65
714 0.0 0.4 0:06.68
714 5.6 0.4 0:06.72
714 0.0 0.4 0:06.74
714 0.0 0.4 0:06.77
714 5.0 0.4 0:06.81
714 0.0 0.4 0:06.83
714 0.0 0.4 0:06.86
714 5.0 0.4 0:06.89
714 0.0 0.4 0:06.91
714 0.0 0.4 0:06.94
714 0.0 0.4 0:06.97
714 0.0 0.4 0:07.00
714 0.0 0.4 0:07.03
714 0.0 0.4 0:07.06
714 0.0 0.4 0:07.06
714 0.0 0.4 0:07.06
714 0.0 0.4 0:07.06
714 0.0 0.4 0:07.06
714 0.0 0.4 0:07.06
714 0.0 0.4 0:07.06
714 0.0 0.4 0:07.06
714 0.0 0.4 0:07.06
714 0.0 0.4 0:07.06
714 0.0 0.4 0:07.06
