717 0.0 0.4 0:27.89
717 0.0 0.4 0:27.92
717 5.3 0.4 0:27.95
717 5.6 0.4 0:27.99
717 0.0 0.4 0:28.01
717 5.3 0.4 0:28.04
717 0.0 0.4 0:28.06
717 0.0 0.4 0:28.08
717 0.0 0.4 0:28.11
717 5.6 0.4 0:28.14
717 5.3 0.4 0:28.17
717 5.6 0.4 0:28.20
717 0.0 0.4 0:28.22
717 0.0 0.4 0:28.24
717 5.6 0.4 0:28.27
717 5.6 0.4 0:28.29
717 0.0 0.4 0:28.31
717 5.6 0.4 0:28.34
717 5.6 0.4 0:28.36
717 5.3 0.4 0:28.39
717 0.0 0.4 0:28.41
717 5.3 0.4 0:28.44
717 4.8 0.4 0:28.46
717 0.0 0.4 0:28.49
717 5.0 0.4 0:28.52
717 0.0 0.4 0:28.54
717 0.0 0.4 0:28.57
717 5.6 0.4 0:28.60
717 0.0 0.4 0:28.62
717 4.5 0.4 0:28.65
717 0.0 0.4 0:28.67
717 0.0 0.4 0:28.69
717 5.0 0.4 0:28.71
717 0.0 0.4 0:28.73
717 5.3 0.4 0:28.76
717 0.0 0.4 0:28.79
717 0.0 0.4 0:28.81
717 5.6 0.4 0:28.83
717 0.0 0.4 0:28.85
717 0.0 0.4 0:28.88
717 5.3 0.4 0:28.91
717 0.0 0.4 0:28.93
717 5.6 0.4 0:28.96
717 0.0 0.4 0:28.98
717 5.6 0.4 0:29.01
717 0.0 0.4 0:29.04
717 0.0 0.4 0:29.06
717 5.6 0.4 0:29.10
717 5.3 0.4 0:29.13
717 0.0 0.4 0:29.15
717 0.0 0.4 0:29.18
717 0.0 0.4 0:29.20
717 5.6 0.4 0:29.23
717 5.9 0.4 0:29.26
717 0.0 0.4 0:29.28
717 0.0 0.4 0:29.31
717 5.9 0.4 0:29.34
717 0.0 0.4 0:29.36
717 0.0 0.4 0:29.39
717 5.6 0.4 0:29.41
717 0.0 0.4 0:29.44
717 0.0 0.4 0:29.46
717 0.0 0.4 0:29.48
717 0.0 0.4 0:29.50
717 0.0 0.4 0:29.52
717 4.8 0.4 0:29.56
717 5.9 0.4 0:29.58
717 5.3 0.4 0:29.61
717 0.0 0.4 0:29.64
717 0.0 0.4 0:29.66
717 5.6 0.4 0:29.69
717 0.0 0.4 0:29.71
717 0.0 0.4 0:29.73
717 0.0 0.4 0:29.76
717 0.0 0.4 0:29.78
717 5.6 0.4 0:29.81
717 5.6 0.4 0:29.84
717 10.0 0.4 0:29.87
717 0.0 0.4 0:29.87
717 0.0 0.4 0:29.89
17173 16.7 0.2 0:00.03
717 0.0 0.4 0:29.89
717 0.0 0.4 0:29.89
717 0.0 0.4 0:29.89
717 0.0 0.4 0:29.89
717 0.0 0.4 0:29.89
717 0.0 0.4 0:29.89
717 0.0 0.4 0:29.89
717 0.0 0.4 0:29.89
717 0.0 0.4 0:29.89
