717 0.0 0.4 0:18.81
717 5.6 0.4 0:18.84
717 0.0 0.4 0:18.86
717 5.6 0.4 0:18.89
717 5.6 0.4 0:18.92
717 0.0 0.4 0:18.94
717 5.6 0.4 0:18.97
717 4.3 0.4 0:19.00
717 0.0 0.4 0:19.02
717 5.3 0.4 0:19.06
717 0.0 0.4 0:19.08
717 0.0 0.4 0:19.11
30717 16.7 0.2 0:00.03
717 0.0 0.4 0:19.17
717 5.6 0.4 0:19.21
717 5.6 0.4 0:19.24
717 0.0 0.4 0:19.26
717 0.0 0.4 0:19.29
717 0.0 0.4 0:19.32
717 0.0 0.4 0:19.35
717 5.6 0.4 0:19.38
717 5.6 0.4 0:19.41
717 0.0 0.4 0:19.43
717 5.6 0.4 0:19.46
717 5.0 0.4 0:19.49
717 0.0 0.4 0:19.52
717 0.0 0.4 0:19.54
717 10.5 0.4 0:19.59
717 0.0 0.4 0:19.61
717 5.9 0.4 0:19.64
717 0.0 0.4 0:19.67
717 5.6 0.4 0:19.70
717 5.3 0.4 0:19.73
717 5.9 0.4 0:19.76
717 0.0 0.4 0:19.78
717 0.0 0.4 0:19.81
717 5.9 0.4 0:19.85
717 0.0 0.4 0:19.87
717 5.6 0.4 0:19.91
717 0.0 0.4 0:19.93
717 5.6 0.4 0:19.96
717 5.6 0.4 0:19.99
717 5.6 0.4 0:20.02
717 0.0 0.4 0:20.04
717 5.6 0.4 0:20.07
717 0.0 0.4 0:20.10
717 0.0 0.4 0:20.12
717 5.6 0.4 0:20.16
717 5.6 0.4 0:20.19
717 5.6 0.4 0:20.22
717 5.6 0.4 0:20.25
717 4.5 0.4 0:20.28
717 5.3 0.4 0:20.31
717 0.0 0.4 0:20.34
717 5.9 0.4 0:20.37
717 5.6 0.4 0:20.39
717 10.5 0.4 0:20.43
717 10.5 0.4 0:20.45
717 0.0 0.4 0:20.48
717 5.6 0.4 0:20.51
717 5.3 0.4 0:20.54
717 5.9 0.4 0:20.57
717 5.9 0.4 0:20.60
717 5.9 0.4 0:20.63
717 0.0 0.4 0:20.66
717 0.0 0.4 0:20.68
717 0.0 0.4 0:20.72
717 0.0 0.4 0:20.75
717 5.6 0.4 0:20.78
717 0.0 0.4 0:20.80
717 5.3 0.4 0:20.83
717 0.0 0.4 0:20.87
717 0.0 0.4 0:20.90
717 5.6 0.4 0:20.92
717 0.0 0.4 0:20.94
717 0.0 0.4 0:20.98
717 5.6 0.4 0:21.01
717 0.0 0.4 0:21.03
717 5.3 0.4 0:21.07
717 0.0 0.4 0:21.08
717 0.0 0.4 0:21.09
717 0.0 0.4 0:21.09
717 0.0 0.4 0:21.09
717 0.0 0.4 0:21.09
717 0.0 0.4 0:21.09
717 0.0 0.4 0:21.09
717 0.0 0.4 0:21.09
717 0.0 0.4 0:21.09
717 0.0 0.4 0:21.09
717 0.0 0.4 0:21.09
717 0.0 0.4 0:21.09
717 0.0 0.4 0:21.09
717 0.0 0.4 0:21.09
717 0.0 0.4 0:21.09
1717 11.1 0.2 0:00.02
717 0.0 0.4 0:21.09
717 0.0 0.4 0:21.09
717 0.0 0.4 0:21.09
717 0.0 0.4 0:21.09
717 0.0 0.4 0:21.09
