749 0.0 0.4 0:03.36
749 0.0 0.4 0:03.38
749 0.0 0.4 0:03.40
749 5.6 0.4 0:03.43
749 5.6 0.4 0:03.45
749 5.6 0.4 0:03.47
749 0.0 0.4 0:03.49
749 0.0 0.4 0:03.52
749 0.0 0.4 0:03.54
749 0.0 0.4 0:03.57
749 0.0 0.4 0:03.59
749 0.0 0.4 0:03.61
749 5.3 0.4 0:03.63
749 0.0 0.4 0:03.65
749 0.0 0.4 0:03.67
749 0.0 0.4 0:03.69
749 0.0 0.4 0:03.71
749 0.0 0.4 0:03.73
749 5.6 0.4 0:03.75
749 0.0 0.4 0:03.77
749 0.0 0.4 0:03.79
749 0.0 0.4 0:03.82
749 0.0 0.4 0:03.83
749 0.0 0.4 0:03.85
749 0.0 0.4 0:03.87
749 0.0 0.4 0:03.90
749 5.3 0.4 0:03.92
749 0.0 0.4 0:03.93
749 5.3 0.4 0:03.96
749 5.3 0.4 0:03.98
749 5.6 0.4 0:04.00
749 5.6 0.4 0:04.02
749 0.0 0.4 0:04.04
749 5.3 0.4 0:04.07
749 5.6 0.4 0:04.09
749 5.6 0.4 0:04.12
749 5.9 0.4 0:04.14
749 5.3 0.4 0:04.16
749 0.0 0.4 0:04.18
749 0.0 0.4 0:04.20
749 0.0 0.4 0:04.22
749 0.0 0.4 0:04.24
749 0.0 0.4 0:04.26
749 0.0 0.4 0:04.28
749 0.0 0.4 0:04.30
749 0.0 0.4 0:04.33
749 0.0 0.4 0:04.35
749 5.0 0.4 0:04.37
749 5.3 0.4 0:04.39
749 0.0 0.4 0:04.40
749 0.0 0.4 0:04.42
749 0.0 0.4 0:04.45
749 0.0 0.4 0:04.47
749 4.8 0.4 0:04.50
749 0.0 0.4 0:04.52
749 0.0 0.4 0:04.53
749 11.1 0.4 0:04.57
749 0.0 0.4 0:04.58
749 0.0 0.4 0:04.61
749 0.0 0.4 0:04.62
749 0.0 0.4 0:04.64
749 0.0 0.4 0:04.67
749 0.0 0.4 0:04.69
749 0.0 0.4 0:04.71
749 5.6 0.4 0:04.74
749 5.6 0.4 0:04.76
749 0.0 0.4 0:04.77
749 5.6 0.4 0:04.80
749 0.0 0.4 0:04.82
749 0.0 0.4 0:04.84
749 0.0 0.4 0:04.87
749 5.6 0.4 0:04.88
749 0.0 0.4 0:04.90
749 0.0 0.4 0:04.92
749 0.0 0.4 0:04.94
749 0.0 0.4 0:04.96
749 0.0 0.4 0:04.98
749 0.0 0.4 0:05.00
749 0.0 0.4 0:05.02
749 0.0 0.4 0:05.03
749 0.0 0.4 0:05.03
749 0.0 0.4 0:05.03
749 0.0 0.4 0:05.03
749 0.0 0.4 0:05.03
749 0.0 0.4 0:05.03
749 0.0 0.4 0:05.03
749 0.0 0.4 0:05.03
