750 4.3 0.4 0:01.83
523 5.3 0.2 0:02.23
523 4.8 0.2 0:02.25
523 5.0 0.2 0:02.26
523 5.6 0.2 0:02.28
523 4.8 0.2 0:02.30
523 5.6 0.2 0:02.31
750 5.6 0.4 0:02.00
523 11.1 0.2 0:02.36
750 5.3 0.4 0:02.05
523 5.0 0.2 0:02.38
523 5.3 0.2 0:02.39
523 5.3 0.2 0:02.41
523 5.3 0.2 0:02.43
523 5.3 0.2 0:02.45
523 5.3 0.2 0:02.46
523 5.3 0.2 0:02.48
523 0.0 0.2 0:02.50
523 11.1 0.2 0:02.52
523 10.5 0.2 0:02.54
523 5.6 0.2 0:02.55
523 5.3 0.2 0:02.57
523 0.0 0.2 0:02.58
523 5.6 0.2 0:02.60
523 5.6 0.2 0:02.61
523 5.6 0.2 0:02.63
523 5.6 0.2 0:02.64
523 4.8 0.2 0:02.66
523 5.0 0.2 0:02.68
523 5.6 0.2 0:02.69
523 5.6 0.2 0:02.71
523 5.3 0.2 0:02.72
523 5.0 0.2 0:02.74
523 5.3 0.2 0:02.76
523 5.6 0.2 0:02.77
750 11.1 0.4 0:02.69
523 5.6 0.2 0:02.80
523 5.6 0.2 0:02.82
750 5.6 0.4 0:02.76
523 5.3 0.2 0:02.85
523 10.5 0.2 0:02.87
523 5.3 0.2 0:02.88
523 5.6 0.2 0:02.90
523 0.0 0.2 0:02.91
523 5.6 0.2 0:02.93
523 5.3 0.2 0:02.95
523 5.6 0.2 0:02.97
523 5.3 0.2 0:02.98
523 5.6 0.2 0:03.00
750 5.9 0.4 0:03.03
523 5.6 0.2 0:03.03
523 5.6 0.2 0:03.05
523 5.6 0.2 0:03.06
523 10.5 0.2 0:03.09
523 5.3 0.2 0:03.11
523 10.5 0.2 0:03.13
523 5.3 0.2 0:03.15
523 5.6 0.2 0:03.16
7506 21.1 0.2 0:00.04
523 5.3 0.2 0:03.19
523 5.6 0.2 0:03.21
750 5.6 0.4 0:03.34
750 11.1 0.4 0:03.38
523 5.6 0.2 0:03.25
523 5.6 0.2 0:03.27
523 5.0 0.2 0:03.29
523 5.3 0.2 0:03.30
523 5.6 0.2 0:03.32
523 5.0 0.2 0:03.34
523 5.0 0.2 0:03.35
523 5.6 0.2 0:03.37
523 0.0 0.2 0:03.38
KiB used, 257500 buff/cache
523 5.0 0.2 0:03.42
523 5.6 0.2 0:03.44
523 5.0 0.2 0:03.46
523 5.6 0.2 0:03.47
523 5.6 0.2 0:03.49
523 5.3 0.2 0:03.50
523 5.6 0.2 0:03.52
523 5.6 0.2 0:03.53
523 0.0 0.2 0:03.55
523 0.0 0.2 0:03.57
523 11.8 0.2 0:03.59
523 5.3 0.2 0:03.60
523 5.6 0.2 0:03.61
