523 4.8 0.2 0:00.60
523 5.0 0.2 0:00.62
523 4.8 0.2 0:00.64
523 5.6 0.2 0:00.65
523 5.6 0.2 0:00.67
523 0.0 0.2 0:00.68
523 5.6 0.2 0:00.70
523 10.5 0.2 0:00.72
523 5.0 0.2 0:00.73
523 0.0 0.2 0:00.75
750 5.6 0.3 0:00.26
523 5.6 0.2 0:00.78
523 5.3 0.2 0:00.80
523 5.6 0.2 0:00.82
523 5.3 0.2 0:00.83
523 5.3 0.2 0:00.85
523 0.0 0.2 0:00.86
523 5.6 0.2 0:00.88
523 5.6 0.2 0:00.90
523 10.5 0.2 0:00.92
750 11.1 0.3 0:00.49
523 5.6 0.2 0:00.95
523 5.6 0.2 0:00.96
523 5.6 0.2 0:00.98
523 11.1 0.2 0:01.01
523 5.6 0.2 0:01.02
523 4.8 0.2 0:01.04
523 5.0 0.2 0:01.05
523 5.0 0.2 0:01.07
523 4.8 0.2 0:01.09
523 5.6 0.2 0:01.10
523 5.6 0.2 0:01.12
750 5.6 0.3 0:00.75
523 5.6 0.2 0:01.15
523 5.9 0.2 0:01.17
523 5.6 0.2 0:01.18
523 5.6 0.2 0:01.20
523 4.8 0.2 0:01.22
523 5.6 0.2 0:01.24
523 5.3 0.2 0:01.25
523 5.3 0.2 0:01.27
523 5.3 0.2 0:01.28
523 5.6 0.2 0:01.30
523 0.0 0.2 0:01.32
523 11.1 0.2 0:01.34
750 5.3 0.4 0:01.05
523 0.0 0.2 0:01.36
523 0.0 0.2 0:01.38
523 11.1 0.2 0:01.40
523 4.8 0.2 0:01.42
523 4.8 0.2 0:01.44
523 5.6 0.2 0:01.46
523 5.6 0.2 0:01.48
750 4.8 0.4 0:01.24
523 5.6 0.2 0:01.51
750 10.5 0.4 0:01.30
523 5.3 0.2 0:01.54
523 5.0 0.2 0:01.56
523 5.9 0.2 0:01.58
523 5.3 0.2 0:01.59
523 5.6 0.2 0:01.61
523 5.6 0.2 0:01.62
523 5.6 0.2 0:01.64
750 5.3 0.4 0:01.47
523 11.1 0.2 0:01.70
523 5.3 0.2 0:01.71
523 5.6 0.2 0:01.73
523 0.0 0.2 0:01.74
523 5.6 0.2 0:01.76
523 5.6 0.2 0:01.78
523 10.5 0.2 0:01.80
523 5.3 0.2 0:01.82
523 11.1 0.2 0:01.85
523 5.3 0.2 0:01.86
523 5.6 0.2 0:01.88
523 11.1 0.2 0:01.90
523 11.1 0.2 0:01.93
523 0.0 0.2 0:01.93
523 0.0 0.2 0:01.95
523 0.0 0.2 0:01.96
523 5.6 0.2 0:01.98
523 5.6 0.2 0:02.00
523 5.3 0.2 0:02.01
523 5.3 0.2 0:02.03
523 5.3 0.2 0:02.04
523 5.3 0.2 0:02.06
523 5.3 0.2 0:02.07
523 5.3 0.2 0:02.09
523 5.6 0.2 0:02.10
523 5.3 0.2 0:02.12
523 5.6 0.2 0:02.13
