705 0.0 0.1 0:00.00
705 0.0 0.1 0:00.00
705 0.0 0.1 0:00.00
705 0.0 0.1 0:00.00
705 0.0 0.1 0:00.00
705 0.0 0.1 0:00.00
705 0.0 0.1 0:00.00
705 0.0 0.1 0:00.00
705 0.0 0.1 0:00.00
705 0.0 0.1 0:00.00
705 0.0 0.1 0:00.00
705 0.0 0.1 0:00.00
705 0.0 0.1 0:00.00
705 0.0 0.1 0:00.00
705 0.0 0.1 0:00.00
705 0.0 0.1 0:00.00
705 0.0 0.1 0:00.00
705 0.0 0.1 0:00.00
705 0.0 0.1 0:00.00
705 0.0 0.1 0:00.00
705 0.0 0.1 0:00.00
705 0.0 0.1 0:00.00
705 0.0 0.1 0:00.00
705 0.0 0.1 0:00.00
705 0.0 0.1 0:00.00
705 0.0 0.1 0:00.00
705 0.0 0.1 0:00.00
705 0.0 0.1 0:00.00
705 0.0 0.1 0:00.00
705 0.0 0.1 0:00.00
705 0.0 0.1 0:00.00
705 0.0 0.1 0:00.00
705 0.0 0.1 0:00.00
705 0.0 0.1 0:00.00
705 0.0 0.1 0:00.00
705 0.0 0.1 0:00.00
705 0.0 0.1 0:00.00
705 0.0 0.1 0:00.00
705 0.0 0.1 0:00.00
705 0.0 0.1 0:00.00
705 0.0 0.1 0:00.00
705 0.0 0.1 0:00.00
705 0.0 0.1 0:00.00
705 0.0 0.1 0:00.00
705 0.0 0.1 0:00.00
705 0.0 0.1 0:00.00
705 0.0 0.1 0:00.00
705 0.0 0.1 0:00.00
705 0.0 0.1 0:00.00
705 0.0 0.1 0:00.00
705 0.0 0.1 0:00.00
705 0.0 0.1 0:00.00
705 0.0 0.1 0:00.00
705 0.0 0.1 0:00.00
705 0.0 0.1 0:00.00
705 0.0 0.1 0:00.00
705 0.0 0.1 0:00.00
705 0.0 0.1 0:00.00
705 0.0 0.1 0:00.00
705 0.0 0.1 0:00.00
705 0.0 0.1 0:00.00
705 0.0 0.1 0:00.00
705 0.0 0.1 0:00.00
705 0.0 0.1 0:00.00
705 0.0 0.1 0:00.00
705 0.0 0.1 0:00.00
705 0.0 0.1 0:00.00
705 0.0 0.1 0:00.00
705 0.0 0.1 0:00.00
705 0.0 0.1 0:00.00
705 0.0 0.1 0:00.00
705 0.0 0.1 0:00.00
705 0.0 0.1 0:00.00
705 0.0 0.1 0:00.00
705 0.0 0.1 0:00.00
705 0.0 0.1 0:00.00
5705 10.5 0.2 0:00.05
705 0.0 0.1 0:00.00
705 0.0 0.1 0:00.00
705 0.0 0.1 0:00.00
705 0.0 0.1 0:00.00
705 0.0 0.1 0:00.00
705 0.0 0.1 0:00.00
705 0.0 0.1 0:00.00
705 0.0 0.1 0:00.00
705 0.0 0.1 0:00.00
705 0.0 0.1 0:00.00
KiB used, 565448 buff/cache
705 0.0 0.1 0:00.00
705 0.0 0.1 0:00.00
705 0.0 0.1 0:00.00
705 0.0 0.1 0:00.00
705 0.0 0.1 0:00.00
705 0.0 0.1 0:00.00
705 0.0 0.1 0:00.00
705 0.0 0.1 0:00.00
705 0.0 0.1 0:00.00
