705 0.0 0.1 0:00.00
705 0.0 0.1 0:00.00
705 0.0 0.1 0:00.00
705 0.0 0.1 0:00.00
705 0.0 0.1 0:00.00
705 0.0 0.1 0:00.00
705 0.0 0.1 0:00.00
705 0.0 0.1 0:00.00
705 0.0 0.1 0:00.00
705 0.0 0.1 0:00.00
705 0.0 0.1 0:00.00
705 0.0 0.1 0:00.00
705 0.0 0.1 0:00.00
705 0.0 0.1 0:00.00
705 0.0 0.1 0:00.00
705 0.0 0.1 0:00.00
705 0.0 0.1 0:00.00
705 0.0 0.1 0:00.00
705 0.0 0.1 0:00.00
705 0.0 0.1 0:00.00
705 0.0 0.1 0:00.00
705 0.0 0.1 0:00.00
705 0.0 0.1 0:00.00
705 0.0 0.1 0:00.00
705 0.0 0.1 0:00.00
705 0.0 0.1 0:00.00
705 0.0 0.1 0:00.00
705 0.0 0.1 0:00.00
705 0.0 0.1 0:00.00
705 0.0 0.1 0:00.00
705 0.0 0.1 0:00.00
705 0.0 0.1 0:00.00
705 0.0 0.1 0:00.00
705 0.0 0.1 0:00.00
705 0.0 0.1 0:00.00
705 0.0 0.1 0:00.00
705 0.0 0.1 0:00.00
705 0.0 0.1 0:00.00
705 0.0 0.1 0:00.00
705 0.0 0.1 0:00.00
705 0.0 0.1 0:00.00
705 0.0 0.1 0:00.00
705 0.0 0.1 0:00.00
KiB 1527052 avail Mem
705 0.0 0.1 0:00.00
705 0.0 0.1 0:00.00
705 0.0 0.1 0:00.00
705 0.0 0.1 0:00.00
705 0.0 0.1 0:00.00
705 0.0 0.1 0:00.00
705 0.0 0.1 0:00.00
705 0.0 0.1 0:00.00
705 0.0 0.1 0:00.00
705 0.0 0.1 0:00.00
705 0.0 0.1 0:00.00
705 0.0 0.1 0:00.00
705 0.0 0.1 0:00.00
705 0.0 0.1 0:00.00
705 0.0 0.1 0:00.00
705 0.0 0.1 0:00.00
705 0.0 0.1 0:00.00
705 0.0 0.1 0:00.00
705 0.0 0.1 0:00.00
705 0.0 0.1 0:00.00
705 0.0 0.1 0:00.00
705 0.0 0.1 0:00.00
705 0.0 0.1 0:00.00
705 0.0 0.1 0:00.00
705 0.0 0.1 0:00.00
705 0.0 0.1 0:00.00
705 0.0 0.1 0:00.00
705 0.0 0.1 0:00.00
705 0.0 0.1 0:00.00
705 0.0 0.1 0:00.00
705 0.0 0.1 0:00.00
705 0.0 0.1 0:00.00
705 0.0 0.1 0:00.00
705 0.0 0.1 0:00.00
705 0.0 0.1 0:00.00
705 0.0 0.1 0:00.00
705 0.0 0.1 0:00.00
705 0.0 0.1 0:00.00
705 0.0 0.1 0:00.00
705 0.0 0.1 0:00.00
705 0.0 0.1 0:00.00
705 0.0 0.1 0:00.00
705 0.0 0.1 0:00.00
705 0.0 0.1 0:00.00
705 0.0 0.1 0:00.00
705 0.0 0.1 0:00.00
705 0.0 0.1 0:00.00
705 0.0 0.1 0:00.00
705 0.0 0.1 0:00.00
705 0.0 0.1 0:00.00
705 0.0 0.1 0:00.00
705 0.0 0.1 0:00.00
705 0.0 0.1 0:00.00
705 0.0 0.1 0:00.00
705 0.0 0.1 0:00.00
705 0.0 0.1 0:00.00
705 0.0 0.1 0:00.00
705 0.0 0.1 0:00.00
705 0.0 0.1 0:00.00
705 0.0 0.1 0:00.00
705 0.0 0.1 0:00.00
705 0.0 0.1 0:00.00
705 0.0 0.1 0:00.00
705 0.0 0.1 0:00.00
705 0.0 0.1 0:00.00
705 0.0 0.1 0:00.00
