706 5.6 0.4 0:15.72
706 5.6 0.4 0:15.78
706 5.3 0.4 0:15.85
706 5.0 0.4 0:15.92
706 5.3 0.4 0:15.98
706 5.6 0.4 0:16.05
706 5.3 0.4 0:16.11
706 10.5 0.4 0:16.18
706 5.6 0.4 0:16.24
706 5.3 0.4 0:16.31
706 5.6 0.4 0:16.38
706 10.5 0.4 0:16.45
706 5.6 0.4 0:16.51
706 10.5 0.4 0:16.59
706 5.3 0.4 0:16.65
706 5.6 0.4 0:16.72
706 10.5 0.4 0:16.79
706 5.0 0.4 0:16.86
706 5.3 0.4 0:16.93
706 5.6 0.4 0:16.99
706 5.3 0.4 0:17.05
706 5.3 0.4 0:17.11
706 5.0 0.4 0:17.17
706 0.0 0.4 0:17.24
706 5.3 0.4 0:17.30
706 5.0 0.4 0:17.36
706 5.0 0.4 0:17.42
706 5.3 0.4 0:17.48
706 11.1 0.4 0:17.55
706 5.3 0.4 0:17.61
706 5.6 0.4 0:17.69
706 5.6 0.4 0:17.76
706 10.5 0.4 0:17.82
706 5.6 0.4 0:17.89
706 5.6 0.4 0:17.95
706 5.6 0.4 0:18.01
706 5.0 0.4 0:18.07
KiB used, 503436 buff/cache
706 0.0 0.4 0:18.21
706 5.6 0.4 0:18.28
706 0.0 0.4 0:18.34
706 5.3 0.4 0:18.39
706 10.5 0.4 0:18.47
706 5.3 0.4 0:18.53
706 5.6 0.4 0:18.60
706 5.0 0.4 0:18.68
706 5.6 0.4 0:18.75
706 5.0 0.4 0:18.81
706 5.6 0.4 0:18.88
706 5.6 0.4 0:18.95
706 5.3 0.4 0:19.02
706 10.5 0.4 0:19.10
706 10.0 0.4 0:19.16
706 10.5 0.4 0:19.24
706 5.3 0.4 0:19.29
706 5.3 0.4 0:19.35
706 0.0 0.4 0:19.41
706 0.0 0.4 0:19.47
706 11.1 0.4 0:19.54
706 5.6 0.4 0:19.60
706 5.6 0.4 0:19.68
706 5.6 0.4 0:19.74
706 0.0 0.4 0:19.79
706 5.6 0.4 0:19.86
706 5.6 0.4 0:19.92
706 5.3 0.4 0:19.99
706 5.3 0.4 0:20.05
706 5.3 0.4 0:20.12
706 5.3 0.4 0:20.18
706 5.3 0.4 0:20.24
706 5.3 0.4 0:20.31
706 5.3 0.4 0:20.37
706 0.0 0.4 0:20.43
706 5.3 0.4 0:20.50
706 5.6 0.4 0:20.57
706 5.6 0.4 0:20.64
706 0.0 0.4 0:20.68
706 0.0 0.4 0:20.68
