706 4.8 0.4 0:54.70
706 0.0 0.4 0:54.73
706 5.3 0.4 0:54.76
706 0.0 0.4 0:54.80
706 0.0 0.4 0:54.83
706 0.0 0.4 0:54.87
706 5.3 0.4 0:54.91
706 5.3 0.4 0:54.95
706 5.6 0.4 0:54.99
706 0.0 0.4 0:55.02
706 0.0 0.4 0:55.05
706 5.6 0.4 0:55.09
706 5.6 0.4 0:55.13
706 5.3 0.4 0:55.17
706 5.3 0.4 0:55.21
706 5.0 0.4 0:55.24
706 0.0 0.4 0:55.27
706 0.0 0.4 0:55.31
706 5.6 0.4 0:55.35
KiB 1527068 avail Mem
706 5.6 0.4 0:55.42
706 0.0 0.4 0:55.45
706 5.0 0.4 0:55.48
706 5.0 0.4 0:55.51
706 5.6 0.4 0:55.56
706 5.3 0.4 0:55.59
706 5.3 0.4 0:55.63
706 0.0 0.4 0:55.65
706 0.0 0.4 0:55.68
706 0.0 0.4 0:55.72
706 5.0 0.4 0:55.76
706 0.0 0.4 0:55.79
706 0.0 0.4 0:55.82
706 5.3 0.4 0:55.86
706 5.0 0.4 0:55.89
706 5.6 0.4 0:55.93
706 0.0 0.4 0:55.96
706 0.0 0.4 0:55.99
706 5.0 0.4 0:56.04
706 5.6 0.4 0:56.08
706 5.3 0.4 0:56.12
706 5.6 0.4 0:56.16
706 0.0 0.4 0:56.19
706 5.6 0.4 0:56.23
706 5.6 0.4 0:56.26
706 5.3 0.4 0:56.30
706 5.0 0.4 0:56.33
706 5.0 0.4 0:56.37
706 5.3 0.4 0:56.40
706 5.6 0.4 0:56.45
706 0.0 0.4 0:56.48
706 5.6 0.4 0:56.52
706 0.0 0.4 0:56.55
706 5.3 0.4 0:56.59
706 5.3 0.4 0:56.62
706 5.6 0.4 0:56.66
706 5.6 0.4 0:56.70
706 5.6 0.4 0:56.73
706 5.0 0.4 0:56.77
706 5.3 0.4 0:56.80
706 0.0 0.4 0:56.84
706 0.0 0.4 0:56.87
706 0.0 0.4 0:56.91
706 0.0 0.4 0:56.95
706 0.0 0.4 0:56.99
706 0.0 0.4 0:57.03
706 5.6 0.4 0:57.07
706 11.1 0.4 0:57.11
706 5.3 0.4 0:57.15
706 11.1 0.4 0:57.20
706 5.3 0.4 0:57.22
25706 5.6 0.2 0:00.05
706 0.0 0.4 0:57.28
706 5.6 0.4 0:57.32
706 0.0 0.4 0:57.35
706 4.8 0.4 0:57.39
706 5.6 0.4 0:57.43
706 5.3 0.4 0:57.46
706 0.0 0.4 0:57.49
706 0.0 0.4 0:57.50
706 0.0 0.4 0:57.50
706 0.0 0.4 0:57.50
706 0.0 0.4 0:57.50
706 0.0 0.4 0:57.50
706 0.0 0.4 0:57.50
706 0.0 0.4 0:57.50
706 0.0 0.4 0:57.50
706 0.0 0.4 0:57.50
706 0.0 0.4 0:57.50
706 0.0 0.4 0:57.50
706 0.0 0.4 0:57.50
