706 0.0 0.4 1:30.25
706 5.3 0.4 1:30.27
706 0.0 0.4 1:30.28
706 0.0 0.4 1:30.30
706 0.0 0.4 1:30.32
706 5.6 0.4 1:30.34
706 5.6 0.4 1:30.36
706 0.0 0.4 1:30.38
706 0.0 0.4 1:30.40
706 0.0 0.4 1:30.41
706 5.6 0.4 1:30.44
706 0.0 0.4 1:30.45
706 0.0 0.4 1:30.48
706 0.0 0.4 1:30.50
KiB used, 590292 buff/cache
706 5.6 0.4 1:30.54
706 5.3 0.4 1:30.56
706 0.0 0.4 1:30.57
706 0.0 0.4 1:30.59
706 0.0 0.4 1:30.61
706 0.0 0.4 1:30.63
706 0.0 0.4 1:30.64
706 0.0 0.4 1:30.67
706 0.0 0.4 1:30.68
706 0.0 0.4 1:30.70
706 0.0 0.4 1:30.72
706 5.6 0.4 1:30.75
706 0.0 0.4 1:30.76
706 0.0 0.4 1:30.78
706 0.0 0.4 1:30.80
706 0.0 0.4 1:30.82
706 0.0 0.4 1:30.85
706 0.0 0.4 1:30.86
706 0.0 0.4 1:30.89
706 0.0 0.4 1:30.91
706 0.0 0.4 1:30.93
KiB used, 590616 buff/cache
706 0.0 0.4 1:30.96
706 5.6 0.4 1:30.98
706 5.3 0.4 1:31.00
706 0.0 0.4 1:31.02
706 0.0 0.4 1:31.04
706 0.0 0.4 1:31.06
706 5.6 0.4 1:31.08
706 0.0 0.4 1:31.10
706 0.0 0.4 1:31.12
706 5.3 0.4 1:31.15
706 0.0 0.4 1:31.16
706 5.3 0.4 1:31.18
706 0.0 0.4 1:31.20
706 5.6 0.4 1:31.22
706 0.0 0.4 1:31.23
706 0.0 0.4 1:31.25
706 5.6 0.4 1:31.27
706 5.0 0.4 1:31.29
706 0.0 0.4 1:31.30
706 0.0 0.4 1:31.32
706 5.6 0.4 1:31.34
706 5.6 0.4 1:31.36
706 0.0 0.4 1:31.38
706 5.6 0.4 1:31.40
706 0.0 0.4 1:31.42
706 5.3 0.4 1:31.44
706 5.6 0.4 1:31.46
706 0.0 0.4 1:31.48
706 0.0 0.4 1:31.50
706 5.6 0.4 1:31.53
706 5.6 0.4 1:31.56
706 0.0 0.4 1:31.57
706 0.0 0.4 1:31.59
706 5.6 0.4 1:31.61
706 0.0 0.4 1:31.63
706 0.0 0.4 1:31.64
706 0.0 0.4 1:31.66
706 0.0 0.4 1:31.68
706 0.0 0.4 1:31.71
706 5.6 0.4 1:31.73
706 0.0 0.4 1:31.74
706 0.0 0.4 1:31.76
706 0.0 0.4 1:31.78
706 0.0 0.4 1:31.78
706 0.0 0.4 1:31.78
706 0.0 0.4 1:31.78
706 0.0 0.4 1:31.78
706 0.0 0.4 1:31.78
706 0.0 0.4 1:31.78
706 0.0 0.4 1:31.78
