707 0.0 0.4 1:39.28
707 0.0 0.4 1:39.30
707 5.0 0.4 1:39.32
707 5.6 0.4 1:39.34
707 0.0 0.4 1:39.36
707 5.6 0.4 1:39.37
707 0.0 0.4 1:39.39
707 5.6 0.4 1:39.42
707 0.0 0.4 1:39.43
707 5.6 0.4 1:39.46
707 0.0 0.4 1:39.48
707 5.6 0.4 1:39.50
707 5.6 0.4 1:39.52
707 5.6 0.4 1:39.53
707 0.0 0.4 1:39.55
707 0.0 0.4 1:39.57
707 0.0 0.4 1:39.59
707 0.0 0.4 1:39.61
707 0.0 0.4 1:39.63
707 5.3 0.4 1:39.65
707 5.3 0.4 1:39.67
707 5.0 0.4 1:39.69
707 5.6 0.4 1:39.72
707 0.0 0.4 1:39.73
707 0.0 0.4 1:39.75
707 0.0 0.4 1:39.77
707 5.6 0.4 1:39.80
707 0.0 0.4 1:39.82
707 5.3 0.4 1:39.85
707 0.0 0.4 1:39.87
707 0.0 0.4 1:39.89
707 0.0 0.4 1:39.91
707 0.0 0.4 1:39.93
707 0.0 0.4 1:39.95
707 0.0 0.4 1:39.97
707 0.0 0.4 1:39.99
707 5.3 0.4 1:40.02
707 0.0 0.4 1:40.03
707 0.0 0.4 1:40.05
707 0.0 0.4 1:40.07
707 0.0 0.4 1:40.10
707 0.0 0.4 1:40.13
707 0.0 0.4 1:40.15
707 0.0 0.4 1:40.16
707 0.0 0.4 1:40.18
707 5.3 0.4 1:40.21
707 0.0 0.4 1:40.23
707 0.0 0.4 1:40.25
707 0.0 0.4 1:40.27
707 0.0 0.4 1:40.29
707 0.0 0.4 1:40.31
707 5.6 0.4 1:40.33
707 0.0 0.4 1:40.36
707 0.0 0.4 1:40.37
707 0.0 0.4 1:40.39
707 0.0 0.4 1:40.41
707 5.6 0.4 1:40.44
707 0.0 0.4 1:40.45
707 0.0 0.4 1:40.47
707 5.6 0.4 1:40.49
707 5.3 0.4 1:40.52
707 0.0 0.4 1:40.53
707 0.0 0.4 1:40.55
707 5.0 0.4 1:40.58
707 0.0 0.4 1:40.60
707 0.0 0.4 1:40.62
707 0.0 0.4 1:40.65
707 0.0 0.4 1:40.67
707 5.6 0.4 1:40.69
707 5.6 0.4 1:40.71
707 5.6 0.4 1:40.73
707 5.3 0.4 1:40.75
707 0.0 0.4 1:40.76
707 0.0 0.4 1:40.78
707 5.3 0.4 1:40.81
707 0.0 0.4 1:40.82
707 0.0 0.4 1:40.84
707 5.6 0.4 1:40.87
707 0.0 0.4 1:40.88
707 0.0 0.4 1:40.90
707 0.0 0.4 1:40.90
707 0.0 0.4 1:40.90
707 0.0 0.4 1:40.90
707 0.0 0.4 1:40.90
707 0.0 0.4 1:40.90
707 0.0 0.4 1:40.90
707 0.0 0.4 1:40.90
707 0.0 0.4 1:40.90
707 0.0 0.4 1:40.90
707 0.0 0.4 1:40.90
707 0.0 0.4 1:40.90
707 0.0 0.4 1:40.90
707 0.0 0.4 1:40.90
707 0.0 0.4 1:40.90
