707 0.0 0.4 1:48.54
707 0.0 0.4 1:48.56
707 0.0 0.4 1:48.57
707 0.0 0.4 1:48.59
707 0.0 0.4 1:48.61
707 0.0 0.4 1:48.63
707 0.0 0.4 1:48.64
707 0.0 0.4 1:48.66
707 5.3 0.4 1:48.69
707 0.0 0.4 1:48.71
707 0.0 0.4 1:48.73
707 5.3 0.4 1:48.75
707 0.0 0.4 1:48.76
707 5.3 0.4 1:48.78
707 0.0 0.4 1:48.80
707 0.0 0.4 1:48.82
707 0.0 0.4 1:48.84
707 16.7 0.4 1:48.87
707 0.0 0.4 1:48.87
707 0.0 0.4 1:48.89
707 5.6 0.4 1:48.92
707 0.0 0.4 1:48.93
707 5.0 0.4 1:48.95
707 0.0 0.4 1:48.97
707 5.3 0.4 1:48.98
707 0.0 0.4 1:48.99
707 5.0 0.4 1:49.01
707 0.0 0.4 1:49.03
707 0.0 0.4 1:49.05
707 0.0 0.4 1:49.07
707 0.0 0.4 1:49.08
707 0.0 0.4 1:49.11
707 0.0 0.4 1:49.12
707 5.0 0.4 1:49.14
707 5.6 0.4 1:49.16
707 0.0 0.4 1:49.18
707 0.0 0.4 1:49.21
707 0.0 0.4 1:49.21
707 0.0 0.4 1:49.23
707 0.0 0.4 1:49.24
707 0.0 0.4 1:49.26
707 5.0 0.4 1:49.28
707 0.0 0.4 1:49.30
707 0.0 0.4 1:49.32
707 5.3 0.4 1:49.34
707 0.0 0.4 1:49.35
707 0.0 0.4 1:49.37
707 0.0 0.4 1:49.38
707 0.0 0.4 1:49.40
707 0.0 0.4 1:49.42
707 0.0 0.4 1:49.44
707 0.0 0.4 1:49.46
707 0.0 0.4 1:49.47
707 0.0 0.4 1:49.49
707 0.0 0.4 1:49.51
27075 11.1 0.2 0:00.05
707 5.6 0.4 1:49.55
707 5.6 0.4 1:49.57
707 0.0 0.4 1:49.59
707 0.0 0.4 1:49.60
707 0.0 0.4 1:49.62
707 0.0 0.4 1:49.64
707 0.0 0.4 1:49.65
707 0.0 0.4 1:49.67
707 0.0 0.4 1:49.69
707 0.0 0.4 1:49.71
707 0.0 0.4 1:49.72
707 5.6 0.4 1:49.75
707 0.0 0.4 1:49.76
707 0.0 0.4 1:49.78
707 5.3 0.4 1:49.80
707 0.0 0.4 1:49.81
707 0.0 0.4 1:49.83
707 5.3 0.4 1:49.85
707 0.0 0.4 1:49.87
707 0.0 0.4 1:49.88
707 0.0 0.4 1:49.91
707 0.0 0.4 1:49.92
707 0.0 0.4 1:49.94
707 0.0 0.4 1:49.96
707 0.0 0.4 1:49.96
707 0.0 0.4 1:49.96
707 0.0 0.4 1:49.96
707 0.0 0.4 1:49.96
707 0.0 0.4 1:49.96
707 0.0 0.4 1:49.96
707 0.0 0.4 1:49.96
707 0.0 0.4 1:49.96
707 0.0 0.4 1:49.96
707 0.0 0.4 1:49.96
707 0.0 0.4 1:49.96
707 0.0 0.4 1:49.96
707 0.0 0.4 1:49.96
707 0.0 0.4 1:49.96
707 0.0 0.4 1:49.96
707 0.0 0.4 1:49.96
