707 11.1 0.4 0:27.98
707 10.0 0.4 0:28.05
707 5.6 0.4 0:28.09
707 0.0 0.4 0:28.09
707 0.0 0.4 0:28.09
707 0.0 0.4 0:28.09
707 5.6 0.4 0:28.10
707 0.0 0.4 0:28.10
707 0.0 0.4 0:28.10
707 0.0 0.4 0:28.10
707 5.6 0.4 0:28.11
707 5.3 0.4 0:28.14
707 5.3 0.4 0:28.19
707 0.0 0.4 0:28.22
707 5.0 0.4 0:28.26
707 5.3 0.4 0:28.29
707 5.6 0.4 0:28.33
707 5.0 0.4 0:28.38
707 5.3 0.4 0:28.43
707 5.6 0.4 0:28.47
707 5.9 0.4 0:28.52
707 10.0 0.4 0:28.58
707 5.6 0.4 0:28.63
707 11.1 0.4 0:28.69
707 0.0 0.4 0:28.75
707 4.5 0.4 0:28.81
707 5.3 0.4 0:28.85
707 9.1 0.4 0:28.92
707 0.0 0.4 0:28.95
707 0.0 0.4 0:29.00
707 5.3 0.4 0:29.06
707 5.3 0.4 0:29.12
707 5.6 0.4 0:29.18
707 0.0 0.4 0:29.23
707 5.6 0.4 0:29.28
707 5.6 0.4 0:29.33
707 5.0 0.4 0:29.38
707 5.6 0.4 0:29.43
707 5.3 0.4 0:29.49
707 5.6 0.4 0:29.54
707 5.3 0.4 0:29.60
707 5.3 0.4 0:29.65
707 5.6 0.4 0:29.70
707 5.0 0.4 0:29.76
707 5.3 0.4 0:29.81
707 5.0 0.4 0:29.86
707 5.0 0.4 0:29.92
707 5.6 0.4 0:29.96
707 5.6 0.4 0:30.00
707 0.0 0.4 0:30.05
707 5.6 0.4 0:30.10
707 11.1 0.4 0:30.15
707 5.6 0.4 0:30.20
707 0.0 0.4 0:30.24
707 0.0 0.4 0:30.29
707 0.0 0.4 0:30.34
707 5.3 0.4 0:30.38
707 5.6 0.4 0:30.42
707 5.6 0.4 0:30.47
707 5.3 0.4 0:30.52
707 5.0 0.4 0:30.57
707 4.8 0.4 0:30.62
707 5.6 0.4 0:30.66
707 5.6 0.4 0:30.71
707 9.1 0.4 0:30.77
707 5.6 0.4 0:30.81
707 5.6 0.4 0:30.87
707 5.6 0.4 0:30.92
707 4.8 0.4 0:30.97
707 5.3 0.4 0:31.02
707 16.7 0.4 0:31.08
707 5.0 0.4 0:31.11
707 5.0 0.4 0:31.16
707 5.3 0.4 0:31.21
707 5.0 0.4 0:31.26
707 5.6 0.4 0:31.31
707 10.5 0.4 0:31.36
707 5.6 0.4 0:31.42
707 0.0 0.4 0:31.47
707 4.8 0.4 0:31.52
707 11.1 0.4 0:31.59
707 5.0 0.4 0:31.63
707 0.0 0.4 0:31.67
707 5.3 0.4 0:31.73
707 5.3 0.4 0:31.78
707 5.6 0.4 0:31.83
707 0.0 0.4 0:31.84
707 0.0 0.4 0:31.84
707 0.0 0.4 0:31.84
707 0.0 0.4 0:31.84
707 0.0 0.4 0:31.84
707 0.0 0.4 0:31.84
707 0.0 0.4 0:31.84
707 0.0 0.4 0:31.84
707 0.0 0.4 0:31.84
707 0.0 0.4 0:31.84
707 0.0 0.4 0:31.84
707 0.0 0.4 0:31.84
707 0.0 0.4 0:31.84
707 0.0 0.4 0:31.84
707 0.0 0.4 0:31.84
707 0.0 0.4 0:31.84
707 0.0 0.4 0:31.84
707 0.0 0.4 0:31.84
707 0.0 0.4 0:31.84
707 0.0 0.4 0:31.84
707 0.0 0.4 0:31.84
707 0.0 0.4 0:31.84
707 0.0 0.4 0:31.84
707 0.0 0.4 0:31.84
