707 5.6 0.4 1:04.94
707 5.0 0.4 1:04.97
KiB used, 561752 buff/cache
707 5.3 0.4 1:05.03
707 5.6 0.4 1:05.06
707 0.0 0.4 1:05.09
707 0.0 0.4 1:05.13
707 0.0 0.4 1:05.15
707 0.0 0.4 1:05.19
707 0.0 0.4 1:05.21
707 0.0 0.4 1:05.24
707 5.9 0.4 1:05.28
707 5.3 0.4 1:05.31
707 5.0 0.4 1:05.34
707 5.6 0.4 1:05.37
707 5.6 0.4 1:05.40
707 5.0 0.4 1:05.43
707 5.0 0.4 1:05.46
707 0.0 0.4 1:05.49
707 5.6 0.4 1:05.52
707 5.0 0.4 1:05.56
707 5.0 0.4 1:05.59
707 5.6 0.4 1:05.62
707 5.6 0.4 1:05.65
707 0.0 0.4 1:05.67
707 5.3 0.4 1:05.71
707 0.0 0.4 1:05.74
707 5.6 0.4 1:05.77
707 5.0 0.4 1:05.80
707 5.6 0.4 1:05.84
707 0.0 0.4 1:05.87
707 0.0 0.4 1:05.90
707 5.3 0.4 1:05.94
707 5.0 0.4 1:05.97
707 5.0 0.4 1:06.00
707 5.3 0.4 1:06.03
707 5.3 0.4 1:06.06
707 5.6 0.4 1:06.09
707 0.0 0.4 1:06.11
707 0.0 0.4 1:06.14
707 0.0 0.4 1:06.17
707 0.0 0.4 1:06.20
707 5.3 0.4 1:06.23
707 0.0 0.4 1:06.25
707 5.6 0.4 1:06.29
707 5.3 0.4 1:06.33
707 5.3 0.4 1:06.36
707 5.3 0.4 1:06.40
707 5.6 0.4 1:06.43
707 5.3 0.4 1:06.46
707 0.0 0.4 1:06.49
707 0.0 0.4 1:06.52
707 0.0 0.4 1:06.55
707 0.0 0.4 1:06.58
707 0.0 0.4 1:06.61
707 0.0 0.4 1:06.65
707 5.3 0.4 1:06.69
707 5.3 0.4 1:06.72
707 5.6 0.4 1:06.74
707 5.9 0.4 1:06.77
707 0.0 0.4 1:06.81
707 0.0 0.4 1:06.84
707 0.0 0.4 1:06.86
707 5.3 0.4 1:06.90
707 5.6 0.4 1:06.93
707 5.6 0.4 1:06.97
707 0.0 0.4 1:06.99
707 0.0 0.4 1:07.02
707 5.0 0.4 1:07.06
707 5.6 0.4 1:07.09
707 4.8 0.4 1:07.12
707 0.0 0.4 1:07.14
707 0.0 0.4 1:07.18
707 0.0 0.4 1:07.21
707 5.3 0.4 1:07.24
707 5.3 0.4 1:07.28
707 5.9 0.4 1:07.31
707 0.0 0.4 1:07.34
707 5.0 0.4 1:07.37
707 0.0 0.4 1:07.37
707 0.0 0.4 1:07.38
707 0.0 0.4 1:07.38
707 0.0 0.4 1:07.38
707 0.0 0.4 1:07.38
707 0.0 0.4 1:07.38
707 0.0 0.4 1:07.38
707 0.0 0.4 1:07.38
707 0.0 0.4 1:07.38
707 0.0 0.4 1:07.38
707 0.0 0.4 1:07.38
707 0.0 0.4 1:07.38
707 0.0 0.4 1:07.38
707 0.0 0.4 1:07.38
707 0.0 0.4 1:07.38
707 0.0 0.4 1:07.38
707 0.0 0.4 1:07.38
707 0.0 0.4 1:07.38
707 0.0 0.4 1:07.38
707 0.0 0.4 1:07.38
