707 0.0 0.4 1:35.96
707 0.0 0.4 1:35.98
707 0.0 0.4 1:36.01
707 5.6 0.4 1:36.03
707 5.3 0.4 1:36.05
707 0.0 0.4 1:36.06
707 0.0 0.4 1:36.08
707 0.0 0.4 1:36.10
707 0.0 0.4 1:36.12
707 5.3 0.4 1:36.15
707 0.0 0.4 1:36.17
707 5.0 0.4 1:36.19
707 0.0 0.4 1:36.21
707 0.0 0.4 1:36.23
707 0.0 0.4 1:36.25
707 0.0 0.4 1:36.27
KiB used, 588904 buff/cache
707 10.0 0.4 1:36.33
KiB used, 588928 buff/cache
707 5.6 0.4 1:36.36
707 5.6 0.4 1:36.38
707 0.0 0.4 1:36.40
707 5.3 0.4 1:36.43
707 0.0 0.4 1:36.45
707 0.0 0.4 1:36.46
707 0.0 0.4 1:36.49
707 0.0 0.4 1:36.50
707 5.3 0.4 1:36.53
707 0.0 0.4 1:36.55
707 0.0 0.4 1:36.57
707 0.0 0.4 1:36.59
707 0.0 0.4 1:36.61
707 0.0 0.4 1:36.64
707 0.0 0.4 1:36.66
707 0.0 0.4 1:36.68
KiB used, 589184 buff/cache
707 0.0 0.4 1:36.72
707 0.0 0.4 1:36.74
707 0.0 0.4 1:36.76
707 0.0 0.4 1:36.79
707 0.0 0.4 1:36.81
707 0.0 0.4 1:36.83
707 0.0 0.4 1:36.85
707 0.0 0.4 1:36.87
707 5.6 0.4 1:36.89
707 0.0 0.4 1:36.91
707 5.6 0.4 1:36.94
707 0.0 0.4 1:36.96
707 5.6 0.4 1:36.99
KiB used, 589388 buff/cache
707 5.6 0.4 1:37.04
707 0.0 0.4 1:37.06
707 0.0 0.4 1:37.08
707 0.0 0.4 1:37.10
707 5.3 0.4 1:37.13
707 0.0 0.4 1:37.14
707 5.6 0.4 1:37.17
707 5.6 0.4 1:37.19
707 5.6 0.4 1:37.21
707 5.3 0.4 1:37.23
707 0.0 0.4 1:37.24
707 0.0 0.4 1:37.27
707 0.0 0.4 1:37.28
707 0.0 0.4 1:37.30
707 0.0 0.4 1:37.32
707 0.0 0.4 1:37.34
707 5.3 0.4 1:37.37
707 5.3 0.4 1:37.39
707 5.6 0.4 1:37.41
707 0.0 0.4 1:37.43
707 0.0 0.4 1:37.45
707 0.0 0.4 1:37.47
707 5.6 0.4 1:37.50
707 0.0 0.4 1:37.52
707 0.0 0.4 1:37.55
707 0.0 0.4 1:37.57
707 0.0 0.4 1:37.59
707 0.0 0.4 1:37.61
707 0.0 0.4 1:37.64
707 0.0 0.4 1:37.66
707 0.0 0.4 1:37.66
707 0.0 0.4 1:37.66
707 0.0 0.4 1:37.66
707 0.0 0.4 1:37.66
707 0.0 0.4 1:37.66
707 0.0 0.4 1:37.66
