707 9.1 0.4 0:31.88
707 5.3 0.4 0:31.92
707 5.3 0.4 0:31.97
707 11.1 0.4 0:32.03
707 5.6 0.4 0:32.08
707 0.0 0.4 0:32.12
707 0.0 0.4 0:32.17
707 0.0 0.4 0:32.21
707 0.0 0.4 0:32.26
707 0.0 0.4 0:32.31
707 10.5 0.4 0:32.37
707 5.3 0.4 0:32.42
707 5.6 0.4 0:32.47
707 5.0 0.4 0:32.52
707 11.1 0.4 0:32.58
707 10.0 0.4 0:32.63
707 5.6 0.4 0:32.68
707 4.5 0.4 0:32.74
707 0.0 0.4 0:32.79
707 5.6 0.4 0:32.83
707 0.0 0.4 0:32.87
707 5.3 0.4 0:32.93
707 0.0 0.4 0:32.97
707 11.1 0.4 0:33.03
707 10.5 0.4 0:33.09
707 5.3 0.4 0:33.13
707 0.0 0.4 0:33.17
707 5.3 0.4 0:33.21
707 5.6 0.4 0:33.26
707 5.9 0.4 0:33.32
707 4.8 0.4 0:33.38
707 5.3 0.4 0:33.42
707 0.0 0.4 0:33.46
707 5.6 0.4 0:33.51
707 5.0 0.4 0:33.56
707 4.5 0.4 0:33.61
707 4.5 0.4 0:33.65
707 5.0 0.4 0:33.70
707 5.6 0.4 0:33.75
707 0.0 0.4 0:33.79
707 10.5 0.4 0:33.86
707 5.3 0.4 0:33.90
707 5.3 0.4 0:33.95
707 5.3 0.4 0:34.00
707 5.6 0.4 0:34.05
707 5.0 0.4 0:34.10
707 5.3 0.4 0:34.15
707 5.0 0.4 0:34.20
707 5.0 0.4 0:34.24
707 11.1 0.4 0:34.30
707 5.3 0.4 0:34.35
707 0.0 0.4 0:34.39
707 9.5 0.4 0:34.45
707 5.6 0.4 0:34.49
707 5.3 0.4 0:34.54
707 5.6 0.4 0:34.60
707 5.3 0.4 0:34.64
707 0.0 0.4 0:34.68
707 5.3 0.4 0:34.74
707 5.6 0.4 0:34.78
707 4.8 0.4 0:34.84
707 5.6 0.4 0:34.89
707 10.0 0.4 0:34.95
707 11.1 0.4 0:35.00
707 5.3 0.4 0:35.06
707 11.1 0.4 0:35.12
707 11.1 0.4 0:35.17
707 5.3 0.4 0:35.21
707 5.6 0.4 0:35.26
707 5.6 0.4 0:35.31
707 0.0 0.4 0:35.36
707 5.3 0.4 0:35.41
707 0.0 0.4 0:35.45
707 0.0 0.4 0:35.50
707 11.1 0.4 0:35.55
707 11.1 0.4 0:35.61
707 5.6 0.4 0:35.65
707 5.3 0.4 0:35.70
707 0.0 0.4 0:35.73
707 0.0 0.4 0:35.73
707 0.0 0.4 0:35.73
