709 11.8 0.4 1:53.83
709 5.3 0.4 1:53.85
709 5.9 0.4 1:53.87
709 0.0 0.4 1:53.88
709 0.0 0.4 1:53.91
709 5.3 0.4 1:53.94
709 0.0 0.4 1:53.96
709 0.0 0.4 1:53.98
709 0.0 0.4 1:54.01
709 0.0 0.4 1:54.02
709 0.0 0.4 1:54.04
709 0.0 0.4 1:54.07
709 0.0 0.4 1:54.07
709 0.0 0.4 1:54.09
709 0.0 0.4 1:54.11
709 0.0 0.4 1:54.13
709 0.0 0.4 1:54.15
709 0.0 0.4 1:54.17
709 0.0 0.4 1:54.19
709 0.0 0.4 1:54.21
709 5.9 0.4 1:54.23
709 0.0 0.4 1:54.25
709 5.6 0.4 1:54.28
709 4.5 0.4 1:54.30
709 5.6 0.4 1:54.32
709 0.0 0.4 1:54.34
709 0.0 0.4 1:54.36
709 0.0 0.4 1:54.38
709 0.0 0.4 1:54.40
709 0.0 0.4 1:54.42
11709 22.2 0.2 0:00.04
709 0.0 0.4 1:54.47
709 0.0 0.4 1:54.49
709 0.0 0.4 1:54.51
709 0.0 0.4 1:54.53
709 0.0 0.4 1:54.55
709 0.0 0.4 1:54.57
709 5.9 0.4 1:54.60
709 0.0 0.4 1:54.62
709 0.0 0.4 1:54.64
709 5.3 0.4 1:54.67
709 0.0 0.4 1:54.69
709 5.6 0.4 1:54.71
709 5.3 0.4 1:54.73
709 5.6 0.4 1:54.75
709 5.6 0.4 1:54.77
709 0.0 0.4 1:54.78
709 0.0 0.4 1:54.80
709 0.0 0.4 1:54.82
709 0.0 0.4 1:54.84
709 4.8 0.4 1:54.86
709 0.0 0.4 1:54.87
709 0.0 0.4 1:54.90
709 0.0 0.4 1:54.92
709 0.0 0.4 1:54.93
709 0.0 0.4 1:54.95
709 5.6 0.4 1:54.98
709 5.3 0.4 1:55.00
709 0.0 0.4 1:55.02
709 0.0 0.4 1:55.04
709 5.3 0.4 1:55.07
709 0.0 0.4 1:55.09
709 5.6 0.4 1:55.11
709 5.3 0.4 1:55.13
709 5.6 0.4 1:55.15
709 0.0 0.4 1:55.17
709 0.0 0.4 1:55.19
709 5.6 0.4 1:55.21
709 5.3 0.4 1:55.23
709 5.3 0.4 1:55.25
709 0.0 0.4 1:55.27
709 5.6 0.4 1:55.29
709 5.6 0.4 1:55.31
709 5.6 0.4 1:55.33
709 0.0 0.4 1:55.35
709 0.0 0.4 1:55.37
709 5.3 0.4 1:55.39
709 0.0 0.4 1:55.41
709 5.6 0.4 1:55.44
709 5.6 0.4 1:55.46
709 0.0 0.4 1:55.46
709 0.0 0.4 1:55.46
709 0.0 0.4 1:55.46
709 0.0 0.4 1:55.46
709 0.0 0.4 1:55.46
709 0.0 0.4 1:55.46
709 0.0 0.4 1:55.46
