709 11.1 0.4 0:30.87
709 5.3 0.4 0:30.93
709 5.6 0.4 0:31.00
709 0.0 0.4 0:31.01
709 0.0 0.4 0:31.01
709 0.0 0.4 0:31.01
709 0.0 0.4 0:31.01
709 0.0 0.4 0:31.01
709 0.0 0.4 0:31.01
709 0.0 0.4 0:31.01
709 0.0 0.4 0:31.02
709 10.5 0.4 0:31.06
709 4.8 0.4 0:31.11
709 5.3 0.4 0:31.14
709 5.6 0.4 0:31.19
709 4.8 0.4 0:31.23
709 5.6 0.4 0:31.28
709 5.6 0.4 0:31.33
709 4.5 0.4 0:31.38
709 5.6 0.4 0:31.43
709 5.6 0.4 0:31.49
709 5.6 0.4 0:31.55
709 0.0 0.4 0:31.59
709 5.6 0.4 0:31.65
709 4.2 0.4 0:31.71
709 10.0 0.4 0:31.76
709 5.0 0.4 0:31.81
709 5.0 0.4 0:31.87
709 5.6 0.4 0:31.92
709 5.6 0.4 0:31.97
709 4.5 0.4 0:32.02
709 9.1 0.4 0:32.10
709 11.1 0.4 0:32.14
709 5.6 0.4 0:32.20
709 5.6 0.4 0:32.25
709 5.6 0.4 0:32.30
709 11.1 0.4 0:32.36
709 5.6 0.4 0:32.41
709 5.6 0.4 0:32.46
709 5.6 0.4 0:32.51
709 5.6 0.4 0:32.56
709 5.9 0.4 0:32.62
709 10.5 0.4 0:32.68
709 4.2 0.4 0:32.74
709 5.6 0.4 0:32.80
709 0.0 0.4 0:32.86
709 0.0 0.4 0:32.90
709 4.5 0.4 0:32.96
709 13.6 0.4 0:33.03
709 0.0 0.4 0:33.06
709 5.3 0.4 0:33.12
709 5.3 0.4 0:33.18
709 5.6 0.4 0:33.23
709 0.0 0.4 0:33.28
709 10.5 0.4 0:33.34
709 11.1 0.4 0:33.40
709 5.6 0.4 0:33.46
709 5.6 0.4 0:33.51
709 5.9 0.4 0:33.56
709 5.6 0.4 0:33.61
709 5.6 0.4 0:33.67
709 5.6 0.4 0:33.72
709 4.5 0.4 0:33.78
709 4.2 0.4 0:33.83
709 5.6 0.4 0:33.89
709 5.6 0.4 0:33.95
709 5.6 0.4 0:34.01
709 0.0 0.4 0:34.06
709 5.6 0.4 0:34.11
709 10.5 0.4 0:34.18
709 5.6 0.4 0:34.24
709 4.8 0.4 0:34.31
709 11.1 0.4 0:34.37
709 0.0 0.4 0:34.42
709 5.6 0.4 0:34.48
709 15.8 0.4 0:34.55
709 5.3 0.4 0:34.59
709 5.6 0.4 0:34.64
709 5.3 0.4 0:34.70
709 5.6 0.4 0:34.75
709 11.1 0.4 0:34.81
709 5.0 0.4 0:34.86
709 5.6 0.4 0:34.91
709 5.0 0.4 0:34.97
709 5.6 0.4 0:35.02
709 4.3 0.4 0:35.08
709 0.0 0.4 0:35.10
709 0.0 0.4 0:35.10
709 0.0 0.4 0:35.10
709 0.0 0.4 0:35.10
709 0.0 0.4 0:35.10
709 0.0 0.4 0:35.10
709 0.0 0.4 0:35.10
709 0.0 0.4 0:35.10
709 0.0 0.4 0:35.10
709 0.0 0.4 0:35.10
709 0.0 0.4 0:35.10
709 0.0 0.4 0:35.10
709 0.0 0.4 0:35.10
709 0.0 0.4 0:35.10
709 0.0 0.4 0:35.10
709 0.0 0.4 0:35.10
709 0.0 0.4 0:35.10
709 0.0 0.4 0:35.10
709 0.0 0.4 0:35.10
709 0.0 0.4 0:35.10
709 0.0 0.4 0:35.10
709 0.0 0.4 0:35.10
709 0.0 0.4 0:35.10
709 0.0 0.4 0:35.10
