709 5.6 0.4 1:46.44
709 5.6 0.4 1:46.46
709 0.0 0.4 1:46.48
709 0.0 0.4 1:46.50
709 4.8 0.4 1:46.53
709 5.6 0.4 1:46.55
709 0.0 0.4 1:46.57
709 5.6 0.4 1:46.59
709 5.0 0.4 1:46.62
709 0.0 0.4 1:46.64
709 5.6 0.4 1:46.67
709 0.0 0.4 1:46.70
709 5.6 0.4 1:46.73
709 5.6 0.4 1:46.75
709 5.3 0.4 1:46.78
709 5.0 0.4 1:46.80
709 0.0 0.4 1:46.82
709 5.6 0.4 1:46.85
709 0.0 0.4 1:46.87
709 0.0 0.4 1:46.89
709 5.6 0.4 1:46.92
709 5.6 0.4 1:46.94
709 0.0 0.4 1:46.96
709 5.6 0.4 1:46.99
709 5.3 0.4 1:47.02
709 0.0 0.4 1:47.04
709 5.6 0.4 1:47.06
709 5.6 0.4 1:47.09
709 0.0 0.4 1:47.11
709 5.9 0.4 1:47.14
709 0.0 0.4 1:47.16
709 0.0 0.4 1:47.19
709 0.0 0.4 1:47.21
709 0.0 0.4 1:47.23
709 0.0 0.4 1:47.25
709 0.0 0.4 1:47.28
709 0.0 0.4 1:47.29
709 0.0 0.4 1:47.31
709 5.6 0.4 1:47.34
709 5.6 0.4 1:47.36
709 5.6 0.4 1:47.38
709 5.6 0.4 1:47.40
709 5.6 0.4 1:47.42
709 0.0 0.4 1:47.44
709 5.3 0.4 1:47.46
709 0.0 0.4 1:47.47
709 0.0 0.4 1:47.49
709 5.9 0.4 1:47.52
709 0.0 0.4 1:47.54
709 0.0 0.4 1:47.56
709 5.6 0.4 1:47.59
709 0.0 0.4 1:47.62
709 0.0 0.4 1:47.64
709 0.0 0.4 1:47.66
709 0.0 0.4 1:47.69
709 5.9 0.4 1:47.72
709 0.0 0.4 1:47.74
709 5.3 0.4 1:47.77
709 0.0 0.4 1:47.79
709 0.0 0.4 1:47.81
709 5.6 0.4 1:47.84
709 0.0 0.4 1:47.86
709 0.0 0.4 1:47.88
709 0.0 0.4 1:47.90
709 0.0 0.4 1:47.92
709 0.0 0.4 1:47.95
709 0.0 0.4 1:47.97
709 5.6 0.4 1:48.00
709 5.3 0.4 1:48.02
709 0.0 0.4 1:48.04
709 0.0 0.4 1:48.06
709 0.0 0.4 1:48.08
709 0.0 0.4 1:48.10
709 0.0 0.4 1:48.12
709 5.6 0.4 1:48.15
709 5.6 0.4 1:48.17
709 5.9 0.4 1:48.19
709 4.8 0.4 1:48.22
709 0.0 0.4 1:48.24
709 0.0 0.4 1:48.26
709 0.0 0.4 1:48.26
709 0.0 0.4 1:48.26
709 0.0 0.4 1:48.26
709 0.0 0.4 1:48.26
709 0.0 0.4 1:48.26
709 0.0 0.4 1:48.26
