709 11.8 0.4 1:16.99
6709 16.7 0.2 0:00.03
709 4.8 0.4 1:17.06
709 5.6 0.4 1:17.09
709 5.6 0.4 1:17.13
709 0.0 0.4 1:17.16
709 10.5 0.4 1:17.21
709 0.0 0.4 1:17.24
709 0.0 0.4 1:17.27
709 5.9 0.4 1:17.31
7094 13.0 0.2 0:00.03
709 5.6 0.4 1:17.39
709 4.2 0.4 1:17.43
709 5.6 0.4 1:17.46
709 5.6 0.4 1:17.49
709 5.0 0.4 1:17.52
709 5.3 0.4 1:17.55
709 5.0 0.4 1:17.59
709 5.6 0.4 1:17.62
709 0.0 0.4 1:17.66
709 11.1 0.4 1:17.71
709 0.0 0.4 1:17.73
709 5.3 0.4 1:17.78
709 0.0 0.4 1:17.80
709 0.0 0.4 1:17.83
7709 15.8 0.2 0:00.03
709 0.0 0.4 1:17.90
709 5.6 0.4 1:17.94
709 0.0 0.4 1:17.97
709 0.0 0.4 1:18.00
709 0.0 0.4 1:18.04
709 5.9 0.4 1:18.08
709 5.3 0.4 1:18.11
709 0.0 0.4 1:18.14
709 0.0 0.4 1:18.17
709 5.3 0.4 1:18.21
709 0.0 0.4 1:18.25
709 0.0 0.4 1:18.28
709 5.6 0.4 1:18.31
709 5.6 0.4 1:18.35
709 5.6 0.4 1:18.39
709 5.6 0.4 1:18.42
709 4.5 0.4 1:18.46
709 5.9 0.4 1:18.49
709 4.8 0.4 1:18.54
709 0.0 0.4 1:18.56
709 0.0 0.4 1:18.59
709 0.0 0.4 1:18.62
709 5.3 0.4 1:18.66
KiB 1527096 avail Mem
709 0.0 0.4 1:18.72
709 5.6 0.4 1:18.76
709 11.1 0.4 1:18.81
709 5.6 0.4 1:18.83
709 5.6 0.4 1:18.86
709 11.1 0.4 1:18.90
709 0.0 0.4 1:18.92
709 5.6 0.4 1:18.96
709 0.0 0.4 1:18.99
709 0.0 0.4 1:19.02
709 0.0 0.4 1:19.06
709 0.0 0.4 1:19.09
709 0.0 0.4 1:19.12
709 0.0 0.4 1:19.16
709 5.6 0.4 1:19.20
709 5.6 0.4 1:19.24
709 5.6 0.4 1:19.27
709 0.0 0.4 1:19.30
709 0.0 0.4 1:19.34
709 0.0 0.4 1:19.39
709 0.0 0.4 1:19.42
709 5.0 0.4 1:19.45
709 5.3 0.4 1:19.48
709 4.5 0.4 1:19.52
709 5.3 0.4 1:19.56
709 5.3 0.4 1:19.60
709 0.0 0.4 1:19.63
709 5.6 0.4 1:19.67
709 0.0 0.4 1:19.70
709 0.0 0.4 1:19.71
709 0.0 0.4 1:19.71
709 0.0 0.4 1:19.71
709 0.0 0.4 1:19.71
709 0.0 0.4 1:19.71
709 0.0 0.4 1:19.71
709 0.0 0.4 1:19.71
709 0.0 0.4 1:19.71
709 0.0 0.4 1:19.71
709 0.0 0.4 1:19.71
709 0.0 0.4 1:19.71
709 0.0 0.4 1:19.71
709 0.0 0.4 1:19.71
709 0.0 0.4 1:19.71
709 0.0 0.4 1:19.71
709 0.0 0.4 1:19.71
709 0.0 0.4 1:19.71
709 0.0 0.4 1:19.71
709 0.0 0.4 1:19.71
709 0.0 0.4 1:19.71
709 0.0 0.4 1:19.71
