709 5.0 0.4 0:35.11
709 10.5 0.4 0:35.18
709 0.0 0.4 0:35.23
709 0.0 0.4 0:35.27
709 11.1 0.4 0:35.34
709 4.2 0.4 0:35.39
709 0.0 0.4 0:35.45
709 5.6 0.4 0:35.50
709 5.6 0.4 0:35.55
709 5.6 0.4 0:35.61
709 0.0 0.4 0:35.66
709 5.6 0.4 0:35.72
709 0.0 0.4 0:35.78
709 5.6 0.4 0:35.83
709 5.6 0.4 0:35.88
709 4.3 0.4 0:35.93
709 11.1 0.4 0:35.99
709 5.3 0.4 0:36.05
709 4.2 0.4 0:36.11
709 4.5 0.4 0:36.16
709 0.0 0.4 0:36.21
709 9.5 0.4 0:36.29
709 5.9 0.4 0:36.33
709 4.3 0.4 0:36.38
709 5.0 0.4 0:36.45
709 11.1 0.4 0:36.50
709 5.6 0.4 0:36.55
709 5.6 0.4 0:36.60
709 5.3 0.4 0:36.65
709 4.0 0.4 0:36.72
25709 16.7 0.2 0:00.03
709 0.0 0.4 0:36.82
709 5.6 0.4 0:36.88
709 5.3 0.4 0:36.93
709 0.0 0.4 0:36.98
709 5.6 0.4 0:37.04
709 11.1 0.4 0:37.10
709 4.5 0.4 0:37.16
709 5.3 0.4 0:37.21
709 4.8 0.4 0:37.26
709 4.2 0.4 0:37.32
709 4.2 0.4 0:37.39
709 10.5 0.4 0:37.44
709 0.0 0.4 0:37.49
709 11.1 0.4 0:37.55
709 4.0 0.4 0:37.61
709 5.0 0.4 0:37.66
709 5.3 0.4 0:37.71
709 4.5 0.4 0:37.76
709 5.6 0.4 0:37.81
709 5.6 0.4 0:37.87
709 16.7 0.4 0:37.94
709 5.6 0.4 0:37.99
709 11.1 0.4 0:38.05
709 5.6 0.4 0:38.10
709 10.0 0.4 0:38.16
709 4.5 0.4 0:38.21
709 10.5 0.4 0:38.27
709 11.1 0.4 0:38.33
709 5.3 0.4 0:38.38
709 8.0 0.4 0:38.45
709 0.0 0.4 0:38.47
709 5.6 0.4 0:38.52
27091 20.8 0.2 0:00.05
709 0.0 0.4 0:38.62
709 5.3 0.4 0:38.67
709 5.6 0.4 0:38.72
709 4.8 0.4 0:38.77
709 4.3 0.4 0:38.83
709 5.3 0.4 0:38.88
709 8.7 0.4 0:38.95
709 0.0 0.4 0:38.98
709 5.6 0.4 0:39.04
709 4.8 0.4 0:39.09
709 0.0 0.4 0:39.13
709 5.6 0.4 0:39.18
709 4.8 0.4 0:39.24
709 4.3 0.4 0:39.30
709 0.0 0.4 0:39.33
709 0.0 0.4 0:39.33
709 0.0 0.4 0:39.33
