547 0.0 0.9 0:00.48
547 0.0 0.9 0:00.48
547 0.0 0.9 0:00.48
KiB used, 325220 buff/cache
547 0.0 0.9 0:00.48
547 0.0 0.9 0:00.48
547 0.0 0.9 0:00.48
547 0.0 0.9 0:00.48
547 0.0 0.9 0:00.48
547 0.0 0.9 0:00.48
547 0.0 0.9 0:00.48
547 0.0 0.9 0:00.48
547 0.0 0.9 0:00.48
547 0.0 0.9 0:00.48
547 0.0 0.9 0:00.48
547 0.0 0.9 0:00.48
547 0.0 0.9 0:00.48
547 0.0 0.9 0:00.48
547 0.0 0.9 0:00.48
547 0.0 0.9 0:00.48
547 0.0 0.9 0:00.48
547 0.0 0.9 0:00.48
547 0.0 0.9 0:00.48
547 0.0 0.9 0:00.48
547 0.0 0.9 0:00.48
547 0.0 0.9 0:00.48
547 0.0 0.9 0:00.48
547 0.0 0.9 0:00.48
547 0.0 0.9 0:00.48
547 0.0 0.9 0:00.48
547 0.0 0.9 0:00.48
547 0.0 0.9 0:00.48
547 0.0 0.9 0:00.48
547 0.0 0.9 0:00.48
