714 21.1 0.3 0:08.57
714 10.0 0.3 0:08.65
714 0.0 0.3 0:08.65
714 0.0 0.3 0:08.66
714 0.0 0.3 0:08.66
714 0.0 0.3 0:08.66
714 9.1 0.3 0:08.73
714 27.8 0.3 0:08.88
714 26.3 0.3 0:09.08
714 22.2 0.3 0:09.25
714 16.7 0.3 0:09.43
714 12.5 0.3 0:09.63
714 20.0 0.3 0:09.80
714 16.7 0.3 0:09.97
714 5.6 0.3 0:10.02
714 0.0 0.3 0:10.02
714 0.0 0.3 0:10.02
714 0.0 0.3 0:10.02
714 0.0 0.3 0:10.02
714 0.0 0.3 0:10.02
714 0.0 0.3 0:10.02
714 0.0 0.3 0:10.02
714 0.0 0.3 0:10.02
714 0.0 0.3 0:10.02
714 0.0 0.3 0:10.02
714 0.0 0.3 0:10.02
714 0.0 0.3 0:10.02
714 0.0 0.3 0:10.02
714 0.0 0.3 0:10.02
714 0.0 0.3 0:10.02
714 0.0 0.3 0:10.02
714 0.0 0.3 0:10.02
714 0.0 0.3 0:10.02
714 0.0 0.3 0:10.02
