2836 15.8 0.2 0:00.06
2836 0.0 0.2 0:00.08
2836 0.0 0.2 0:00.10
2836 0.0 0.2 0:00.10
2836 0.0 0.2 0:00.11
2836 0.0 0.2 0:00.11
2836 0.0 0.2 0:00.11
2836 0.0 0.2 0:00.13
2836 0.0 0.2 0:00.13
2836 4.8 0.2 0:00.14
2836 0.0 0.2 0:00.15
2836 0.0 0.2 0:00.15
2836 0.0 0.2 0:00.16
2836 0.0 0.2 0:00.17
2836 0.0 0.2 0:00.18
2836 0.0 0.2 0:00.18
2836 5.3 0.2 0:00.19
2836 0.0 0.2 0:00.19
2836 0.0 0.2 0:00.20
2836 0.0 0.2 0:00.21
2836 0.0 0.2 0:00.22
2836 0.0 0.2 0:00.23
2836 0.0 0.2 0:00.24
2836 0.0 0.2 0:00.25
2836 0.0 0.2 0:00.25
2836 0.0 0.2 0:00.26
2836 0.0 0.2 0:00.26
2836 0.0 0.2 0:00.27
2836 0.0 0.2 0:00.27
2836 0.0 0.2 0:00.28
2836 0.0 0.2 0:00.28
2836 0.0 0.2 0:00.29
2836 0.0 0.2 0:00.29
2836 0.0 0.2 0:00.30
2836 0.0 0.2 0:00.31
2836 0.0 0.2 0:00.32
2836 5.0 0.2 0:00.33
2836 0.0 0.2 0:00.34
2836 0.0 0.2 0:00.34
2836 0.0 0.2 0:00.34
2836 0.0 0.2 0:00.35
2836 0.0 0.2 0:00.35
2836 0.0 0.2 0:00.35
2836 0.0 0.2 0:00.37
2836 4.8 0.2 0:00.38
2836 0.0 0.2 0:00.38
2836 0.0 0.2 0:00.39
2836 0.0 0.2 0:00.39
2836 0.0 0.2 0:00.40
2836 0.0 0.2 0:00.40
2836 0.0 0.2 0:00.41
2836 0.0 0.2 0:00.43
2836 0.0 0.2 0:00.45
2836 0.0 0.2 0:00.45
2836 0.0 0.2 0:00.46
2836 0.0 0.2 0:00.46
2836 0.0 0.2 0:00.48
2836 0.0 0.2 0:00.49
2836 0.0 0.2 0:00.50
2836 0.0 0.2 0:00.50
2836 0.0 0.2 0:00.51
2836 0.0 0.2 0:00.51
2836 0.0 0.2 0:00.52
2836 0.0 0.2 0:00.53
2836 0.0 0.2 0:00.54
2836 0.0 0.2 0:00.55
2836 0.0 0.2 0:00.55
2836 0.0 0.2 0:00.56
2836 0.0 0.2 0:00.57
2836 0.0 0.2 0:00.58
2836 0.0 0.2 0:00.59
2836 0.0 0.2 0:00.60
2836 5.6 0.2 0:00.61
2836 0.0 0.2 0:00.61
2836 5.6 0.2 0:00.62
2836 0.0 0.2 0:00.62
