2838 0.0 0.2 0:00.13
2838 0.0 0.2 0:00.13
2838 0.0 0.2 0:00.13
2838 0.0 0.2 0:00.13
2838 0.0 0.2 0:00.13
2838 0.0 0.2 0:00.13
2838 0.0 0.2 0:00.13
2838 0.0 0.2 0:00.13
2838 0.0 0.2 0:00.13
2838 0.0 0.2 0:00.13
2838 0.0 0.2 0:00.13
2838 0.0 0.2 0:00.13
2838 0.0 0.2 0:00.13
2838 0.0 0.2 0:00.13
2838 0.0 0.2 0:00.13
2838 0.0 0.2 0:00.13
2838 0.0 0.2 0:00.13
2838 0.0 0.2 0:00.13
2838 0.0 0.2 0:00.13
2838 0.0 0.2 0:00.13
2838 0.0 0.2 0:00.13
2838 0.0 0.2 0:00.13
2838 0.0 0.2 0:00.13
2838 0.0 0.2 0:00.13
2838 0.0 0.2 0:00.13
2838 0.0 0.2 0:00.13
2838 0.0 0.2 0:00.13
2838 0.0 0.2 0:00.13
2838 0.0 0.2 0:00.13
2838 0.0 0.2 0:00.13
2838 0.0 0.2 0:00.13
2838 0.0 0.2 0:00.13
2838 0.0 0.2 0:00.13
2838 0.0 0.2 0:00.13
2838 0.0 0.2 0:00.13
2838 0.0 0.2 0:00.13
2838 0.0 0.2 0:00.13
2838 0.0 0.2 0:00.13
2838 0.0 0.2 0:00.13
2838 0.0 0.2 0:00.13
2838 0.0 0.2 0:00.13
2838 0.0 0.2 0:00.13
2838 0.0 0.2 0:00.13
2838 0.0 0.2 0:00.13
2838 0.0 0.2 0:00.13
2838 0.0 0.2 0:00.13
2838 0.0 0.2 0:00.13
2838 0.0 0.2 0:00.13
2838 0.0 0.2 0:00.13
2838 0.0 0.2 0:00.13
2838 0.0 0.2 0:00.13
2838 0.0 0.2 0:00.13
2838 0.0 0.2 0:00.13
2838 0.0 0.2 0:00.13
2838 0.0 0.2 0:00.13
2838 0.0 0.2 0:00.13
2838 0.0 0.2 0:00.13
2838 0.0 0.2 0:00.13
2838 0.0 0.2 0:00.13
2838 0.0 0.2 0:00.13
2838 0.0 0.2 0:00.13
2838 0.0 0.2 0:00.13
2838 0.0 0.2 0:00.13
2838 0.0 0.2 0:00.13
2838 0.0 0.2 0:00.13
2838 0.0 0.2 0:00.13
2838 0.0 0.2 0:00.13
2838 0.0 0.2 0:00.13
2838 0.0 0.2 0:00.13
2838 0.0 0.2 0:00.13
2838 0.0 0.2 0:00.13
2838 0.0 0.2 0:00.13
2838 0.0 0.2 0:00.13
2838 0.0 0.2 0:00.13
2838 0.0 0.2 0:00.13
