734 16.7 0.4 1:49.11
734 11.1 0.4 1:49.19
734 0.0 0.4 1:49.19
734 0.0 0.4 1:49.19
734 0.0 0.4 1:49.19
734 16.7 0.4 1:49.27
734 11.1 0.4 1:49.42
734 15.0 0.4 1:49.58
734 17.4 0.4 1:49.77
734 12.5 0.4 1:49.94
734 10.5 0.4 1:50.08
734 15.0 0.4 1:50.25
734 10.5 0.4 1:50.40
734 0.0 0.4 1:50.47
734 0.0 0.4 1:50.47
734 0.0 0.4 1:50.47
734 0.0 0.4 1:50.47
734 0.0 0.4 1:50.47
734 0.0 0.4 1:50.47
734 0.0 0.4 1:50.47
734 0.0 0.4 1:50.47
734 0.0 0.4 1:50.47
734 0.0 0.4 1:50.47
734 0.0 0.4 1:50.47
734 0.0 0.4 1:50.47
734 0.0 0.4 1:50.47
734 0.0 0.4 1:50.47
734 0.0 0.4 1:50.47
734 0.0 0.4 1:50.47
734 0.0 0.4 1:50.47
734 0.0 0.4 1:50.47
734 0.0 0.4 1:50.47
