734 4.1 0.3 0:00.19
734 7.5 0.3 0:00.22
734 7.1 0.3 0:00.24
734 5.8 0.3 0:00.25
734 3.8 0.3 0:00.23
734 5.8 0.3 0:00.24
734 3.5 0.3 0:00.27
734 7.9 0.3 0:00.26
734 6.6 0.3 0:00.23
734 38.1 0.3 0:00.40
734 31.6 0.3 0:00.83
734 33.3 0.3 0:01.30
734 23.8 0.3 0:01.74
734 28.6 0.3 0:02.16
734 17.6 0.3 0:02.42
734 31.8 0.3 0:02.77
734 27.8 0.3 0:03.13
734 33.3 0.3 0:03.49
734 42.1 0.3 0:03.96
734 38.1 0.3 0:04.36
734 35.0 0.3 0:04.71
734 30.4 0.3 0:05.15
734 32.0 0.3 0:05.60
734 26.1 0.3 0:05.99
734 35.0 0.3 0:06.36
734 5.6 0.3 0:06.63
734 0.0 0.3 0:06.66
734 0.0 0.3 0:06.66
734 0.0 0.3 0:06.66
734 0.0 0.3 0:06.66
734 0.0 0.3 0:06.66
734 0.0 0.3 0:06.66
734 0.0 0.3 0:06.66
734 0.0 0.3 0:06.66
734 0.0 0.3 0:06.66
734 0.0 0.3 0:06.66
734 0.0 0.3 0:06.66
734 0.0 0.3 0:06.66
734 0.0 0.3 0:06.66
734 0.0 0.3 0:06.66
734 0.0 0.3 0:06.66
734 0.0 0.3 0:06.66
734 0.0 0.3 0:06.66
734 0.0 0.3 0:06.66
734 0.0 0.3 0:06.66
734 0.0 0.3 0:06.66
734 0.0 0.3 0:06.66
734 0.0 0.3 0:06.66
734 0.0 0.3 0:06.66
734 0.0 0.3 0:06.66
734 0.0 0.3 0:06.66
734 0.0 0.3 0:06.66
