708 0.0 0.1 0:00.00
708 0.0 0.1 0:00.00
708 0.0 0.1 0:00.00
708 0.0 0.1 0:00.00
708 0.0 0.1 0:00.00
708 0.0 0.1 0:00.00
KiB used, 363204 buff/cache
708 0.0 0.1 0:00.00
708 0.0 0.1 0:00.00
708 0.0 0.1 0:00.00
708 0.0 0.1 0:00.00
708 0.0 0.1 0:00.00
708 0.0 0.1 0:00.00
KiB 1537708 avail Mem
708 0.0 0.1 0:00.00
708 0.0 0.1 0:00.00
708 0.0 0.1 0:00.00
708 0.0 0.1 0:00.00
708 0.0 0.1 0:00.00
708 0.0 0.1 0:00.00
708 0.0 0.1 0:00.00
708 0.0 0.1 0:00.00
708 0.0 0.1 0:00.00
708 0.0 0.1 0:00.00
708 0.0 0.1 0:00.00
708 0.0 0.1 0:00.00
708 0.0 0.1 0:00.00
708 0.0 0.1 0:00.00
708 0.0 0.1 0:00.00
708 0.0 0.1 0:00.00
708 0.0 0.1 0:00.00
708 0.0 0.1 0:00.00
708 0.0 0.1 0:00.00
708 0.0 0.1 0:00.00
708 0.0 0.1 0:00.00
708 0.0 0.1 0:00.00
708 0.0 0.1 0:00.00
708 0.0 0.1 0:00.00
708 0.0 0.1 0:00.00
708 0.0 0.1 0:00.00
708 0.0 0.1 0:00.00
708 0.0 0.1 0:00.00
708 0.0 0.1 0:00.00
708 0.0 0.1 0:00.00
708 0.0 0.1 0:00.00
708 0.0 0.1 0:00.00
708 0.0 0.1 0:00.00
708 0.0 0.1 0:00.00
708 0.0 0.1 0:00.00
708 0.0 0.1 0:00.00
708 0.0 0.1 0:00.00
708 0.0 0.1 0:00.00
708 0.0 0.1 0:00.00
708 0.0 0.1 0:00.00
708 0.0 0.1 0:00.00
708 0.0 0.1 0:00.00
708 0.0 0.1 0:00.00
708 0.0 0.1 0:00.00
708 0.0 0.1 0:00.00
708 0.0 0.1 0:00.00
708 0.0 0.1 0:00.00
708 0.0 0.1 0:00.00
708 0.0 0.1 0:00.00
708 0.0 0.1 0:00.00
708 0.0 0.1 0:00.00
708 0.0 0.1 0:00.00
708 0.0 0.1 0:00.00
708 0.0 0.1 0:00.00
708 0.0 0.1 0:00.00
708 0.0 0.1 0:00.00
708 0.0 0.1 0:00.00
708 0.0 0.1 0:00.00
708 0.0 0.1 0:00.00
708 0.0 0.1 0:00.00
708 0.0 0.1 0:00.00
708 0.0 0.1 0:00.00
708 0.0 0.1 0:00.00
708 0.0 0.1 0:00.00
708 0.0 0.1 0:00.00
708 0.0 0.1 0:00.00
708 0.0 0.1 0:00.00
708 0.0 0.1 0:00.00
708 0.0 0.1 0:00.00
708 0.0 0.1 0:00.00
708 0.0 0.1 0:00.00
708 0.0 0.1 0:00.00
708 0.0 0.1 0:00.00
708 0.0 0.1 0:00.00
708 0.0 0.1 0:00.00
708 0.0 0.1 0:00.00
708 0.0 0.1 0:00.00
708 0.0 0.1 0:00.00
708 0.0 0.1 0:00.00
708 0.0 0.1 0:00.00
708 0.0 0.1 0:00.00
708 0.0 0.1 0:00.00
708 0.0 0.1 0:00.00
708 0.0 0.1 0:00.00
708 0.0 0.1 0:00.00
708 0.0 0.1 0:00.00
708 0.0 0.1 0:00.00
708 0.0 0.1 0:00.00
708 0.0 0.1 0:00.00
708 0.0 0.1 0:00.00
708 0.0 0.1 0:00.00
708 0.0 0.1 0:00.00
708 0.0 0.1 0:00.00
708 0.0 0.1 0:00.00
708 0.0 0.1 0:00.00
708 0.0 0.1 0:00.00
708 0.0 0.1 0:00.00
708 0.0 0.1 0:00.00
708 0.0 0.1 0:00.00
708 0.0 0.1 0:00.00
708 0.0 0.1 0:00.00
708 0.0 0.1 0:00.00
708 0.0 0.1 0:00.00
708 0.0 0.1 0:00.00
708 0.0 0.1 0:00.00
708 0.0 0.1 0:00.00
708 0.0 0.1 0:00.00
708 0.0 0.1 0:00.00
708 0.0 0.1 0:00.00
708 0.0 0.1 0:00.00
708 0.0 0.1 0:00.00
708 0.0 0.1 0:00.00
708 0.0 0.1 0:00.00
708 0.0 0.1 0:00.00
708 0.0 0.1 0:00.00
708 0.0 0.1 0:00.00
708 0.0 0.1 0:00.00
708 0.0 0.1 0:00.00
708 0.0 0.1 0:00.00
708 0.0 0.1 0:00.00
708 0.0 0.1 0:00.00
708 0.0 0.1 0:00.00
708 0.0 0.1 0:00.00
708 0.0 0.1 0:00.00
708 0.0 0.1 0:00.00
708 0.0 0.1 0:00.00
708 0.0 0.1 0:00.00
708 0.0 0.1 0:00.00
708 0.0 0.1 0:00.00
708 0.0 0.1 0:00.00
708 0.0 0.1 0:00.00
708 0.0 0.1 0:00.00
708 0.0 0.1 0:00.00
708 0.0 0.1 0:00.00
708 0.0 0.1 0:00.00
708 0.0 0.1 0:00.00
708 0.0 0.1 0:00.00
708 0.0 0.1 0:00.00
KiB used, 364056 buff/cache
708 0.0 0.1 0:00.00
708 0.0 0.1 0:00.00
708 0.0 0.1 0:00.00
708 0.0 0.1 0:00.00
708 0.0 0.1 0:00.00
708 0.0 0.1 0:00.00
708 0.0 0.1 0:00.00
708 0.0 0.1 0:00.00
708 0.0 0.1 0:00.00
708 0.0 0.1 0:00.00
708 0.0 0.1 0:00.00
708 0.0 0.1 0:00.00
708 0.0 0.1 0:00.00
708 0.0 0.1 0:00.00
708 0.0 0.1 0:00.00
708 0.0 0.1 0:00.00
708 0.0 0.1 0:00.00
708 0.0 0.1 0:00.00
708 0.0 0.1 0:00.00
708 0.0 0.1 0:00.00
708 0.0 0.1 0:00.00
708 0.0 0.1 0:00.00
708 0.0 0.1 0:00.00
708 0.0 0.1 0:00.00
708 0.0 0.1 0:00.00
708 0.0 0.1 0:00.00
708 0.0 0.1 0:00.00
708 0.0 0.1 0:00.00
708 0.0 0.1 0:00.00
708 0.0 0.1 0:00.00
708 0.0 0.1 0:00.00
708 0.0 0.1 0:00.00
708 0.0 0.1 0:00.00
