712 5.0 0.3 0:46.68
712 5.3 0.3 0:46.74
603 0.0 0.6 0:02.80
603 0.0 0.6 0:02.80
603 0.0 0.6 0:02.80
603 0.0 0.6 0:02.80
603 0.0 0.6 0:02.80
603 0.0 0.6 0:02.80
603 0.0 0.6 0:02.80
603 0.0 0.6 0:02.80
603 0.0 0.6 0:02.80
603 0.0 0.6 0:02.80
603 0.0 0.6 0:02.80
603 11.1 0.6 0:02.82
603 0.0 0.6 0:02.82
603 0.0 0.6 0:02.82
603 0.0 0.6 0:02.82
603 0.0 0.6 0:02.82
603 0.0 0.6 0:02.82
603 0.0 0.6 0:02.82
603 0.0 0.6 0:02.82
603 0.0 0.6 0:02.82
603 0.0 0.6 0:02.82
603 0.0 0.6 0:02.82
603 0.0 0.6 0:02.82
603 0.0 0.6 0:02.83
603 0.0 0.6 0:02.83
603 0.0 0.6 0:02.83
603 0.0 0.6 0:02.83
603 0.0 0.6 0:02.83
603 5.6 0.6 0:02.84
603 0.0 0.6 0:02.84
603 0.0 0.6 0:02.84
603 0.0 0.6 0:02.84
603 0.0 0.6 0:02.84
603 0.0 0.6 0:02.84
603 5.6 0.6 0:02.85
603 0.0 0.6 0:02.85
603 0.0 0.6 0:02.85
603 0.0 0.6 0:02.85
KiB used, 310744 buff/cache
603 0.0 0.6 0:02.86
603 0.0 0.6 0:02.86
603 0.0 0.6 0:02.86
603 0.0 0.6 0:02.86
603 5.6 0.6 0:02.87
603 0.0 0.6 0:02.87
603 0.0 0.6 0:02.87
603 0.0 0.6 0:02.87
603 0.0 0.6 0:02.87
603 5.6 0.6 0:02.88
603 0.0 0.6 0:02.88
603 0.0 0.6 0:02.88
603 0.0 0.6 0:02.88
603 0.0 0.6 0:02.88
603 4.8 0.6 0:02.89
603 0.0 0.6 0:02.89
603 0.0 0.6 0:02.89
603 0.0 0.6 0:02.89
603 0.0 0.6 0:02.89
603 5.6 0.6 0:02.90
603 0.0 0.6 0:02.90
603 0.0 0.6 0:02.90
603 0.0 0.6 0:02.90
603 0.0 0.6 0:02.90
603 5.6 0.6 0:02.91
603 0.0 0.6 0:02.91
603 0.0 0.6 0:02.91
603 0.0 0.6 0:02.91
603 0.0 0.6 0:02.91
603 5.6 0.6 0:02.92
603 0.0 0.6 0:02.92
603 0.0 0.6 0:02.92
603 0.0 0.6 0:02.92
603 0.0 0.6 0:02.92
603 5.9 0.6 0:02.93
603 0.0 0.6 0:02.93
603 0.0 0.6 0:02.93
603 0.0 0.6 0:02.93
603 0.0 0.6 0:02.93
603 5.6 0.6 0:02.94
603 0.0 0.6 0:02.94
603 0.0 0.6 0:02.94
603 0.0 0.6 0:02.94
603 0.0 0.6 0:02.94
603 5.9 0.6 0:02.95
603 0.0 0.6 0:02.95
603 0.0 0.6 0:02.95
603 0.0 0.6 0:02.95
603 0.0 0.6 0:02.95
603 11.8 0.6 0:02.97
603 0.0 0.6 0:02.97
603 0.0 0.6 0:02.97
603 0.0 0.6 0:02.97
603 0.0 0.6 0:02.97
603 0.0 0.6 0:02.97
603 0.0 0.6 0:02.97
603 0.0 0.6 0:02.97
603 0.0 0.6 0:02.97
603 0.0 0.6 0:02.97
603 0.0 0.6 0:02.98
603 0.0 0.6 0:02.98
603 0.0 0.6 0:02.98
603 0.0 0.6 0:02.98
603 0.0 0.6 0:02.98
603 0.0 0.6 0:02.99
603 0.0 0.6 0:02.99
603 0.0 0.6 0:02.99
603 0.0 0.6 0:02.99
603 0.0 0.6 0:02.99
712 11.1 0.3 0:47.16
712 5.0 0.3 0:47.20
603 0.0 0.6 0:03.00
603 0.0 0.6 0:03.00
603 0.0 0.6 0:03.00
603 0.0 0.6 0:03.01
603 0.0 0.6 0:03.01
603 0.0 0.6 0:03.01
603 0.0 0.6 0:03.01
603 0.0 0.6 0:03.01
603 5.6 0.6 0:03.02
603 0.0 0.6 0:03.02
603 0.0 0.6 0:03.02
603 0.0 0.6 0:03.02
603 0.0 0.6 0:03.02
603 5.3 0.6 0:03.03
603 0.0 0.6 0:03.03
603 0.0 0.6 0:03.03
27121 16.7 0.2 0:00.03
603 0.0 0.6 0:03.03
KiB 1536712 avail Mem
603 0.0 0.6 0:03.04
603 0.0 0.6 0:03.04
603 0.0 0.6 0:03.04
603 0.0 0.6 0:03.04
603 5.3 0.6 0:03.05
603 0.0 0.6 0:03.05
603 0.0 0.6 0:03.05
603 0.0 0.6 0:03.05
603 0.0 0.6 0:03.05
603 5.6 0.6 0:03.06
603 0.0 0.6 0:03.06
603 0.0 0.6 0:03.06
27712 11.8 0.2 0:00.02
603 0.0 0.6 0:03.06
603 0.0 0.6 0:03.07
603 0.0 0.6 0:03.07
712 11.1 0.3 0:47.38
603 0.0 0.6 0:03.07
603 0.0 0.6 0:03.07
603 5.6 0.6 0:03.08
603 0.0 0.6 0:03.08
603 0.0 0.6 0:03.08
603 0.0 0.6 0:03.08
603 0.0 0.6 0:03.08
603 5.6 0.6 0:03.09
603 0.0 0.6 0:03.09
603 0.0 0.6 0:03.09
603 0.0 0.6 0:03.09
603 0.0 0.6 0:03.09
603 5.6 0.6 0:03.10
603 0.0 0.6 0:03.10
603 0.0 0.6 0:03.10
603 0.0 0.6 0:03.10
603 0.0 0.6 0:03.10
603 5.6 0.6 0:03.11
712 11.1 0.3 0:47.47
28712 11.1 0.2 0:00.02
603 0.0 0.6 0:03.11
603 5.6 0.6 0:03.12
603 0.0 0.6 0:03.12
603 0.0 0.6 0:03.12
603 0.0 0.6 0:03.12
603 0.0 0.6 0:03.12
603 5.3 0.6 0:03.13
603 0.0 0.6 0:03.13
KiB 1536712 avail Mem
603 0.0 0.6 0:03.13
603 0.0 0.6 0:03.13
603 5.6 0.6 0:03.14
603 0.0 0.6 0:03.14
603 0.0 0.6 0:03.14
603 0.0 0.6 0:03.14
603 0.0 0.6 0:03.14
603 0.0 0.6 0:03.15
603 0.0 0.6 0:03.15
603 0.0 0.6 0:03.15
603 0.0 0.6 0:03.15
603 0.0 0.6 0:03.15
603 0.0 0.6 0:03.16
KiB 1536712 avail Mem
603 0.0 0.6 0:03.16
603 0.0 0.6 0:03.16
603 0.0 0.6 0:03.16
603 5.6 0.6 0:03.17
603 0.0 0.6 0:03.17
603 0.0 0.6 0:03.17
603 0.0 0.6 0:03.17
603 0.0 0.6 0:03.17
603 5.6 0.6 0:03.18
603 0.0 0.6 0:03.18
603 0.0 0.6 0:03.18
603 0.0 0.6 0:03.18
603 0.0 0.6 0:03.18
603 11.1 0.6 0:03.20
603 0.0 0.6 0:03.20
603 0.0 0.6 0:03.20
603 0.0 0.6 0:03.20
603 0.0 0.6 0:03.20
603 0.0 0.6 0:03.20
603 0.0 0.6 0:03.20
603 0.0 0.6 0:03.20
603 0.0 0.6 0:03.20
