2926 0.0 0.0 0:00.00
2926 0.0 0.0 0:00.00
2926 0.0 0.0 0:00.00
2926 0.0 0.0 0:00.00
2926 0.0 0.0 0:00.00
2926 0.0 0.0 0:00.00
2926 0.0 0.0 0:00.00
2926 0.0 0.0 0:00.00
2926 0.0 0.0 0:00.00
2926 0.0 0.0 0:00.00
2926 0.0 0.0 0:00.00
2926 0.0 0.0 0:00.00
2926 0.0 0.0 0:00.00
2926 0.0 0.0 0:00.00
2926 0.0 0.0 0:00.00
2926 0.0 0.0 0:00.00
2926 0.0 0.0 0:00.00
2926 0.0 0.0 0:00.00
2926 0.0 0.0 0:00.00
2926 0.0 0.0 0:00.00
2926 0.0 0.0 0:00.00
2926 0.0 0.0 0:00.00
2926 0.0 0.0 0:00.00
2926 0.0 0.0 0:00.00
2926 0.0 0.0 0:00.00
2926 0.0 0.0 0:00.00
2926 0.0 0.0 0:00.00
2926 0.0 0.0 0:00.00
2926 0.0 0.0 0:00.00
2926 0.0 0.0 0:00.00
2926 0.0 0.0 0:00.00
2926 0.0 0.0 0:00.00
2926 0.0 0.0 0:00.00
2926 0.0 0.0 0:00.00
2926 0.0 0.0 0:00.00
2926 0.0 0.0 0:00.00
2926 0.0 0.0 0:00.00
2926 0.0 0.0 0:00.00
2926 0.0 0.0 0:00.00
2926 0.0 0.0 0:00.00
2926 0.0 0.0 0:00.00
2926 0.0 0.0 0:00.00
2926 0.0 0.0 0:00.00
2926 0.0 0.0 0:00.00
2926 0.0 0.0 0:00.00
2926 0.0 0.0 0:00.00
2926 0.0 0.0 0:00.00
2926 0.0 0.0 0:00.00
2926 0.0 0.0 0:00.00
2926 0.0 0.0 0:00.00
2926 0.0 0.0 0:00.00
2926 0.0 0.0 0:00.00
2926 0.0 0.0 0:00.00
2926 0.0 0.0 0:00.00
2926 0.0 0.0 0:00.00
2926 0.0 0.0 0:00.00
2926 0.0 0.0 0:00.00
2926 0.0 0.0 0:00.00
2926 0.0 0.0 0:00.00
2926 0.0 0.0 0:00.00
29265 0.0 0.0 0:00.01
2926 0.0 0.0 0:00.00
2926 0.0 0.0 0:00.00
2926 0.0 0.0 0:00.00
2926 0.0 0.0 0:00.00
2926 0.0 0.0 0:00.00
2926 0.0 0.0 0:00.00
2926 0.0 0.0 0:00.00
2926 0.0 0.0 0:00.00
2926 0.0 0.0 0:00.00
2926 0.0 0.0 0:00.00
2926 0.0 0.0 0:00.00
2926 0.0 0.0 0:00.00
2926 0.0 0.0 0:00.00
2926 0.0 0.0 0:00.00
2926 0.0 0.0 0:00.00
2926 0.0 0.0 0:00.00
2926 0.0 0.0 0:00.00
2926 0.0 0.0 0:00.00
2926 0.0 0.0 0:00.00
2926 0.0 0.0 0:00.00
2926 0.0 0.0 0:00.00
2926 0.0 0.0 0:00.00
2926 0.0 0.0 0:00.00
2926 0.0 0.0 0:00.00
2926 0.0 0.0 0:00.00
2926 0.0 0.0 0:00.00
2926 0.0 0.0 0:00.00
2926 0.0 0.0 0:00.00
2926 0.0 0.0 0:00.00
2926 0.0 0.0 0:00.00
2926 0.0 0.0 0:00.00
2926 0.0 0.0 0:00.00
2926 0.0 0.0 0:00.00
2926 0.0 0.0 0:00.00
2926 0.0 0.0 0:00.00
2926 0.0 0.0 0:00.00
2926 0.0 0.0 0:00.00
2926 0.0 0.0 0:00.00
2926 0.0 0.0 0:00.00
2926 0.0 0.0 0:00.00
2926 0.0 0.0 0:00.00
2926 0.0 0.0 0:00.00
2926 0.0 0.0 0:00.00
2926 0.0 0.0 0:00.00
2926 0.0 0.0 0:00.00
2926 0.0 0.0 0:00.00
