2927 10.5 0.2 7:52.77
2927 20.0 0.2 7:52.99
2927 15.0 0.2 7:53.31
2927 25.0 0.2 7:53.56
2927 15.8 0.2 7:53.79
2927 61.1 0.2 7:54.19
2927 31.6 0.2 7:54.45
2927 31.6 0.2 7:54.77
2927 50.0 0.2 7:55.05
2927 36.8 0.2 7:55.39
2927 21.1 0.2 7:55.62
2927 21.1 0.2 7:55.93
2927 21.1 0.2 7:56.19
2927 42.1 0.2 7:56.49
2927 38.9 0.2 7:56.75
2927 45.0 0.2 7:57.01
2927 50.0 0.2 7:57.44
2927 50.0 0.2 7:57.76
2927 25.0 0.2 7:58.04
2927 22.2 0.2 7:58.29
2927 38.1 0.2 7:58.67
2927 38.9 0.2 7:58.94
2927 22.7 0.2 7:59.37
2927 32.3 0.2 7:59.82
2927 28.6 0.2 8:00.14
2927 27.3 0.2 8:00.48
2927 35.0 0.2 8:00.78
2927 50.0 0.2 8:01.08
2927 10.5 0.2 8:01.46
2927 20.0 0.2 8:01.71
2927 30.0 0.2 8:02.03
2927 26.3 0.2 8:02.27
2927 21.1 0.2 8:02.49
2927 42.1 0.2 8:02.78
2927 15.8 0.2 8:03.12
2927 27.8 0.2 8:03.39
2927 25.0 0.2 8:03.65
2927 15.8 0.2 8:03.88
2927 65.0 0.2 8:04.22
2927 30.0 0.2 8:04.49
2927 27.8 0.2 8:04.72
2927 44.4 0.2 8:05.01
2927 22.2 0.2 8:05.23
2927 78.9 0.2 8:05.74
2927 45.0 0.2 8:06.01
2927 36.8 0.2 8:06.29
2927 21.1 0.2 8:06.51
2927 22.2 0.2 8:06.76
2927 31.6 0.2 8:07.11
2927 25.0 0.2 8:07.38
2927 19.0 0.2 8:07.67
2927 38.1 0.2 8:07.99
2927 35.0 0.2 8:08.27
2927 30.0 0.2 8:08.54
2927 27.8 0.2 8:08.95
2927 30.0 0.2 8:09.30
2927 26.3 0.2 8:09.57
2927 21.1 0.2 8:09.86
2927 50.0 0.2 8:10.16
2927 36.8 0.2 8:10.48
2927 47.4 0.2 8:10.76
2927 26.3 0.2 8:11.06
2927 31.6 0.2 8:11.33
2927 47.4 0.2 8:11.62
2927 26.3 0.2 8:11.96
2927 15.0 0.2 8:12.18
2927 30.0 0.2 8:12.46
2927 42.1 0.2 8:12.73
2927 45.0 0.2 8:13.02
2927 45.0 0.2 8:13.32
2927 25.0 0.2 8:13.68
2927 21.1 0.2 8:13.95
2927 15.8 0.2 8:14.17
2927 31.6 0.2 8:14.51
2927 19.0 0.2 8:14.79
2927 55.6 0.2 8:15.12
2927 39.1 0.2 8:15.44
2927 63.2 0.2 8:15.75
2927 50.0 0.2 8:16.02
2927 50.0 0.2 8:16.39
2927 40.0 0.2 8:16.66
2927 31.6 0.2 8:16.94
2927 31.6 0.2 8:17.20
2927 0.0 0.2 8:17.32
