2929 4.8 0.2 0:04.72
2929 0.0 0.2 0:04.72
2929 0.0 0.2 0:04.72
2929 0.0 0.2 0:04.72
2929 0.0 0.2 0:04.72
2929 0.0 0.2 0:04.72
2929 0.0 0.2 0:04.72
2929 0.0 0.2 0:04.72
2929 0.0 0.2 0:04.72
2929 0.0 0.2 0:04.72
2929 0.0 0.2 0:04.72
2929 0.0 0.2 0:04.72
2929 0.0 0.2 0:04.72
2929 0.0 0.2 0:04.72
2929 0.0 0.2 0:04.72
2929 0.0 0.2 0:04.72
2929 0.0 0.2 0:04.72
2929 0.0 0.2 0:04.72
2929 0.0 0.2 0:04.72
2929 0.0 0.2 0:04.72
2929 0.0 0.2 0:04.72
2929 0.0 0.2 0:04.72
2929 0.0 0.2 0:04.72
2929 0.0 0.2 0:04.72
2929 0.0 0.2 0:04.72
2929 0.0 0.2 0:04.72
2929 0.0 0.2 0:04.72
2929 0.0 0.2 0:04.72
2929 0.0 0.2 0:04.72
2929 0.0 0.2 0:04.72
2929 0.0 0.2 0:04.73
2929 0.0 0.2 0:04.73
2929 0.0 0.2 0:04.73
2929 0.0 0.2 0:04.73
2929 0.0 0.2 0:04.73
2929 0.0 0.2 0:04.73
2929 0.0 0.2 0:04.73
2929 0.0 0.2 0:04.73
2929 0.0 0.2 0:04.73
2929 0.0 0.2 0:04.73
2929 0.0 0.2 0:04.73
2929 0.0 0.2 0:04.73
2929 5.6 0.2 0:04.74
2929 0.0 0.2 0:04.74
2929 0.0 0.2 0:04.74
2929 0.0 0.2 0:04.74
2929 0.0 0.2 0:04.74
2929 0.0 0.2 0:04.74
2929 0.0 0.2 0:04.74
2929 0.0 0.2 0:04.74
2929 0.0 0.2 0:04.74
2929 0.0 0.2 0:04.74
2929 0.0 0.2 0:04.74
2929 0.0 0.2 0:04.74
2929 0.0 0.2 0:04.74
2929 0.0 0.2 0:04.75
2929 0.0 0.2 0:04.75
2929 0.0 0.2 0:04.75
2929 0.0 0.2 0:04.75
2929 0.0 0.2 0:04.75
2929 0.0 0.2 0:04.75
2929 0.0 0.2 0:04.75
2929 0.0 0.2 0:04.75
2929 0.0 0.2 0:04.75
2929 0.0 0.2 0:04.75
2929 0.0 0.2 0:04.75
2929 0.0 0.2 0:04.75
2929 0.0 0.2 0:04.75
2929 0.0 0.2 0:04.75
2929 0.0 0.2 0:04.75
2929 0.0 0.2 0:04.75
2929 0.0 0.2 0:04.75
2929 0.0 0.2 0:04.75
2929 0.0 0.2 0:04.75
2929 0.0 0.2 0:04.75
2929 0.0 0.2 0:04.76
