2929 5.0 0.2 0:03.56
2929 0.0 0.2 0:03.60
2929 0.0 0.2 0:03.63
2929 0.0 0.2 0:03.63
2929 0.0 0.2 0:03.64
2929 0.0 0.2 0:03.64
2929 0.0 0.2 0:03.64
2929 0.0 0.2 0:03.64
2929 0.0 0.2 0:03.64
2929 0.0 0.2 0:03.64
2929 0.0 0.2 0:03.64
2929 0.0 0.2 0:03.64
2929 0.0 0.2 0:03.64
2929 0.0 0.2 0:03.64
2929 0.0 0.2 0:03.64
2929 0.0 0.2 0:03.64
2929 0.0 0.2 0:03.64
2929 0.0 0.2 0:03.64
2929 0.0 0.2 0:03.65
2929 0.0 0.2 0:03.65
2929 0.0 0.2 0:03.65
2929 0.0 0.2 0:03.65
2929 0.0 0.2 0:03.65
2929 0.0 0.2 0:03.65
2929 0.0 0.2 0:03.65
2929 0.0 0.2 0:03.65
2929 0.0 0.2 0:03.65
2929 0.0 0.2 0:03.65
2929 0.0 0.2 0:03.65
2929 0.0 0.2 0:03.65
2929 0.0 0.2 0:03.65
2929 0.0 0.2 0:03.65
2929 0.0 0.2 0:03.65
2929 0.0 0.2 0:03.65
2929 0.0 0.2 0:03.65
2929 0.0 0.2 0:03.65
2929 0.0 0.2 0:03.65
2929 0.0 0.2 0:03.65
2929 0.0 0.2 0:03.65
2929 0.0 0.2 0:03.65
2929 0.0 0.2 0:03.65
2929 0.0 0.2 0:03.65
2929 0.0 0.2 0:03.68
2929 0.0 0.2 0:03.68
2929 0.0 0.2 0:03.68
2929 0.0 0.2 0:03.68
2929 0.0 0.2 0:03.68
2929 0.0 0.2 0:03.68
2929 0.0 0.2 0:03.68
2929 0.0 0.2 0:03.68
2929 0.0 0.2 0:03.68
2929 0.0 0.2 0:03.68
2929 0.0 0.2 0:03.68
2929 0.0 0.2 0:03.68
2929 0.0 0.2 0:03.68
2929 0.0 0.2 0:03.68
2929 0.0 0.2 0:03.68
2929 0.0 0.2 0:03.68
2929 0.0 0.2 0:03.68
2929 0.0 0.2 0:03.68
2929 0.0 0.2 0:03.68
2929 0.0 0.2 0:03.68
2929 0.0 0.2 0:03.68
2929 0.0 0.2 0:03.68
2929 0.0 0.2 0:03.68
2929 0.0 0.2 0:03.68
2929 0.0 0.2 0:03.68
2929 0.0 0.2 0:03.69
2929 0.0 0.2 0:03.69
2929 0.0 0.2 0:03.69
2929 0.0 0.2 0:03.69
2929 0.0 0.2 0:03.69
2929 0.0 0.2 0:03.69
2929 0.0 0.2 0:03.69
2929 0.0 0.2 0:03.69
2929 0.0 0.2 0:03.70
2929 0.0 0.2 0:03.70
2929 0.0 0.2 0:03.70
2929 0.0 0.2 0:03.70
2929 0.0 0.2 0:03.70
2929 0.0 0.2 0:03.70
2929 0.0 0.2 0:03.70
2929 0.0 0.2 0:03.70
2929 0.0 0.2 0:03.70
2929 0.0 0.2 0:03.70
2929 0.0 0.2 0:03.70
2929 0.0 0.2 0:03.70
2929 0.0 0.2 0:03.70
2929 0.0 0.2 0:03.70
2929 0.0 0.2 0:03.70
2929 0.0 0.2 0:03.70
2929 0.0 0.2 0:03.71
2929 0.0 0.2 0:03.71
2929 0.0 0.2 0:03.71
