2930 0.0 0.2 0:01.44
2930 0.0 0.2 0:01.44
2930 0.0 0.2 0:01.44
2930 0.0 0.2 0:01.44
2930 0.0 0.2 0:01.44
2930 0.0 0.2 0:01.44
2930 0.0 0.2 0:01.44
2930 0.0 0.2 0:01.44
2930 0.0 0.2 0:01.44
2930 0.0 0.2 0:01.44
2930 0.0 0.2 0:01.44
2930 0.0 0.2 0:01.44
2930 0.0 0.2 0:01.44
2930 0.0 0.2 0:01.44
2930 0.0 0.2 0:01.44
2930 0.0 0.2 0:01.44
2930 0.0 0.2 0:01.44
2930 0.0 0.2 0:01.44
2930 0.0 0.2 0:01.44
2930 0.0 0.2 0:01.44
2930 0.0 0.2 0:01.44
2930 0.0 0.2 0:01.44
2930 0.0 0.2 0:01.44
2930 0.0 0.2 0:01.44
2930 0.0 0.2 0:01.44
2930 0.0 0.2 0:01.44
2930 0.0 0.2 0:01.44
2930 0.0 0.2 0:01.44
2930 0.0 0.2 0:01.44
2930 0.0 0.2 0:01.44
2930 0.0 0.2 0:01.44
2930 0.0 0.2 0:01.44
2930 0.0 0.2 0:01.44
2930 0.0 0.2 0:01.44
2930 0.0 0.2 0:01.44
2930 0.0 0.2 0:01.44
2930 0.0 0.2 0:01.44
2930 0.0 0.2 0:01.44
2930 0.0 0.2 0:01.44
2930 0.0 0.2 0:01.44
2930 0.0 0.2 0:01.44
2930 0.0 0.2 0:01.44
2930 0.0 0.2 0:01.44
2930 0.0 0.2 0:01.44
2930 0.0 0.2 0:01.44
2930 0.0 0.2 0:01.44
2930 0.0 0.2 0:01.44
2930 0.0 0.2 0:01.44
2930 0.0 0.2 0:01.44
2930 0.0 0.2 0:01.44
2930 0.0 0.2 0:01.44
2930 0.0 0.2 0:01.44
2930 0.0 0.2 0:01.44
2930 0.0 0.2 0:01.44
2930 0.0 0.2 0:01.44
2930 0.0 0.2 0:01.44
2930 0.0 0.2 0:01.44
2930 0.0 0.2 0:01.44
2930 0.0 0.2 0:01.44
2930 0.0 0.2 0:01.44
2930 0.0 0.2 0:01.44
2930 0.0 0.2 0:01.44
2930 0.0 0.2 0:01.44
2930 0.0 0.2 0:01.44
2930 0.0 0.2 0:01.44
2930 0.0 0.2 0:01.44
2930 0.0 0.2 0:01.44
2930 5.3 0.2 0:01.45
2930 0.0 0.2 0:01.45
2930 0.0 0.2 0:01.45
2930 0.0 0.2 0:01.45
2930 0.0 0.2 0:01.45
2930 0.0 0.2 0:01.45
2930 0.0 0.2 0:01.45
2930 0.0 0.2 0:01.45
2930 0.0 0.2 0:01.45
