2923 0.0 0.1 1:14.53
2923 11.1 0.1 1:14.63
2923 10.5 0.1 1:14.75
2923 4.2 0.1 1:14.85
2923 25.0 0.1 1:14.95
2923 7.7 0.1 1:15.09
2923 8.7 0.1 1:15.25
2923 15.8 0.1 1:15.39
2923 9.1 0.1 1:15.50
2923 5.6 0.1 1:15.64
2923 5.6 0.1 1:15.75
2923 10.0 0.1 1:15.84
2923 9.1 0.1 1:15.94
2923 15.0 0.1 1:16.02
2923 10.5 0.1 1:16.11
2923 5.3 0.1 1:16.21
2923 21.1 0.1 1:16.34
2923 4.8 0.1 1:16.42
2923 10.0 0.1 1:16.50
2923 15.0 0.1 1:16.60
2923 9.1 0.1 1:16.70
2923 10.5 0.1 1:16.79
2923 15.0 0.1 1:16.89
2923 5.3 0.1 1:16.96
2923 8.7 0.1 1:17.06
2923 10.5 0.1 1:17.15
2923 10.5 0.1 1:17.25
2923 9.1 0.1 1:17.34
2923 10.0 0.1 1:17.42
2923 9.1 0.1 1:17.50
2923 5.3 0.1 1:17.59
2923 11.1 0.1 1:17.69
2923 20.0 0.1 1:17.80
2923 5.3 0.1 1:17.88
2923 10.5 0.1 1:17.98
2923 15.0 0.1 1:18.12
2923 10.5 0.1 1:18.21
2923 10.5 0.1 1:18.30
2923 10.5 0.1 1:18.40
2923 10.0 0.1 1:18.52
2923 4.8 0.1 1:18.60
2923 10.5 0.1 1:18.69
2923 15.0 0.1 1:18.82
2923 10.0 0.1 1:18.92
2923 10.5 0.1 1:19.05
2923 10.5 0.1 1:19.15
2923 4.5 0.1 1:19.25
2923 10.5 0.1 1:19.35
2923 5.3 0.1 1:19.42
2923 0.0 0.1 1:19.43
