2923 9.5 0.1 1:48.90
2923 15.0 0.1 1:49.04
2923 13.0 0.1 1:49.16
2923 9.5 0.1 1:49.30
2923 13.6 0.1 1:49.47
2923 5.0 0.1 1:49.53
2923 9.1 0.1 1:49.62
2923 22.2 0.1 1:49.74
2923 8.3 0.1 1:49.89
2923 15.8 0.1 1:49.97
2923 8.7 0.1 1:50.04
2923 10.0 0.1 1:50.10
2923 15.8 0.1 1:50.16
2923 5.0 0.1 1:50.22
2923 11.1 0.1 1:50.28
2923 4.8 0.1 1:50.35
2923 8.7 0.1 1:50.44
2923 5.3 0.1 1:50.49
2923 10.0 0.1 1:50.57
2923 4.8 0.1 1:50.65
2923 5.0 0.1 1:50.72
2923 5.6 0.1 1:50.80
2923 4.8 0.1 1:50.87
2923 5.3 0.1 1:50.95
2923 5.3 0.1 1:51.02
