2925 4.0 0.1 0:23.39
2925 5.3 0.1 0:23.46
2925 3.8 0.1 0:23.52
2925 3.7 0.1 0:23.57
2925 4.2 0.1 0:23.60
2925 0.0 0.1 0:23.61
2925 0.0 0.1 0:23.61
2925 3.4 0.1 0:23.63
2925 5.0 0.1 0:23.66
2925 0.0 0.1 0:23.67
2925 4.8 0.1 0:23.68
2925 5.3 0.1 0:23.69
2925 5.3 0.1 0:23.70
2925 0.0 0.1 0:23.70
2925 0.0 0.1 0:23.70
2925 0.0 0.1 0:23.71
2925 0.0 0.1 0:23.71
2925 5.6 0.1 0:23.72
2925 0.0 0.1 0:23.72
2925 0.0 0.1 0:23.73
2925 0.0 0.1 0:23.73
2925 0.0 0.1 0:23.74
2925 5.3 0.1 0:23.75
2925 0.0 0.1 0:23.75
2925 5.0 0.1 0:23.76
