2925 10.0 0.1 0:16.17
2925 8.3 0.1 0:16.24
2925 9.1 0.1 0:16.28
2925 4.3 0.1 0:16.32
2925 4.8 0.1 0:16.37
2925 0.0 0.1 0:16.38
2925 0.0 0.1 0:16.39
2925 0.0 0.1 0:16.41
2925 0.0 0.1 0:16.43
2925 0.0 0.1 0:16.45
2925 0.0 0.1 0:16.47
2925 0.0 0.1 0:16.49
2925 0.0 0.1 0:16.50
2925 0.0 0.1 0:16.51
2925 0.0 0.1 0:16.52
2925 0.0 0.1 0:16.53
2925 0.0 0.1 0:16.54
2925 0.0 0.1 0:16.55
2925 0.0 0.1 0:16.57
2925 4.8 0.1 0:16.60
2925 4.0 0.1 0:16.62
2925 0.0 0.1 0:16.62
2925 5.6 0.1 0:16.65
2925 3.4 0.1 0:16.67
2925 5.0 0.1 0:16.68
2925 0.0 0.1 0:16.69
2925 0.0 0.1 0:16.71
2925 5.0 0.1 0:16.73
2925 0.0 0.1 0:16.75
2925 0.0 0.1 0:16.76
2925 0.0 0.1 0:16.77
2925 0.0 0.1 0:16.79
2925 0.0 0.1 0:16.80
2925 0.0 0.1 0:16.81
2925 0.0 0.1 0:16.82
2925 0.0 0.1 0:16.83
2925 0.0 0.1 0:16.84
2925 0.0 0.1 0:16.84
2925 0.0 0.1 0:16.84
2925 5.3 0.1 0:16.85
2925 0.0 0.1 0:16.86
2925 0.0 0.1 0:16.87
2925 0.0 0.1 0:16.88
2925 11.1 0.1 0:16.93
2925 0.0 0.1 0:16.97
2925 5.3 0.1 0:16.99
2925 0.0 0.1 0:17.00
2925 0.0 0.1 0:17.01
2925 5.3 0.1 0:17.03
2925 0.0 0.1 0:17.04
2925 0.0 0.1 0:17.05
