708 0.0 0.1 0:00.00
KiB used, 373480 buff/cache
708 0.0 0.1 0:00.00
708 0.0 0.1 0:00.00
708 0.0 0.1 0:00.00
708 0.0 0.1 0:00.00
708 0.0 0.1 0:00.00
708 0.0 0.1 0:00.00
708 0.0 0.1 0:00.00
708 0.0 0.1 0:00.00
708 0.0 0.1 0:00.00
708 0.0 0.1 0:00.00
708 0.0 0.1 0:00.00
708 0.0 0.1 0:00.00
708 0.0 0.1 0:00.00
708 0.0 0.1 0:00.00
708 0.0 0.1 0:00.00
708 0.0 0.1 0:00.00
708 0.0 0.1 0:00.00
708 0.0 0.1 0:00.00
708 0.0 0.1 0:00.00
708 0.0 0.1 0:00.00
708 0.0 0.1 0:00.00
708 0.0 0.1 0:00.00
708 0.0 0.1 0:00.00
708 0.0 0.1 0:00.00
708 0.0 0.1 0:00.00
708 0.0 0.1 0:00.00
708 0.0 0.1 0:00.00
708 0.0 0.1 0:00.00
708 0.0 0.1 0:00.00
708 0.0 0.1 0:00.00
708 0.0 0.1 0:00.00
708 0.0 0.1 0:00.00
708 0.0 0.1 0:00.00
708 0.0 0.1 0:00.00
20708 10.5 0.2 0:00.08
708 0.0 0.1 0:00.00
708 0.0 0.1 0:00.00
708 0.0 0.1 0:00.00
708 0.0 0.1 0:00.00
708 0.0 0.1 0:00.00
708 0.0 0.1 0:00.00
708 0.0 0.1 0:00.00
708 0.0 0.1 0:00.00
708 0.0 0.1 0:00.00
708 0.0 0.1 0:00.00
708 0.0 0.1 0:00.00
708 0.0 0.1 0:00.00
708 0.0 0.1 0:00.00
708 0.0 0.1 0:00.00
708 0.0 0.1 0:00.00
708 0.0 0.1 0:00.00
708 0.0 0.1 0:00.00
708 0.0 0.1 0:00.00
708 0.0 0.1 0:00.00
708 0.0 0.1 0:00.00
708 0.0 0.1 0:00.00
708 0.0 0.1 0:00.00
708 0.0 0.1 0:00.00
21708 10.5 0.2 0:00.06
708 0.0 0.1 0:00.00
708 0.0 0.1 0:00.00
708 0.0 0.1 0:00.00
708 0.0 0.1 0:00.00
708 0.0 0.1 0:00.00
708 0.0 0.1 0:00.00
708 0.0 0.1 0:00.00
708 0.0 0.1 0:00.00
708 0.0 0.1 0:00.00
708 0.0 0.1 0:00.00
708 0.0 0.1 0:00.00
708 0.0 0.1 0:00.00
708 0.0 0.1 0:00.00
708 0.0 0.1 0:00.00
708 0.0 0.1 0:00.00
708 0.0 0.1 0:00.00
708 0.0 0.1 0:00.00
708 0.0 0.1 0:00.00
708 0.0 0.1 0:00.00
708 0.0 0.1 0:00.00
708 0.0 0.1 0:00.00
708 0.0 0.1 0:00.00
