709 0.0 0.4 2:16.33
709 5.6 0.4 2:16.36
709 0.0 0.4 2:16.38
709 0.0 0.4 2:16.40
709 0.0 0.4 2:16.42
709 0.0 0.4 2:16.44
709 10.5 0.4 2:16.48
709 0.0 0.4 2:16.50
709 5.6 0.4 2:16.52
709 0.0 0.4 2:16.54
709 0.0 0.4 2:16.56
709 5.6 0.4 2:16.59
709 0.0 0.4 2:16.60
709 0.0 0.4 2:16.63
709 0.0 0.4 2:16.64
709 0.0 0.4 2:16.66
709 5.3 0.4 2:16.69
709 5.3 0.4 2:16.71
709 5.6 0.4 2:16.73
709 0.0 0.4 2:16.74
709 5.3 0.4 2:16.77
709 5.6 0.4 2:16.79
709 0.0 0.4 2:16.81
709 5.3 0.4 2:16.83
709 0.0 0.4 2:16.84
709 0.0 0.4 2:16.86
709 0.0 0.4 2:16.89
709 0.0 0.4 2:16.90
709 0.0 0.4 2:16.92
709 0.0 0.4 2:16.94
709 0.0 0.4 2:16.96
709 5.6 0.4 2:16.98
709 5.6 0.4 2:17.00
709 0.0 0.4 2:17.02
709 0.0 0.4 2:17.04
709 0.0 0.4 2:17.06
709 5.6 0.4 2:17.08
709 0.0 0.4 2:17.10
709 0.0 0.4 2:17.13
709 0.0 0.4 2:17.15
709 5.3 0.4 2:17.18
709 5.6 0.4 2:17.21
709 0.0 0.4 2:17.23
709 5.0 0.4 2:17.25
709 0.0 0.4 2:17.27
709 0.0 0.4 2:17.29
709 0.0 0.4 2:17.31
709 0.0 0.4 2:17.33
709 0.0 0.4 2:17.35
709 5.3 0.4 2:17.37
709 0.0 0.4 2:17.39
709 0.0 0.4 2:17.42
709 0.0 0.4 2:17.43
709 0.0 0.4 2:17.45
709 5.3 0.4 2:17.48
709 0.0 0.4 2:17.50
709 0.0 0.4 2:17.52
709 0.0 0.4 2:17.54
709 0.0 0.4 2:17.56
709 0.0 0.4 2:17.58
709 5.3 0.4 2:17.61
709 0.0 0.4 2:17.62
709 0.0 0.4 2:17.64
709 5.6 0.4 2:17.67
709 5.3 0.4 2:17.69
709 0.0 0.4 2:17.71
709 5.3 0.4 2:17.73
709 0.0 0.4 2:17.75
709 0.0 0.4 2:17.77
709 0.0 0.4 2:17.79
709 0.0 0.4 2:17.81
709 5.6 0.4 2:17.83
709 0.0 0.4 2:17.85
709 0.0 0.4 2:17.86
709 5.6 0.4 2:17.89
709 0.0 0.4 2:17.91
709 11.1 0.4 2:17.95
709 11.1 0.4 2:17.97
709 11.1 0.4 2:17.99
709 0.0 0.4 2:18.01
709 0.0 0.4 2:18.02
709 0.0 0.4 2:18.02
709 0.0 0.4 2:18.02
709 0.0 0.4 2:18.03
709 0.0 0.4 2:18.03
709 0.0 0.4 2:18.03
709 0.0 0.4 2:18.03
709 0.0 0.4 2:18.03
709 0.0 0.4 2:18.03
709 0.0 0.4 2:18.03
709 0.0 0.4 2:18.03
709 0.0 0.4 2:18.03
709 0.0 0.4 2:18.03
