709 5.3 0.4 2:01.30
709 0.0 0.4 2:01.32
709 5.0 0.4 2:01.35
709 11.1 0.4 2:01.39
709 0.0 0.4 2:01.41
709 10.5 0.4 2:01.45
709 0.0 0.4 2:01.47
709 0.0 0.4 2:01.49
709 5.3 0.4 2:01.52
709 0.0 0.4 2:01.55
709 0.0 0.4 2:01.57
709 5.6 0.4 2:01.60
709 0.0 0.4 2:01.62
709 5.3 0.4 2:01.65
709 5.6 0.4 2:01.68
709 0.0 0.4 2:01.70
709 5.3 0.4 2:01.74
709 5.6 0.4 2:01.76
709 0.0 0.4 2:01.79
709 0.0 0.4 2:01.82
709 5.6 0.4 2:01.84
709 0.0 0.4 2:01.86
709 0.0 0.4 2:01.89
709 5.3 0.4 2:01.93
709 0.0 0.4 2:01.95
709 0.0 0.4 2:01.97
709 0.0 0.4 2:02.00
709 0.0 0.4 2:02.02
709 5.3 0.4 2:02.05
709 10.0 0.4 2:02.09
709 0.0 0.4 2:02.10
709 5.3 0.4 2:02.13
709 5.3 0.4 2:02.16
709 11.1 0.4 2:02.20
709 0.0 0.4 2:02.21
709 5.3 0.4 2:02.24
709 0.0 0.4 2:02.26
709 0.0 0.4 2:02.29
709 5.6 0.4 2:02.32
709 5.6 0.4 2:02.35
709 5.3 0.4 2:02.38
709 5.6 0.4 2:02.41
709 0.0 0.4 2:02.44
709 5.0 0.4 2:02.46
709 5.6 0.4 2:02.49
709 5.3 0.4 2:02.52
709 0.0 0.4 2:02.55
709 0.0 0.4 2:02.58
709 5.3 0.4 2:02.60
709 5.6 0.4 2:02.63
709 0.0 0.4 2:02.65
709 5.0 0.4 2:02.68
709 5.3 0.4 2:02.71
709 5.6 0.4 2:02.73
709 0.0 0.4 2:02.75
709 5.6 0.4 2:02.78
709 11.1 0.4 2:02.82
709 5.0 0.4 2:02.84
709 0.0 0.4 2:02.86
709 0.0 0.4 2:02.88
709 5.6 0.4 2:02.91
709 5.6 0.4 2:02.94
709 0.0 0.4 2:02.96
709 0.0 0.4 2:02.99
709 0.0 0.4 2:03.01
709 4.8 0.4 2:03.05
709 0.0 0.4 2:03.07
709 5.3 0.4 2:03.10
709 0.0 0.4 2:03.12
709 11.1 0.4 2:03.16
709 0.0 0.4 2:03.17
709 5.0 0.4 2:03.20
709 0.0 0.4 2:03.22
709 0.0 0.4 2:03.24
709 0.0 0.4 2:03.27
709 5.0 0.4 2:03.30
709 0.0 0.4 2:03.32
709 5.3 0.4 2:03.35
709 0.0 0.4 2:03.37
709 0.0 0.4 2:03.37
709 0.0 0.4 2:03.37
709 0.0 0.4 2:03.37
709 0.0 0.4 2:03.37
709 0.0 0.4 2:03.37
709 0.0 0.4 2:03.37
709 0.0 0.4 2:03.37
709 0.0 0.4 2:03.37
709 0.0 0.4 2:03.37
709 0.0 0.4 2:03.37
709 0.0 0.4 2:03.37
709 0.0 0.4 2:03.37
709 0.0 0.4 2:03.37
709 0.0 0.4 2:03.37
709 0.0 0.4 2:03.37
709 0.0 0.4 2:03.37
709 0.0 0.4 2:03.37
709 0.0 0.4 2:03.37
709 0.0 0.4 2:03.37
