709 0.0 0.4 1:33.50
709 5.6 0.4 1:33.54
709 5.6 0.4 1:33.59
709 0.0 0.4 1:33.62
709 5.3 0.4 1:33.67
709 5.3 0.4 1:33.71
709 5.3 0.4 1:33.75
709 5.3 0.4 1:33.78
709 5.6 0.4 1:33.83
709 5.0 0.4 1:33.87
709 5.3 0.4 1:33.90
709 0.0 0.4 1:33.93
709 5.6 0.4 1:33.97
709 5.0 0.4 1:34.01
709 4.8 0.4 1:34.04
709 5.6 0.4 1:34.08
709 5.6 0.4 1:34.11
709 0.0 0.4 1:34.14
709 0.0 0.4 1:34.17
709 4.8 0.4 1:34.21
709 5.6 0.4 1:34.25
709 0.0 0.4 1:34.28
709 0.0 0.4 1:34.32
709 5.6 0.4 1:34.36
709 0.0 0.4 1:34.39
709 5.3 0.4 1:34.44
709 5.3 0.4 1:34.48
709 5.0 0.4 1:34.52
709 5.3 0.4 1:34.55
709 0.0 0.4 1:34.58
709 0.0 0.4 1:34.62
709 5.3 0.4 1:34.67
709 5.0 0.4 1:34.70
709 0.0 0.4 1:34.73
709 4.8 0.4 1:34.78
709 0.0 0.4 1:34.81
709 5.3 0.4 1:34.85
709 5.3 0.4 1:34.89
709 5.6 0.4 1:34.93
709 5.6 0.4 1:34.98
709 0.0 0.4 1:35.01
709 11.1 0.4 1:35.06
709 5.6 0.4 1:35.09
709 5.3 0.4 1:35.13
709 5.3 0.4 1:35.17
709 5.3 0.4 1:35.20
709 0.0 0.4 1:35.24
709 5.3 0.4 1:35.28
709 0.0 0.4 1:35.31
709 5.3 0.4 1:35.35
709 5.0 0.4 1:35.39
709 5.6 0.4 1:35.44
709 5.6 0.4 1:35.48
709 5.3 0.4 1:35.52
709 0.0 0.4 1:35.56
709 0.0 0.4 1:35.60
709 5.3 0.4 1:35.64
709 5.3 0.4 1:35.68
709 5.3 0.4 1:35.71
709 5.6 0.4 1:35.76
709 4.8 0.4 1:35.79
709 0.0 0.4 1:35.83
709 0.0 0.4 1:35.87
709 5.6 0.4 1:35.91
709 0.0 0.4 1:35.95
709 0.0 0.4 1:35.99
709 5.6 0.4 1:36.03
709 5.3 0.4 1:36.07
709 5.6 0.4 1:36.11
709 5.0 0.4 1:36.15
709 10.5 0.4 1:36.20
709 5.3 0.4 1:36.22
709 5.3 0.4 1:36.26
709 5.6 0.4 1:36.30
709 5.3 0.4 1:36.35
709 5.3 0.4 1:36.39
709 4.8 0.4 1:36.44
709 5.6 0.4 1:36.48
709 0.0 0.4 1:36.50
709 0.0 0.4 1:36.51
709 0.0 0.4 1:36.51
709 0.0 0.4 1:36.51
709 0.0 0.4 1:36.51
709 0.0 0.4 1:36.51
709 0.0 0.4 1:36.51
709 0.0 0.4 1:36.51
709 0.0 0.4 1:36.51
709 0.0 0.4 1:36.51
709 0.0 0.4 1:36.51
709 0.0 0.4 1:36.51
709 0.0 0.4 1:36.51
