709 9.5 0.4 1:15.64
709 5.3 0.4 1:15.67
709 5.6 0.4 1:15.72
709 5.3 0.4 1:15.77
709 0.0 0.4 1:15.81
709 0.0 0.4 1:15.86
709 5.3 0.4 1:15.92
709 10.5 0.4 1:15.99
709 10.5 0.4 1:16.04
709 0.0 0.4 1:16.07
709 5.3 0.4 1:16.12
709 5.6 0.4 1:16.17
709 5.3 0.4 1:16.23
709 0.0 0.4 1:16.27
709 0.0 0.4 1:16.32
709 5.0 0.4 1:16.38
709 5.3 0.4 1:16.43
709 0.0 0.4 1:16.47
709 5.6 0.4 1:16.53
709 10.5 0.4 1:16.59
709 0.0 0.4 1:16.63
709 5.3 0.4 1:16.69
709 0.0 0.4 1:16.73
709 5.6 0.4 1:16.79
709 5.6 0.4 1:16.84
709 5.3 0.4 1:16.90
709 5.0 0.4 1:16.96
709 0.0 0.4 1:17.01
709 0.0 0.4 1:17.06
709 0.0 0.4 1:17.12
709 5.3 0.4 1:17.17
709 4.8 0.4 1:17.22
709 5.6 0.4 1:17.27
709 5.3 0.4 1:17.32
709 5.3 0.4 1:17.38
709 5.3 0.4 1:17.43
709 5.3 0.4 1:17.48
709 5.6 0.4 1:17.52
709 5.6 0.4 1:17.57
709 0.0 0.4 1:17.61
709 5.3 0.4 1:17.66
709 5.3 0.4 1:17.71
709 0.0 0.4 1:17.76
709 5.3 0.4 1:17.80
709 5.6 0.4 1:17.86
709 5.6 0.4 1:17.91
709 5.3 0.4 1:17.97
709 5.6 0.4 1:18.03
709 5.3 0.4 1:18.08
709 5.6 0.4 1:18.12
709 5.6 0.4 1:18.17
709 5.3 0.4 1:18.23
709 5.6 0.4 1:18.28
709 5.6 0.4 1:18.33
709 5.3 0.4 1:18.38
709 5.6 0.4 1:18.43
709 4.8 0.4 1:18.49
709 0.0 0.4 1:18.53
709 5.6 0.4 1:18.58
709 5.6 0.4 1:18.63
709 5.6 0.4 1:18.68
709 0.0 0.4 1:18.72
709 5.6 0.4 1:18.77
709 5.3 0.4 1:18.82
709 0.0 0.4 1:18.86
709 5.6 0.4 1:18.91
709 10.5 0.4 1:18.98
709 5.3 0.4 1:19.03
709 0.0 0.4 1:19.07
709 0.0 0.4 1:19.11
709 5.3 0.4 1:19.17
709 5.6 0.4 1:19.22
709 5.6 0.4 1:19.27
709 0.0 0.4 1:19.31
709 5.6 0.4 1:19.37
709 5.0 0.4 1:19.44
709 10.5 0.4 1:19.50
709 0.0 0.4 1:19.53
709 0.0 0.4 1:19.54
709 0.0 0.4 1:19.54
709 0.0 0.4 1:19.54
709 0.0 0.4 1:19.54
709 0.0 0.4 1:19.54
