710 4.0 0.4 0:21.24
710 5.0 0.4 0:21.33
710 16.7 0.4 0:21.47
710 10.5 0.4 0:21.59
710 5.3 0.4 0:21.72
710 11.1 0.4 0:21.84
710 10.0 0.4 0:21.97
710 10.5 0.4 0:22.08
KiB 1517104 avail Mem
710 16.7 0.4 0:22.33
710 5.6 0.4 0:22.43
710 5.6 0.4 0:22.57
710 9.5 0.4 0:22.69
710 10.0 0.4 0:22.81
710 10.0 0.4 0:22.92
710 5.6 0.4 0:23.04
11710 16.7 0.2 0:00.03
710 15.8 0.4 0:23.30
710 5.0 0.4 0:23.41
710 11.1 0.4 0:23.53
710 10.5 0.4 0:23.65
710 10.0 0.4 0:23.78
710 9.1 0.4 0:23.92
710 11.1 0.4 0:24.03
710 10.5 0.4 0:24.15
710 10.5 0.4 0:24.27
710 10.5 0.4 0:24.38
710 5.3 0.4 0:24.49
710 9.5 0.4 0:24.62
710 11.1 0.4 0:24.72
710 10.5 0.4 0:24.83
710 11.1 0.4 0:24.96
710 10.0 0.4 0:25.08
710 5.0 0.4 0:25.20
710 11.1 0.4 0:25.33
710 10.5 0.4 0:25.44
710 10.0 0.4 0:25.54
710 10.5 0.4 0:25.67
710 5.0 0.4 0:25.77
710 9.5 0.4 0:25.89
710 9.5 0.4 0:25.99
710 10.5 0.4 0:26.11
710 11.1 0.4 0:26.23
710 9.5 0.4 0:26.35
710 10.5 0.4 0:26.46
710 10.5 0.4 0:26.57
710 10.5 0.4 0:26.70
710 9.5 0.4 0:26.82
710 10.5 0.4 0:26.94
710 5.0 0.4 0:27.05
710 10.0 0.4 0:27.16
710 10.0 0.4 0:27.28
710 10.5 0.4 0:27.39
710 10.5 0.4 0:27.50
710 10.5 0.4 0:27.62
710 10.0 0.4 0:27.72
710 5.0 0.4 0:27.83
710 11.1 0.4 0:27.95
710 10.5 0.4 0:28.09
710 11.1 0.4 0:28.20
710 15.8 0.4 0:28.31
710 16.7 0.4 0:28.44
710 9.5 0.4 0:28.57
710 9.5 0.4 0:28.68
710 10.5 0.4 0:28.80
710 15.0 0.4 0:28.92
710 10.5 0.4 0:29.03
710 10.5 0.4 0:29.15
710 5.0 0.4 0:29.26
710 9.5 0.4 0:29.37
710 5.3 0.4 0:29.48
710 10.5 0.4 0:29.60
710 10.5 0.4 0:29.72
710 10.5 0.4 0:29.83
710 4.8 0.4 0:29.94
710 5.3 0.4 0:30.05
710 15.8 0.4 0:30.17
710 10.5 0.4 0:30.28
710 15.0 0.4 0:30.41
710 11.1 0.4 0:30.52
710 10.0 0.4 0:30.64
710 16.7 0.4 0:30.77
710 5.3 0.4 0:30.88
710 5.0 0.4 0:30.99
710 10.0 0.4 0:31.10
710 5.0 0.4 0:31.20
710 5.0 0.4 0:31.32
710 10.0 0.4 0:31.44
710 5.3 0.4 0:31.55
500 0.0 0.9 0:00.48
710 5.3 0.4 0:31.79
710 10.0 0.4 0:31.91
710 5.3 0.4 0:32.00
500 0.0 0.9 0:00.48
500 0.0 0.9 0:00.48
500 0.0 0.9 0:00.48
500 0.0 0.9 0:00.48
500 0.0 0.9 0:00.48
500 0.0 0.9 0:00.48
500 0.0 0.9 0:00.48
500 0.0 0.9 0:00.48
500 0.0 0.9 0:00.48
500 0.0 0.9 0:00.48
500 0.0 0.9 0:00.48
500 0.0 0.9 0:00.48
500 0.0 0.9 0:00.48
500 0.0 0.9 0:00.48
500 0.0 0.9 0:00.48
500 0.0 0.9 0:00.48
