710 10.0 0.4 1:22.55
710 5.0 0.4 1:22.61
710 9.5 0.4 1:22.74
710 10.5 0.4 1:22.83
710 10.0 0.4 1:22.93
710 9.5 0.4 1:23.04
710 15.0 0.4 1:23.17
710 5.3 0.4 1:23.28
710 11.1 0.4 1:23.36
710 10.0 0.4 1:23.45
710 7.7 0.4 1:23.57
710 10.5 0.4 1:23.65
710 4.8 0.4 1:23.75
710 5.6 0.4 1:23.83
710 11.1 0.4 1:23.91
710 5.3 0.4 1:24.00
710 5.6 0.4 1:24.08
710 5.6 0.4 1:24.17
710 10.5 0.4 1:24.27
710 13.6 0.4 1:24.36
710 11.1 0.4 1:24.44
710 9.5 0.4 1:24.54
710 5.3 0.4 1:24.63
710 10.0 0.4 1:24.75
710 5.3 0.4 1:24.84
710 5.0 0.4 1:24.93
710 10.0 0.4 1:25.04
710 11.1 0.4 1:25.14
710 5.3 0.4 1:25.23
710 10.5 0.4 1:25.33
710 5.6 0.4 1:25.41
710 5.0 0.4 1:25.51
710 9.1 0.4 1:25.61
710 10.5 0.4 1:25.71
710 5.6 0.4 1:25.79
710 5.3 0.4 1:25.88
710 4.8 0.4 1:25.97
710 11.1 0.4 1:26.07
710 5.0 0.4 1:26.15
710 5.3 0.4 1:26.24
710 9.5 0.4 1:26.32
710 11.1 0.4 1:26.43
710 5.3 0.4 1:26.50
710 10.0 0.4 1:26.60
500 0.0 0.9 0:00.48
710 10.5 0.4 1:26.79
710 5.3 0.4 1:26.87
710 10.5 0.4 1:26.96
710 15.8 0.4 1:27.06
710 10.5 0.4 1:27.16
710 5.3 0.4 1:27.24
710 16.7 0.4 1:27.34
710 5.0 0.4 1:27.43
710 10.0 0.4 1:27.55
710 10.5 0.4 1:27.66
710 11.1 0.4 1:27.74
710 10.5 0.4 1:27.85
710 10.0 0.4 1:27.94
710 10.5 0.4 1:28.04
710 5.6 0.4 1:28.15
710 10.0 0.4 1:28.26
710 11.1 0.4 1:28.35
710 11.1 0.4 1:28.44
710 5.6 0.4 1:28.52
710 15.0 0.4 1:28.63
500 0.0 0.9 0:00.48
710 5.3 0.4 1:28.80
710 5.0 0.4 1:28.91
710 10.5 0.4 1:29.01
710 15.0 0.4 1:29.11
710 10.0 0.4 1:29.20
710 5.0 0.4 1:29.32
710 10.0 0.4 1:29.42
710 11.1 0.4 1:29.51
500 0.0 0.9 0:00.48
710 5.0 0.4 1:29.72
500 0.0 0.9 0:00.48
500 0.0 0.9 0:00.48
500 0.0 0.9 0:00.48
500 0.0 0.9 0:00.48
