710 5.0 0.4 3:10.55
710 5.6 0.4 3:10.58
710 5.0 0.4 3:10.62
500 0.0 0.9 0:00.48
710 5.3 0.4 3:10.69
710 5.0 0.4 3:10.72
710 5.3 0.4 3:10.76
710 5.6 0.4 3:10.79
500 0.0 0.9 0:00.48
710 5.6 0.4 3:10.86
500 0.0 0.9 0:00.48
710 5.6 0.4 3:10.92
710 5.6 0.4 3:10.96
500 0.0 0.9 0:00.48
500 0.0 0.9 0:00.48
710 5.3 0.4 3:11.07
710 5.3 0.4 3:11.11
500 0.0 0.9 0:00.48
710 5.6 0.4 3:11.19
710 4.8 0.4 3:11.23
710 5.6 0.4 3:11.26
500 0.0 0.9 0:00.48
710 5.6 0.4 3:11.33
710 5.0 0.4 3:11.37
710 5.3 0.4 3:11.41
500 0.0 0.9 0:00.48
500 0.0 0.9 0:00.48
710 5.0 0.4 3:11.51
710 5.3 0.4 3:11.55
710 5.6 0.4 3:11.59
710 5.3 0.4 3:11.63
710 5.0 0.4 3:11.68
710 5.0 0.4 3:11.72
500 0.0 0.9 0:00.48
710 5.3 0.4 3:11.81
KiB used, 419704 buff/cache
710 5.0 0.4 3:11.88
500 0.0 0.9 0:00.48
710 5.0 0.4 3:11.95
710 5.0 0.4 3:11.98
710 5.6 0.4 3:12.02
710 5.3 0.4 3:12.06
710 5.6 0.4 3:12.11
500 0.0 0.9 0:00.48
710 5.3 0.4 3:12.18
710 5.0 0.4 3:12.21
710 5.6 0.4 3:12.25
500 0.0 0.9 0:00.48
500 0.0 0.9 0:00.48
710 5.3 0.4 3:12.36
500 0.0 0.9 0:00.48
710 10.0 0.4 3:12.44
500 0.0 0.9 0:00.48
710 5.6 0.4 3:12.49
710 4.8 0.4 3:12.53
500 0.0 0.9 0:00.48
500 0.0 0.9 0:00.48
500 0.0 0.9 0:00.48
710 5.3 0.4 3:12.69
710 11.1 0.4 3:12.74
710 5.0 0.4 3:12.77
710 5.6 0.4 3:12.80
710 5.6 0.4 3:12.85
710 5.6 0.4 3:12.89
710 5.0 0.4 3:12.94
710 5.0 0.4 3:12.97
710 5.0 0.4 3:13.01
710 5.3 0.4 3:13.05
710 10.5 0.4 3:13.10
500 0.0 0.9 0:00.48
500 0.0 0.9 0:00.48
710 5.3 0.4 3:13.19
710 5.3 0.4 3:13.23
500 0.0 0.9 0:00.48
710 5.6 0.4 3:13.31
500 0.0 0.9 0:00.48
710 5.9 0.4 3:13.39
710 5.0 0.4 3:13.44
710 5.3 0.4 3:13.47
710 10.0 0.4 3:13.52
500 0.0 0.9 0:00.48
500 0.0 0.9 0:00.48
500 0.0 0.9 0:00.48
500 0.0 0.9 0:00.48
500 0.0 0.9 0:00.48
500 0.0 0.9 0:00.48
500 0.0 0.9 0:00.48
500 0.0 0.9 0:00.48
500 0.0 0.9 0:00.48
500 0.0 0.9 0:00.48
