711 0.0 0.4 0:26.42
KiB used, 335736 buff/cache
711 10.0 0.4 0:26.60
711 5.3 0.4 0:26.69
711 5.0 0.4 0:26.78
711 5.0 0.4 0:26.89
711 10.5 0.4 0:27.00
711 10.5 0.4 0:27.09
711 13.6 0.4 0:27.21
711 10.5 0.4 0:27.29
711 5.3 0.4 0:27.38
711 10.5 0.4 0:27.49
711 10.5 0.4 0:27.58
711 5.3 0.4 0:27.67
711 10.0 0.4 0:27.76
711 5.3 0.4 0:27.85
711 9.5 0.4 0:27.95
711 5.0 0.4 0:28.04
711 10.5 0.4 0:28.13
711 10.5 0.4 0:28.23
711 5.3 0.4 0:28.33
711 5.3 0.4 0:28.43
711 5.3 0.4 0:28.53
711 5.0 0.4 0:28.62
711 10.5 0.4 0:28.73
711 11.1 0.4 0:28.84
711 5.6 0.4 0:28.93
711 5.0 0.4 0:29.03
711 9.1 0.4 0:29.14
711 5.3 0.4 0:29.22
711 10.5 0.4 0:29.31
711 9.5 0.4 0:29.42
711 5.0 0.4 0:29.51
711 11.1 0.4 0:29.62
711 10.5 0.4 0:29.71
711 10.5 0.4 0:29.80
711 5.3 0.4 0:29.89
711 10.0 0.4 0:29.99
711 5.3 0.4 0:30.07
711 10.5 0.4 0:30.17
711 5.6 0.4 0:30.25
711 5.3 0.4 0:30.34
711 5.6 0.4 0:30.43
711 5.0 0.4 0:30.52
711 9.5 0.4 0:30.63
711 4.8 0.4 0:30.72
711 4.8 0.4 0:30.81
711 11.1 0.4 0:30.91
711 10.0 0.4 0:31.01
711 14.3 0.4 0:31.12
711 4.5 0.4 0:31.21
711 10.5 0.4 0:31.30
711 10.5 0.4 0:31.40
711 5.0 0.4 0:31.49
711 10.0 0.4 0:31.59
711 5.0 0.4 0:31.68
711 5.0 0.4 0:31.78
711 4.8 0.4 0:31.87
711 11.1 0.4 0:31.97
711 5.3 0.4 0:32.05
711 11.1 0.4 0:32.15
711 5.6 0.4 0:32.24
711 11.1 0.4 0:32.34
711 5.3 0.4 0:32.43
711 5.3 0.4 0:32.53
711 4.8 0.4 0:32.62
711 5.3 0.4 0:32.72
711 10.0 0.4 0:32.83
711 11.1 0.4 0:32.92
711 4.8 0.4 0:33.00
711 10.5 0.4 0:33.10
711 5.6 0.4 0:33.20
711 15.8 0.4 0:33.31
711 5.3 0.4 0:33.40
711 5.0 0.4 0:33.50
711 5.6 0.4 0:33.59
711 10.5 0.4 0:33.69
711 10.5 0.4 0:33.80
711 5.0 0.4 0:33.89
711 5.3 0.4 0:33.98
711 10.5 0.4 0:34.07
711 10.5 0.4 0:34.16
711 5.3 0.4 0:34.25
711 5.6 0.4 0:34.34
711 5.3 0.4 0:34.43
711 5.6 0.4 0:34.51
711 5.3 0.4 0:34.60
711 11.1 0.4 0:34.70
711 5.6 0.4 0:34.80
711 10.5 0.4 0:34.92
711 5.3 0.4 0:35.00
711 5.0 0.4 0:35.09
711 0.0 0.4 0:35.13
711 0.0 0.4 0:35.14
711 0.0 0.4 0:35.14
711 0.0 0.4 0:35.14
711 0.0 0.4 0:35.14
711 0.0 0.4 0:35.14
711 0.0 0.4 0:35.14
711 0.0 0.4 0:35.14
711 0.0 0.4 0:35.14
711 0.0 0.4 0:35.14
711 0.0 0.4 0:35.14
711 0.0 0.4 0:35.14
711 0.0 0.4 0:35.14
711 0.0 0.4 0:35.14
711 0.0 0.4 0:35.14
711 0.0 0.4 0:35.14
711 0.0 0.4 0:35.14
711 0.0 0.4 0:35.14
711 0.0 0.4 0:35.14
711 0.0 0.4 0:35.14
711 0.0 0.4 0:35.14
711 0.0 0.4 0:35.14
711 0.0 0.4 0:35.14
711 0.0 0.4 0:35.14
711 0.0 0.4 0:35.14
711 0.0 0.4 0:35.14
