712 0.0 0.4 1:24.73
712 3.7 0.4 1:24.82
712 16.7 0.4 1:24.89
712 4.8 0.4 1:24.94
712 11.1 0.4 1:25.00
712 10.5 0.4 1:25.06
712 11.1 0.4 1:25.11
712 0.0 0.4 1:25.16
712 5.0 0.4 1:25.23
712 10.5 0.4 1:25.29
712 10.5 0.4 1:25.35
712 0.0 0.4 1:25.41
712 0.0 0.4 1:25.46
712 11.1 0.4 1:25.52
712 5.0 0.4 1:25.58
712 0.0 0.4 1:25.62
712 5.6 0.4 1:25.68
712 5.6 0.4 1:25.74
712 5.6 0.4 1:25.80
712 16.7 0.4 1:25.87
712 5.0 0.4 1:25.92
712 0.0 0.4 1:25.97
712 11.1 0.4 1:26.04
712 11.1 0.4 1:26.10
712 4.2 0.4 1:26.16
712 11.1 0.4 1:26.23
712 0.0 0.4 1:26.30
712 5.3 0.4 1:26.35
712 5.3 0.4 1:26.40
712 11.8 0.4 1:26.46
712 0.0 0.4 1:26.51
712 11.1 0.4 1:26.58
712 5.6 0.4 1:26.63
712 5.6 0.4 1:26.69
712 4.2 0.4 1:26.76
712 4.3 0.4 1:26.82
712 5.6 0.4 1:26.88
712 5.6 0.4 1:26.93
712 10.5 0.4 1:27.00
712 11.1 0.4 1:27.06
712 8.7 0.4 1:27.13
712 5.6 0.4 1:27.17
712 4.0 0.4 1:27.22
712 9.1 0.4 1:27.28
712 11.1 0.4 1:27.33
712 5.6 0.4 1:27.39
712 5.0 0.4 1:27.46
712 5.6 0.4 1:27.50
712 11.1 0.4 1:27.56
712 5.6 0.4 1:27.61
712 16.7 0.4 1:27.69
712 5.3 0.4 1:27.74
712 10.5 0.4 1:27.81
712 5.6 0.4 1:27.86
712 5.6 0.4 1:27.91
712 5.6 0.4 1:27.97
712 5.3 0.4 1:28.03
712 5.3 0.4 1:28.08
712 0.0 0.4 1:28.13
712 5.3 0.4 1:28.18
712 5.3 0.4 1:28.24
712 5.0 0.4 1:28.29
712 4.3 0.4 1:28.35
712 11.1 0.4 1:28.41
712 5.6 0.4 1:28.46
712 5.6 0.4 1:28.51
712 0.0 0.4 1:28.56
KiB used, 375712 buff/cache
712 5.6 0.4 1:28.68
712 5.6 0.4 1:28.74
712 11.1 0.4 1:28.80
712 11.1 0.4 1:28.87
712 0.0 0.4 1:28.92
712 5.3 0.4 1:28.97
712 4.2 0.4 1:29.02
712 11.1 0.4 1:29.08
712 0.0 0.4 1:29.14
712 0.0 0.4 1:29.18
712 5.6 0.4 1:29.19
712 0.0 0.4 1:29.19
712 0.0 0.4 1:29.19
712 0.0 0.4 1:29.19
712 0.0 0.4 1:29.19
