712 0.0 0.4 2:39.26
712 0.0 0.4 2:39.30
712 0.0 0.4 2:39.35
712 0.0 0.4 2:39.36
712 0.0 0.4 2:39.38
712 0.0 0.4 2:39.41
712 0.0 0.4 2:39.43
712 0.0 0.4 2:39.45
712 0.0 0.4 2:39.47
712 4.8 0.4 2:39.50
712 0.0 0.4 2:39.52
712 5.6 0.4 2:39.55
712 5.0 0.4 2:39.57
712 5.6 0.4 2:39.60
712 0.0 0.4 2:39.62
712 0.0 0.4 2:39.64
712 0.0 0.4 2:39.67
712 5.3 0.4 2:39.70
712 5.3 0.4 2:39.72
712 5.6 0.4 2:39.75
712 0.0 0.4 2:39.77
712 0.0 0.4 2:39.80
712 0.0 0.4 2:39.84
712 0.0 0.4 2:39.86
712 0.0 0.4 2:39.87
712 4.5 0.4 2:39.90
712 0.0 0.4 2:39.92
712 0.0 0.4 2:39.94
712 0.0 0.4 2:39.97
712 5.6 0.4 2:40.00
712 5.3 0.4 2:40.03
712 0.0 0.4 2:40.06
712 5.6 0.4 2:40.09
712 0.0 0.4 2:40.11
712 5.6 0.4 2:40.14
712 0.0 0.4 2:40.16
712 5.6 0.4 2:40.19
712 0.0 0.4 2:40.22
712 4.5 0.4 2:40.25
712 0.0 0.4 2:40.27
712 0.0 0.4 2:40.29
712 5.6 0.4 2:40.32
712 5.9 0.4 2:40.34
712 0.0 0.4 2:40.36
712 0.0 0.4 2:40.39
712 5.6 0.4 2:40.42
712 0.0 0.4 2:40.44
712 0.0 0.4 2:40.46
712 0.0 0.4 2:40.48
712 0.0 0.4 2:40.50
KiB used, 425316 buff/cache
KiB used, 425324 buff/cache
712 0.0 0.4 2:40.58
712 4.8 0.4 2:40.60
712 0.0 0.4 2:40.63
712 0.0 0.4 2:40.65
24413 5.6 0.5 0:20.10
712 5.0 0.4 2:40.71
24413 5.9 0.5 0:20.14
712 0.0 0.4 2:40.75
24413 5.3 0.5 0:20.19
712 0.0 0.4 2:40.80
712 0.0 0.4 2:40.82
712 0.0 0.4 2:40.84
712 0.0 0.4 2:40.86
27126 15.8 0.2 0:00.03
712 0.0 0.4 2:40.91
712 4.8 0.4 2:40.94
712 0.0 0.4 2:40.96
712 11.1 0.4 2:41.00
712 0.0 0.4 2:41.01
712 0.0 0.4 2:41.04
712 0.0 0.4 2:41.07
712 0.0 0.4 2:41.09
712 0.0 0.4 2:41.11
712 5.6 0.4 2:41.14
KiB 1531712 avail Mem
KiB used, 425712 buff/cache
712 0.0 0.4 2:41.21
712 0.0 0.4 2:41.22
24413 17.6 0.5 0:20.66
712 0.0 0.4 2:41.22
712 0.0 0.4 2:41.22
24413 5.6 0.5 0:20.70
24413 5.9 0.5 0:20.72
24413 5.9 0.5 0:20.74
712 0.0 0.4 2:41.22
712 0.0 0.4 2:41.22
712 0.0 0.4 2:41.22
