2827 0.0 0.3 2:41.04
2827 11.1 0.3 2:41.13
2827 15.0 0.3 2:41.29
2827 5.6 0.3 2:41.41
2827 10.5 0.3 2:41.53
2827 30.0 0.3 2:41.73
2827 11.1 0.3 2:41.88
2827 21.1 0.3 2:42.05
2827 22.2 0.3 2:42.23
2827 10.0 0.3 2:42.41
2827 15.0 0.3 2:42.57
2827 10.5 0.3 2:42.74
2827 21.1 0.3 2:42.98
2827 16.7 0.3 2:43.15
2827 20.0 0.3 2:43.35
2827 10.5 0.3 2:43.52
2827 10.5 0.2 2:43.70
2827 26.3 0.2 2:43.88
2827 16.7 0.2 2:44.06
2827 11.1 0.2 2:44.22
2827 23.8 0.2 2:44.48
2827 15.0 0.2 2:44.70
2827 15.8 0.2 2:44.90
2827 10.5 0.2 2:45.10
2827 20.0 0.2 2:45.33
2827 22.2 0.2 2:45.52
2827 26.3 0.2 2:45.71
2827 15.8 0.2 2:45.90
2827 15.0 0.2 2:46.07
2827 5.0 0.2 2:46.23
2827 21.1 0.2 2:46.44
2827 16.7 0.2 2:46.64
2827 10.0 0.2 2:46.81
2827 10.0 0.2 2:46.99
2827 11.1 0.2 2:47.16
2827 15.8 0.2 2:47.34
2827 14.3 0.2 2:47.52
2827 16.7 0.2 2:47.69
2827 15.8 0.2 2:47.86
2827 11.1 0.2 2:48.03
2827 11.1 0.2 2:48.26
2827 4.5 0.2 2:48.43
2827 10.5 0.2 2:48.63
2827 16.7 0.2 2:48.82
2827 21.1 0.2 2:49.02
2827 16.7 0.2 2:49.20
2827 21.1 0.2 2:49.38
2827 21.1 0.2 2:49.57
2827 22.2 0.2 2:49.75
2827 15.8 0.2 2:49.91
2827 10.5 0.2 2:50.08
2827 15.0 0.2 2:50.27
2827 10.0 0.2 2:50.43
2827 10.5 0.2 2:50.61
2827 26.3 0.2 2:50.84
2827 15.8 0.2 2:51.02
2827 20.0 0.2 2:51.20
2827 15.8 0.2 2:51.37
2827 26.3 0.2 2:51.57
2827 15.8 0.2 2:51.75
2827 21.1 0.2 2:51.95
2827 16.7 0.2 2:52.13
2827 11.1 0.2 2:52.31
2827 10.5 0.2 2:52.52
2827 15.0 0.2 2:52.69
2827 21.1 0.2 2:52.87
2827 10.5 0.2 2:53.04
2827 15.8 0.2 2:53.22
2827 15.0 0.2 2:53.42
2827 15.0 0.2 2:53.60
2827 16.7 0.2 2:53.76
2827 22.2 0.2 2:53.98
2827 6.1 0.2 2:54.17
2827 11.5 0.2 2:54.36
2827 22.2 0.2 2:54.54
2827 0.0 0.2 2:54.65
