2829 0.0 0.2 0:01.31
2829 0.0 0.2 0:01.31
2829 0.0 0.2 0:01.31
2829 0.0 0.2 0:01.31
2829 0.0 0.2 0:01.31
2829 0.0 0.2 0:01.31
2829 0.0 0.2 0:01.31
2829 0.0 0.2 0:01.31
2829 0.0 0.2 0:01.31
2829 0.0 0.2 0:01.31
2829 0.0 0.2 0:01.31
2829 0.0 0.2 0:01.31
2829 0.0 0.2 0:01.31
2829 0.0 0.2 0:01.31
2829 0.0 0.2 0:01.31
2829 0.0 0.2 0:01.31
2829 0.0 0.2 0:01.31
2829 0.0 0.2 0:01.31
2829 0.0 0.2 0:01.31
2829 0.0 0.2 0:01.31
2829 0.0 0.2 0:01.31
2829 0.0 0.2 0:01.31
2829 0.0 0.2 0:01.31
2829 0.0 0.2 0:01.31
2829 0.0 0.2 0:01.31
2829 0.0 0.2 0:01.31
2829 0.0 0.2 0:01.31
2829 0.0 0.2 0:01.31
2829 0.0 0.2 0:01.31
2829 0.0 0.2 0:01.31
2829 0.0 0.2 0:01.31
2829 0.0 0.2 0:01.31
2829 0.0 0.2 0:01.31
2829 0.0 0.2 0:01.31
2829 0.0 0.2 0:01.31
2829 0.0 0.2 0:01.31
2829 0.0 0.2 0:01.31
2829 0.0 0.2 0:01.31
2829 0.0 0.2 0:01.31
2829 0.0 0.2 0:01.31
2829 0.0 0.2 0:01.31
2829 0.0 0.2 0:01.31
2829 0.0 0.2 0:01.31
2829 0.0 0.2 0:01.32
2829 0.0 0.2 0:01.32
2829 0.0 0.2 0:01.32
2829 0.0 0.2 0:01.32
2829 0.0 0.2 0:01.32
2829 0.0 0.2 0:01.32
2829 0.0 0.2 0:01.32
2829 0.0 0.2 0:01.32
2829 0.0 0.2 0:01.32
2829 0.0 0.2 0:01.32
2829 0.0 0.2 0:01.32
2829 0.0 0.2 0:01.32
2829 0.0 0.2 0:01.32
2829 0.0 0.2 0:01.32
2829 0.0 0.2 0:01.32
2829 0.0 0.2 0:01.32
2829 0.0 0.2 0:01.32
2829 0.0 0.2 0:01.32
2829 0.0 0.2 0:01.32
2829 0.0 0.2 0:01.32
2829 0.0 0.2 0:01.32
2829 0.0 0.2 0:01.32
2829 0.0 0.2 0:01.32
2829 0.0 0.2 0:01.32
2829 0.0 0.2 0:01.32
2829 0.0 0.2 0:01.32
2829 0.0 0.2 0:01.32
2829 0.0 0.2 0:01.32
2829 0.0 0.2 0:01.32
2829 0.0 0.2 0:01.32
2829 0.0 0.2 0:01.32
2829 0.0 0.2 0:01.32
2829 0.0 0.2 0:01.32
