2830 5.6 0.2 0:00.14
2830 10.5 0.2 0:00.17
2830 5.3 0.2 0:00.18
2830 11.1 0.2 0:00.20
2830 0.0 0.2 0:00.20
2830 0.0 0.2 0:00.20
2830 0.0 0.2 0:00.20
2830 0.0 0.2 0:00.20
2830 0.0 0.2 0:00.20
2830 0.0 0.2 0:00.20
2830 0.0 0.2 0:00.20
2830 0.0 0.2 0:00.20
2830 0.0 0.2 0:00.20
2830 0.0 0.2 0:00.20
2830 0.0 0.2 0:00.20
2830 0.0 0.2 0:00.20
2830 0.0 0.2 0:00.20
2830 0.0 0.2 0:00.20
2830 0.0 0.2 0:00.20
2830 0.0 0.2 0:00.20
2830 0.0 0.2 0:00.20
2830 0.0 0.2 0:00.20
2830 0.0 0.2 0:00.20
2830 0.0 0.2 0:00.20
2830 0.0 0.2 0:00.20
2830 0.0 0.2 0:00.20
2830 0.0 0.2 0:00.20
2830 0.0 0.2 0:00.20
2830 0.0 0.2 0:00.20
2830 0.0 0.2 0:00.20
2830 0.0 0.2 0:00.20
2830 0.0 0.2 0:00.20
2830 0.0 0.2 0:00.20
2830 0.0 0.2 0:00.20
2830 0.0 0.2 0:00.20
2830 0.0 0.2 0:00.20
2830 0.0 0.2 0:00.20
2830 0.0 0.2 0:00.20
2830 0.0 0.2 0:00.20
2830 0.0 0.2 0:00.20
2830 0.0 0.2 0:00.20
2830 0.0 0.2 0:00.20
2830 0.0 0.2 0:00.20
2830 0.0 0.2 0:00.20
2830 0.0 0.2 0:00.20
2830 0.0 0.2 0:00.20
2830 0.0 0.2 0:00.20
2830 0.0 0.2 0:00.20
2830 0.0 0.2 0:00.20
2830 0.0 0.2 0:00.20
2830 0.0 0.2 0:00.20
2830 0.0 0.2 0:00.20
2830 0.0 0.2 0:00.20
2830 0.0 0.2 0:00.20
2830 0.0 0.2 0:00.20
2830 0.0 0.2 0:00.20
2830 0.0 0.2 0:00.20
2830 0.0 0.2 0:00.20
2830 0.0 0.2 0:00.20
2830 0.0 0.2 0:00.20
2830 0.0 0.2 0:00.20
2830 0.0 0.2 0:00.20
2830 0.0 0.2 0:00.20
2830 0.0 0.2 0:00.20
2830 0.0 0.2 0:00.20
2830 0.0 0.2 0:00.20
2830 0.0 0.2 0:00.20
2830 0.0 0.2 0:00.20
2830 0.0 0.2 0:00.20
2830 0.0 0.2 0:00.20
2830 0.0 0.2 0:00.20
2830 0.0 0.2 0:00.20
2830 0.0 0.2 0:00.20
2830 0.0 0.2 0:00.20
2830 0.0 0.2 0:00.20
2830 0.0 0.2 0:00.20
2830 0.0 0.2 0:00.20
2830 0.0 0.2 0:00.20
2830 0.0 0.2 0:00.20
2830 0.0 0.2 0:00.20
2830 0.0 0.2 0:00.20
2830 0.0 0.2 0:00.20
2830 0.0 0.2 0:00.20
2830 0.0 0.2 0:00.20
2830 0.0 0.2 0:00.20
2830 0.0 0.2 0:00.20
2830 0.0 0.2 0:00.20
2830 0.0 0.2 0:00.20
2830 0.0 0.2 0:00.20
2830 0.0 0.2 0:00.20
2830 0.0 0.2 0:00.20
2830 0.0 0.2 0:00.20
2830 0.0 0.2 0:00.20
2830 0.0 0.2 0:00.20
2830 0.0 0.2 0:00.20
2830 0.0 0.2 0:00.20
2830 0.0 0.2 0:00.20
2830 0.0 0.2 0:00.20
2830 0.0 0.2 0:00.20
2830 0.0 0.2 0:00.20
12830 0.0 0.0 0:00.00
2830 0.0 0.2 0:00.20
2830 0.0 0.2 0:00.20
2830 0.0 0.2 0:00.20
2830 0.0 0.2 0:00.20
2830 0.0 0.2 0:00.20
2830 0.0 0.2 0:00.20
2830 0.0 0.2 0:00.20
