712 9.5 0.3 0:37.92
712 0.0 0.3 0:37.93
712 0.0 0.3 0:37.93
712 0.0 0.3 0:37.93
712 0.0 0.3 0:37.93
712 0.0 0.3 0:37.93
712 0.0 0.3 0:37.93
712 0.0 0.3 0:37.93
712 0.0 0.3 0:37.93
712 0.0 0.3 0:37.93
712 0.0 0.3 0:37.93
712 0.0 0.3 0:37.93
712 0.0 0.3 0:37.93
712 0.0 0.3 0:37.93
712 0.0 0.3 0:37.93
712 0.0 0.3 0:37.93
712 0.0 0.3 0:37.93
712 0.0 0.3 0:37.93
KiB 1537120 avail Mem
712 11.1 0.3 0:38.14
712 22.2 0.3 0:38.31
712 22.2 0.3 0:38.49
712 17.4 0.3 0:38.68
712 0.0 0.3 0:38.72
712 0.0 0.3 0:38.72
712 0.0 0.3 0:38.72
712 0.0 0.3 0:38.72
712 0.0 0.3 0:38.72
712 0.0 0.3 0:38.72
712 0.0 0.3 0:38.72
