2839 5.0 0.2 0:10.62
2839 0.0 0.2 0:10.63
2839 0.0 0.2 0:10.67
2839 16.7 0.2 0:10.71
2839 5.0 0.2 0:10.74
2839 0.0 0.2 0:10.77
2839 0.0 0.2 0:10.80
2839 5.6 0.2 0:10.83
2839 0.0 0.2 0:10.84
2839 5.3 0.2 0:10.87
2839 5.6 0.2 0:10.89
2839 0.0 0.2 0:10.91
2839 0.0 0.2 0:10.92
2839 0.0 0.2 0:10.92
2839 0.0 0.2 0:10.93
2839 0.0 0.2 0:10.94
2839 0.0 0.2 0:10.94
2839 5.6 0.2 0:10.95
2839 0.0 0.2 0:10.95
2839 0.0 0.2 0:10.97
2839 0.0 0.2 0:10.97
2839 0.0 0.2 0:10.97
2839 0.0 0.2 0:10.98
2839 0.0 0.2 0:11.00
2839 0.0 0.2 0:11.00
2839 0.0 0.2 0:11.01
2839 0.0 0.2 0:11.01
2839 0.0 0.2 0:11.02
2839 0.0 0.2 0:11.02
2839 0.0 0.2 0:11.05
2839 0.0 0.2 0:11.05
2839 0.0 0.2 0:11.05
2839 0.0 0.2 0:11.06
2839 0.0 0.2 0:11.06
2839 0.0 0.2 0:11.06
2839 0.0 0.2 0:11.07
2839 0.0 0.2 0:11.07
2839 0.0 0.2 0:11.08
2839 0.0 0.2 0:11.08
2839 0.0 0.2 0:11.09
2839 0.0 0.2 0:11.09
2839 0.0 0.2 0:11.11
2839 0.0 0.2 0:11.11
2839 0.0 0.2 0:11.11
2839 0.0 0.2 0:11.12
2839 0.0 0.2 0:11.12
2839 0.0 0.2 0:11.13
2839 0.0 0.2 0:11.13
2839 0.0 0.2 0:11.14
2839 0.0 0.2 0:11.14
2839 0.0 0.2 0:11.14
2839 0.0 0.2 0:11.15
22839 5.3 0.0 0:00.01
2839 0.0 0.2 0:11.16
2839 0.0 0.2 0:11.18
2839 0.0 0.2 0:11.18
2839 0.0 0.2 0:11.18
2839 0.0 0.2 0:11.18
2839 0.0 0.2 0:11.19
2839 0.0 0.2 0:11.19
2839 0.0 0.2 0:11.19
2839 0.0 0.2 0:11.20
2839 0.0 0.2 0:11.20
2839 0.0 0.2 0:11.20
2839 0.0 0.2 0:11.21
2839 0.0 0.2 0:11.22
2839 5.6 0.2 0:11.24
2839 0.0 0.2 0:11.25
2839 5.3 0.2 0:11.27
2839 0.0 0.2 0:11.28
2839 0.0 0.2 0:11.30
2839 0.0 0.2 0:11.33
2839 0.0 0.2 0:11.35
2839 5.3 0.2 0:11.38
2839 0.0 0.2 0:11.40
2839 0.0 0.2 0:11.43
2839 5.6 0.2 0:11.46
2839 5.3 0.2 0:11.48
2839 0.0 0.2 0:11.51
2839 5.3 0.2 0:11.53
2839 5.6 0.2 0:11.55
2839 0.0 0.2 0:11.57
2839 5.3 0.2 0:11.61
2839 0.0 0.2 0:11.63
2839 5.6 0.2 0:11.67
2839 0.0 0.2 0:11.69
2839 5.6 0.2 0:11.72
2839 0.0 0.2 0:11.74
2839 0.0 0.2 0:11.76
2839 0.0 0.2 0:11.79
2839 5.3 0.2 0:11.82
2839 5.0 0.2 0:11.84
2839 5.3 0.2 0:11.86
2839 0.0 0.2 0:11.88
2839 5.3 0.2 0:11.91
2839 0.0 0.2 0:11.93
2839 5.6 0.2 0:11.96
2839 0.0 0.2 0:11.98
2839 0.0 0.2 0:12.01
2839 0.0 0.2 0:12.04
2839 0.0 0.2 0:12.06
2839 5.6 0.2 0:12.09
2839 5.3 0.2 0:12.12
2839 5.6 0.2 0:12.16
2839 0.0 0.2 0:12.18
2839 5.3 0.2 0:12.22
2839 0.0 0.2 0:12.24
2839 0.0 0.2 0:12.28
2839 0.0 0.2 0:12.31
2839 5.3 0.2 0:12.34
2839 5.0 0.2 0:12.37
2839 5.6 0.2 0:12.40
2839 0.0 0.2 0:12.42
2839 0.0 0.2 0:12.44
2839 0.0 0.2 0:12.46
2839 0.0 0.2 0:12.49
2839 0.0 0.2 0:12.51
2839 5.3 0.2 0:12.54
2839 5.3 0.2 0:12.57
2839 0.0 0.2 0:12.59
2839 0.0 0.2 0:12.62
2839 0.0 0.2 0:12.65
2839 0.0 0.2 0:12.68
2839 0.0 0.2 0:12.70
2839 0.0 0.2 0:12.73
2839 0.0 0.2 0:12.75
2839 5.6 0.2 0:12.78
2839 0.0 0.2 0:12.79
2839 5.3 0.2 0:12.82
2839 0.0 0.2 0:12.85
2839 5.3 0.2 0:12.88
2839 0.0 0.2 0:12.90
2839 5.3 0.2 0:12.94
2839 5.6 0.2 0:12.97
2839 0.0 0.2 0:13.00
2839 0.0 0.2 0:13.02
2839 5.3 0.2 0:13.06
2839 0.0 0.2 0:13.08
2839 5.3 0.2 0:13.12
2839 0.0 0.2 0:13.14
2839 5.3 0.2 0:13.17
2839 0.0 0.2 0:13.19
2839 0.0 0.2 0:13.21
2839 0.0 0.2 0:13.23
2839 5.3 0.2 0:13.26
2839 0.0 0.2 0:13.30
2839 0.0 0.2 0:13.33
2839 0.0 0.2 0:13.36
2839 5.6 0.2 0:13.39
2839 0.0 0.2 0:13.42
2839 0.0 0.2 0:13.45
2839 0.0 0.2 0:13.47
2839 0.0 0.2 0:13.49
2839 0.0 0.2 0:13.51
2839 0.0 0.2 0:13.53
2839 0.0 0.2 0:13.57
2839 0.0 0.2 0:13.59
2839 5.3 0.2 0:13.61
2839 5.3 0.2 0:13.63
2839 5.3 0.2 0:13.66
2839 0.0 0.2 0:13.67
2839 0.0 0.2 0:13.70
2839 0.0 0.2 0:13.72
2839 10.5 0.2 0:13.75
2839 0.0 0.2 0:13.78
2839 5.0 0.2 0:13.80
2839 5.3 0.2 0:13.82
2839 5.6 0.2 0:13.84
2839 5.6 0.2 0:13.86
2839 0.0 0.2 0:13.88
2839 0.0 0.2 0:13.90
2839 0.0 0.2 0:13.92
2839 3.1 0.2 0:13.96
2839 5.0 0.2 0:14.00
2839 3.4 0.2 0:14.04
2839 0.0 0.2 0:14.05
2839 0.0 0.2 0:14.09
2839 0.0 0.2 0:14.12
2839 5.0 0.2 0:14.16
2839 0.0 0.2 0:14.18
2839 0.0 0.2 0:14.21
2839 4.8 0.2 0:14.25
2839 0.0 0.2 0:14.27
2839 5.6 0.2 0:14.30
2839 5.3 0.2 0:14.33
2839 5.3 0.2 0:14.35
2839 0.0 0.2 0:14.37
2839 0.0 0.2 0:14.39
2839 0.0 0.2 0:14.42
2839 0.0 0.2 0:14.44
2839 0.0 0.2 0:14.47
2839 5.6 0.2 0:14.51
2839 5.3 0.2 0:14.54
2839 5.3 0.2 0:14.56
2839 0.0 0.2 0:14.57
