2840 0.0 0.3 4:47.83
2840 5.3 0.3 4:47.96
2840 10.5 0.4 4:48.11
2840 10.0 0.4 4:48.26
2840 26.3 0.3 4:48.46
2840 15.0 0.3 4:48.62
2840 10.5 0.3 4:48.79
2840 16.7 0.4 4:48.94
2840 10.5 0.4 4:49.10
2840 15.0 0.4 4:49.27
2840 31.6 0.4 4:49.45
2840 26.3 0.4 4:49.62
2840 16.7 0.4 4:49.77
2840 10.0 0.4 4:49.94
2840 10.5 0.4 4:50.10
2840 15.0 0.4 4:50.29
2840 15.8 0.4 4:50.46
2840 20.0 0.4 4:50.69
2840 15.8 0.4 4:50.87
2840 15.0 0.4 4:51.04
2840 22.2 0.4 4:51.22
2840 15.8 0.4 4:51.38
2840 15.8 0.4 4:51.55
2840 13.6 0.4 4:51.73
2840 16.7 0.4 4:51.90
2840 15.8 0.4 4:52.07
2840 10.5 0.4 4:52.25
2840 16.7 0.4 4:52.43
2840 19.0 0.4 4:52.61
2840 10.5 0.4 4:52.76
2840 15.8 0.4 4:52.94
2840 14.3 0.4 4:53.12
2840 22.2 0.4 4:53.29
2840 23.8 0.4 4:53.48
2840 21.1 0.4 4:53.68
2840 22.2 0.4 4:53.85
2840 14.3 0.4 4:54.02
2840 15.0 0.4 4:54.21
2840 11.1 0.4 4:54.37
2840 16.7 0.4 4:54.57
2840 16.7 0.4 4:54.75
2840 15.4 0.4 4:54.98
2840 13.0 0.4 4:55.18
2840 11.1 0.4 4:55.37
2840 9.5 0.4 4:55.55
2840 16.7 0.4 4:55.72
2840 10.5 0.4 4:55.89
2840 15.8 0.4 4:56.07
2840 15.0 0.4 4:56.23
2840 15.8 0.4 4:56.41
2840 15.8 0.4 4:56.58
2840 15.0 0.4 4:56.75
2840 15.8 0.4 4:56.92
2840 15.8 0.4 4:57.08
2840 11.1 0.4 4:57.25
2840 10.5 0.4 4:57.43
2840 15.8 0.4 4:57.60
2840 16.7 0.4 4:57.77
2840 15.8 0.4 4:57.94
2840 15.8 0.4 4:58.12
2840 16.7 0.4 4:58.28
2840 11.1 0.4 4:58.46
2840 15.8 0.4 4:58.63
2840 11.1 0.4 4:58.79
2840 10.5 0.4 4:58.96
2840 10.0 0.4 4:59.15
2840 15.8 0.4 4:59.32
2840 10.5 0.4 4:59.50
2840 10.5 0.4 4:59.67
2840 15.8 0.4 4:59.86
2840 14.3 0.4 5:00.03
2840 16.7 0.4 5:00.19
2840 21.1 0.4 5:00.37
2840 16.7 0.4 5:00.53
2840 15.8 0.4 5:00.71
2840 16.7 0.4 5:00.89
2840 20.0 0.4 5:01.07
2840 15.8 0.4 5:01.23
2840 15.8 0.4 5:01.40
2840 11.1 0.4 5:01.57
2840 15.8 0.4 5:01.75
2840 16.7 0.4 5:01.92
2840 21.1 0.4 5:02.09
2840 15.8 0.4 5:02.28
2840 14.3 0.4 5:02.45
2840 19.0 0.4 5:02.63
2840 10.5 0.4 5:02.79
2840 5.3 0.4 5:02.88
