2840 5.6 0.4 7:05.32
2840 0.0 0.4 7:05.41
2840 13.6 0.4 7:05.58
2840 10.0 0.4 7:05.72
2840 15.0 0.4 7:05.87
2840 21.1 0.4 7:06.03
2840 5.0 0.4 7:06.21
2840 10.5 0.4 7:06.36
2840 10.0 0.4 7:06.52
2840 15.8 0.4 7:06.69
2840 9.5 0.4 7:06.84
2840 13.6 0.4 7:07.01
2840 15.0 0.3 7:07.18
2840 10.5 0.3 7:07.32
2840 9.5 0.3 7:07.47
2840 15.8 0.3 7:07.63
2840 15.8 0.3 7:07.78
2840 15.0 0.3 7:07.94
2840 16.7 0.3 7:08.10
2840 14.3 0.3 7:08.27
2840 15.8 0.3 7:08.42
2840 16.7 0.3 7:08.58
2840 15.0 0.3 7:08.74
2840 10.5 0.3 7:08.89
2840 15.0 0.3 7:09.09
2840 16.7 0.3 7:09.25
2840 22.2 0.3 7:09.40
2840 15.0 0.3 7:09.55
2840 20.0 0.3 7:09.74
2840 10.0 0.3 7:09.90
2840 10.5 0.3 7:10.07
2840 10.0 0.3 7:10.23
2840 10.0 0.3 7:10.38
2840 16.7 0.3 7:10.53
2840 10.5 0.3 7:10.68
2840 10.0 0.3 7:10.85
2840 12.5 0.3 7:11.05
2840 17.4 0.3 7:11.22
2840 15.8 0.3 7:11.39
2840 14.3 0.3 7:11.55
2840 15.8 0.3 7:11.71
2840 15.8 0.3 7:11.87
2840 10.0 0.3 7:12.02
2840 15.0 0.3 7:12.19
2840 16.7 0.3 7:12.34
2840 15.8 0.3 7:12.51
2840 10.5 0.3 7:12.67
2840 15.0 0.3 7:12.84
2840 10.5 0.3 7:12.99
2840 16.7 0.3 7:13.16
2840 10.5 0.3 7:13.31
2840 10.5 0.3 7:13.46
2840 10.5 0.3 7:13.61
2840 10.5 0.3 7:13.76
2840 14.3 0.3 7:13.92
2840 10.5 0.3 7:14.07
2840 15.0 0.3 7:14.24
2840 10.5 0.3 7:14.39
2840 10.5 0.3 7:14.54
2840 16.7 0.3 7:14.70
2840 15.0 0.3 7:14.85
2840 19.0 0.3 7:15.02
2840 15.0 0.3 7:15.18
2840 10.5 0.3 7:15.33
2840 15.8 0.3 7:15.49
2840 10.5 0.3 7:15.64
2840 10.0 0.3 7:15.80
2840 14.3 0.3 7:15.97
2840 10.5 0.3 7:16.13
2840 16.7 0.3 7:16.29
2840 10.0 0.3 7:16.44
2840 10.5 0.3 7:16.62
2840 10.0 0.3 7:16.78
2840 9.5 0.3 7:16.94
2840 15.8 0.3 7:17.11
2840 0.0 0.3 7:17.23
