2841 0.0 0.2 0:00.82
2841 0.0 0.2 0:00.83
2841 0.0 0.2 0:00.83
2841 0.0 0.2 0:00.83
2841 0.0 0.2 0:00.83
2841 0.0 0.2 0:00.83
2841 0.0 0.2 0:00.83
2841 0.0 0.2 0:00.83
2841 0.0 0.2 0:00.83
2841 0.0 0.2 0:00.83
2841 0.0 0.2 0:00.83
2841 0.0 0.2 0:00.83
2841 0.0 0.2 0:00.83
2841 0.0 0.2 0:00.83
2841 0.0 0.2 0:00.83
2841 0.0 0.2 0:00.83
2841 0.0 0.2 0:00.83
2841 0.0 0.2 0:00.83
2841 0.0 0.2 0:00.83
2841 0.0 0.2 0:00.83
2841 0.0 0.2 0:00.83
2841 0.0 0.2 0:00.83
2841 0.0 0.2 0:00.83
2841 0.0 0.2 0:00.83
2841 0.0 0.2 0:00.83
2841 0.0 0.2 0:00.83
2841 0.0 0.2 0:00.83
2841 0.0 0.2 0:00.83
2841 0.0 0.2 0:00.83
2841 0.0 0.2 0:00.83
2841 0.0 0.2 0:00.83
2841 0.0 0.2 0:00.83
2841 0.0 0.2 0:00.83
2841 0.0 0.2 0:00.83
2841 0.0 0.2 0:00.83
2841 0.0 0.2 0:00.83
2841 0.0 0.2 0:00.83
2841 0.0 0.2 0:00.83
2841 0.0 0.2 0:00.83
2841 0.0 0.2 0:00.83
2841 0.0 0.2 0:00.83
2841 0.0 0.2 0:00.83
2841 0.0 0.2 0:00.83
2841 0.0 0.2 0:00.83
2841 0.0 0.2 0:00.83
2841 0.0 0.2 0:00.83
2841 0.0 0.2 0:00.83
2841 0.0 0.2 0:00.83
2841 0.0 0.2 0:00.83
2841 0.0 0.2 0:00.83
2841 0.0 0.2 0:00.83
2841 0.0 0.2 0:00.83
2841 0.0 0.2 0:00.83
2841 0.0 0.2 0:00.83
2841 0.0 0.2 0:00.83
2841 0.0 0.2 0:00.83
2841 0.0 0.2 0:00.83
2841 0.0 0.2 0:00.83
2841 0.0 0.2 0:00.83
2841 0.0 0.2 0:00.83
2841 0.0 0.2 0:00.83
2841 0.0 0.2 0:00.83
2841 0.0 0.2 0:00.83
2841 0.0 0.2 0:00.83
2841 0.0 0.2 0:00.83
2841 0.0 0.2 0:00.83
2841 0.0 0.2 0:00.83
2841 0.0 0.2 0:00.83
2841 0.0 0.2 0:00.83
2841 0.0 0.2 0:00.83
2841 0.0 0.2 0:00.83
2841 0.0 0.2 0:00.83
2841 0.0 0.2 0:00.83
2841 0.0 0.2 0:00.83
2841 0.0 0.2 0:00.83
2841 0.0 0.2 0:00.83
2841 0.0 0.2 0:00.83
2841 0.0 0.2 0:00.83
2841 0.0 0.2 0:00.83
2841 0.0 0.2 0:00.83
2841 0.0 0.2 0:00.83
2841 0.0 0.2 0:00.83
2841 0.0 0.2 0:00.83
2841 0.0 0.2 0:00.83
2841 0.0 0.2 0:00.83
2841 0.0 0.2 0:00.83
2841 0.0 0.2 0:00.83
2841 0.0 0.2 0:00.83
2841 0.0 0.2 0:00.83
2841 0.0 0.2 0:00.83
2841 0.0 0.2 0:00.83
2841 0.0 0.2 0:00.83
2841 0.0 0.2 0:00.83
2841 0.0 0.2 0:00.83
2841 0.0 0.2 0:00.83
2841 0.0 0.2 0:00.83
2841 0.0 0.2 0:00.83
2841 0.0 0.2 0:00.83
2841 0.0 0.2 0:00.83
2841 0.0 0.2 0:00.83
2841 0.0 0.2 0:00.83
2841 0.0 0.2 0:00.83
2841 0.0 0.2 0:00.83
2841 0.0 0.2 0:00.83
2841 0.0 0.2 0:00.83
2841 0.0 0.2 0:00.83
2841 0.0 0.2 0:00.83
2841 0.0 0.2 0:00.83
2841 0.0 0.2 0:00.83
2841 0.0 0.2 0:00.83
2841 0.0 0.2 0:00.83
2841 0.0 0.2 0:00.83
2841 0.0 0.2 0:00.83
2841 0.0 0.2 0:00.83
2841 0.0 0.2 0:00.83
2841 0.0 0.2 0:00.83
2841 0.0 0.2 0:00.83
2841 0.0 0.2 0:00.83
2841 0.0 0.2 0:00.83
2841 0.0 0.2 0:00.83
2841 0.0 0.2 0:00.83
2841 0.0 0.2 0:00.83
2841 0.0 0.2 0:00.83
2841 0.0 0.2 0:00.83
2841 0.0 0.2 0:00.83
2841 0.0 0.2 0:00.83
2841 0.0 0.2 0:00.83
2841 0.0 0.2 0:00.83
2841 0.0 0.2 0:00.83
2841 0.0 0.2 0:00.83
2841 0.0 0.2 0:00.83
2841 0.0 0.2 0:00.83
2841 0.0 0.2 0:00.83
2841 0.0 0.2 0:00.83
2841 0.0 0.2 0:00.83
