2842 5.3 0.2 0:04.56
2842 5.6 0.2 0:04.57
2842 0.0 0.2 0:04.57
2842 0.0 0.2 0:04.57
2842 0.0 0.2 0:04.57
2842 0.0 0.2 0:04.57
2842 0.0 0.2 0:04.57
2842 0.0 0.2 0:04.57
2842 0.0 0.2 0:04.57
2842 0.0 0.2 0:04.57
2842 0.0 0.2 0:04.57
2842 0.0 0.2 0:04.57
2842 0.0 0.2 0:04.57
2842 0.0 0.2 0:04.57
2842 0.0 0.2 0:04.57
2842 0.0 0.2 0:04.57
2842 0.0 0.2 0:04.57
2842 0.0 0.2 0:04.57
2842 0.0 0.2 0:04.57
2842 0.0 0.2 0:04.57
2842 0.0 0.2 0:04.58
2842 0.0 0.2 0:04.58
2842 0.0 0.2 0:04.58
2842 0.0 0.2 0:04.58
2842 0.0 0.2 0:04.58
2842 0.0 0.2 0:04.58
2842 0.0 0.2 0:04.58
2842 0.0 0.2 0:04.58
2842 0.0 0.2 0:04.58
2842 0.0 0.2 0:04.58
2842 0.0 0.2 0:04.58
2842 0.0 0.2 0:04.58
2842 0.0 0.2 0:04.58
2842 0.0 0.2 0:04.58
2842 0.0 0.2 0:04.58
2842 0.0 0.2 0:04.58
2842 0.0 0.2 0:04.58
2842 0.0 0.2 0:04.58
2842 0.0 0.2 0:04.58
2842 0.0 0.2 0:04.58
2842 0.0 0.2 0:04.58
2842 0.0 0.2 0:04.58
2842 0.0 0.2 0:04.58
2842 0.0 0.2 0:04.58
2842 0.0 0.2 0:04.58
2842 0.0 0.2 0:04.58
2842 0.0 0.2 0:04.58
2842 0.0 0.2 0:04.58
2842 0.0 0.2 0:04.58
2842 0.0 0.2 0:04.58
2842 0.0 0.2 0:04.58
2842 4.2 0.2 0:04.59
2842 0.0 0.2 0:04.59
2842 0.0 0.2 0:04.59
2842 0.0 0.2 0:04.59
2842 0.0 0.2 0:04.59
2842 0.0 0.2 0:04.59
2842 0.0 0.2 0:04.59
2842 0.0 0.2 0:04.59
2842 0.0 0.2 0:04.59
2842 0.0 0.2 0:04.59
2842 0.0 0.2 0:04.59
2842 0.0 0.2 0:04.59
2842 0.0 0.2 0:04.59
2842 0.0 0.2 0:04.59
2842 0.0 0.2 0:04.59
2842 0.0 0.2 0:04.59
2842 0.0 0.2 0:04.59
2842 0.0 0.2 0:04.59
2842 0.0 0.2 0:04.59
2842 0.0 0.2 0:04.59
2842 0.0 0.2 0:04.59
2842 0.0 0.2 0:04.59
2842 0.0 0.2 0:04.59
2842 0.0 0.2 0:04.59
2842 0.0 0.2 0:04.59
