716 0.0 0.1 0:00.00
716 0.0 0.1 0:00.00
716 0.0 0.1 0:00.00
716 0.0 0.1 0:00.00
716 0.0 0.1 0:00.00
716 0.0 0.1 0:00.00
716 0.0 0.1 0:00.00
716 0.0 0.1 0:00.00
716 0.0 0.1 0:00.00
716 0.0 0.1 0:00.00
716 0.0 0.1 0:00.00
716 0.0 0.1 0:00.00
716 0.0 0.1 0:00.00
716 0.0 0.1 0:00.00
716 0.0 0.1 0:00.00
716 0.0 0.1 0:00.00
716 0.0 0.1 0:00.00
716 0.0 0.1 0:00.00
716 0.0 0.1 0:00.00
716 0.0 0.1 0:00.00
716 0.0 0.1 0:00.00
716 0.0 0.1 0:00.00
716 0.0 0.1 0:00.00
716 0.0 0.1 0:00.00
716 0.0 0.1 0:00.00
716 0.0 0.1 0:00.00
716 0.0 0.1 0:00.00
716 0.0 0.1 0:00.00
716 0.0 0.1 0:00.00
716 0.0 0.1 0:00.00
716 0.0 0.1 0:00.00
716 0.0 0.1 0:00.00
716 0.0 0.1 0:00.00
KiB used, 326172 buff/cache
716 0.0 0.1 0:00.00
716 0.0 0.1 0:00.00
716 0.0 0.1 0:00.00
716 0.0 0.1 0:00.00
716 0.0 0.1 0:00.00
716 0.0 0.1 0:00.00
716 0.0 0.1 0:00.00
716 0.0 0.1 0:00.00
716 0.0 0.1 0:00.00
716 0.0 0.1 0:00.00
716 0.0 0.1 0:00.00
716 0.0 0.1 0:00.00
716 0.0 0.1 0:00.00
716 0.0 0.1 0:00.00
KiB used, 326264 buff/cache
716 0.0 0.1 0:00.00
716 0.0 0.1 0:00.00
716 0.0 0.1 0:00.00
716 0.0 0.1 0:00.00
716 0.0 0.1 0:00.00
716 0.0 0.1 0:00.00
716 0.0 0.1 0:00.00
716 0.0 0.1 0:00.00
716 0.0 0.1 0:00.00
716 0.0 0.1 0:00.00
716 0.0 0.1 0:00.00
716 0.0 0.1 0:00.00
716 0.0 0.1 0:00.00
716 0.0 0.1 0:00.00
716 0.0 0.1 0:00.00
716 0.0 0.1 0:00.00
716 0.0 0.1 0:00.00
716 0.0 0.1 0:00.00
716 0.0 0.1 0:00.00
716 0.0 0.1 0:00.00
716 0.0 0.1 0:00.00
716 0.0 0.1 0:00.00
716 0.0 0.1 0:00.00
716 0.0 0.1 0:00.00
716 0.0 0.1 0:00.00
716 0.0 0.1 0:00.00
716 0.0 0.1 0:00.00
716 0.0 0.1 0:00.00
716 0.0 0.1 0:00.00
716 0.0 0.1 0:00.00
716 0.0 0.1 0:00.00
716 0.0 0.1 0:00.00
KiB used, 326472 buff/cache
716 0.0 0.1 0:00.00
716 0.0 0.1 0:00.00
716 0.0 0.1 0:00.00
716 0.0 0.1 0:00.00
716 0.0 0.1 0:00.00
716 0.0 0.1 0:00.00
716 0.0 0.1 0:00.00
716 0.0 0.1 0:00.00
716 0.0 0.1 0:00.00
716 0.0 0.1 0:00.00
716 0.0 0.1 0:00.00
716 0.0 0.1 0:00.00
716 0.0 0.1 0:00.00
716 0.0 0.1 0:00.00
716 0.0 0.1 0:00.00
716 0.0 0.1 0:00.00
716 0.0 0.1 0:00.00
716 0.0 0.1 0:00.00
716 0.0 0.1 0:00.00
716 0.0 0.1 0:00.00
716 0.0 0.1 0:00.00
716 0.0 0.1 0:00.00
716 0.0 0.1 0:00.00
716 0.0 0.1 0:00.00
716 0.0 0.1 0:00.00
716 0.0 0.1 0:00.00
716 0.0 0.1 0:00.00
716 0.0 0.1 0:00.00
716 0.0 0.1 0:00.00
716 0.0 0.1 0:00.00
716 0.0 0.1 0:00.00
716 0.0 0.1 0:00.00
716 0.0 0.1 0:00.00
716 0.0 0.1 0:00.00
716 0.0 0.1 0:00.00
716 0.0 0.1 0:00.00
716 0.0 0.1 0:00.00
716 0.0 0.1 0:00.00
716 0.0 0.1 0:00.00
716 0.0 0.1 0:00.00
716 0.0 0.1 0:00.00
716 0.0 0.1 0:00.00
716 0.0 0.1 0:00.00
716 0.0 0.1 0:00.00
716 0.0 0.1 0:00.00
716 0.0 0.1 0:00.00
716 0.0 0.1 0:00.00
716 0.0 0.1 0:00.00
716 0.0 0.1 0:00.00
23716 11.1 0.2 0:00.05
716 0.0 0.1 0:00.00
716 0.0 0.1 0:00.00
716 0.0 0.1 0:00.00
716 0.0 0.1 0:00.00
716 0.0 0.1 0:00.00
716 0.0 0.1 0:00.00
716 0.0 0.1 0:00.00
716 0.0 0.1 0:00.00
716 0.0 0.1 0:00.00
716 0.0 0.1 0:00.00
KiB used, 326796 buff/cache
716 0.0 0.1 0:00.00
716 0.0 0.1 0:00.00
716 0.0 0.1 0:00.00
716 0.0 0.1 0:00.00
716 0.0 0.1 0:00.00
716 0.0 0.1 0:00.00
716 0.0 0.1 0:00.00
716 0.0 0.1 0:00.00
KiB used, 326884 buff/cache
716 0.0 0.1 0:00.00
716 0.0 0.1 0:00.00
716 0.0 0.1 0:00.00
716 0.0 0.1 0:00.00
716 0.0 0.1 0:00.00
716 0.0 0.1 0:00.00
716 0.0 0.1 0:00.00
