718 15.8 0.3 0:25.26
718 0.0 0.3 0:25.28
718 0.0 0.3 0:25.28
718 0.0 0.3 0:25.28
718 0.0 0.3 0:25.28
718 5.6 0.3 0:25.29
718 15.0 0.3 0:25.42
718 22.7 0.3 0:25.65
718 19.0 0.3 0:25.88
718 27.8 0.3 0:26.11
718 22.2 0.3 0:26.35
718 9.5 0.3 0:26.54
718 14.3 0.3 0:26.75
718 14.3 0.3 0:26.96
718 0.0 0.3 0:26.97
718 0.0 0.3 0:26.97
718 0.0 0.3 0:26.97
718 0.0 0.3 0:26.97
718 0.0 0.3 0:26.97
718 0.0 0.3 0:26.97
718 0.0 0.3 0:26.97
718 0.0 0.3 0:26.97
718 0.0 0.3 0:26.97
718 0.0 0.3 0:26.97
718 0.0 0.3 0:26.97
718 0.0 0.3 0:26.97
718 0.0 0.3 0:26.97
718 0.0 0.3 0:26.97
718 0.0 0.3 0:26.97
718 0.0 0.3 0:26.97
718 0.0 0.3 0:26.97
718 0.0 0.3 0:26.97
718 0.0 0.3 0:26.97
