720 15.8 0.3 1:01.54
720 4.5 0.3 1:01.59
KiB 1536720 avail Mem
566 0.0 0.8 0:00.92
566 0.0 0.8 0:00.92
566 0.0 0.8 0:00.92
566 0.0 0.8 0:00.92
566 0.0 0.8 0:00.92
566 0.0 0.8 0:00.92
566 0.0 0.8 0:00.92
566 0.0 0.8 0:00.92
566 0.0 0.8 0:00.92
9720 11.1 0.2 0:00.02
566 0.0 0.8 0:00.92
566 0.0 0.8 0:00.92
566 0.0 0.8 0:00.92
566 0.0 0.8 0:00.92
566 0.0 0.8 0:00.92
566 0.0 0.8 0:00.92
566 0.0 0.8 0:00.92
566 0.0 0.8 0:00.92
566 0.0 0.8 0:00.92
566 0.0 0.8 0:00.92
566 0.0 0.8 0:00.92
566 0.0 0.8 0:00.92
566 0.0 0.8 0:00.92
566 0.0 0.8 0:00.92
566 0.0 0.8 0:00.92
566 0.0 0.8 0:00.92
566 0.0 0.8 0:00.92
566 0.0 0.8 0:00.92
566 0.0 0.8 0:00.92
566 0.0 0.8 0:00.92
566 0.0 0.8 0:00.92
720 11.1 0.3 1:01.67
566 0.0 0.8 0:00.92
566 0.0 0.8 0:00.92
720 10.5 0.3 1:01.71
566 0.0 0.8 0:00.92
566 0.0 0.8 0:00.92
566 0.0 0.8 0:00.92
566 0.0 0.8 0:00.92
566 0.0 0.8 0:00.92
566 0.0 0.8 0:00.92
566 0.0 0.8 0:00.92
566 0.0 0.8 0:00.92
566 0.0 0.8 0:00.92
720 5.6 0.3 1:01.74
566 0.0 0.8 0:00.92
566 0.0 0.8 0:00.92
9209 5.6 0.5 0:19.80
566 0.0 0.8 0:00.92
9209 5.6 0.5 0:19.84
9209 5.3 0.5 0:19.86
566 0.0 0.8 0:00.92
9209 16.7 0.5 0:19.92
720 8.7 0.3 1:01.82
566 0.0 0.8 0:00.92
566 0.0 0.8 0:00.92
566 0.0 0.8 0:00.92
566 0.0 0.8 0:00.92
566 0.0 0.8 0:00.92
9209 11.1 0.5 0:20.04
9209 5.6 0.5 0:20.05
566 0.0 0.8 0:00.92
9209 5.9 0.5 0:20.09
9209 5.9 0.5 0:20.11
566 0.0 0.8 0:00.92
566 0.0 0.8 0:00.92
566 0.0 0.8 0:00.92
566 0.0 0.8 0:00.92
9209 5.6 0.5 0:20.20
720 5.3 0.3 1:01.85
566 0.0 0.8 0:00.92
566 0.0 0.8 0:00.92
566 0.0 0.8 0:00.92
566 0.0 0.8 0:00.92
KiB used, 332844 buff/cache
566 0.0 0.8 0:00.92
566 0.0 0.8 0:00.92
566 0.0 0.8 0:00.92
566 0.0 0.8 0:00.92
9209 5.6 0.5 0:20.41
9209 5.6 0.5 0:20.43
566 0.0 0.8 0:00.92
566 0.0 0.8 0:00.92
566 0.0 0.8 0:00.92
566 0.0 0.8 0:00.92
566 0.0 0.8 0:00.92
566 0.0 0.8 0:00.92
9209 5.6 0.5 0:20.56
9209 5.3 0.5 0:20.58
566 0.0 0.8 0:00.92
566 0.0 0.8 0:00.92
566 0.0 0.8 0:00.92
9209 11.1 0.5 0:20.67
9209 5.6 0.5 0:20.68
566 0.0 0.8 0:00.92
566 0.0 0.8 0:00.92
720 5.6 0.3 1:01.99
566 0.0 0.8 0:00.92
566 0.0 0.8 0:00.92
9209 5.6 0.5 0:20.79
566 0.0 0.8 0:00.92
9209 5.6 0.5 0:20.83
9209 5.6 0.5 0:20.85
566 0.0 0.8 0:00.92
566 0.0 0.8 0:00.92
566 0.0 0.8 0:00.92
566 0.0 0.8 0:00.92
566 0.0 0.8 0:00.92
9209 5.6 0.5 0:20.96
9209 5.6 0.5 0:20.98
566 0.0 0.8 0:00.92
566 0.0 0.8 0:00.92
9209 5.6 0.5 0:21.04
566 0.0 0.8 0:00.92
566 0.0 0.8 0:00.92
566 0.0 0.8 0:00.92
566 0.0 0.8 0:00.92
9209 5.9 0.5 0:21.13
9209 5.3 0.5 0:21.15
9209 5.6 0.5 0:21.17
9209 5.6 0.5 0:21.19
566 0.0 0.8 0:00.92
9209 5.6 0.5 0:21.23
566 0.0 0.8 0:00.92
720 5.6 0.3 1:02.07
566 0.0 0.8 0:00.92
KiB used, 333108 buff/cache
566 0.0 0.8 0:00.92
9209 11.1 0.5 0:21.35
KiB 1536720 avail Mem
9209 5.6 0.5 0:21.38
9209 5.6 0.5 0:21.40
566 0.0 0.8 0:00.92
9209 5.9 0.5 0:21.44
566 0.0 0.8 0:00.92
566 0.0 0.8 0:00.92
566 0.0 0.8 0:00.92
566 0.0 0.8 0:00.92
9209 22.2 0.5 0:21.56
566 0.0 0.8 0:00.92
9209 11.8 0.5 0:21.58
9209 16.7 0.5 0:21.61
720 5.6 0.3 1:02.17
566 0.0 0.8 0:00.92
720 9.5 0.3 1:02.22
566 0.0 0.8 0:00.92
9209 5.6 0.5 0:21.69
9209 5.6 0.5 0:21.71
9209 5.0 0.5 0:21.73
566 0.0 0.8 0:00.92
566 0.0 0.8 0:00.92
KiB used, 333260 buff/cache
566 0.0 0.8 0:00.92
566 0.0 0.8 0:00.92
9209 11.1 0.5 0:21.85
9209 5.6 0.5 0:21.86
720 5.6 0.3 1:02.27
9209 5.6 0.5 0:21.90
720 5.6 0.3 1:02.28
566 0.0 0.8 0:00.92
KiB 1536720 avail Mem
9209 5.6 0.5 0:21.97
9209 5.6 0.5 0:21.99
9209 5.6 0.5 0:22.01
9209 5.9 0.5 0:22.03
9209 5.6 0.5 0:22.05
566 0.0 0.8 0:00.92
566 0.0 0.8 0:00.92
566 0.0 0.8 0:00.92
566 0.0 0.8 0:00.92
566 0.0 0.8 0:00.92
566 0.0 0.8 0:00.92
566 0.0 0.8 0:00.92
9209 11.1 0.5 0:22.21
9209 5.6 0.5 0:22.22
566 0.0 0.8 0:00.92
566 0.0 0.8 0:00.92
566 0.0 0.8 0:00.92
566 0.0 0.8 0:00.92
566 0.0 0.8 0:00.92
9209 10.5 0.5 0:22.34
9209 5.6 0.5 0:22.35
566 0.0 0.8 0:00.92
