553 0.0 0.9 0:00.49
553 0.0 0.9 0:00.49
553 0.0 0.9 0:00.49
710 5.6 0.4 0:19.10
710 5.6 0.4 0:19.12
553 0.0 0.9 0:00.49
553 0.0 0.9 0:00.49
553 0.0 0.9 0:00.49
553 0.0 0.9 0:00.49
553 0.0 0.9 0:00.49
553 0.0 0.9 0:00.49
553 0.0 0.9 0:00.49
553 0.0 0.9 0:00.49
553 0.0 0.9 0:00.49
553 0.0 0.9 0:00.49
553 0.0 0.9 0:00.49
553 0.0 0.9 0:00.49
553 0.0 0.9 0:00.49
553 0.0 0.9 0:00.49
553 0.0 0.9 0:00.49
710 5.3 0.4 0:19.21
553 0.0 0.9 0:00.49
553 0.0 0.9 0:00.49
710 5.3 0.4 0:19.27
553 0.0 0.9 0:00.49
553 0.0 0.9 0:00.49
553 0.0 0.9 0:00.49
553 0.0 0.9 0:00.49
553 0.0 0.9 0:00.49
553 0.0 0.9 0:00.49
553 0.0 0.9 0:00.49
553 0.0 0.9 0:00.49
553 0.0 0.9 0:00.49
553 0.0 0.9 0:00.49
553 0.0 0.9 0:00.49
553 0.0 0.9 0:00.49
553 0.0 0.9 0:00.49
710 5.6 0.4 0:19.32
553 0.0 0.9 0:00.49
710 5.6 0.4 0:19.33
553 0.0 0.9 0:00.49
553 0.0 0.9 0:00.49
710 5.6 0.4 0:19.40
553 0.0 0.9 0:00.49
553 0.0 0.9 0:00.49
553 0.0 0.9 0:00.49
553 0.0 0.9 0:00.49
553 0.0 0.9 0:00.49
553 0.0 0.9 0:00.49
553 0.0 0.9 0:00.49
553 0.0 0.9 0:00.49
553 0.0 0.9 0:00.49
553 0.0 0.9 0:00.49
553 0.0 0.9 0:00.49
553 0.0 0.9 0:00.49
553 0.0 0.9 0:00.49
553 0.0 0.9 0:00.49
710 5.0 0.4 0:19.45
710 5.6 0.4 0:19.47
553 0.0 0.9 0:00.49
710 5.6 0.4 0:19.50
553 0.0 0.9 0:00.49
553 0.0 0.9 0:00.49
553 0.0 0.9 0:00.49
553 0.0 0.9 0:00.49
553 0.0 0.9 0:00.49
553 0.0 0.9 0:00.49
553 0.0 0.9 0:00.49
553 0.0 0.9 0:00.49
553 0.0 0.9 0:00.49
553 0.0 0.9 0:00.49
553 0.0 0.9 0:00.49
553 0.0 0.9 0:00.49
710 5.6 0.4 0:19.53
553 0.0 0.9 0:00.49
553 0.0 0.9 0:00.49
553 0.0 0.9 0:00.49
553 0.0 0.9 0:00.49
553 0.0 0.9 0:00.49
710 5.6 0.4 0:19.60
553 0.0 0.9 0:00.49
553 0.0 0.9 0:00.49
553 0.0 0.9 0:00.49
553 0.0 0.9 0:00.49
553 0.0 0.9 0:00.49
553 0.0 0.9 0:00.49
553 0.0 0.9 0:00.49
553 0.0 0.9 0:00.49
553 0.0 0.9 0:00.49
553 0.0 0.9 0:00.49
553 0.0 0.9 0:00.49
553 0.0 0.9 0:00.49
553 0.0 0.9 0:00.49
710 5.3 0.4 0:19.64
553 0.0 0.9 0:00.49
710 10.5 0.4 0:19.72
553 0.0 0.9 0:00.49
553 0.0 0.9 0:00.49
553 0.0 0.9 0:00.49
553 0.0 0.9 0:00.49
553 0.0 0.9 0:00.49
553 0.0 0.9 0:00.49
553 0.0 0.9 0:00.49
553 0.0 0.9 0:00.49
553 0.0 0.9 0:00.49
553 0.0 0.9 0:00.49
553 0.0 0.9 0:00.49
710 5.6 0.4 0:19.79
553 0.0 0.9 0:00.49
553 0.0 0.9 0:00.49
710 5.6 0.4 0:19.82
553 0.0 0.9 0:00.49
553 0.0 0.9 0:00.49
553 0.0 0.9 0:00.49
553 0.0 0.9 0:00.49
553 0.0 0.9 0:00.49
553 0.0 0.9 0:00.49
553 0.0 0.9 0:00.49
553 0.0 0.9 0:00.49
553 0.0 0.9 0:00.49
553 0.0 0.9 0:00.49
553 0.0 0.9 0:00.49
553 0.0 0.9 0:00.49
553 0.0 0.9 0:00.49
553 0.0 0.9 0:00.49
553 0.0 0.9 0:00.49
553 0.0 0.9 0:00.49
710 5.6 0.4 0:20.00
553 0.0 0.9 0:00.49
710 5.6 0.4 0:20.02
553 0.0 0.9 0:00.49
553 0.0 0.9 0:00.49
553 0.0 0.9 0:00.49
710 5.6 0.4 0:20.13
553 0.0 0.9 0:00.49
553 0.0 0.9 0:00.49
553 0.0 0.9 0:00.49
553 0.0 0.9 0:00.49
553 0.0 0.9 0:00.49
553 0.0 0.9 0:00.49
553 0.0 0.9 0:00.49
553 0.0 0.9 0:00.49
553 0.0 0.9 0:00.49
553 0.0 0.9 0:00.49
553 0.0 0.9 0:00.49
553 0.0 0.9 0:00.49
553 0.0 0.9 0:00.49
710 5.6 0.4 0:20.18
553 0.0 0.9 0:00.49
553 0.0 0.9 0:00.49
553 0.0 0.9 0:00.49
553 0.0 0.9 0:00.49
710 5.6 0.4 0:20.25
553 0.0 0.9 0:00.49
553 0.0 0.9 0:00.49
553 0.0 0.9 0:00.49
553 0.0 0.9 0:00.49
553 0.0 0.9 0:00.49
553 0.0 0.9 0:00.49
553 0.0 0.9 0:00.49
553 0.0 0.9 0:00.49
553 0.0 0.9 0:00.49
553 0.0 0.9 0:00.49
553 0.0 0.9 0:00.49
553 0.0 0.9 0:00.49
710 5.6 0.4 0:20.29
553 0.0 0.9 0:00.49
553 0.0 0.9 0:00.49
553 0.0 0.9 0:00.49
710 5.6 0.4 0:20.35
710 5.6 0.4 0:20.37
710 5.6 0.4 0:20.38
553 0.0 0.9 0:00.49
553 0.0 0.9 0:00.49
553 0.0 0.9 0:00.49
553 0.0 0.9 0:00.49
553 0.0 0.9 0:00.49
553 0.0 0.9 0:00.49
553 0.0 0.9 0:00.49
553 0.0 0.9 0:00.49
553 0.0 0.9 0:00.49
553 0.0 0.9 0:00.49
553 0.0 0.9 0:00.49
553 0.0 0.9 0:00.49
553 0.0 0.9 0:00.49
553 0.0 0.9 0:00.49
553 0.0 0.9 0:00.49
553 0.0 0.9 0:00.49
710 5.6 0.4 0:20.48
553 0.0 0.9 0:00.49
553 0.0 0.9 0:00.49
553 0.0 0.9 0:00.49
553 0.0 0.9 0:00.49
553 0.0 0.9 0:00.49
553 0.0 0.9 0:00.49
553 0.0 0.9 0:00.49
553 0.0 0.9 0:00.49
553 0.0 0.9 0:00.49
553 0.0 0.9 0:00.49
553 0.0 0.9 0:00.49
553 0.0 0.9 0:00.49
553 0.0 0.9 0:00.49
553 0.0 0.9 0:00.49
KiB 1537108 avail Mem
553 0.0 0.9 0:00.49
553 0.0 0.9 0:00.49
553 0.0 0.9 0:00.49
553 0.0 0.9 0:00.49
553 0.0 0.9 0:00.49
553 0.0 0.9 0:00.49
553 0.0 0.9 0:00.49
553 0.0 0.9 0:00.49
553 0.0 0.9 0:00.49
553 0.0 0.9 0:00.49
553 0.0 0.9 0:00.49
553 0.0 0.9 0:00.49
553 0.0 0.9 0:00.49
553 0.0 0.9 0:00.49
