553 0.0 0.9 0:00.49
553 0.0 0.9 0:00.49
710 5.6 0.4 0:17.30
710 5.3 0.4 0:17.32
553 0.0 0.9 0:00.49
553 0.0 0.9 0:00.49
553 0.0 0.9 0:00.49
710 5.6 0.4 0:17.40
553 0.0 0.9 0:00.49
553 0.0 0.9 0:00.49
710 5.3 0.4 0:17.48
553 0.0 0.9 0:00.49
553 0.0 0.9 0:00.49
710 5.6 0.4 0:17.55
553 0.0 0.9 0:00.49
553 0.0 0.9 0:00.49
553 0.0 0.9 0:00.49
553 0.0 0.9 0:00.49
553 0.0 0.9 0:00.49
553 0.0 0.9 0:00.49
553 0.0 0.9 0:00.49
553 0.0 0.9 0:00.49
710 5.6 0.4 0:17.75
710 5.9 0.4 0:17.77
710 9.5 0.4 0:17.80
553 0.0 0.9 0:00.49
553 0.0 0.9 0:00.49
710 5.3 0.4 0:17.85
553 0.0 0.9 0:00.49
553 0.0 0.9 0:00.49
710 5.0 0.4 0:17.92
710 5.3 0.4 0:17.94
553 0.0 0.9 0:00.49
710 5.9 0.4 0:18.00
553 0.0 0.9 0:00.49
553 0.0 0.9 0:00.49
553 0.0 0.9 0:00.49
710 5.6 0.4 0:18.08
553 0.0 0.9 0:00.49
710 10.5 0.4 0:18.14
553 0.0 0.9 0:00.49
710 5.6 0.4 0:18.18
553 0.0 0.9 0:00.49
553 0.0 0.9 0:00.49
553 0.0 0.9 0:00.49
553 0.0 0.9 0:00.49
553 0.0 0.9 0:00.49
553 0.0 0.9 0:00.49
553 0.0 0.9 0:00.49
553 0.0 0.9 0:00.49
710 5.6 0.4 0:18.38
553 0.0 0.9 0:00.49
553 0.0 0.9 0:00.49
553 0.0 0.9 0:00.49
710 5.3 0.4 0:18.47
710 5.3 0.4 0:18.49
553 0.0 0.9 0:00.49
710 5.3 0.4 0:18.54
710 5.3 0.4 0:18.56
710 5.3 0.4 0:18.58
710 5.6 0.4 0:18.60
710 5.3 0.4 0:18.63
710 5.6 0.4 0:18.65
710 5.6 0.4 0:18.68
710 5.3 0.4 0:18.70
553 0.0 0.9 0:00.49
553 0.0 0.9 0:00.49
710 5.6 0.4 0:18.77
710 5.3 0.4 0:18.79
553 0.0 0.9 0:00.49
553 0.0 0.9 0:00.49
553 0.0 0.9 0:00.49
553 0.0 0.9 0:00.49
553 0.0 0.9 0:00.49
553 0.0 0.9 0:00.49
553 0.0 0.9 0:00.49
553 0.0 0.9 0:00.49
710 5.6 0.4 0:18.98
553 0.0 0.9 0:00.49
553 0.0 0.9 0:00.49
553 0.0 0.9 0:00.49
553 0.0 0.9 0:00.49
553 0.0 0.9 0:00.49
553 0.0 0.9 0:00.49
553 0.0 0.9 0:00.49
553 0.0 0.9 0:00.49
553 0.0 0.9 0:00.49
553 0.0 0.9 0:00.49
553 0.0 0.9 0:00.49
553 0.0 0.9 0:00.49
553 0.0 0.9 0:00.49
553 0.0 0.9 0:00.49
553 0.0 0.9 0:00.49
553 0.0 0.9 0:00.49
553 0.0 0.9 0:00.49
553 0.0 0.9 0:00.49
553 0.0 0.9 0:00.49
553 0.0 0.9 0:00.49
