712 5.0 0.4 0:18.13
712 5.3 0.4 0:18.15
712 0.0 0.4 0:18.17
712 0.0 0.4 0:18.19
712 5.6 0.4 0:18.23
712 0.0 0.4 0:18.24
712 5.3 0.4 0:18.27
712 0.0 0.4 0:18.29
712 0.0 0.4 0:18.31
712 11.1 0.4 0:18.35
712 0.0 0.4 0:18.36
712 0.0 0.4 0:18.38
712 0.0 0.4 0:18.41
712 0.0 0.4 0:18.43
712 5.0 0.4 0:18.46
712 0.0 0.4 0:18.48
712 0.0 0.4 0:18.51
712 0.0 0.4 0:18.54
712 0.0 0.4 0:18.56
712 0.0 0.4 0:18.58
712 5.3 0.4 0:18.61
1712 14.3 0.2 0:00.03
712 5.6 0.4 0:18.66
712 5.6 0.4 0:18.69
712 11.1 0.4 0:18.73
712 0.0 0.4 0:18.75
712 0.0 0.4 0:18.78
712 0.0 0.4 0:18.80
712 0.0 0.4 0:18.83
712 0.0 0.4 0:18.85
712 5.6 0.4 0:18.87
712 0.0 0.4 0:18.89
712 4.8 0.4 0:18.92
712 5.6 0.4 0:18.95
712 5.3 0.4 0:18.98
712 0.0 0.4 0:19.01
712 0.0 0.4 0:19.03
712 5.3 0.4 0:19.06
712 0.0 0.4 0:19.08
712 4.5 0.4 0:19.11
712 0.0 0.4 0:19.13
712 0.0 0.4 0:19.15
712 0.0 0.4 0:19.18
712 4.8 0.4 0:19.21
712 5.0 0.4 0:19.24
712 0.0 0.4 0:19.26
712 5.6 0.4 0:19.29
712 5.6 0.4 0:19.32
712 5.6 0.4 0:19.35
712 0.0 0.4 0:19.37
712 5.6 0.4 0:19.40
712 0.0 0.4 0:19.42
712 5.6 0.4 0:19.45
712 0.0 0.4 0:19.47
712 5.9 0.4 0:19.50
712 5.3 0.4 0:19.52
712 0.0 0.4 0:19.54
712 5.3 0.4 0:19.57
712 0.0 0.4 0:19.59
712 0.0 0.4 0:19.62
712 0.0 0.4 0:19.65
712 5.3 0.4 0:19.69
712 0.0 0.4 0:19.71
712 0.0 0.4 0:19.74
712 0.0 0.4 0:19.76
712 0.0 0.4 0:19.79
712 0.0 0.4 0:19.82
712 0.0 0.4 0:19.84
712 0.0 0.4 0:19.86
712 0.0 0.4 0:19.89
712 0.0 0.4 0:19.91
712 5.3 0.4 0:19.94
712 0.0 0.4 0:19.96
712 5.3 0.4 0:20.00
712 0.0 0.4 0:20.02
712 5.0 0.4 0:20.05
712 5.6 0.4 0:20.08
712 0.0 0.4 0:20.10
712 0.0 0.4 0:20.12
712 0.0 0.4 0:20.14
712 0.0 0.4 0:20.15
712 0.0 0.4 0:20.15
712 0.0 0.4 0:20.15
712 0.0 0.4 0:20.15
712 0.0 0.4 0:20.15
712 0.0 0.4 0:20.15
712 0.0 0.4 0:20.15
712 0.0 0.4 0:20.15
712 0.0 0.4 0:20.15
712 0.0 0.4 0:20.15
712 0.0 0.4 0:20.15
