712 10.0 0.4 0:31.29
KiB used, 342596 buff/cache
712 0.0 0.4 0:31.32
712 0.0 0.4 0:31.34
712 0.0 0.4 0:31.36
712 0.0 0.4 0:31.38
712 0.0 0.4 0:31.40
712 0.0 0.4 0:31.41
712 0.0 0.4 0:31.42
712 0.0 0.4 0:31.42
712 0.0 0.4 0:31.42
712 0.0 0.4 0:31.42
712 0.0 0.4 0:31.42
712 0.0 0.4 0:31.42
712 0.0 0.4 0:31.42
712 0.0 0.4 0:31.42
712 0.0 0.4 0:31.42
712 0.0 0.4 0:31.42
712 0.0 0.4 0:31.42
712 0.0 0.4 0:31.44
712 5.6 0.4 0:31.46
712 0.0 0.4 0:31.48
712 0.0 0.4 0:31.50
712 0.0 0.4 0:31.54
712 4.8 0.4 0:31.56
712 0.0 0.4 0:31.57
712 0.0 0.4 0:31.57
712 0.0 0.4 0:31.57
712 0.0 0.4 0:31.57
712 0.0 0.4 0:31.57
712 0.0 0.4 0:31.57
712 0.0 0.4 0:31.57
712 0.0 0.4 0:31.57
712 0.0 0.4 0:31.57
712 0.0 0.4 0:31.57
712 0.0 0.4 0:31.57
712 0.0 0.4 0:31.59
712 5.3 0.4 0:31.60
712 0.0 0.4 0:31.62
712 5.0 0.4 0:31.63
712 0.0 0.4 0:31.63
712 0.0 0.4 0:31.65
712 0.0 0.4 0:31.68
712 0.0 0.4 0:31.68
712 0.0 0.4 0:31.69
712 0.0 0.4 0:31.69
712 0.0 0.4 0:31.69
712 0.0 0.4 0:31.69
712 0.0 0.4 0:31.69
712 0.0 0.4 0:31.69
712 0.0 0.4 0:31.69
712 0.0 0.4 0:31.69
712 0.0 0.4 0:31.69
712 0.0 0.4 0:31.69
712 5.6 0.4 0:31.70
712 5.6 0.4 0:31.71
712 5.6 0.4 0:31.72
712 5.3 0.4 0:31.74
712 0.0 0.4 0:31.76
712 10.5 0.4 0:31.78
712 0.0 0.4 0:31.82
712 0.0 0.4 0:31.83
712 0.0 0.4 0:31.85
712 0.0 0.4 0:31.85
712 0.0 0.4 0:31.85
712 0.0 0.4 0:31.85
712 0.0 0.4 0:31.85
712 0.0 0.4 0:31.85
712 0.0 0.4 0:31.85
712 0.0 0.4 0:31.85
712 0.0 0.4 0:31.85
712 0.0 0.4 0:31.85
712 0.0 0.4 0:31.85
712 11.1 0.4 0:31.87
712 0.0 0.4 0:31.87
712 0.0 0.4 0:31.89
712 0.0 0.4 0:31.89
712 0.0 0.4 0:31.90
712 0.0 0.4 0:31.91
KiB used, 343080 buff/cache
712 0.0 0.4 0:31.93
712 0.0 0.4 0:31.95
712 0.0 0.4 0:31.95
712 0.0 0.4 0:31.95
712 0.0 0.4 0:31.95
712 0.0 0.4 0:31.95
712 0.0 0.4 0:31.95
712 0.0 0.4 0:31.95
712 0.0 0.4 0:31.95
712 0.0 0.4 0:31.95
712 0.0 0.4 0:31.95
712 0.0 0.4 0:31.95
712 5.3 0.4 0:31.97
712 0.0 0.4 0:31.97
712 0.0 0.4 0:31.99
712 0.0 0.4 0:32.01
712 5.9 0.4 0:32.03
712 0.0 0.4 0:32.03
712 0.0 0.4 0:32.05
712 0.0 0.4 0:32.05
712 0.0 0.4 0:32.05
712 0.0 0.4 0:32.05
712 0.0 0.4 0:32.05
712 0.0 0.4 0:32.05
712 0.0 0.4 0:32.05
712 0.0 0.4 0:32.05
712 0.0 0.4 0:32.05
712 0.0 0.4 0:32.05
712 0.0 0.4 0:32.06
712 0.0 0.4 0:32.06
712 10.5 0.4 0:32.08
712 0.0 0.4 0:32.08
712 0.0 0.4 0:32.11
712 0.0 0.4 0:32.13
712 0.0 0.4 0:32.15
712 5.6 0.4 0:32.17
712 0.0 0.4 0:32.18
712 5.3 0.4 0:32.19
712 0.0 0.4 0:32.19
712 0.0 0.4 0:32.19
712 0.0 0.4 0:32.19
712 0.0 0.4 0:32.19
712 0.0 0.4 0:32.19
712 0.0 0.4 0:32.19
712 5.3 0.4 0:32.20
712 0.0 0.4 0:32.20
712 0.0 0.4 0:32.21
712 5.3 0.4 0:32.22
712 0.0 0.4 0:32.22
712 5.6 0.4 0:32.25
712 0.0 0.4 0:32.25
712 5.3 0.4 0:32.27
712 5.6 0.4 0:32.29
712 0.0 0.4 0:32.29
712 0.0 0.4 0:32.32
712 0.0 0.4 0:32.33
712 0.0 0.4 0:32.34
712 0.0 0.4 0:32.34
712 0.0 0.4 0:32.34
712 0.0 0.4 0:32.34
712 0.0 0.4 0:32.34
712 0.0 0.4 0:32.34
712 0.0 0.4 0:32.34
712 0.0 0.4 0:32.34
712 5.6 0.4 0:32.35
712 5.6 0.4 0:32.36
712 5.6 0.4 0:32.39
712 0.0 0.4 0:32.42
712 0.0 0.4 0:32.42
712 0.0 0.4 0:32.45
712 0.0 0.4 0:32.46
712 0.0 0.4 0:32.47
712 0.0 0.4 0:32.48
KiB used, 343516 buff/cache
712 0.0 0.4 0:32.50
712 0.0 0.4 0:32.50
712 0.0 0.4 0:32.50
712 0.0 0.4 0:32.50
712 0.0 0.4 0:32.50
712 0.0 0.4 0:32.50
712 0.0 0.4 0:32.50
712 0.0 0.4 0:32.50
712 0.0 0.4 0:32.50
712 0.0 0.4 0:32.50
712 0.0 0.4 0:32.50
712 0.0 0.4 0:32.51
712 0.0 0.4 0:32.54
712 0.0 0.4 0:32.54
712 0.0 0.4 0:32.56
KiB used, 343588 buff/cache
712 0.0 0.4 0:32.60
712 0.0 0.4 0:32.63
712 0.0 0.4 0:32.66
712 0.0 0.4 0:32.66
712 0.0 0.4 0:32.66
712 0.0 0.4 0:32.66
712 0.0 0.4 0:32.66
712 0.0 0.4 0:32.66
712 0.0 0.4 0:32.66
712 0.0 0.4 0:32.66
712 0.0 0.4 0:32.66
712 0.0 0.4 0:32.66
712 0.0 0.4 0:32.66
712 0.0 0.4 0:32.66
712 0.0 0.4 0:32.66
712 0.0 0.4 0:32.66
712 0.0 0.4 0:32.66
712 0.0 0.4 0:32.66
712 0.0 0.4 0:32.66
712 0.0 0.4 0:32.66
712 0.0 0.4 0:32.66
712 0.0 0.4 0:32.66
