713 16.7 0.4 0:09.60
713 10.5 0.4 0:09.66
713 5.0 0.4 0:09.69
713 5.6 0.4 0:09.73
713 5.6 0.4 0:09.76
713 5.3 0.4 0:09.80
713 0.0 0.4 0:09.85
713 0.0 0.4 0:09.87
713 11.1 0.4 0:09.92
713 0.0 0.4 0:09.94
713 0.0 0.4 0:09.99
713 0.0 0.4 0:10.03
713 5.3 0.4 0:10.07
713 5.6 0.4 0:10.11
713 4.5 0.4 0:10.16
713 4.8 0.4 0:10.20
713 0.0 0.4 0:10.23
713 0.0 0.4 0:10.28
713 10.5 0.4 0:10.33
713 5.9 0.4 0:10.36
713 5.6 0.4 0:10.40
713 5.3 0.4 0:10.44
713 5.6 0.4 0:10.48
713 0.0 0.4 0:10.52
713 0.0 0.4 0:10.55
713 0.0 0.4 0:10.60
713 5.3 0.4 0:10.63
713 4.5 0.4 0:10.67
713 5.6 0.4 0:10.71
713 4.8 0.4 0:10.75
713 10.0 0.4 0:10.81
713 0.0 0.4 0:10.83
713 5.6 0.4 0:10.88
713 0.0 0.4 0:10.93
713 0.0 0.4 0:10.97
713 0.0 0.4 0:11.01
713 0.0 0.4 0:11.04
713 5.6 0.4 0:11.08
713 0.0 0.4 0:11.12
713 0.0 0.4 0:11.16
713 5.6 0.4 0:11.21
713 0.0 0.4 0:11.25
713 11.1 0.4 0:11.30
713 5.6 0.4 0:11.34
713 4.8 0.4 0:11.38
713 5.6 0.4 0:11.41
713 4.8 0.4 0:11.45
713 0.0 0.4 0:11.49
713 11.1 0.4 0:11.54
713 0.0 0.4 0:11.57
713 5.6 0.4 0:11.61
713 5.3 0.4 0:11.65
713 5.0 0.4 0:11.69
713 5.6 0.4 0:11.73
713 5.6 0.4 0:11.77
713 5.6 0.4 0:11.81
713 5.3 0.4 0:11.85
713 0.0 0.4 0:11.88
713 5.3 0.4 0:11.92
713 5.6 0.4 0:11.96
713 0.0 0.4 0:12.00
713 11.1 0.4 0:12.05
713 5.6 0.4 0:12.09
713 0.0 0.4 0:12.13
713 0.0 0.4 0:12.17
713 4.8 0.4 0:12.22
713 5.6 0.4 0:12.26
713 0.0 0.4 0:12.30
713 5.6 0.4 0:12.34
713 5.3 0.4 0:12.38
713 5.6 0.4 0:12.42
713 4.8 0.4 0:12.46
713 5.6 0.4 0:12.49
713 5.6 0.4 0:12.53
713 5.3 0.4 0:12.58
713 5.6 0.4 0:12.62
713 5.6 0.4 0:12.66
713 4.5 0.4 0:12.70
713 11.1 0.4 0:12.74
713 0.0 0.4 0:12.76
713 0.0 0.4 0:12.76
713 0.0 0.4 0:12.76
17135 10.5 0.2 0:00.04
713 0.0 0.4 0:12.76
713 0.0 0.4 0:12.76
713 0.0 0.4 0:12.76
713 0.0 0.4 0:12.76
713 0.0 0.4 0:12.76
713 0.0 0.4 0:12.76
713 0.0 0.4 0:12.76
713 0.0 0.4 0:12.76
713 0.0 0.4 0:12.76
713 0.0 0.4 0:12.76
713 0.0 0.4 0:12.76
713 0.0 0.4 0:12.76
713 0.0 0.4 0:12.76
713 0.0 0.4 0:12.76
713 0.0 0.4 0:12.76
