708 5.3 0.4 0:13.74
708 0.0 0.4 0:13.76
708 0.0 0.4 0:13.78
708 5.9 0.4 0:13.81
708 5.6 0.4 0:13.83
708 5.3 0.4 0:13.85
708 0.0 0.4 0:13.86
708 0.0 0.4 0:13.86
708 0.0 0.4 0:13.86
708 0.0 0.4 0:13.86
708 0.0 0.4 0:13.86
708 0.0 0.4 0:13.86
708 0.0 0.4 0:13.86
708 0.0 0.4 0:13.86
708 0.0 0.4 0:13.87
708 0.0 0.4 0:13.87
708 0.0 0.4 0:13.87
708 0.0 0.4 0:13.87
708 5.6 0.4 0:13.88
708 0.0 0.4 0:13.89
708 5.6 0.4 0:13.92
708 0.0 0.4 0:13.94
708 0.0 0.4 0:13.96
708 0.0 0.4 0:13.97
708 5.3 0.4 0:13.99
708 0.0 0.4 0:13.99
708 0.0 0.4 0:13.99
708 0.0 0.4 0:13.99
708 0.0 0.4 0:13.99
708 0.0 0.4 0:13.99
708 0.0 0.4 0:13.99
708 0.0 0.4 0:13.99
708 0.0 0.4 0:13.99
708 0.0 0.4 0:13.99
708 0.0 0.4 0:14.00
708 0.0 0.4 0:14.00
708 0.0 0.4 0:14.00
708 5.3 0.4 0:14.02
708 5.3 0.4 0:14.05
708 0.0 0.4 0:14.07
708 0.0 0.4 0:14.09
708 0.0 0.4 0:14.11
708 0.0 0.4 0:14.11
708 0.0 0.4 0:14.11
708 0.0 0.4 0:14.11
708 0.0 0.4 0:14.11
708 0.0 0.4 0:14.11
708 0.0 0.4 0:14.11
17085 5.6 0.2 0:00.04
708 0.0 0.4 0:14.11
708 5.6 0.4 0:14.12
708 0.0 0.4 0:14.12
708 0.0 0.4 0:14.12
708 0.0 0.4 0:14.12
708 0.0 0.4 0:14.12
708 0.0 0.4 0:14.15
708 0.0 0.4 0:14.16
708 0.0 0.4 0:14.18
708 0.0 0.4 0:14.19
708 0.0 0.4 0:14.21
708 0.0 0.4 0:14.22
708 0.0 0.4 0:14.23
708 0.0 0.4 0:14.23
17708 16.7 0.2 0:00.03
708 0.0 0.4 0:14.23
708 0.0 0.4 0:14.23
708 0.0 0.4 0:14.23
708 0.0 0.4 0:14.23
708 0.0 0.4 0:14.23
708 0.0 0.4 0:14.25
708 0.0 0.4 0:14.25
708 0.0 0.4 0:14.26
708 5.6 0.4 0:14.27
708 0.0 0.4 0:14.27
708 0.0 0.4 0:14.28
708 0.0 0.4 0:14.30
708 5.6 0.4 0:14.32
708 0.0 0.4 0:14.33
708 11.1 0.4 0:14.37
708 0.0 0.4 0:14.37
708 0.0 0.4 0:14.37
708 0.0 0.4 0:14.37
708 0.0 0.4 0:14.37
708 0.0 0.4 0:14.37
708 0.0 0.4 0:14.37
708 0.0 0.4 0:14.37
708 0.0 0.4 0:14.37
708 0.0 0.4 0:14.38
708 0.0 0.4 0:14.38
708 0.0 0.4 0:14.38
708 0.0 0.4 0:14.40
708 0.0 0.4 0:14.40
708 0.0 0.4 0:14.40
708 5.3 0.4 0:14.43
708 0.0 0.4 0:14.45
708 0.0 0.4 0:14.45
708 0.0 0.4 0:14.49
708 0.0 0.4 0:14.51
708 0.0 0.4 0:14.51
708 0.0 0.4 0:14.51
708 0.0 0.4 0:14.51
708 0.0 0.4 0:14.51
708 0.0 0.4 0:14.51
708 0.0 0.4 0:14.51
708 0.0 0.4 0:14.51
708 0.0 0.4 0:14.51
708 0.0 0.4 0:14.51
708 0.0 0.4 0:14.51
708 0.0 0.4 0:14.51
708 0.0 0.4 0:14.52
708 5.6 0.4 0:14.53
708 0.0 0.4 0:14.56
708 0.0 0.4 0:14.58
708 0.0 0.4 0:14.60
708 5.6 0.4 0:14.61
708 0.0 0.4 0:14.61
708 0.0 0.4 0:14.61
708 0.0 0.4 0:14.62
708 0.0 0.4 0:14.62
708 0.0 0.4 0:14.62
708 0.0 0.4 0:14.62
708 0.0 0.4 0:14.62
708 0.0 0.4 0:14.62
708 0.0 0.4 0:14.62
708 0.0 0.4 0:14.62
708 5.6 0.4 0:14.63
708 0.0 0.4 0:14.63
708 0.0 0.4 0:14.63
708 0.0 0.4 0:14.63
708 10.5 0.4 0:14.65
708 0.0 0.4 0:14.67
KiB 1537708 avail Mem
708 0.0 0.4 0:14.68
708 5.6 0.4 0:14.72
708 0.0 0.4 0:14.74
708 0.0 0.4 0:14.74
708 0.0 0.4 0:14.74
708 0.0 0.4 0:14.74
708 0.0 0.4 0:14.74
708 0.0 0.4 0:14.74
708 5.6 0.4 0:14.75
708 0.0 0.4 0:14.75
708 0.0 0.4 0:14.75
708 0.0 0.4 0:14.75
708 0.0 0.4 0:14.75
708 0.0 0.4 0:14.76
708 0.0 0.4 0:14.78
708 5.3 0.4 0:14.80
708 0.0 0.4 0:14.81
708 0.0 0.4 0:14.81
708 0.0 0.4 0:14.83
708 0.0 0.4 0:14.83
708 0.0 0.4 0:14.84
708 0.0 0.4 0:14.84
708 0.0 0.4 0:14.84
708 0.0 0.4 0:14.84
708 0.0 0.4 0:14.84
708 0.0 0.4 0:14.84
708 0.0 0.4 0:14.84
708 0.0 0.4 0:14.84
KiB 1537708 avail Mem
708 0.0 0.4 0:14.84
708 0.0 0.4 0:14.85
708 0.0 0.4 0:14.85
708 0.0 0.4 0:14.85
708 0.0 0.4 0:14.87
708 0.0 0.4 0:14.89
708 0.0 0.4 0:14.91
708 0.0 0.4 0:14.92
708 0.0 0.4 0:14.94
708 5.6 0.4 0:14.95
708 0.0 0.4 0:14.95
708 0.0 0.4 0:14.95
708 0.0 0.4 0:14.95
708 0.0 0.4 0:14.95
708 0.0 0.4 0:14.95
708 0.0 0.4 0:14.95
708 0.0 0.4 0:14.95
708 0.0 0.4 0:14.95
708 0.0 0.4 0:14.95
708 0.0 0.4 0:14.96
708 5.3 0.4 0:14.98
708 0.0 0.4 0:14.98
708 0.0 0.4 0:15.00
708 0.0 0.4 0:15.02
708 0.0 0.4 0:15.04
708 5.6 0.4 0:15.07
708 0.0 0.4 0:15.08
KiB used, 324708 buff/cache
KiB used, 324716 buff/cache
708 0.0 0.4 0:15.09
708 0.0 0.4 0:15.09
708 0.0 0.4 0:15.09
708 0.0 0.4 0:15.09
708 0.0 0.4 0:15.09
708 0.0 0.4 0:15.10
708 5.6 0.4 0:15.11
708 0.0 0.4 0:15.11
708 0.0 0.4 0:15.11
708 0.0 0.4 0:15.11
708 0.0 0.4 0:15.11
708 0.0 0.4 0:15.11
708 0.0 0.4 0:15.11
708 0.0 0.4 0:15.11
708 0.0 0.4 0:15.11
KiB 1537708 avail Mem
708 0.0 0.4 0:15.11
708 0.0 0.4 0:15.11
708 0.0 0.4 0:15.11
708 0.0 0.4 0:15.11
708 0.0 0.4 0:15.11
708 0.0 0.4 0:15.11
708 0.0 0.4 0:15.11
708 0.0 0.4 0:15.11
708 0.0 0.4 0:15.11
708 0.0 0.4 0:15.11
