711 0.0 0.4 0:14.95
711 0.0 0.4 0:14.99
711 0.0 0.4 0:15.01
711 5.6 0.4 0:15.04
711 0.0 0.4 0:15.06
711 4.5 0.4 0:15.09
711 0.0 0.4 0:15.11
711 0.0 0.4 0:15.11
711 0.0 0.4 0:15.11
711 0.0 0.4 0:15.11
711 0.0 0.4 0:15.11
711 0.0 0.4 0:15.11
711 0.0 0.4 0:15.11
711 0.0 0.4 0:15.11
711 0.0 0.4 0:15.11
711 0.0 0.4 0:15.11
711 0.0 0.4 0:15.11
711 0.0 0.4 0:15.11
711 5.0 0.4 0:15.12
711 5.6 0.4 0:15.15
711 0.0 0.4 0:15.17
711 10.5 0.4 0:15.19
711 11.8 0.4 0:15.21
711 0.0 0.4 0:15.21
7117 10.5 0.2 0:00.05
711 0.0 0.4 0:15.24
711 0.0 0.4 0:15.24
711 0.0 0.4 0:15.24
711 0.0 0.4 0:15.24
711 0.0 0.4 0:15.24
711 0.0 0.4 0:15.24
711 0.0 0.4 0:15.24
711 0.0 0.4 0:15.24
711 0.0 0.4 0:15.24
711 0.0 0.4 0:15.24
711 0.0 0.4 0:15.25
711 0.0 0.4 0:15.25
711 5.0 0.4 0:15.29
711 0.0 0.4 0:15.29
711 5.6 0.4 0:15.32
711 0.0 0.4 0:15.34
711 0.0 0.4 0:15.35
711 5.6 0.4 0:15.40
711 5.6 0.4 0:15.42
711 0.0 0.4 0:15.42
711 0.0 0.4 0:15.42
711 0.0 0.4 0:15.42
711 0.0 0.4 0:15.42
711 0.0 0.4 0:15.42
711 0.0 0.4 0:15.42
711 0.0 0.4 0:15.42
711 0.0 0.4 0:15.42
711 0.0 0.4 0:15.42
711 0.0 0.4 0:15.42
711 0.0 0.4 0:15.42
711 0.0 0.4 0:15.43
711 4.8 0.4 0:15.46
711 5.6 0.4 0:15.49
711 5.6 0.4 0:15.51
711 5.6 0.4 0:15.54
711 0.0 0.4 0:15.56
711 0.0 0.4 0:15.56
711 0.0 0.4 0:15.56
711 0.0 0.4 0:15.56
711 0.0 0.4 0:15.56
711 0.0 0.4 0:15.56
711 0.0 0.4 0:15.56
711 0.0 0.4 0:15.56
711 0.0 0.4 0:15.56
711 0.0 0.4 0:15.56
711 0.0 0.4 0:15.57
711 0.0 0.4 0:15.57
711 0.0 0.4 0:15.59
711 0.0 0.4 0:15.60
711 0.0 0.4 0:15.63
711 0.0 0.4 0:15.65
711 0.0 0.4 0:15.67
711 0.0 0.4 0:15.68
711 5.3 0.4 0:15.72
711 0.0 0.4 0:15.74
711 0.0 0.4 0:15.74
711 0.0 0.4 0:15.74
711 0.0 0.4 0:15.74
711 0.0 0.4 0:15.74
711 0.0 0.4 0:15.74
711 0.0 0.4 0:15.74
711 0.0 0.4 0:15.74
711 0.0 0.4 0:15.74
711 0.0 0.4 0:15.74
711 0.0 0.4 0:15.74
711 0.0 0.4 0:15.75
711 0.0 0.4 0:15.75
711 5.6 0.4 0:15.77
711 5.6 0.4 0:15.80
711 5.6 0.4 0:15.83
711 0.0 0.4 0:15.83
711 5.6 0.4 0:15.86
711 4.8 0.4 0:15.87
711 0.0 0.4 0:15.87
711 0.0 0.4 0:15.87
711 0.0 0.4 0:15.87
711 0.0 0.4 0:15.87
711 0.0 0.4 0:15.87
711 0.0 0.4 0:15.87
711 0.0 0.4 0:15.87
711 0.0 0.4 0:15.87
711 0.0 0.4 0:15.87
711 0.0 0.4 0:15.87
711 10.5 0.4 0:15.90
711 0.0 0.4 0:15.90
711 10.5 0.4 0:15.93
711 0.0 0.4 0:15.94
711 4.8 0.4 0:15.98
711 0.0 0.4 0:16.00
711 0.0 0.4 0:16.03
711 0.0 0.4 0:16.04
711 0.0 0.4 0:16.04
711 0.0 0.4 0:16.04
711 0.0 0.4 0:16.04
711 0.0 0.4 0:16.04
711 0.0 0.4 0:16.04
711 0.0 0.4 0:16.04
711 0.0 0.4 0:16.04
711 0.0 0.4 0:16.05
711 0.0 0.4 0:16.05
711 0.0 0.4 0:16.05
711 0.0 0.4 0:16.07
711 0.0 0.4 0:16.07
711 0.0 0.4 0:16.09
711 0.0 0.4 0:16.11
711 11.1 0.4 0:16.15
711 11.1 0.4 0:16.17
711 4.5 0.4 0:16.18
711 0.0 0.4 0:16.20
711 0.0 0.4 0:16.21
711 0.0 0.4 0:16.21
711 0.0 0.4 0:16.21
711 0.0 0.4 0:16.21
711 0.0 0.4 0:16.21
711 0.0 0.4 0:16.21
711 0.0 0.4 0:16.21
711 5.9 0.4 0:16.22
711 0.0 0.4 0:16.22
711 9.5 0.4 0:16.24
711 5.0 0.4 0:16.27
711 0.0 0.4 0:16.27
711 0.0 0.4 0:16.28
711 5.6 0.4 0:16.31
711 0.0 0.4 0:16.36
711 0.0 0.4 0:16.37
711 0.0 0.4 0:16.39
711 0.0 0.4 0:16.39
711 0.0 0.4 0:16.40
711 0.0 0.4 0:16.40
711 0.0 0.4 0:16.40
711 0.0 0.4 0:16.40
711 0.0 0.4 0:16.40
711 0.0 0.4 0:16.41
711 0.0 0.4 0:16.41
711 0.0 0.4 0:16.41
12711 16.7 0.2 0:00.03
711 0.0 0.4 0:16.41
711 4.8 0.4 0:16.42
711 0.0 0.4 0:16.43
711 0.0 0.4 0:16.43
711 5.6 0.4 0:16.46
711 0.0 0.4 0:16.48
711 0.0 0.4 0:16.50
711 5.9 0.4 0:16.51
711 0.0 0.4 0:16.55
711 0.0 0.4 0:16.57
711 0.0 0.4 0:16.57
711 0.0 0.4 0:16.57
711 0.0 0.4 0:16.57
711 0.0 0.4 0:16.57
711 0.0 0.4 0:16.57
711 0.0 0.4 0:16.57
711 0.0 0.4 0:16.57
711 0.0 0.4 0:16.57
711 0.0 0.4 0:16.57
711 0.0 0.4 0:16.58
711 0.0 0.4 0:16.60
711 0.0 0.4 0:16.61
711 5.6 0.4 0:16.63
13711 16.7 0.2 0:00.03
711 0.0 0.4 0:16.68
711 0.0 0.4 0:16.70
711 0.0 0.4 0:16.71
711 0.0 0.4 0:16.72
711 0.0 0.4 0:16.73
711 0.0 0.4 0:16.73
711 0.0 0.4 0:16.73
711 0.0 0.4 0:16.73
711 0.0 0.4 0:16.73
711 0.0 0.4 0:16.73
711 0.0 0.4 0:16.73
711 0.0 0.4 0:16.73
711 5.6 0.4 0:16.74
711 0.0 0.4 0:16.74
711 0.0 0.4 0:16.74
711 0.0 0.4 0:16.74
711 0.0 0.4 0:16.74
711 0.0 0.4 0:16.74
711 0.0 0.4 0:16.74
711 0.0 0.4 0:16.74
711 0.0 0.4 0:16.74
711 0.0 0.4 0:16.74
711 0.0 0.4 0:16.74
711 0.0 0.4 0:16.74
711 0.0 0.4 0:16.74
711 0.0 0.4 0:16.74
711 0.0 0.4 0:16.74
711 0.0 0.4 0:16.74
711 0.0 0.4 0:16.74
711 0.0 0.4 0:16.74
711 0.0 0.4 0:16.74
