2924 9.5 0.2 4:54.48
2924 26.3 0.2 4:54.59
2924 5.0 0.2 4:54.70
2924 10.0 0.2 4:54.82
2924 55.0 0.2 4:55.24
2924 10.5 0.2 4:55.42
2924 10.0 0.2 4:55.53
2924 10.5 0.2 4:55.66
2924 25.0 0.2 4:55.88
2924 63.2 0.2 4:56.19
2924 9.5 0.2 4:56.62
2924 15.8 0.2 4:56.72
2924 38.9 0.2 4:56.98
2924 15.0 0.2 4:57.35
2924 90.0 0.2 4:57.92
2924 38.9 0.2 4:58.20
2924 27.8 0.2 4:58.80
2924 25.0 0.2 4:59.05
2924 21.1 0.2 4:59.30
2924 33.3 0.2 4:59.71
2924 42.1 0.2 4:59.96
2924 20.0 0.2 5:00.17
2924 15.8 0.2 5:00.43
2924 22.2 0.2 5:00.72
2924 47.4 0.2 5:01.27
2924 38.9 0.2 5:01.85
2924 36.8 0.2 5:02.09
2924 36.8 0.2 5:02.41
2924 15.8 0.2 5:02.67
2924 21.1 0.2 5:02.92
2924 47.4 0.2 5:03.27
2924 15.8 0.2 5:03.45
2924 15.8 0.2 5:03.74
2924 10.5 0.2 5:04.15
2924 22.2 0.2 5:04.39
2924 31.6 0.2 5:04.62
2924 44.4 0.2 5:04.88
2924 26.3 0.2 5:05.16
2924 21.1 0.2 5:05.53
2924 40.0 0.2 5:05.80
2924 30.0 0.2 5:06.07
2924 16.7 0.2 5:06.28
2924 40.0 0.2 5:06.60
2924 42.1 0.2 5:06.94
2924 28.6 0.2 5:07.51
2924 27.8 0.2 5:07.83
2924 26.3 0.2 5:08.09
2924 20.0 0.2 5:08.35
2924 21.1 0.2 5:08.60
2924 36.8 0.2 5:08.92
2924 26.1 0.2 5:09.21
2924 29.6 0.2 5:09.58
2924 15.0 0.2 5:09.89
2924 15.8 0.2 5:10.16
2924 26.3 0.2 5:10.46
2924 36.8 0.2 5:10.74
2924 27.8 0.2 5:10.96
2924 45.0 0.2 5:11.26
2924 42.1 0.2 5:11.56
2924 63.2 0.2 5:11.89
2924 31.6 0.2 5:12.16
2924 42.1 0.2 5:12.43
2924 10.5 0.2 5:12.64
2924 47.4 0.2 5:12.99
2924 22.2 0.2 5:13.25
2924 38.9 0.2 5:13.52
2924 21.1 0.2 5:13.87
2924 31.6 0.2 5:14.13
2924 61.1 0.2 5:14.45
2924 33.3 0.2 5:14.73
2924 26.3 0.2 5:14.98
2924 26.3 0.2 5:15.27
2924 40.0 0.2 5:15.68
2924 72.2 0.2 5:16.05
2924 57.9 0.2 5:16.40
2924 27.8 0.2 5:16.79
2924 36.8 0.2 5:17.14
2924 21.1 0.2 5:17.38
2924 10.5 0.2 5:17.70
2924 31.6 0.2 5:17.97
2924 21.1 0.2 5:18.21
2924 42.1 0.2 5:18.47
2924 45.0 0.2 5:18.82
2924 31.6 0.2 5:19.09
2924 50.0 0.2 5:19.40
2924 30.0 0.2 5:19.66
2924 31.6 0.2 5:19.91
2924 26.3 0.2 5:20.18
2924 22.2 0.2 5:20.44
2924 20.0 0.2 5:20.91
2924 31.6 0.2 5:21.14
2924 38.1 0.2 5:21.48
2924 57.9 0.2 5:21.80
2924 15.8 0.2 5:22.06
2924 57.9 0.2 5:22.40
2924 31.6 0.2 5:22.66
2924 36.8 0.2 5:22.92
2924 31.6 0.2 5:23.20
2924 36.8 0.2 5:23.59
2924 35.0 0.2 5:23.97
2924 21.1 0.2 5:24.21
2924 20.0 0.2 5:24.54
2924 40.0 0.2 5:24.87
2924 66.7 0.2 5:25.24
2924 30.0 0.2 5:25.53
2924 22.2 0.2 5:25.77
2924 30.0 0.2 5:26.04
2924 55.6 0.2 5:26.37
2924 36.8 0.2 5:26.66
2924 45.0 0.2 5:26.96
2924 33.3 0.2 5:27.22
2924 40.0 0.2 5:27.49
2924 20.0 0.2 5:27.75
2924 25.0 0.2 5:28.03
2924 38.9 0.2 5:28.49
2924 15.8 0.2 5:28.71
2924 36.8 0.2 5:29.01
2924 55.6 0.2 5:29.33
2924 31.6 0.2 5:29.60
2924 31.6 0.2 5:29.99
2924 25.0 0.2 5:30.29
2924 15.8 0.2 5:30.56
2924 50.0 0.2 5:30.86
2924 25.0 0.2 5:31.13
2924 47.4 0.2 5:31.42
2924 5.6 0.2 5:31.62
