2924 27.8 0.2 12:06.23
2924 26.3 0.2 12:06.46
2924 33.3 0.2 12:06.78
2924 30.0 0.2 12:07.04
2924 15.8 0.2 12:07.24
2924 21.1 0.3 12:07.46
2924 27.8 0.3 12:07.70
2924 20.0 0.3 12:07.99
2924 21.1 0.3 12:08.23
2924 26.3 0.3 12:08.48
2924 15.0 0.3 12:08.73
2924 21.1 0.3 12:08.97
2924 20.0 0.3 12:09.21
2924 15.8 0.3 12:09.53
2924 36.8 0.3 12:09.83
2924 35.0 0.2 12:10.09
2924 47.4 0.2 12:10.37
2924 15.8 0.2 12:10.83
2924 33.3 0.2 12:11.18
2924 15.0 0.2 12:11.45
2924 26.3 0.2 12:11.70
2924 12.0 0.2 12:12.11
2924 26.3 0.2 12:12.50
2924 22.2 0.2 12:12.92
2924 27.8 0.2 12:13.21
2924 65.0 0.2 12:13.71
2924 25.0 0.2 12:14.11
2924 31.6 0.2 12:14.40
2924 36.8 0.2 12:14.66
2924 21.1 0.2 12:14.89
2924 16.7 0.2 12:15.39
2924 30.0 0.2 12:15.70
2924 11.1 0.2 12:15.95
2924 36.8 0.2 12:16.23
2924 42.9 0.2 12:16.56
2924 42.1 0.2 12:16.93
2924 47.4 0.2 12:17.23
2924 31.6 0.2 12:17.51
2924 22.2 0.2 12:17.75
2924 31.6 0.2 12:18.02
2924 47.4 0.2 12:18.45
2924 27.8 0.2 12:18.72
2924 26.3 0.2 12:18.98
2924 42.1 0.2 12:19.30
2924 21.1 0.2 12:19.53
2924 26.3 0.2 12:19.77
2924 15.8 0.2 12:20.05
2924 45.0 0.2 12:20.39
2924 30.0 0.2 12:20.63
2924 25.0 0.2 12:20.89
2924 20.0 0.2 12:21.16
2924 20.0 0.2 12:21.41
2924 22.2 0.2 12:21.65
2924 22.2 0.2 12:21.89
2924 31.6 0.2 12:22.19
2924 42.1 0.2 12:22.47
2924 40.0 0.2 12:22.73
2924 47.4 0.2 12:23.01
2924 20.0 0.2 12:23.25
2924 44.4 0.2 12:23.60
2924 52.6 0.2 12:23.89
2924 33.3 0.2 12:24.15
2924 21.1 0.2 12:24.41
2924 26.3 0.2 12:24.68
2924 22.2 0.2 12:24.93
2924 15.8 0.2 12:25.17
2924 15.8 0.2 12:25.42
2924 50.0 0.2 12:25.71
2924 47.4 0.2 12:26.00
2924 36.8 0.2 12:26.28
2924 30.0 0.2 12:26.54
2924 22.2 0.2 12:26.79
2924 31.6 0.2 12:27.09
2924 22.7 0.2 12:27.38
2924 36.8 0.2 12:27.77
2924 26.3 0.2 12:28.08
2924 21.1 0.2 12:28.31
2924 22.2 0.2 12:28.56
2924 20.0 0.2 12:28.90
2924 35.0 0.2 12:29.21
2924 36.8 0.2 12:29.48
2924 22.2 0.2 12:29.80
2924 35.0 0.2 12:30.10
2924 0.0 0.2 12:30.30
