2924 15.8 0.2 13:43.14
2924 31.6 0.2 13:43.42
2924 16.7 0.2 13:43.64
2924 20.0 0.2 13:43.89
2924 20.0 0.2 13:44.17
2924 15.8 0.2 13:44.43
2924 42.1 0.2 13:44.69
2924 42.1 0.2 13:45.15
2924 36.8 0.2 13:45.42
2924 61.1 0.2 13:45.74
2924 38.9 0.2 13:46.11
2924 36.8 0.2 13:46.39
2924 52.6 0.2 13:46.69
2924 25.0 0.2 13:46.98
2924 35.0 0.2 13:47.27
2924 35.0 0.2 13:47.57
2924 25.0 0.2 13:47.81
2924 21.1 0.2 13:48.08
2924 22.2 0.2 13:48.34
2924 21.1 0.2 13:48.60
2924 27.8 0.2 13:48.88
2924 50.0 0.2 13:49.18
2924 15.8 0.2 13:49.42
2924 36.8 0.2 13:49.72
2924 21.1 0.2 13:49.94
2924 21.1 0.2 13:50.26
2924 27.3 0.2 13:50.55
2924 31.6 0.2 13:50.92
2924 33.3 0.2 13:51.23
2924 15.8 0.2 13:51.48
2924 36.8 0.2 13:51.78
2924 36.8 0.2 13:52.05
2924 47.4 0.2 13:52.34
2924 21.1 0.2 13:52.57
2924 30.0 0.2 13:52.83
2924 26.3 0.2 13:53.08
2924 33.3 0.2 13:53.32
2924 27.8 0.2 13:53.62
2924 44.4 0.2 13:53.91
2924 21.1 0.2 13:54.16
2924 30.0 0.2 13:54.43
2924 42.9 0.2 13:54.80
2924 21.1 0.2 13:55.04
2924 36.8 0.2 13:55.38
2924 42.1 0.2 13:55.69
2924 55.6 0.2 13:55.99
2924 33.3 0.2 13:56.25
2924 36.8 0.2 13:56.57
2924 47.4 0.2 13:56.89
2924 21.1 0.2 13:57.12
2924 44.4 0.2 13:57.46
2924 15.8 0.2 13:57.71
2924 47.4 0.2 13:58.03
2924 33.3 0.2 13:58.30
2924 44.4 0.2 13:58.61
2924 44.4 0.2 13:58.93
2924 20.0 0.2 13:59.18
2924 22.2 0.2 13:59.46
2924 26.3 0.2 13:59.77
2924 21.1 0.2 14:00.10
2924 31.6 0.2 14:00.38
2924 21.1 0.2 14:00.64
2924 30.0 0.2 14:01.02
2924 47.4 0.2 14:01.32
2924 33.3 0.2 14:01.59
2924 42.1 0.2 14:01.87
2924 26.3 0.2 14:02.18
2924 35.0 0.2 14:02.47
2924 28.6 0.2 14:02.73
2924 47.4 0.2 14:03.05
2924 31.6 0.2 14:03.39
2924 31.6 0.2 14:03.66
2924 31.6 0.2 14:03.93
2924 21.1 0.2 14:04.18
2924 36.8 0.2 14:04.45
2924 0.0 0.2 14:04.68
