2924 11.1 0.2 4:17.06
2924 0.0 0.2 4:17.12
2924 5.3 0.2 4:17.27
2924 10.5 0.2 4:17.47
2924 15.8 0.2 4:17.64
2924 65.0 0.2 4:17.90
2924 16.7 0.2 4:18.03
2924 10.0 0.2 4:18.17
2924 15.0 0.2 4:18.37
2924 15.8 0.2 4:18.57
2924 10.5 0.2 4:19.11
2924 31.6 0.2 4:19.28
2924 5.6 0.2 4:19.41
2924 26.3 0.2 4:19.70
2924 30.0 0.3 4:20.05
2924 15.8 0.3 4:20.27
2924 33.3 0.3 4:20.79
2924 10.5 0.3 4:21.03
2924 26.3 0.3 4:21.31
2924 50.0 0.3 4:21.61
2924 42.1 0.3 4:22.34
2924 31.6 0.3 4:22.60
2924 11.1 0.3 4:22.79
2924 21.1 0.3 4:23.05
2924 42.1 0.3 4:23.49
2924 47.4 0.3 4:23.90
2924 36.8 0.3 4:24.11
2924 10.5 0.3 4:24.68
2924 15.8 0.3 4:24.97
2924 15.8 0.3 4:25.24
2924 16.7 0.3 4:25.46
2924 36.8 0.3 4:25.68
2924 30.0 0.3 4:25.93
2924 47.4 0.3 4:26.25
2924 16.7 0.3 4:26.59
2924 55.6 0.3 4:27.07
2924 21.1 0.3 4:27.83
2924 26.3 0.3 4:28.08
2924 27.8 0.3 4:28.35
2924 40.0 0.3 4:28.75
2924 26.7 0.3 4:29.47
2924 31.8 0.3 4:29.84
2924 18.5 0.3 4:30.11
2924 30.0 0.3 4:30.36
2924 55.6 0.3 4:30.74
2924 15.8 0.3 4:30.98
2924 61.1 0.3 4:31.45
2924 26.3 0.3 4:31.79
2924 15.0 0.2 4:32.01
2924 52.6 0.2 4:32.33
2924 21.1 0.2 4:32.67
2924 42.1 0.2 4:33.18
2924 31.6 0.2 4:33.43
2924 42.1 0.2 4:33.73
2924 11.1 0.2 4:33.97
2924 15.8 0.2 4:34.25
2924 31.6 0.2 4:34.57
2924 36.8 0.2 4:35.06
2924 22.2 0.2 4:35.28
2924 21.1 0.2 4:35.56
2924 36.8 0.2 4:35.97
2924 40.0 0.2 4:36.31
2924 22.2 0.2 4:36.51
2924 50.0 0.2 4:36.84
2924 50.0 0.2 4:37.14
2924 50.0 0.2 4:37.53
2924 36.8 0.2 4:37.80
2924 30.0 0.2 4:38.05
2924 31.6 0.2 4:38.34
2924 25.0 0.2 4:38.70
2924 42.1 0.2 4:39.11
2924 31.6 0.2 4:39.37
2924 31.6 0.2 4:39.64
2924 15.8 0.2 4:39.90
2924 16.7 0.2 4:40.19
2924 21.1 0.2 4:40.44
2924 36.8 0.2 4:40.69
2924 21.1 0.2 4:40.91
2924 15.8 0.2 4:41.19
2924 42.1 0.2 4:41.48
2924 21.1 0.2 4:41.79
2924 25.0 0.2 4:42.02
2924 16.7 0.2 4:42.27
2924 38.9 0.2 4:42.55
2924 52.6 0.2 4:42.88
2924 50.0 0.2 4:43.15
2924 33.3 0.2 4:43.40
2924 21.1 0.2 4:43.63
2924 31.6 0.2 4:43.91
2924 21.1 0.2 4:44.20
2924 28.6 0.2 4:44.58
2924 28.6 0.2 4:44.91
2924 22.7 0.2 4:45.20
2924 27.8 0.2 4:45.50
2924 31.6 0.2 4:45.80
2924 47.4 0.2 4:46.10
2924 21.1 0.2 4:46.34
2924 47.4 0.2 4:46.62
2924 28.6 0.2 4:46.87
2924 26.3 0.2 4:47.15
2924 20.0 0.2 4:47.46
2924 22.2 0.2 4:47.70
2924 42.1 0.2 4:47.99
2924 20.0 0.2 4:48.25
2924 42.1 0.2 4:48.54
2924 52.6 0.2 4:48.84
2924 22.2 0.2 4:49.09
2924 30.0 0.2 4:49.44
2924 21.1 0.2 4:49.69
2924 50.0 0.2 4:50.04
2924 31.6 0.2 4:50.30
2924 36.8 0.2 4:50.61
2924 33.3 0.2 4:50.84
2924 52.6 0.2 4:51.15
2924 40.0 0.2 4:51.44
2924 26.3 0.2 4:51.75
2924 31.6 0.2 4:52.03
2924 50.0 0.2 4:52.33
2924 30.0 0.2 4:52.58
2924 45.0 0.2 4:52.88
2924 36.8 0.2 4:53.26
2924 27.8 0.2 4:53.50
2924 21.1 0.2 4:53.81
2924 35.0 0.2 4:54.10
2924 27.8 0.2 4:54.34
2924 0.0 0.2 4:54.42
