2925 5.3 0.2 0:18.57
2925 0.0 0.2 0:18.62
2925 5.3 0.2 0:18.72
2925 5.3 0.2 0:18.78
2925 0.0 0.2 0:18.82
2925 10.0 0.2 0:18.88
2925 5.3 0.2 0:18.95
2925 5.3 0.2 0:19.05
2925 5.6 0.2 0:19.14
2925 5.3 0.2 0:19.18
2925 0.0 0.2 0:19.21
2925 3.1 0.2 0:19.28
2925 8.1 0.2 0:19.42
2925 0.0 0.2 0:19.60
2925 0.0 0.2 0:19.68
2925 0.0 0.2 0:19.72
2925 10.5 0.2 0:19.75
2925 0.0 0.2 0:19.79
2925 0.0 0.2 0:19.81
2925 5.0 0.2 0:19.83
2925 5.3 0.2 0:19.87
2925 0.0 0.2 0:19.89
2925 5.0 0.2 0:19.91
2925 0.0 0.2 0:19.94
2925 0.0 0.2 0:19.96
2925 0.0 0.2 0:19.98
2925 0.0 0.2 0:20.00
2925 5.6 0.2 0:20.04
2925 4.5 0.2 0:20.07
2925 10.0 0.2 0:20.12
2925 5.3 0.2 0:20.21
2925 4.8 0.2 0:20.23
2925 0.0 0.2 0:20.29
2925 0.0 0.2 0:20.31
2925 5.3 0.2 0:20.33
2925 5.0 0.2 0:20.37
2925 0.0 0.2 0:20.42
2925 5.3 0.2 0:20.47
2925 10.5 0.2 0:20.52
2925 0.0 0.2 0:20.55
2925 5.3 0.2 0:20.59
2925 4.8 0.2 0:20.64
2925 0.0 0.2 0:20.65
2925 5.3 0.2 0:20.67
2925 0.0 0.2 0:20.69
2925 9.5 0.2 0:20.73
2925 10.5 0.2 0:20.76
2925 0.0 0.2 0:20.79
2925 4.8 0.2 0:20.82
2925 0.0 0.2 0:20.84
2925 0.0 0.2 0:20.87
2925 0.0 0.2 0:20.94
2925 0.0 0.2 0:20.97
2925 0.0 0.2 0:20.99
2925 4.8 0.2 0:21.01
2925 5.3 0.2 0:21.07
2925 5.3 0.2 0:21.11
2925 5.6 0.2 0:21.17
2925 10.5 0.2 0:21.21
2925 0.0 0.2 0:21.25
2925 0.0 0.2 0:21.27
2925 3.8 0.2 0:21.29
2925 0.0 0.2 0:21.31
2925 4.8 0.2 0:21.35
2925 0.0 0.2 0:21.37
2925 0.0 0.2 0:21.38
2925 0.0 0.2 0:21.41
2925 0.0 0.2 0:21.43
2925 0.0 0.2 0:21.44
2925 5.0 0.2 0:21.48
2925 5.3 0.2 0:21.50
2925 5.3 0.2 0:21.54
2925 5.3 0.2 0:21.57
2925 0.0 0.2 0:21.60
2925 4.5 0.2 0:21.63
2925 5.0 0.2 0:21.68
2925 0.0 0.2 0:21.72
2925 5.3 0.2 0:21.78
2925 5.3 0.2 0:21.84
2925 10.0 0.2 0:21.89
2925 5.3 0.2 0:21.92
2925 10.5 0.2 0:21.96
2925 5.6 0.2 0:21.99
2925 0.0 0.2 0:22.01
2925 9.1 0.2 0:22.07
2925 5.6 0.2 0:22.10
2925 11.1 0.2 0:22.15
2925 5.6 0.2 0:22.24
2925 0.0 0.2 0:22.26
2925 4.5 0.2 0:22.29
2925 5.0 0.2 0:22.32
2925 5.3 0.2 0:22.34
2925 5.0 0.2 0:22.36
2925 5.0 0.2 0:22.39
2925 5.0 0.2 0:22.42
2925 5.3 0.2 0:22.48
2925 0.0 0.2 0:22.51
2925 0.0 0.2 0:22.56
2925 11.1 0.2 0:22.64
2925 10.0 0.2 0:22.70
2925 5.3 0.2 0:22.76
2925 5.3 0.2 0:22.82
2925 4.8 0.2 0:22.85
2925 0.0 0.2 0:22.87
2925 0.0 0.2 0:22.91
2925 5.3 0.2 0:22.94
2925 4.5 0.2 0:22.99
2925 5.6 0.2 0:23.04
2925 5.0 0.2 0:23.08
2925 0.0 0.2 0:23.10
2925 0.0 0.2 0:23.12
2925 5.0 0.2 0:23.15
2925 0.0 0.2 0:23.19
2925 0.0 0.2 0:23.22
2925 4.8 0.2 0:23.26
2925 5.0 0.2 0:23.33
2925 5.6 0.2 0:23.37
2925 0.0 0.2 0:23.38
2925 5.3 0.2 0:23.40
2925 0.0 0.2 0:23.44
2925 5.6 0.2 0:23.47
2925 0.0 0.2 0:23.52
2925 0.0 0.2 0:23.53
2925 5.3 0.2 0:23.56
2925 0.0 0.2 0:23.59
2925 4.8 0.2 0:23.65
2925 0.0 0.2 0:23.68
2925 0.0 0.2 0:23.71
2925 5.0 0.2 0:23.74
2925 0.0 0.2 0:23.76
2925 5.3 0.2 0:23.78
2925 9.1 0.2 0:23.81
2925 5.0 0.2 0:23.83
2925 10.0 0.2 0:23.88
2925 5.6 0.2 0:23.94
2925 0.0 0.2 0:23.96
2925 0.0 0.2 0:23.99
2925 0.0 0.2 0:24.04
2925 0.0 0.2 0:24.07
2925 11.1 0.2 0:24.10
2925 5.0 0.2 0:24.14
2925 4.5 0.2 0:24.17
2925 0.0 0.2 0:24.19
2925 5.6 0.2 0:24.26
2925 0.0 0.2 0:24.30
2925 5.3 0.2 0:24.32
2925 13.0 0.2 0:24.40
2925 5.6 0.2 0:24.45
2925 0.0 0.2 0:24.49
2925 5.3 0.2 0:24.52
2925 0.0 0.2 0:24.53
