2925 10.0 0.2 1:52.37
2925 5.3 0.2 1:52.42
2925 4.8 0.2 1:52.45
2925 5.0 0.2 1:52.48
2925 5.3 0.2 1:52.51
2925 0.0 0.2 1:52.53
2925 0.0 0.2 1:52.54
2925 0.0 0.2 1:52.56
2925 0.0 0.2 1:52.58
2925 0.0 0.2 1:52.59
2925 0.0 0.2 1:52.60
2925 5.0 0.2 1:52.65
2925 0.0 0.2 1:52.67
2925 0.0 0.2 1:52.69
2925 5.0 0.2 1:52.72
2925 0.0 0.2 1:52.75
2925 5.3 0.2 1:52.78
2925 0.0 0.2 1:52.80
2925 0.0 0.2 1:52.84
2925 0.0 0.2 1:52.88
2925 0.0 0.2 1:52.90
2925 5.6 0.2 1:52.92
2925 0.0 0.2 1:52.95
2925 0.0 0.2 1:52.96
2925 5.6 0.2 1:53.01
2925 5.6 0.2 1:53.10
2925 4.8 0.2 1:53.12
2925 5.3 0.2 1:53.16
2925 5.3 0.2 1:53.20
2925 0.0 0.2 1:53.23
2925 0.0 0.2 1:53.25
2925 4.8 0.2 1:53.29
2925 0.0 0.2 1:53.31
2925 10.0 0.2 1:53.34
2925 9.5 0.2 1:53.41
2925 5.6 0.2 1:53.44
2925 0.0 0.2 1:53.46
2925 5.3 0.2 1:53.50
2925 21.1 0.2 1:53.57
2925 4.8 0.2 1:53.61
2925 0.0 0.2 1:53.63
2925 5.0 0.2 1:53.65
2925 5.3 0.2 1:53.69
2925 5.3 0.2 1:53.75
2925 4.5 0.2 1:53.79
2925 5.3 0.2 1:53.86
2925 0.0 0.2 1:53.91
2925 0.0 0.2 1:53.93
2925 5.3 0.2 1:53.96
2925 0.0 0.2 1:54.00
2925 13.6 0.2 1:54.04
2925 0.0 0.2 1:54.07
2925 4.8 0.2 1:54.11
2925 5.6 0.2 1:54.15
2925 5.3 0.2 1:54.20
2925 0.0 0.2 1:54.24
2925 5.3 0.2 1:54.26
2925 0.0 0.2 1:54.29
2925 4.5 0.2 1:54.35
2925 5.6 0.2 1:54.38
2925 5.6 0.2 1:54.40
2925 5.3 0.2 1:54.45
2925 0.0 0.2 1:54.48
2925 5.3 0.2 1:54.53
2925 0.0 0.2 1:54.56
2925 5.3 0.2 1:54.63
2925 0.0 0.2 1:54.66
2925 5.6 0.2 1:54.69
2925 0.0 0.2 1:54.73
2925 5.6 0.2 1:54.78
2925 5.3 0.2 1:54.80
2925 5.3 0.2 1:54.84
2925 5.0 0.2 1:54.89
2925 10.0 0.2 1:54.97
2925 5.6 0.2 1:55.07
2925 0.0 0.2 1:55.09
