2926 5.0 0.2 0:05.64
2926 0.0 0.2 0:05.66
2926 0.0 0.2 0:05.66
2926 0.0 0.2 0:05.66
2926 0.0 0.2 0:05.66
2926 0.0 0.2 0:05.66
2926 0.0 0.2 0:05.66
2926 0.0 0.2 0:05.66
2926 0.0 0.2 0:05.66
2926 0.0 0.2 0:05.67
2926 0.0 0.2 0:05.67
2926 0.0 0.2 0:05.67
2926 0.0 0.2 0:05.67
2926 0.0 0.2 0:05.67
2926 0.0 0.2 0:05.67
2926 0.0 0.2 0:05.67
2926 0.0 0.2 0:05.67
2926 0.0 0.2 0:05.67
2926 0.0 0.2 0:05.67
2926 0.0 0.2 0:05.67
2926 0.0 0.2 0:05.67
2926 0.0 0.2 0:05.67
2926 0.0 0.2 0:05.67
2926 0.0 0.2 0:05.67
2926 0.0 0.2 0:05.67
2926 0.0 0.2 0:05.67
2926 0.0 0.2 0:05.67
2926 0.0 0.2 0:05.67
2926 0.0 0.2 0:05.67
2926 0.0 0.2 0:05.67
2926 0.0 0.2 0:05.67
2926 0.0 0.2 0:05.67
2926 0.0 0.2 0:05.67
2926 0.0 0.2 0:05.67
2926 0.0 0.2 0:05.67
2926 0.0 0.2 0:05.67
2926 0.0 0.2 0:05.67
2926 0.0 0.2 0:05.67
2926 0.0 0.2 0:05.67
2926 0.0 0.2 0:05.67
2926 0.0 0.2 0:05.67
2926 0.0 0.2 0:05.67
2926 0.0 0.2 0:05.67
2926 0.0 0.2 0:05.68
2926 0.0 0.2 0:05.68
2926 0.0 0.2 0:05.68
2926 0.0 0.2 0:05.68
2926 0.0 0.2 0:05.68
2926 0.0 0.2 0:05.68
2926 0.0 0.2 0:05.68
2926 0.0 0.2 0:05.68
2926 0.0 0.2 0:05.68
2926 0.0 0.2 0:05.68
2926 0.0 0.2 0:05.68
2926 0.0 0.2 0:05.68
2926 0.0 0.2 0:05.68
2926 0.0 0.2 0:05.68
2926 0.0 0.2 0:05.68
2926 0.0 0.2 0:05.68
2926 0.0 0.2 0:05.68
2926 0.0 0.2 0:05.68
2926 0.0 0.2 0:05.68
2926 0.0 0.2 0:05.68
2926 0.0 0.2 0:05.68
2926 0.0 0.2 0:05.68
2926 0.0 0.2 0:05.68
2926 0.0 0.2 0:05.68
2926 0.0 0.2 0:05.68
2926 0.0 0.2 0:05.68
2926 0.0 0.2 0:05.68
2926 0.0 0.2 0:05.68
2926 0.0 0.2 0:05.68
2926 0.0 0.2 0:05.68
2926 0.0 0.2 0:05.68
2926 0.0 0.2 0:05.68
2926 0.0 0.2 0:05.69
2926 0.0 0.2 0:05.69
2926 0.0 0.2 0:05.69
2926 0.0 0.2 0:05.69
2926 0.0 0.2 0:05.69
2926 0.0 0.2 0:05.69
2926 0.0 0.2 0:05.69
2926 0.0 0.2 0:05.69
2926 0.0 0.2 0:05.69
