2926 0.0 0.2 0:05.78
2926 0.0 0.2 0:05.80
2926 0.0 0.2 0:05.80
2926 0.0 0.2 0:05.80
22926 0.0 0.0 0:00.00
2926 0.0 0.2 0:05.80
2926 0.0 0.2 0:05.81
2926 0.0 0.2 0:05.81
2926 0.0 0.2 0:05.81
2926 0.0 0.2 0:05.81
2926 0.0 0.2 0:05.81
2926 0.0 0.2 0:05.81
2926 0.0 0.2 0:05.81
2926 0.0 0.2 0:05.81
2926 0.0 0.2 0:05.81
2926 0.0 0.2 0:05.81
2926 0.0 0.2 0:05.81
2926 0.0 0.2 0:05.81
2926 0.0 0.2 0:05.81
2926 0.0 0.2 0:05.81
2926 0.0 0.2 0:05.81
2926 0.0 0.2 0:05.81
2926 0.0 0.2 0:05.81
2926 0.0 0.2 0:05.81
2926 0.0 0.2 0:05.81
2926 0.0 0.2 0:05.81
2926 0.0 0.2 0:05.81
2926 0.0 0.2 0:05.81
2926 0.0 0.2 0:05.81
2926 0.0 0.2 0:05.82
2926 0.0 0.2 0:05.82
2926 0.0 0.2 0:05.82
2926 0.0 0.2 0:05.82
2926 0.0 0.2 0:05.82
2926 0.0 0.2 0:05.82
2926 0.0 0.2 0:05.82
2926 0.0 0.2 0:05.82
2926 0.0 0.2 0:05.82
2926 0.0 0.2 0:05.82
2926 0.0 0.2 0:05.82
2926 0.0 0.2 0:05.82
2926 0.0 0.2 0:05.82
2926 0.0 0.2 0:05.82
2926 0.0 0.2 0:05.82
2926 0.0 0.2 0:05.82
2926 0.0 0.2 0:05.82
2926 0.0 0.2 0:05.82
2926 0.0 0.2 0:05.82
2926 0.0 0.2 0:05.82
2926 0.0 0.2 0:05.82
2926 0.0 0.2 0:05.82
2926 0.0 0.2 0:05.82
2926 0.0 0.2 0:05.82
2926 0.0 0.2 0:05.82
2926 0.0 0.2 0:05.82
2926 0.0 0.2 0:05.82
2926 0.0 0.2 0:05.82
2926 0.0 0.2 0:05.82
2926 0.0 0.2 0:05.82
2926 0.0 0.2 0:05.82
2926 0.0 0.2 0:05.82
2926 0.0 0.2 0:05.82
2926 0.0 0.2 0:05.82
2926 0.0 0.2 0:05.82
2926 0.0 0.2 0:05.82
2926 0.0 0.2 0:05.82
2926 0.0 0.2 0:05.82
2926 0.0 0.2 0:05.82
2926 0.0 0.2 0:05.82
2926 0.0 0.2 0:05.82
2926 0.0 0.2 0:05.82
2926 0.0 0.2 0:05.82
2926 0.0 0.2 0:05.83
2926 0.0 0.2 0:05.83
2926 0.0 0.2 0:05.84
2926 0.0 0.2 0:05.84
2926 0.0 0.2 0:05.84
2926 0.0 0.2 0:05.84
2926 0.0 0.2 0:05.84
2926 0.0 0.2 0:05.84
2926 0.0 0.2 0:05.84
2926 0.0 0.2 0:05.84
2926 0.0 0.2 0:05.84
