2926 5.3 0.2 0:04.03
2926 5.6 0.2 0:04.06
2926 0.0 0.2 0:04.08
2926 0.0 0.2 0:04.09
2926 0.0 0.2 0:04.09
2926 0.0 0.2 0:04.09
2926 0.0 0.2 0:04.09
2926 0.0 0.2 0:04.09
2926 0.0 0.2 0:04.09
2926 0.0 0.2 0:04.09
2926 0.0 0.2 0:04.09
2926 0.0 0.2 0:04.09
2926 0.0 0.2 0:04.09
2926 0.0 0.2 0:04.09
2926 0.0 0.2 0:04.09
2926 0.0 0.2 0:04.09
2926 0.0 0.2 0:04.09
2926 0.0 0.2 0:04.09
2926 0.0 0.2 0:04.09
2926 5.6 0.2 0:04.12
2926 0.0 0.2 0:04.12
2926 0.0 0.2 0:04.12
2926 0.0 0.2 0:04.12
2926 0.0 0.2 0:04.12
2926 0.0 0.2 0:04.12
2926 0.0 0.2 0:04.12
2926 0.0 0.2 0:04.12
2926 0.0 0.2 0:04.12
2926 0.0 0.2 0:04.12
2926 0.0 0.2 0:04.12
2926 0.0 0.2 0:04.12
2926 0.0 0.2 0:04.12
2926 0.0 0.2 0:04.12
2926 0.0 0.2 0:04.12
2926 0.0 0.2 0:04.12
2926 0.0 0.2 0:04.12
2926 0.0 0.2 0:04.12
2926 0.0 0.2 0:04.12
2926 0.0 0.2 0:04.12
2926 0.0 0.2 0:04.12
2926 0.0 0.2 0:04.12
2926 0.0 0.2 0:04.12
2926 0.0 0.2 0:04.12
2926 0.0 0.2 0:04.12
2926 0.0 0.2 0:04.12
2926 0.0 0.2 0:04.12
2926 0.0 0.2 0:04.13
2926 0.0 0.2 0:04.13
2926 0.0 0.2 0:04.13
2926 0.0 0.2 0:04.13
2926 0.0 0.2 0:04.13
2926 0.0 0.2 0:04.13
2926 0.0 0.2 0:04.13
2926 0.0 0.2 0:04.13
2926 0.0 0.2 0:04.13
2926 0.0 0.2 0:04.13
2926 0.0 0.2 0:04.13
2926 0.0 0.2 0:04.13
2926 0.0 0.2 0:04.13
2926 0.0 0.2 0:04.13
2926 0.0 0.2 0:04.13
2926 0.0 0.2 0:04.14
2926 0.0 0.2 0:04.14
2926 0.0 0.2 0:04.14
2926 0.0 0.2 0:04.14
2926 0.0 0.2 0:04.14
2926 0.0 0.2 0:04.14
2926 0.0 0.2 0:04.14
2926 0.0 0.2 0:04.14
2926 0.0 0.2 0:04.14
2926 0.0 0.2 0:04.14
2926 0.0 0.2 0:04.14
2926 0.0 0.2 0:04.14
2926 0.0 0.2 0:04.14
2926 0.0 0.2 0:04.14
2926 0.0 0.2 0:04.14
2926 0.0 0.2 0:04.14
2926 0.0 0.2 0:04.14
2926 0.0 0.2 0:04.14
2926 0.0 0.2 0:04.14
2926 0.0 0.2 0:04.14
2926 0.0 0.2 0:04.14
2926 0.0 0.2 0:04.14
2926 0.0 0.2 0:04.14
2926 0.0 0.2 0:04.14
2926 0.0 0.2 0:04.14
2926 0.0 0.2 0:04.14
2926 0.0 0.2 0:04.14
2926 0.0 0.2 0:04.14
2926 0.0 0.2 0:04.14
2926 0.0 0.2 0:04.14
2926 0.0 0.2 0:04.14
2926 0.0 0.2 0:04.14
2926 0.0 0.2 0:04.14
2926 0.0 0.2 0:04.14
2926 0.0 0.2 0:04.14
2926 0.0 0.2 0:04.14
2926 0.0 0.2 0:04.14
2926 0.0 0.2 0:04.14
2926 0.0 0.2 0:04.14
2926 0.0 0.2 0:04.14
2926 0.0 0.2 0:04.14
2926 0.0 0.2 0:04.14
2926 0.0 0.2 0:04.14
2926 0.0 0.2 0:04.14
2926 0.0 0.2 0:04.14
2926 0.0 0.2 0:04.15
2926 0.0 0.2 0:04.15
