2927 15.8 0.2 0:00.77
2927 5.3 0.2 0:00.82
2927 5.6 0.2 0:00.85
2927 0.0 0.2 0:00.86
2927 0.0 0.2 0:00.86
2927 0.0 0.2 0:00.87
2927 0.0 0.2 0:00.89
2927 0.0 0.2 0:00.90
2927 0.0 0.2 0:00.90
2927 0.0 0.2 0:00.90
2927 0.0 0.2 0:00.90
2927 0.0 0.2 0:00.90
2927 0.0 0.2 0:00.91
2927 0.0 0.2 0:00.91
2927 0.0 0.2 0:00.91
2927 0.0 0.2 0:00.91
2927 0.0 0.2 0:00.91
2927 0.0 0.2 0:00.91
2927 0.0 0.2 0:00.91
2927 0.0 0.2 0:00.91
2927 0.0 0.2 0:00.91
2927 0.0 0.2 0:00.91
2927 0.0 0.2 0:00.92
2927 0.0 0.2 0:00.93
2927 0.0 0.2 0:00.93
2927 0.0 0.2 0:00.93
2927 0.0 0.2 0:00.93
2927 0.0 0.2 0:00.93
2927 0.0 0.2 0:00.93
12927 0.0 0.0 0:00.00
12927 0.0 0.0 0:00.00
2927 0.0 0.2 0:00.93
12927 0.0 0.0 0:00.00
12927 0.0 0.0 0:00.00
2927 0.0 0.2 0:00.93
12927 0.0 0.0 0:00.00
12927 0.0 0.0 0:00.00
12927 0.0 0.0 0:00.00
12927 0.0 0.0 0:00.00
12927 0.0 0.0 0:00.00
2927 0.0 0.2 0:00.93
2927 0.0 0.2 0:00.93
12927 0.0 0.0 0:00.00
2927 0.0 0.2 0:00.93
2927 0.0 0.2 0:00.93
2927 0.0 0.2 0:00.93
2927 0.0 0.2 0:00.93
2927 0.0 0.2 0:00.93
2927 0.0 0.2 0:00.93
12927 0.0 0.0 0:00.00
12927 0.0 0.0 0:00.00
2927 0.0 0.2 0:00.93
2927 0.0 0.2 0:00.93
12927 0.0 0.0 0:00.00
12927 0.0 0.0 0:00.00
2927 0.0 0.2 0:00.93
2927 0.0 0.2 0:00.93
2927 0.0 0.2 0:00.93
2927 0.0 0.2 0:00.93
2927 0.0 0.2 0:00.93
12927 0.0 0.0 0:00.00
2927 0.0 0.2 0:00.93
12927 0.0 0.0 0:00.00
2927 0.0 0.2 0:00.93
12927 0.0 0.0 0:00.00
12927 0.0 0.0 0:00.00
2927 0.0 0.2 0:00.93
2927 0.0 0.2 0:00.93
12927 0.0 0.0 0:00.00
12927 0.0 0.0 0:00.00
12927 0.0 0.0 0:00.00
12927 0.0 0.0 0:00.00
12927 0.0 0.0 0:00.00
2927 0.0 0.2 0:00.93
12927 0.0 0.0 0:00.00
12927 0.0 0.0 0:00.00
2927 0.0 0.2 0:00.93
12927 0.0 0.0 0:00.00
12927 0.0 0.0 0:00.00
2927 0.0 0.2 0:00.93
2927 0.0 0.2 0:00.93
2927 0.0 0.2 0:00.93
12927 0.0 0.0 0:00.00
2927 0.0 0.2 0:00.93
12927 0.0 0.0 0:00.00
2927 0.0 0.2 0:00.93
2927 0.0 0.2 0:00.93
12927 0.0 0.0 0:00.00
2927 0.0 0.2 0:00.93
12927 0.0 0.0 0:00.00
12927 0.0 0.0 0:00.00
12927 0.0 0.0 0:00.00
2927 0.0 0.2 0:00.93
12927 0.0 0.0 0:00.00
12927 0.0 0.0 0:00.00
12927 0.0 0.0 0:00.00
12927 0.0 0.0 0:00.00
2927 0.0 0.2 0:00.93
12927 0.0 0.0 0:00.00
2927 0.0 0.2 0:00.93
2927 0.0 0.2 0:00.93
12927 0.0 0.0 0:00.00
12927 0.0 0.0 0:00.00
12927 0.0 0.0 0:00.00
2927 0.0 0.2 0:00.93
12927 0.0 0.0 0:00.00
12927 0.0 0.0 0:00.00
12927 0.0 0.0 0:00.00
2927 0.0 0.2 0:00.93
2927 0.0 0.2 0:00.93
12927 0.0 0.0 0:00.00
12927 0.0 0.0 0:00.00
12927 0.0 0.0 0:00.00
12927 0.0 0.0 0:00.00
12927 0.0 0.0 0:00.00
12927 0.0 0.0 0:00.00
12927 0.0 0.0 0:00.00
12927 0.0 0.0 0:00.00
12927 0.0 0.0 0:00.00
12927 0.0 0.0 0:00.00
12927 0.0 0.0 0:00.00
12927 0.0 0.0 0:00.00
12927 0.0 0.0 0:00.00
12927 0.0 0.0 0:00.00
12927 0.0 0.0 0:00.00
12927 0.0 0.0 0:00.00
