2927 0.0 0.2 0:01.50
2927 0.0 0.2 0:01.51
2927 0.0 0.2 0:01.52
2927 0.0 0.2 0:01.52
2927 0.0 0.2 0:01.52
2927 0.0 0.2 0:01.52
12927 0.0 0.0 0:00.00
12927 0.0 0.0 0:00.00
2927 0.0 0.2 0:01.52
2927 0.0 0.2 0:01.52
12927 0.0 0.0 0:00.00
2927 0.0 0.2 0:01.52
2927 0.0 0.2 0:01.52
2927 0.0 0.2 0:01.52
12927 0.0 0.0 0:00.00
2927 0.0 0.2 0:01.52
2927 0.0 0.2 0:01.52
2927 0.0 0.2 0:01.52
12927 0.0 0.0 0:00.00
2927 0.0 0.2 0:01.52
2927 0.0 0.2 0:01.52
2927 0.0 0.2 0:01.52
2927 0.0 0.2 0:01.52
2927 0.0 0.2 0:01.52
2927 0.0 0.2 0:01.52
12927 0.0 0.0 0:00.00
2927 0.0 0.2 0:01.52
2927 0.0 0.2 0:01.52
2927 0.0 0.2 0:01.52
2927 0.0 0.2 0:01.52
2927 0.0 0.2 0:01.52
2927 0.0 0.2 0:01.52
2927 0.0 0.2 0:01.52
2927 0.0 0.2 0:01.52
2927 0.0 0.2 0:01.52
2927 0.0 0.2 0:01.52
2927 0.0 0.2 0:01.52
2927 0.0 0.2 0:01.52
2927 0.0 0.2 0:01.52
2927 0.0 0.2 0:01.52
2927 0.0 0.2 0:01.52
2927 0.0 0.2 0:01.52
2927 0.0 0.2 0:01.52
2927 0.0 0.2 0:01.52
2927 0.0 0.2 0:01.52
2927 0.0 0.2 0:01.52
2927 0.0 0.2 0:01.52
2927 0.0 0.2 0:01.52
2927 0.0 0.2 0:01.52
2927 0.0 0.2 0:01.52
2927 0.0 0.2 0:01.52
2927 0.0 0.2 0:01.52
2927 0.0 0.2 0:01.52
2927 0.0 0.2 0:01.52
2927 0.0 0.2 0:01.52
2927 0.0 0.2 0:01.52
2927 0.0 0.2 0:01.52
2927 0.0 0.2 0:01.52
2927 0.0 0.2 0:01.52
12927 0.0 0.0 0:00.00
2927 0.0 0.2 0:01.52
2927 0.0 0.2 0:01.52
2927 0.0 0.2 0:01.52
2927 0.0 0.2 0:01.52
2927 0.0 0.2 0:01.52
12927 0.0 0.0 0:00.00
12927 0.0 0.0 0:00.00
2927 0.0 0.2 0:01.52
12927 0.0 0.0 0:00.00
12927 0.0 0.0 0:00.00
12927 0.0 0.0 0:00.00
2927 0.0 0.2 0:01.52
12927 0.0 0.0 0:00.00
12927 0.0 0.0 0:00.00
12927 0.0 0.0 0:00.00
12927 0.0 0.0 0:00.00
12927 0.0 0.0 0:00.00
12927 0.0 0.0 0:00.00
12927 0.0 0.0 0:00.00
12927 0.0 0.0 0:00.00
12927 0.0 0.0 0:00.00
12927 0.0 0.0 0:00.00
12927 0.0 0.0 0:00.00
12927 0.0 0.0 0:00.00
12927 0.0 0.0 0:00.00
12927 0.0 0.0 0:00.00
12927 0.0 0.0 0:00.00
12927 0.0 0.0 0:00.00
12927 0.0 0.0 0:00.00
12927 0.0 0.0 0:00.00
12927 0.0 0.0 0:00.00
12927 0.0 0.0 0:00.00
12927 0.0 0.0 0:00.00
12927 0.0 0.0 0:00.00
