2920 0.0 0.1 0:00.03
2920 0.0 0.1 0:00.04
2920 0.0 0.1 0:00.04
2920 0.0 0.1 0:00.04
2920 0.0 0.1 0:00.04
2920 0.0 0.1 0:00.04
2920 0.0 0.1 0:00.04
2920 0.0 0.1 0:00.04
2920 0.0 0.1 0:00.04
2920 0.0 0.1 0:00.04
2920 0.0 0.1 0:00.04
2920 0.0 0.1 0:00.04
2920 0.0 0.1 0:00.04
2920 0.0 0.1 0:00.04
2920 0.0 0.1 0:00.04
2920 0.0 0.1 0:00.04
2920 0.0 0.1 0:00.04
2920 0.0 0.1 0:00.04
2920 0.0 0.1 0:00.04
2920 0.0 0.1 0:00.04
2920 0.0 0.1 0:00.04
2920 0.0 0.1 0:00.04
2920 0.0 0.1 0:00.04
2920 0.0 0.1 0:00.04
2920 0.0 0.1 0:00.04
2920 0.0 0.1 0:00.04
2920 0.0 0.1 0:00.04
2920 0.0 0.1 0:00.04
2920 0.0 0.1 0:00.04
2920 0.0 0.1 0:00.04
2920 0.0 0.1 0:00.04
2920 0.0 0.1 0:00.04
2920 0.0 0.1 0:00.04
2920 0.0 0.1 0:00.04
2920 0.0 0.1 0:00.04
2920 0.0 0.1 0:00.04
2920 0.0 0.1 0:00.04
2920 0.0 0.1 0:00.04
2920 0.0 0.1 0:00.04
2920 0.0 0.1 0:00.04
2920 0.0 0.1 0:00.04
2920 0.0 0.1 0:00.04
2920 0.0 0.1 0:00.04
2920 0.0 0.1 0:00.04
2920 0.0 0.1 0:00.04
2920 0.0 0.1 0:00.04
2920 0.0 0.1 0:00.05
2920 0.0 0.1 0:00.05
2920 0.0 0.1 0:00.05
2920 0.0 0.1 0:00.05
2920 0.0 0.1 0:00.05
2920 0.0 0.1 0:00.05
2920 0.0 0.1 0:00.05
2920 0.0 0.1 0:00.05
2920 0.0 0.1 0:00.05
2920 0.0 0.1 0:00.05
2920 0.0 0.1 0:00.05
2920 0.0 0.1 0:00.05
2920 0.0 0.1 0:00.05
2920 0.0 0.1 0:00.05
2920 0.0 0.1 0:00.05
2920 0.0 0.1 0:00.05
2920 0.0 0.1 0:00.05
2920 0.0 0.1 0:00.05
2920 0.0 0.1 0:00.05
2920 0.0 0.1 0:00.05
2920 0.0 0.1 0:00.05
2920 0.0 0.1 0:00.05
2920 0.0 0.1 0:00.05
2920 0.0 0.1 0:00.05
2920 0.0 0.1 0:00.05
2920 0.0 0.1 0:00.05
2920 0.0 0.1 0:00.05
2920 0.0 0.1 0:00.05
2920 0.0 0.1 0:00.05
2920 0.0 0.1 0:00.05
