2921 0.0 0.1 0:00.02
2921 0.0 0.1 0:00.02
2921 0.0 0.1 0:00.02
2921 0.0 0.1 0:00.02
2921 0.0 0.1 0:00.02
2921 0.0 0.1 0:00.02
2921 0.0 0.1 0:00.02
2921 0.0 0.1 0:00.02
2921 0.0 0.1 0:00.02
2921 0.0 0.1 0:00.02
2921 0.0 0.1 0:00.02
2921 0.0 0.1 0:00.02
2921 0.0 0.1 0:00.02
2921 0.0 0.1 0:00.02
2921 0.0 0.1 0:00.02
2921 0.0 0.1 0:00.02
2921 0.0 0.1 0:00.02
2921 0.0 0.1 0:00.02
2921 0.0 0.1 0:00.02
2921 0.0 0.1 0:00.02
2921 0.0 0.1 0:00.02
2921 0.0 0.1 0:00.02
2921 0.0 0.1 0:00.02
2921 0.0 0.1 0:00.02
2921 0.0 0.1 0:00.02
2921 0.0 0.1 0:00.02
2921 0.0 0.1 0:00.02
2921 0.0 0.1 0:00.02
2921 0.0 0.1 0:00.02
2921 0.0 0.1 0:00.02
2921 0.0 0.1 0:00.02
2921 0.0 0.1 0:00.02
2921 0.0 0.1 0:00.02
2921 0.0 0.1 0:00.02
2921 0.0 0.1 0:00.02
2921 0.0 0.1 0:00.02
2921 0.0 0.1 0:00.02
2921 0.0 0.1 0:00.02
2921 0.0 0.1 0:00.02
2921 0.0 0.1 0:00.02
2921 0.0 0.1 0:00.02
2921 0.0 0.1 0:00.02
2921 0.0 0.1 0:00.02
2921 0.0 0.1 0:00.02
2921 0.0 0.1 0:00.02
2921 0.0 0.1 0:00.02
2921 0.0 0.1 0:00.02
2921 0.0 0.1 0:00.02
2921 0.0 0.1 0:00.02
2921 0.0 0.1 0:00.02
2921 0.0 0.1 0:00.02
2921 0.0 0.1 0:00.02
2921 0.0 0.1 0:00.02
2921 0.0 0.1 0:00.02
2921 0.0 0.1 0:00.02
2921 0.0 0.1 0:00.02
2921 0.0 0.1 0:00.02
2921 0.0 0.1 0:00.02
2921 0.0 0.1 0:00.02
2921 0.0 0.1 0:00.02
2921 0.0 0.1 0:00.02
2921 0.0 0.1 0:00.02
2921 0.0 0.1 0:00.02
2921 0.0 0.1 0:00.02
2921 0.0 0.1 0:00.02
2921 0.0 0.1 0:00.02
2921 0.0 0.1 0:00.02
2921 0.0 0.1 0:00.02
2921 0.0 0.1 0:00.02
2921 0.0 0.1 0:00.02
2921 0.0 0.1 0:00.02
2921 0.0 0.1 0:00.02
2921 0.0 0.1 0:00.02
2921 0.0 0.1 0:00.02
2921 0.0 0.1 0:00.02
2921 0.0 0.1 0:00.02
