712 0.0 0.4 0:07.62
712 0.0 0.4 0:07.64
712 0.0 0.4 0:07.67
712 5.6 0.4 0:07.70
712 5.3 0.4 0:07.73
712 5.6 0.4 0:07.76
712 5.6 0.4 0:07.80
712 5.3 0.4 0:07.82
712 0.0 0.4 0:07.85
712 5.6 0.4 0:07.89
712 5.0 0.4 0:07.93
712 5.6 0.4 0:07.96
712 5.0 0.4 0:07.99
712 5.0 0.4 0:08.02
712 5.0 0.4 0:08.05
712 5.6 0.4 0:08.08
712 0.0 0.4 0:08.11
712 0.0 0.4 0:08.14
712 0.0 0.4 0:08.17
12712 17.6 0.2 0:00.03
712 11.1 0.4 0:08.25
712 5.6 0.4 0:08.28
712 0.0 0.4 0:08.30
712 5.6 0.4 0:08.34
712 5.6 0.4 0:08.38
712 5.6 0.4 0:08.41
712 5.6 0.4 0:08.44
712 0.0 0.4 0:08.46
712 5.3 0.4 0:08.51
712 5.3 0.4 0:08.54
712 0.0 0.4 0:08.57
712 0.0 0.4 0:08.60
712 4.5 0.4 0:08.64
712 0.0 0.4 0:08.67
712 5.6 0.4 0:08.70
712 5.6 0.4 0:08.73
712 5.6 0.4 0:08.76
712 5.0 0.4 0:08.79
712 5.0 0.4 0:08.82
712 11.1 0.4 0:08.86
712 5.9 0.4 0:08.89
712 0.0 0.4 0:08.92
712 0.0 0.4 0:08.95
712 0.0 0.4 0:08.99
712 5.3 0.4 0:09.01
712 10.5 0.4 0:09.06
712 0.0 0.4 0:09.08
712 5.6 0.4 0:09.11
712 5.6 0.4 0:09.15
712 5.3 0.4 0:09.18
712 5.6 0.4 0:09.21
712 5.3 0.4 0:09.25
712 5.6 0.4 0:09.29
712 5.6 0.4 0:09.32
712 10.0 0.4 0:09.37
712 0.0 0.4 0:09.38
712 5.3 0.4 0:09.41
712 5.6 0.4 0:09.44
712 5.6 0.4 0:09.47
712 5.3 0.4 0:09.50
712 0.0 0.4 0:09.53
712 5.6 0.4 0:09.56
712 9.1 0.4 0:09.61
712 0.0 0.4 0:09.62
712 0.0 0.4 0:09.65
712 5.6 0.4 0:09.68
712 5.6 0.4 0:09.72
712 5.6 0.4 0:09.75
712 0.0 0.4 0:09.77
712 5.6 0.4 0:09.81
712 0.0 0.4 0:09.83
712 4.8 0.4 0:09.87
712 0.0 0.4 0:09.91
712 0.0 0.4 0:09.94
712 0.0 0.4 0:09.98
712 0.0 0.4 0:10.00
712 11.1 0.4 0:10.05
712 5.6 0.4 0:10.08
712 0.0 0.4 0:10.11
712 0.0 0.4 0:10.12
712 0.0 0.4 0:10.12
712 0.0 0.4 0:10.12
