2941 0.0 0.0 0:00.00
2941 0.0 0.0 0:00.00
2941 0.0 0.0 0:00.00
2941 0.0 0.0 0:00.00
2941 0.0 0.0 0:00.00
2941 0.0 0.0 0:00.00
2941 0.0 0.0 0:00.00
2941 0.0 0.0 0:00.00
2941 0.0 0.0 0:00.00
2941 0.0 0.0 0:00.00
2941 0.0 0.0 0:00.00
2941 0.0 0.0 0:00.00
2941 0.0 0.0 0:00.00
2941 0.0 0.0 0:00.00
2941 0.0 0.0 0:00.00
2941 0.0 0.0 0:00.00
2941 0.0 0.0 0:00.00
2941 0.0 0.0 0:00.00
2941 0.0 0.0 0:00.00
2941 0.0 0.0 0:00.00
2941 0.0 0.0 0:00.00
2941 0.0 0.0 0:00.00
2941 0.0 0.0 0:00.00
2941 0.0 0.0 0:00.00
2941 0.0 0.0 0:00.00
2941 0.0 0.0 0:00.00
2941 0.0 0.0 0:00.00
2941 0.0 0.0 0:00.00
2941 0.0 0.0 0:00.00
2941 0.0 0.0 0:00.00
29410 0.0 0.0 0:00.01
2941 0.0 0.0 0:00.00
2941 0.0 0.0 0:00.00
2941 0.0 0.0 0:00.00
2941 0.0 0.0 0:00.00
2941 0.0 0.0 0:00.00
2941 0.0 0.0 0:00.00
2941 0.0 0.0 0:00.00
2941 0.0 0.0 0:00.00
2941 0.0 0.0 0:00.00
2941 0.0 0.0 0:00.00
2941 0.0 0.0 0:00.00
2941 0.0 0.0 0:00.00
2941 0.0 0.0 0:00.00
2941 0.0 0.0 0:00.00
2941 0.0 0.0 0:00.00
2941 0.0 0.0 0:00.00
2941 0.0 0.0 0:00.00
2941 0.0 0.0 0:00.00
2941 0.0 0.0 0:00.00
2941 0.0 0.0 0:00.00
2941 0.0 0.0 0:00.00
2941 0.0 0.0 0:00.00
2941 0.0 0.0 0:00.00
2941 0.0 0.0 0:00.00
2941 0.0 0.0 0:00.00
2941 0.0 0.0 0:00.00
2941 0.0 0.0 0:00.00
2941 0.0 0.0 0:00.00
2941 0.0 0.0 0:00.00
2941 0.0 0.0 0:00.00
2941 0.0 0.0 0:00.00
2941 0.0 0.0 0:00.00
2941 0.0 0.0 0:00.00
2941 0.0 0.0 0:00.00
2941 0.0 0.0 0:00.00
2941 0.0 0.0 0:00.00
2941 0.0 0.0 0:00.00
2941 0.0 0.0 0:00.00
2941 0.0 0.0 0:00.00
2941 0.0 0.0 0:00.00
2941 0.0 0.0 0:00.00
2941 0.0 0.0 0:00.00
2941 0.0 0.0 0:00.00
2941 0.0 0.0 0:00.00
2941 0.0 0.0 0:00.00
2941 0.0 0.0 0:00.00
2941 0.0 0.0 0:00.00
2941 0.0 0.0 0:00.00
2941 0.0 0.0 0:00.00
2941 0.0 0.0 0:00.00
2941 0.0 0.0 0:00.00
2941 0.0 0.0 0:00.00
2941 0.0 0.0 0:00.00
2941 0.0 0.0 0:00.00
2941 0.0 0.0 0:00.00
2941 0.0 0.0 0:00.00
2941 0.0 0.0 0:00.00
2941 0.0 0.0 0:00.00
2941 0.0 0.0 0:00.00
2941 0.0 0.0 0:00.00
2941 0.0 0.0 0:00.00
2941 0.0 0.0 0:00.00
2941 0.0 0.0 0:00.00
2941 0.0 0.0 0:00.00
2941 0.0 0.0 0:00.00
2941 0.0 0.0 0:00.00
2941 0.0 0.0 0:00.00
2941 0.0 0.0 0:00.00
2941 0.0 0.0 0:00.00
2941 0.0 0.0 0:00.00
2941 0.0 0.0 0:00.00
2941 0.0 0.0 0:00.00
2941 0.0 0.0 0:00.00
2941 0.0 0.0 0:00.00
2941 0.0 0.0 0:00.00
2941 0.0 0.0 0:00.00
2941 0.0 0.0 0:00.00
