2942 5.3 0.3 8:37.19
2942 21.1 0.3 8:37.25
2942 10.5 0.3 8:37.34
2942 5.3 0.3 8:37.48
2942 10.5 0.3 8:37.64
2942 31.6 0.3 8:37.84
2942 22.2 0.3 8:37.97
2942 10.5 0.3 8:38.12
2942 50.0 0.3 8:38.40
2942 15.8 0.3 8:38.62
2942 21.1 0.3 8:38.83
2942 44.4 0.3 8:39.30
2942 10.0 0.3 8:39.48
2942 15.8 0.3 8:39.73
2942 15.8 0.3 8:39.95
2942 27.8 0.3 8:40.18
2942 30.0 0.3 8:40.36
2942 10.5 0.2 8:40.56
2942 15.0 0.2 8:40.83
2942 15.0 0.2 8:41.09
2942 21.1 0.2 8:41.32
2942 25.0 0.2 8:41.82
2942 15.0 0.2 8:42.05
2942 42.9 0.2 8:42.39
2942 20.0 0.2 8:42.74
2942 36.8 0.2 8:43.29
2942 26.3 0.2 8:43.46
2942 22.2 0.3 8:43.69
2942 57.9 0.3 8:44.04
2942 22.2 0.3 8:44.46
2942 31.6 0.3 8:44.70
2942 25.0 0.3 8:45.03
2942 19.0 0.3 8:45.28
2942 15.8 0.3 8:45.53
2942 22.2 0.3 8:45.77
2942 36.8 0.3 8:46.52
2942 21.1 0.3 8:46.70
2942 27.8 0.3 8:46.97
2942 42.1 0.3 8:47.28
2942 42.1 0.3 8:47.70
2942 21.4 0.3 8:47.99
2942 33.3 0.3 8:48.29
2942 21.1 0.3 8:48.66
2942 30.0 0.3 8:49.00
2942 16.7 0.3 8:49.28
2942 21.1 0.3 8:49.54
2942 36.8 0.3 8:49.80
2942 21.1 0.3 8:50.00
2942 27.8 0.3 8:50.26
2942 31.6 0.3 8:50.54
2942 26.3 0.3 8:50.84
2942 38.9 0.3 8:51.08
2942 38.9 0.3 8:51.31
2942 35.0 0.3 8:51.61
2942 16.7 0.3 8:51.88
2942 50.0 0.3 8:52.19
2942 36.8 0.3 8:52.54
2942 15.0 0.3 8:52.80
2942 35.0 0.3 8:53.08
2942 47.4 0.3 8:53.45
2942 22.2 0.3 8:53.70
2942 38.9 0.3 8:53.97
2942 21.1 0.3 8:54.20
2942 36.8 0.3 8:54.48
2942 55.6 0.3 8:54.89
2942 25.0 0.3 8:55.12
2942 36.8 0.3 8:55.37
2942 25.0 0.3 8:55.60
2942 15.8 0.3 8:55.90
2942 22.2 0.3 8:56.17
2942 42.1 0.3 8:56.55
2942 26.3 0.3 8:56.80
2942 27.8 0.3 8:57.04
2942 31.6 0.3 8:57.31
2942 26.3 0.3 8:57.56
2942 30.0 0.3 8:57.97
2942 15.8 0.3 8:58.21
2942 42.1 0.3 8:58.50
2942 45.0 0.3 8:58.80
2942 21.1 0.3 8:59.13
2942 22.2 0.3 8:59.57
2942 26.3 0.3 8:59.83
2942 31.6 0.3 9:00.12
2942 50.0 0.3 9:00.46
2942 21.1 0.3 9:00.85
2942 47.4 0.3 9:01.13
2942 26.3 0.3 9:01.34
2942 33.3 0.3 9:01.61
2942 22.2 0.3 9:01.87
2942 31.6 0.3 9:02.15
2942 22.2 0.3 9:02.38
2942 28.6 0.3 9:02.68
2942 30.0 0.3 9:02.97
2942 27.3 0.3 9:03.27
2942 59.1 0.3 9:03.63
2942 36.8 0.3 9:04.00
2942 26.3 0.3 9:04.23
2942 36.8 0.3 9:04.50
2942 21.1 0.3 9:04.76
2942 26.3 0.3 9:05.11
2942 44.4 0.3 9:05.39
2942 27.8 0.3 9:05.63
2942 26.3 0.3 9:05.90
2942 15.8 0.3 9:06.16
2942 42.1 0.3 9:06.47
2942 21.1 0.3 9:06.81
2942 20.0 0.3 9:07.05
2942 60.0 0.3 9:07.38
2942 44.4 0.3 9:07.66
2942 21.1 0.3 9:08.01
2942 45.0 0.3 9:08.33
2942 45.0 0.3 9:08.62
2942 31.6 0.3 9:08.91
2942 36.8 0.3 9:09.20
2942 26.3 0.3 9:09.46
2942 31.6 0.3 9:09.78
2942 47.4 0.3 9:10.08
2942 47.4 0.3 9:10.37
2942 16.7 0.3 9:10.63
2942 36.8 0.3 9:10.91
2942 26.3 0.3 9:11.16
2942 31.6 0.3 9:11.47
2942 33.3 0.3 9:11.73
2942 22.2 0.3 9:12.01
2942 35.0 0.3 9:12.29
2942 0.0 0.3 9:12.39
