2942 11.1 0.2 16:42.03
2942 33.3 0.3 16:42.25
2942 16.7 0.3 16:42.50
2942 42.1 0.3 16:42.76
2942 36.8 0.3 16:43.02
2942 22.2 0.3 16:43.36
2942 52.6 0.3 16:43.80
2942 45.0 0.3 16:44.23
2942 31.6 0.3 16:44.51
2942 31.6 0.3 16:44.77
2942 31.6 0.3 16:45.02
2942 47.4 0.3 16:45.50
2942 35.0 0.3 16:45.86
2942 28.6 0.3 16:46.09
2942 45.0 0.3 16:46.39
2942 21.1 0.3 16:46.65
2942 22.2 0.3 16:46.95
2942 15.8 0.3 16:47.21
2942 36.8 0.3 16:47.48
2942 35.0 0.3 16:47.76
2942 28.6 0.3 16:48.00
2942 22.2 0.3 16:48.26
2942 22.7 0.3 16:48.60
2942 36.8 0.3 16:48.92
2942 31.6 0.3 16:49.18
2942 36.8 0.3 16:49.68
2942 15.0 0.3 16:50.07
2942 26.3 0.3 16:50.35
2942 26.3 0.3 16:50.67
2942 66.7 0.3 16:51.01
2942 15.8 0.3 16:51.29
2942 42.1 0.3 16:51.60
2942 26.3 0.3 16:51.86
2942 31.6 0.3 16:52.12
2942 26.3 0.3 16:52.39
2942 31.6 0.3 16:52.65
2942 22.2 0.3 16:52.92
2942 25.0 0.3 16:53.19
2942 66.7 0.3 16:53.53
2942 47.4 0.3 16:53.81
2942 21.1 0.3 16:54.06
2942 35.0 0.3 16:54.33
2942 31.6 0.3 16:54.61
2942 33.3 0.3 16:54.87
2942 35.0 0.3 16:55.17
2942 42.1 0.3 16:55.46
2942 22.2 0.3 16:55.72
2942 16.7 0.3 16:56.06
2942 28.6 0.3 16:56.32
2942 45.0 0.3 16:56.61
2942 42.1 0.3 16:56.99
2942 21.1 0.3 16:57.24
2942 27.8 0.3 16:57.51
2942 23.8 0.3 16:57.77
2942 44.4 0.3 16:58.05
2942 38.9 0.3 16:58.32
2942 47.6 0.3 16:58.76
2942 21.1 0.3 16:59.07
2942 31.6 0.3 16:59.32
2942 42.1 0.3 16:59.59
2942 36.8 0.3 16:59.87
2942 16.7 0.3 17:00.11
2942 33.3 0.3 17:00.41
2942 42.1 0.3 17:00.68
2942 28.6 0.3 17:00.94
2942 31.6 0.3 17:01.23
2942 26.3 0.3 17:01.48
2942 30.0 0.3 17:01.77
2942 25.0 0.3 17:02.02
2942 42.1 0.3 17:02.30
2942 26.3 0.3 17:02.57
2942 31.6 0.3 17:02.84
2942 20.7 0.3 17:03.16
2942 20.0 0.3 17:03.51
2942 22.7 0.3 17:03.82
2942 20.0 0.3 17:04.16
2942 33.3 0.3 17:04.42
2942 21.1 0.3 17:04.66
2942 26.3 0.3 17:04.95
2942 50.0 0.3 17:05.38
2942 22.2 0.3 17:05.64
2942 31.6 0.3 17:05.91
2942 30.0 0.3 17:06.16
2942 0.0 0.3 17:06.31
