2942 5.3 0.2 14:32.41
2942 10.5 0.2 14:32.53
2942 47.4 0.3 14:32.75
2942 31.6 0.3 14:32.97
2942 16.7 0.3 14:33.22
2942 15.8 0.3 14:33.47
2942 16.7 0.3 14:33.69
2942 15.0 0.3 14:33.92
2942 31.6 0.3 14:34.22
2942 31.6 0.3 14:34.45
2942 31.6 0.3 14:34.67
2942 42.1 0.3 14:34.90
2942 31.6 0.3 14:35.37
2942 21.1 0.3 14:35.87
2942 15.8 0.3 14:36.09
2942 21.1 0.3 14:36.33
2942 31.6 0.3 14:36.59
2942 40.0 0.3 14:37.01
2942 44.4 0.3 14:37.32
2942 61.1 0.3 14:37.70
2942 47.4 0.3 14:38.13
2942 36.8 0.3 14:38.50
2942 20.0 0.3 14:38.79
2942 31.6 0.3 14:39.05
2942 31.6 0.3 14:39.31
2942 31.6 0.3 14:39.56
2942 25.0 0.3 14:39.79
2942 50.0 0.3 14:40.09
2942 38.9 0.3 14:40.30
2942 33.3 0.3 14:40.54
2942 33.3 0.3 14:40.79
2942 42.1 0.3 14:41.05
2942 15.8 0.3 14:41.49
2942 60.0 0.3 14:41.82
2942 33.3 0.3 14:42.25
2942 20.0 0.3 14:42.68
2942 20.0 0.3 14:42.93
2942 21.1 0.3 14:43.17
2942 26.3 0.3 14:43.43
2942 27.8 0.3 14:43.69
2942 36.8 0.3 14:43.97
2942 25.0 0.3 14:44.24
2942 30.0 0.3 14:44.50
2942 33.3 0.3 14:44.76
2942 21.1 0.3 14:45.09
2942 33.3 0.3 14:45.36
2942 31.6 0.3 14:45.62
2942 21.1 0.3 14:45.87
2942 21.7 0.3 14:46.16
2942 22.2 0.3 14:46.43
2942 15.0 0.3 14:46.71
2942 33.3 0.3 14:46.99
2942 33.3 0.3 14:47.29
2942 33.3 0.3 14:47.56
2942 66.7 0.3 14:47.89
2942 28.6 0.3 14:48.14
2942 20.0 0.3 14:48.40
2942 20.0 0.3 14:48.64
2942 30.0 0.3 14:48.91
2942 27.8 0.3 14:49.18
2942 33.3 0.3 14:49.51
2942 33.3 0.3 14:49.79
2942 31.6 0.3 14:50.05
2942 31.6 0.3 14:50.31
2942 30.0 0.3 14:50.58
2942 22.2 0.3 14:50.93
2942 72.2 0.3 14:51.29
2942 31.6 0.3 14:51.53
2942 42.1 0.3 14:51.81
2942 33.3 0.3 14:52.09
2942 21.1 0.3 14:52.35
2942 50.0 0.3 14:52.67
2942 30.0 0.3 14:52.95
2942 21.1 0.3 14:53.19
2942 30.0 0.3 14:53.46
2942 30.0 0.3 14:53.76
2942 21.1 0.3 14:54.00
2942 31.6 0.3 14:54.29
2942 33.3 0.3 14:54.53
2942 31.6 0.3 14:54.81
2942 15.8 0.3 14:55.07
2942 21.1 0.3 14:55.33
2942 35.0 0.3 14:55.62
2942 28.6 0.3 14:55.90
2942 47.4 0.3 14:56.22
2942 40.0 0.3 14:56.59
2942 52.6 0.3 14:56.88
2942 26.3 0.3 14:57.18
2942 31.6 0.3 14:57.50
2942 40.0 0.3 14:57.80
2942 30.0 0.3 14:58.06
2942 31.6 0.3 14:58.34
2942 35.0 0.3 14:58.62
2942 47.4 0.3 14:58.91
2942 0.0 0.3 14:59.07
