2942 42.1 0.3 17:06.64
2942 25.0 0.3 17:06.96
2942 21.1 0.3 17:07.29
2942 10.5 0.3 17:07.53
2942 15.0 0.3 17:07.86
2942 27.8 0.3 17:08.16
2942 31.6 0.3 17:08.43
2942 25.0 0.3 17:08.69
2942 31.6 0.3 17:08.95
2942 15.8 0.3 17:09.30
2942 31.6 0.3 17:09.59
2942 33.3 0.3 17:09.86
2942 42.1 0.3 17:10.31
2942 15.8 0.3 17:10.53
2942 33.3 0.3 17:10.87
2942 38.9 0.3 17:11.19
2942 35.0 0.3 17:11.48
2942 22.2 0.3 17:11.70
2942 15.8 0.3 17:11.93
2942 68.4 0.3 17:12.26
2942 30.0 0.3 17:12.56
2942 26.3 0.3 17:12.82
2942 22.2 0.3 17:13.07
2942 19.0 0.3 17:13.35
2942 26.3 0.2 17:13.63
2942 27.8 0.2 17:13.87
2942 33.3 0.2 17:14.13
2942 33.3 0.2 17:14.38
2942 27.8 0.2 17:14.69
2942 21.1 0.2 17:14.94
2942 35.0 0.2 17:15.23
2942 20.0 0.2 17:15.45
2942 22.2 0.2 17:15.70
2942 15.8 0.2 17:15.93
2942 21.1 0.2 17:16.30
2942 33.3 0.2 17:16.57
2942 36.8 0.2 17:16.97
2942 25.0 0.2 17:17.23
2942 22.2 0.2 17:17.45
2942 21.1 0.2 17:17.70
2942 16.7 0.2 17:17.93
2942 36.8 0.2 17:18.23
2942 21.1 0.2 17:18.48
2942 15.8 0.2 17:18.71
2942 26.3 0.2 17:18.97
2942 42.1 0.2 17:19.26
2942 42.1 0.2 17:19.58
2942 38.9 0.2 17:19.86
2942 47.4 0.2 17:20.17
2942 55.6 0.2 17:20.62
2942 21.1 0.3 17:20.98
2942 31.6 0.3 17:21.29
2942 38.9 0.3 17:21.55
2942 31.6 0.3 17:21.81
2942 21.1 0.3 17:22.10
2942 38.9 0.3 17:22.42
2942 15.8 0.3 17:22.67
2942 25.0 0.3 17:22.99
2942 31.6 0.3 17:23.25
2942 45.0 0.3 17:23.56
2942 38.9 0.3 17:23.83
2942 30.0 0.3 17:24.10
2942 28.6 0.3 17:24.38
2942 36.8 0.3 17:24.69
2942 47.4 0.3 17:24.99
2942 31.6 0.3 17:25.26
2942 36.8 0.3 17:25.54
2942 40.0 0.3 17:25.86
2942 21.1 0.3 17:26.10
2942 42.1 0.3 17:26.38
2942 21.1 0.3 17:26.67
2942 28.6 0.3 17:26.98
2942 23.8 0.3 17:27.27
2942 25.0 0.3 17:27.61
2942 30.0 0.3 17:28.00
2942 21.1 0.3 17:28.27
2942 26.3 0.3 17:28.56
2942 31.6 0.3 17:28.85
2942 20.0 0.3 17:29.09
2942 31.6 0.3 17:29.36
2942 33.3 0.3 17:29.62
2942 21.1 0.3 17:29.88
2942 0.0 0.3 17:30.10
