2943 5.6 0.2 0:09.10
2943 0.0 0.2 0:09.11
2943 0.0 0.2 0:09.12
2943 0.0 0.2 0:09.12
2943 0.0 0.2 0:09.12
2943 0.0 0.2 0:09.12
2943 0.0 0.2 0:09.12
2943 0.0 0.2 0:09.12
2943 0.0 0.2 0:09.12
2943 0.0 0.2 0:09.12
2943 0.0 0.2 0:09.12
2943 0.0 0.2 0:09.13
2943 0.0 0.2 0:09.13
2943 0.0 0.2 0:09.13
2943 0.0 0.2 0:09.13
2943 0.0 0.2 0:09.13
2943 0.0 0.2 0:09.13
2943 0.0 0.2 0:09.13
2943 0.0 0.2 0:09.13
2943 0.0 0.2 0:09.13
2943 0.0 0.2 0:09.13
2943 0.0 0.2 0:09.13
2943 0.0 0.2 0:09.13
2943 0.0 0.2 0:09.13
2943 0.0 0.2 0:09.13
2943 0.0 0.2 0:09.13
2943 0.0 0.2 0:09.13
2943 0.0 0.2 0:09.13
2943 0.0 0.2 0:09.13
2943 0.0 0.2 0:09.13
2943 0.0 0.2 0:09.13
2943 0.0 0.2 0:09.13
2943 0.0 0.2 0:09.13
2943 0.0 0.2 0:09.13
2943 0.0 0.2 0:09.14
2943 0.0 0.2 0:09.14
2943 0.0 0.2 0:09.14
2943 0.0 0.2 0:09.14
2943 0.0 0.2 0:09.14
2943 0.0 0.2 0:09.14
2943 0.0 0.2 0:09.14
2943 0.0 0.2 0:09.14
2943 0.0 0.2 0:09.14
2943 0.0 0.2 0:09.14
2943 0.0 0.2 0:09.14
2943 0.0 0.2 0:09.14
2943 0.0 0.2 0:09.14
2943 0.0 0.2 0:09.14
2943 0.0 0.2 0:09.14
2943 0.0 0.2 0:09.14
2943 0.0 0.2 0:09.14
2943 0.0 0.2 0:09.14
2943 0.0 0.2 0:09.14
2943 0.0 0.2 0:09.14
2943 0.0 0.2 0:09.14
2943 0.0 0.2 0:09.14
2943 0.0 0.2 0:09.14
2943 0.0 0.2 0:09.14
2943 0.0 0.2 0:09.14
2943 0.0 0.2 0:09.14
2943 0.0 0.2 0:09.14
2943 0.0 0.2 0:09.14
2943 0.0 0.2 0:09.14
2943 0.0 0.2 0:09.14
2943 0.0 0.2 0:09.14
2943 0.0 0.2 0:09.14
2943 0.0 0.2 0:09.14
2943 0.0 0.2 0:09.14
2943 0.0 0.2 0:09.14
2943 0.0 0.2 0:09.14
2943 0.0 0.2 0:09.14
2943 2.9 0.2 0:09.16
2943 0.0 0.2 0:09.16
2943 0.0 0.2 0:09.16
2943 0.0 0.2 0:09.16
2943 0.0 0.2 0:09.17
2943 0.0 0.2 0:09.17
2943 0.0 0.2 0:09.17
2943 0.0 0.2 0:09.17
29433 0.0 0.1 0:00.00
2943 0.0 0.2 0:09.17
