2944 0.0 0.2 0:36.41
2944 10.0 0.2 0:36.53
2944 5.6 0.2 0:36.58
2944 5.3 0.2 0:36.68
2944 5.6 0.2 0:36.77
2944 4.8 0.2 0:36.82
2944 5.3 0.2 0:36.88
2944 5.6 0.2 0:37.30
2944 11.1 0.2 0:37.37
2944 4.8 0.2 0:37.40
2944 0.0 0.2 0:37.41
2944 0.0 0.2 0:37.44
2944 5.0 0.2 0:37.47
2944 0.0 0.2 0:37.48
2944 0.0 0.2 0:37.49
2944 0.0 0.2 0:37.50
2944 4.5 0.2 0:37.52
2944 10.0 0.2 0:37.59
2944 0.0 0.2 0:37.60
2944 0.0 0.2 0:37.61
2944 5.6 0.2 0:37.67
2944 4.8 0.2 0:37.69
2944 0.0 0.2 0:37.74
2944 5.3 0.2 0:37.76
2944 5.6 0.2 0:37.78
2944 3.8 0.2 0:37.79
2944 0.0 0.2 0:37.80
2944 0.0 0.2 0:37.82
2944 0.0 0.2 0:37.84
2944 5.6 0.2 0:37.90
2944 5.3 0.2 0:37.92
2944 5.0 0.2 0:37.98
2944 0.0 0.2 0:38.00
2944 11.1 0.2 0:38.03
2944 4.8 0.2 0:38.07
2944 0.0 0.2 0:38.09
2944 16.7 0.2 0:38.14
2944 5.3 0.2 0:38.16
2944 0.0 0.2 0:38.17
2944 10.0 0.2 0:38.20
2944 5.6 0.2 0:38.25
2944 0.0 0.2 0:38.29
2944 5.0 0.2 0:38.33
2944 5.3 0.2 0:38.37
2944 0.0 0.2 0:38.41
2944 0.0 0.2 0:38.42
2944 8.3 0.2 0:38.49
2944 0.0 0.2 0:38.52
2944 9.5 0.2 0:38.55
2944 5.3 0.2 0:38.58
2944 0.0 0.2 0:38.59
2944 0.0 0.2 0:38.61
2944 5.6 0.2 0:38.66
2944 0.0 0.2 0:38.69
2944 0.0 0.2 0:38.73
2944 5.3 0.2 0:38.77
2944 0.0 0.2 0:38.81
2944 4.3 0.2 0:38.84
2944 4.3 0.2 0:38.87
2944 0.0 0.2 0:38.94
2944 0.0 0.2 0:39.00
2944 5.0 0.2 0:39.04
2944 0.0 0.2 0:39.06
2944 5.6 0.2 0:39.08
2944 0.0 0.2 0:39.11
2944 0.0 0.2 0:39.13
2944 5.3 0.2 0:39.16
2944 11.1 0.2 0:39.20
2944 5.3 0.2 0:39.27
2944 0.0 0.2 0:39.29
2944 0.0 0.2 0:39.30
2944 5.6 0.2 0:39.33
2944 0.0 0.2 0:39.37
2944 5.3 0.2 0:39.43
2944 0.0 0.2 0:39.45
2944 0.0 0.2 0:39.47
2944 0.0 0.2 0:39.51
2944 0.0 0.2 0:39.53
2944 0.0 0.2 0:39.54
2944 5.3 0.2 0:39.58
2944 0.0 0.2 0:39.61
2944 4.8 0.2 0:39.64
2944 4.5 0.2 0:39.69
2944 0.0 0.2 0:39.74
2944 4.5 0.2 0:39.77
2944 5.6 0.2 0:39.83
2944 0.0 0.2 0:39.88
2944 4.8 0.2 0:39.91
2944 0.0 0.2 0:39.94
2944 0.0 0.2 0:39.95
2944 5.3 0.2 0:39.97
2944 5.3 0.2 0:40.01
2944 0.0 0.2 0:40.04
2944 5.3 0.2 0:40.06
2944 16.7 0.2 0:40.11
2944 5.3 0.2 0:40.16
2944 5.3 0.2 0:40.20
2944 5.6 0.2 0:40.25
2944 5.0 0.2 0:40.29
2944 10.5 0.2 0:40.37
2944 5.6 0.2 0:40.42
2944 5.0 0.2 0:40.45
2944 10.0 0.2 0:40.48
2944 4.5 0.2 0:40.54
2944 0.0 0.2 0:40.57
2944 5.0 0.2 0:40.60
2944 0.0 0.2 0:40.61
2944 5.6 0.2 0:40.63
2944 5.0 0.2 0:40.66
2944 4.2 0.2 0:40.70
2944 0.0 0.2 0:40.72
2944 4.8 0.2 0:40.80
2944 5.0 0.2 0:40.90
2944 0.0 0.2 0:40.95
2944 0.0 0.2 0:40.97
2944 0.0 0.2 0:41.00
2944 5.9 0.2 0:41.03
2944 4.5 0.2 0:41.07
2944 5.6 0.2 0:41.13
2944 0.0 0.2 0:41.17
2944 0.0 0.2 0:41.19
2944 0.0 0.2 0:41.20
2944 0.0 0.2 0:41.25
2944 0.0 0.2 0:41.28
2944 10.5 0.2 0:41.33
2944 5.3 0.2 0:41.36
2944 5.0 0.2 0:41.38
2944 5.3 0.2 0:41.41
2944 0.0 0.2 0:41.42
2944 4.8 0.2 0:41.44
2944 5.3 0.2 0:41.46
2944 0.0 0.2 0:41.49
2944 0.0 0.2 0:41.52
2944 5.3 0.2 0:41.56
2944 5.0 0.2 0:41.59
2944 5.6 0.2 0:41.60
2944 0.0 0.2 0:41.62
2944 5.6 0.2 0:41.67
2944 5.6 0.2 0:41.73
2944 5.0 0.2 0:41.75
2944 5.3 0.2 0:41.79
2944 5.0 0.2 0:41.83
2944 5.3 0.2 0:41.88
2944 5.6 0.2 0:41.92
2944 0.0 0.2 0:41.94
2944 5.3 0.2 0:41.99
2944 11.1 0.2 0:42.02
2944 0.0 0.2 0:42.05
2944 5.6 0.2 0:42.09
2944 0.0 0.2 0:42.13
2944 0.0 0.2 0:42.16
