2944 0.0 0.2 0:42.18
2944 0.0 0.2 0:42.22
2944 0.0 0.2 0:42.28
2944 0.0 0.2 0:42.34
2944 5.3 0.2 0:42.39
2944 5.3 0.2 0:42.46
2944 16.7 0.2 0:42.52
2944 5.3 0.2 0:42.58
2944 5.0 0.2 0:42.63
2944 5.6 0.2 0:42.66
2944 5.3 0.2 0:42.70
2944 0.0 0.2 0:42.71
2944 8.7 0.2 0:42.73
2944 5.3 0.2 0:42.76
2944 0.0 0.2 0:42.78
2944 5.6 0.2 0:42.80
2944 5.3 0.2 0:42.84
2944 0.0 0.2 0:42.85
2944 5.0 0.2 0:42.87
2944 0.0 0.2 0:42.91
2944 0.0 0.2 0:42.94
2944 5.6 0.2 0:42.98
2944 5.3 0.2 0:43.03
2944 0.0 0.2 0:43.08
2944 5.6 0.2 0:43.10
2944 11.1 0.2 0:43.15
2944 5.6 0.2 0:43.18
2944 0.0 0.2 0:43.19
2944 0.0 0.2 0:43.23
2944 0.0 0.2 0:43.28
2944 0.0 0.2 0:43.31
2944 0.0 0.2 0:43.34
2944 5.3 0.2 0:43.38
2944 0.0 0.2 0:43.40
2944 0.0 0.2 0:43.45
2944 4.3 0.2 0:43.53
2944 5.0 0.2 0:43.58
2944 0.0 0.2 0:43.60
2944 5.3 0.2 0:43.64
2944 5.0 0.2 0:43.67
2944 0.0 0.2 0:43.69
2944 5.0 0.2 0:43.72
2944 3.2 0.2 0:43.76
2944 3.8 0.2 0:43.82
2944 4.2 0.2 0:43.87
2944 0.0 0.2 0:44.00
2944 5.0 0.2 0:44.07
2944 5.3 0.2 0:44.15
2944 3.7 0.2 0:44.21
2944 3.4 0.2 0:44.29
2944 5.6 0.2 0:44.31
2944 3.7 0.2 0:44.38
2944 5.0 0.2 0:44.41
2944 3.7 0.2 0:44.48
2944 5.3 0.2 0:44.51
2944 4.8 0.2 0:44.54
2944 4.5 0.2 0:44.58
2944 3.8 0.2 0:44.65
2944 4.8 0.2 0:44.68
2944 5.3 0.2 0:44.72
2944 4.8 0.2 0:44.77
2944 0.0 0.2 0:44.79
2944 4.3 0.2 0:44.83
2944 9.1 0.2 0:44.93
2944 0.0 0.2 0:44.97
2944 0.0 0.2 0:45.02
2944 0.0 0.2 0:45.13
2944 0.0 0.2 0:45.15
2944 0.0 0.2 0:45.18
2944 0.0 0.2 0:45.20
2944 5.6 0.2 0:45.23
2944 4.5 0.2 0:45.26
2944 4.5 0.2 0:45.30
2944 8.7 0.2 0:45.34
2944 0.0 0.2 0:45.37
2944 0.0 0.2 0:45.39
2944 0.0 0.2 0:45.43
2944 0.0 0.2 0:45.45
2944 5.3 0.2 0:45.49
2944 5.0 0.2 0:45.56
2944 4.3 0.2 0:45.59
2944 0.0 0.2 0:45.60
2944 0.0 0.2 0:45.64
2944 5.3 0.2 0:45.68
2944 0.0 0.2 0:45.72
2944 5.3 0.2 0:45.76
2944 0.0 0.2 0:45.78
2944 5.0 0.2 0:45.81
2944 5.0 0.2 0:45.85
2944 0.0 0.2 0:45.89
2944 5.3 0.2 0:45.95
2944 4.5 0.2 0:46.00
2944 5.0 0.2 0:46.03
2944 5.3 0.2 0:46.07
2944 10.5 0.2 0:46.11
2944 4.5 0.2 0:46.16
2944 4.3 0.2 0:46.18
2944 4.3 0.2 0:46.21
2944 0.0 0.2 0:46.24
2944 4.8 0.2 0:46.27
2944 5.0 0.2 0:46.30
2944 0.0 0.2 0:46.43
2944 4.8 0.2 0:46.46
2944 3.6 0.2 0:46.50
2944 9.5 0.2 0:46.54
2944 4.5 0.2 0:46.58
2944 0.0 0.2 0:46.61
2944 5.0 0.2 0:46.64
2944 11.1 0.2 0:46.71
2944 4.3 0.2 0:46.74
2944 5.6 0.2 0:46.77
2944 4.3 0.2 0:46.81
2944 4.0 0.2 0:46.83
2944 4.3 0.2 0:46.87
2944 5.3 0.2 0:46.92
2944 4.5 0.2 0:46.96
2944 5.3 0.2 0:47.00
2944 0.0 0.2 0:47.04
2944 3.7 0.2 0:47.09
2944 0.0 0.2 0:47.10
2944 3.8 0.2 0:47.12
2944 4.8 0.2 0:47.14
2944 5.6 0.2 0:47.17
2944 4.8 0.2 0:47.19
2944 0.0 0.2 0:47.22
2944 5.0 0.2 0:47.27
2944 0.0 0.2 0:47.30
2944 3.6 0.2 0:47.33
2944 0.0 0.2 0:47.38
2944 0.0 0.2 0:47.41
2944 0.0 0.2 0:47.47
2944 4.8 0.2 0:47.51
2944 10.5 0.2 0:47.55
2944 0.0 0.2 0:47.56
2944 5.3 0.2 0:47.61
2944 0.0 0.2 0:47.65
2944 0.0 0.2 0:47.67
2944 5.6 0.2 0:47.70
2944 0.0 0.2 0:47.72
2944 4.8 0.2 0:47.77
2944 10.5 0.2 0:47.84
2944 5.0 0.2 0:47.88
2944 5.0 0.2 0:47.95
2944 5.3 0.2 0:47.98
2944 5.0 0.2 0:47.99
2944 9.5 0.2 0:48.02
2944 5.6 0.2 0:48.04
