2944 5.0 0.2 1:52.05
2944 5.0 0.2 1:52.11
2944 5.0 0.2 1:52.16
2944 0.0 0.2 1:52.18
2944 9.5 0.2 1:52.21
2944 0.0 0.2 1:52.21
2944 0.0 0.2 1:52.23
2944 0.0 0.2 1:52.24
2944 0.0 0.2 1:52.28
2944 5.6 0.2 1:52.34
2944 4.8 0.2 1:52.42
2944 5.3 0.2 1:52.45
2944 5.3 0.2 1:52.48
2944 5.6 0.2 1:52.51
2944 5.3 0.2 1:52.55
2944 0.0 0.2 1:52.57
2944 5.3 0.2 1:52.58
2944 5.0 0.2 1:52.59
2944 0.0 0.2 1:52.60
2944 0.0 0.2 1:52.60
2944 0.0 0.2 1:52.62
2944 0.0 0.2 1:52.64
2944 0.0 0.2 1:52.66
2944 0.0 0.2 1:52.68
2944 0.0 0.2 1:52.70
2944 5.3 0.2 1:52.76
2944 0.0 0.2 1:52.80
2944 4.5 0.2 1:52.86
2944 0.0 0.2 1:52.88
2944 5.3 0.2 1:52.91
2944 0.0 0.2 1:52.94
2944 0.0 0.2 1:52.95
2944 0.0 0.2 1:52.97
2944 5.3 0.2 1:52.98
2944 0.0 0.2 1:52.98
2944 0.0 0.2 1:53.04
2944 0.0 0.2 1:53.07
2944 5.6 0.2 1:53.10
2944 0.0 0.2 1:53.15
2944 0.0 0.2 1:53.16
2944 0.0 0.2 1:53.21
2944 0.0 0.2 1:53.27
2944 0.0 0.2 1:53.33
2944 10.5 0.2 1:53.39
2944 0.0 0.2 1:53.45
2944 5.6 0.2 1:53.51
2944 0.0 0.2 1:53.54
2944 10.5 0.2 1:53.62
2944 5.3 0.2 1:53.66
2944 0.0 0.2 1:53.66
2944 0.0 0.2 1:53.69
2944 5.3 0.2 1:53.72
2944 0.0 0.2 1:53.75
2944 0.0 0.2 1:53.77
2944 0.0 0.2 1:53.79
2944 0.0 0.2 1:53.83
2944 5.3 0.2 1:53.89
2944 5.6 0.2 1:53.94
2944 3.2 0.2 1:53.98
2944 10.0 0.2 1:54.05
2944 0.0 0.2 1:54.12
2944 5.0 0.2 1:54.17
2944 5.3 0.2 1:54.25
2944 5.3 0.2 1:54.28
2944 0.0 0.2 1:54.30
2944 5.6 0.2 1:54.31
2944 0.0 0.2 1:54.34
2944 0.0 0.2 1:54.38
2944 5.0 0.2 1:54.42
2944 0.0 0.2 1:54.45
2944 10.5 0.2 1:54.51
2944 0.0 0.2 1:54.55
2944 5.6 0.2 1:54.57
2944 5.3 0.2 1:54.59
2944 10.0 0.2 1:54.61
2944 0.0 0.2 1:54.65
2944 5.0 0.2 1:54.67
2944 0.0 0.2 1:54.70
2944 10.5 0.2 1:54.75
2944 0.0 0.2 1:54.76
2944 0.0 0.2 1:54.77
2944 0.0 0.2 1:54.79
2944 5.3 0.2 1:54.82
2944 0.0 0.2 1:54.87
2944 0.0 0.2 1:54.90
2944 5.3 0.2 1:54.92
2944 5.3 0.2 1:54.95
2944 0.0 0.2 1:54.97
2944 5.6 0.2 1:55.00
2944 0.0 0.2 1:55.03
2944 10.5 0.2 1:55.09
2944 0.0 0.2 1:55.11
2944 5.3 0.2 1:55.17
2944 0.0 0.2 1:55.19
