2944 5.0 0.2 2:19.71
2944 0.0 0.2 2:19.75
2944 5.3 0.2 2:19.78
2944 0.0 0.2 2:19.79
2944 9.1 0.2 2:19.82
2944 0.0 0.2 2:19.86
2944 0.0 0.2 2:19.89
2944 5.6 0.2 2:19.91
2944 9.5 0.2 2:19.95
2944 0.0 0.2 2:20.01
2944 0.0 0.2 2:20.02
2944 5.3 0.2 2:20.06
2944 0.0 0.2 2:20.11
2944 4.8 0.2 2:20.17
2944 5.0 0.2 2:20.21
2944 0.0 0.2 2:20.23
2944 0.0 0.2 2:20.29
2944 5.6 0.2 2:20.32
2944 0.0 0.2 2:20.34
2944 0.0 0.2 2:20.36
2944 10.0 0.2 2:20.42
2944 0.0 0.2 2:20.46
2944 0.0 0.2 2:20.49
2944 5.3 0.2 2:20.54
2944 4.3 0.2 2:20.58
2944 0.0 0.2 2:20.61
2944 5.3 0.2 2:20.66
2944 0.0 0.2 2:20.70
2944 5.3 0.2 2:20.75
2944 5.0 0.2 2:20.78
2944 10.5 0.2 2:20.83
2944 0.0 0.2 2:20.84
2944 0.0 0.2 2:20.89
2944 0.0 0.2 2:20.93
2944 0.0 0.2 2:20.96
2944 4.8 0.2 2:20.98
2944 0.0 0.2 2:20.99
2944 5.6 0.2 2:21.02
2944 0.0 0.2 2:21.05
2944 0.0 0.2 2:21.09
2944 5.0 0.2 2:21.11
2944 0.0 0.2 2:21.15
2944 4.5 0.2 2:21.19
2944 0.0 0.2 2:21.22
2944 5.6 0.2 2:21.25
2944 5.3 0.2 2:21.29
2944 5.3 0.2 2:21.34
2944 0.0 0.2 2:21.36
2944 5.3 0.2 2:21.40
2944 5.6 0.2 2:21.43
2944 10.0 0.2 2:21.50
2944 0.0 0.2 2:21.52
2944 5.3 0.2 2:21.55
2944 0.0 0.2 2:21.59
2944 5.3 0.2 2:21.63
2944 0.0 0.2 2:21.65
2944 5.0 0.2 2:21.67
2944 0.0 0.2 2:21.68
2944 0.0 0.2 2:21.71
2944 0.0 0.2 2:21.74
2944 5.6 0.2 2:21.77
2944 0.0 0.2 2:21.79
2944 0.0 0.2 2:21.81
2944 5.3 0.2 2:21.85
2944 0.0 0.2 2:21.90
2944 0.0 0.2 2:21.92
2944 5.0 0.2 2:21.96
2944 5.6 0.2 2:21.98
2944 0.0 0.2 2:22.03
2944 4.8 0.2 2:22.07
2944 0.0 0.2 2:22.11
2944 5.3 0.2 2:22.15
2944 5.3 0.2 2:22.19
2944 5.3 0.2 2:22.24
2944 0.0 0.2 2:22.26
2944 0.0 0.2 2:22.28
