2945 5.3 0.2 0:01.95
2945 0.0 0.2 0:01.98
2945 0.0 0.2 0:02.00
2945 0.0 0.2 0:02.00
2945 0.0 0.2 0:02.00
2945 0.0 0.2 0:02.02
2945 0.0 0.2 0:02.03
2945 0.0 0.2 0:02.03
2945 0.0 0.2 0:02.03
2945 0.0 0.2 0:02.03
2945 0.0 0.2 0:02.03
2945 0.0 0.2 0:02.03
2945 0.0 0.2 0:02.03
2945 0.0 0.2 0:02.03
2945 0.0 0.2 0:02.03
2945 0.0 0.2 0:02.03
2945 0.0 0.2 0:02.03
2945 0.0 0.2 0:02.03
2945 0.0 0.2 0:02.03
2945 0.0 0.2 0:02.03
2945 0.0 0.2 0:02.03
2945 0.0 0.2 0:02.03
2945 0.0 0.2 0:02.03
2945 0.0 0.2 0:02.03
2945 0.0 0.2 0:02.03
2945 0.0 0.2 0:02.03
2945 0.0 0.2 0:02.03
2945 0.0 0.2 0:02.03
2945 0.0 0.2 0:02.03
2945 0.0 0.2 0:02.03
2945 0.0 0.2 0:02.03
2945 0.0 0.2 0:02.03
2945 0.0 0.2 0:02.03
2945 0.0 0.2 0:02.03
2945 0.0 0.2 0:02.03
2945 0.0 0.2 0:02.03
2945 0.0 0.2 0:02.03
2945 0.0 0.2 0:02.03
2945 0.0 0.2 0:02.03
2945 0.0 0.2 0:02.03
2945 0.0 0.2 0:02.03
2945 0.0 0.2 0:02.03
2945 0.0 0.2 0:02.03
2945 0.0 0.2 0:02.03
2945 0.0 0.2 0:02.03
2945 0.0 0.2 0:02.03
2945 0.0 0.2 0:02.03
2945 0.0 0.2 0:02.03
2945 0.0 0.2 0:02.03
2945 0.0 0.2 0:02.03
2945 0.0 0.2 0:02.03
2945 0.0 0.2 0:02.03
2945 0.0 0.2 0:02.03
2945 0.0 0.2 0:02.03
2945 0.0 0.2 0:02.03
2945 0.0 0.2 0:02.03
22945 10.5 0.1 0:00.02
2945 0.0 0.2 0:02.03
2945 0.0 0.2 0:02.03
2945 0.0 0.2 0:02.03
2945 0.0 0.2 0:02.03
2945 0.0 0.2 0:02.03
2945 0.0 0.2 0:02.03
2945 0.0 0.2 0:02.03
2945 0.0 0.2 0:02.03
2945 0.0 0.2 0:02.03
2945 0.0 0.2 0:02.03
2945 0.0 0.2 0:02.03
2945 0.0 0.2 0:02.03
2945 0.0 0.2 0:02.03
2945 0.0 0.2 0:02.03
2945 0.0 0.2 0:02.03
2945 0.0 0.2 0:02.03
2945 0.0 0.2 0:02.03
2945 0.0 0.2 0:02.03
2945 0.0 0.2 0:02.03
2945 0.0 0.2 0:02.03
2945 0.0 0.2 0:02.03
2945 0.0 0.2 0:02.03
2945 0.0 0.2 0:02.03
2945 0.0 0.2 0:02.03
2945 0.0 0.2 0:02.03
2945 0.0 0.2 0:02.03
2945 0.0 0.2 0:02.03
2945 0.0 0.2 0:02.03
2945 0.0 0.2 0:02.03
2945 0.0 0.2 0:02.03
2945 0.0 0.2 0:02.03
2945 0.0 0.2 0:02.03
2945 0.0 0.2 0:02.03
2945 0.0 0.2 0:02.03
2945 0.0 0.2 0:02.03
2945 0.0 0.2 0:02.03
2945 0.0 0.2 0:02.03
2945 0.0 0.2 0:02.03
2945 0.0 0.2 0:02.03
2945 0.0 0.2 0:02.03
2945 0.0 0.2 0:02.03
2945 0.0 0.2 0:02.03
2945 0.0 0.2 0:02.03
2945 0.0 0.2 0:02.03
2945 0.0 0.2 0:02.03
2945 0.0 0.2 0:02.03
2945 0.0 0.2 0:02.03
2945 0.0 0.2 0:02.03
2945 0.0 0.2 0:02.03
2945 0.0 0.2 0:02.03
2945 0.0 0.2 0:02.03
2945 0.0 0.2 0:02.03
2945 0.0 0.2 0:02.03
2945 0.0 0.2 0:02.03
2945 0.0 0.2 0:02.03
2945 0.0 0.2 0:02.03
2945 0.0 0.2 0:02.03
2945 0.0 0.2 0:02.03
2945 0.0 0.2 0:02.03
2945 0.0 0.2 0:02.03
2945 0.0 0.2 0:02.03
2945 0.0 0.2 0:02.03
2945 0.0 0.2 0:02.03
2945 0.0 0.2 0:02.03
2945 0.0 0.2 0:02.03
2945 0.0 0.2 0:02.03
2945 0.0 0.2 0:02.03
2945 0.0 0.2 0:02.03
2945 0.0 0.2 0:02.03
2945 0.0 0.2 0:02.03
2945 0.0 0.2 0:02.03
2945 0.0 0.2 0:02.03
2945 0.0 0.2 0:02.03
2945 0.0 0.2 0:02.03
2945 0.0 0.2 0:02.03
2945 0.0 0.2 0:02.03
2945 0.0 0.2 0:02.03
2945 0.0 0.2 0:02.03
2945 0.0 0.2 0:02.03
2945 0.0 0.2 0:02.03
2945 0.0 0.2 0:02.03
2945 0.0 0.2 0:02.03
2945 0.0 0.2 0:02.03
2945 0.0 0.2 0:02.03
2945 0.0 0.2 0:02.03
2945 0.0 0.2 0:02.03
2945 0.0 0.2 0:02.03
2945 0.0 0.2 0:02.03
2945 0.0 0.2 0:02.03
2945 0.0 0.2 0:02.03
2945 0.0 0.2 0:02.03
2945 0.0 0.2 0:02.03
2945 0.0 0.2 0:02.03
