2945 5.0 0.2 0:02.82
2945 0.0 0.2 0:02.83
2945 0.0 0.2 0:02.84
2945 0.0 0.2 0:02.84
2945 0.0 0.2 0:02.84
2945 0.0 0.2 0:02.84
2945 0.0 0.2 0:02.84
2945 0.0 0.2 0:02.84
2945 0.0 0.2 0:02.84
2945 0.0 0.2 0:02.84
2945 0.0 0.2 0:02.84
2945 0.0 0.2 0:02.84
2945 0.0 0.2 0:02.84
2945 0.0 0.2 0:02.84
2945 0.0 0.2 0:02.84
2945 0.0 0.2 0:02.84
2945 0.0 0.2 0:02.84
2945 0.0 0.2 0:02.84
2945 0.0 0.2 0:02.84
2945 0.0 0.2 0:02.84
2945 0.0 0.2 0:02.84
2945 0.0 0.2 0:02.84
2945 0.0 0.2 0:02.84
2945 0.0 0.2 0:02.84
2945 0.0 0.2 0:02.84
2945 0.0 0.2 0:02.84
2945 0.0 0.2 0:02.84
2945 0.0 0.2 0:02.84
2945 0.0 0.2 0:02.84
2945 0.0 0.2 0:02.84
2945 0.0 0.2 0:02.84
2945 0.0 0.2 0:02.84
2945 0.0 0.2 0:02.84
2945 0.0 0.2 0:02.84
2945 0.0 0.2 0:02.84
2945 0.0 0.2 0:02.84
2945 0.0 0.2 0:02.84
2945 0.0 0.2 0:02.84
2945 0.0 0.2 0:02.84
2945 0.0 0.2 0:02.84
2945 0.0 0.2 0:02.84
2945 0.0 0.2 0:02.84
2945 0.0 0.2 0:02.84
2945 0.0 0.2 0:02.84
2945 0.0 0.2 0:02.84
2945 0.0 0.2 0:02.84
2945 0.0 0.2 0:02.84
2945 0.0 0.2 0:02.84
2945 0.0 0.2 0:02.84
2945 0.0 0.2 0:02.84
2945 0.0 0.2 0:02.84
2945 0.0 0.2 0:02.84
2945 0.0 0.2 0:02.84
2945 0.0 0.2 0:02.84
2945 0.0 0.2 0:02.84
2945 0.0 0.2 0:02.84
2945 0.0 0.2 0:02.84
2945 0.0 0.2 0:02.84
2945 0.0 0.2 0:02.84
2945 0.0 0.2 0:02.84
2945 0.0 0.2 0:02.84
2945 0.0 0.2 0:02.84
2945 0.0 0.2 0:02.84
2945 0.0 0.2 0:02.84
2945 0.0 0.2 0:02.84
2945 0.0 0.2 0:02.84
2945 0.0 0.2 0:02.84
2945 0.0 0.2 0:02.84
2945 0.0 0.2 0:02.84
2945 0.0 0.2 0:02.84
2945 0.0 0.2 0:02.84
2945 0.0 0.2 0:02.84
2945 0.0 0.2 0:02.84
2945 0.0 0.2 0:02.84
2945 0.0 0.2 0:02.84
2945 0.0 0.2 0:02.84
2945 0.0 0.2 0:02.84
2945 0.0 0.2 0:02.84
2945 0.0 0.2 0:02.84
2945 0.0 0.2 0:02.84
2945 0.0 0.2 0:02.84
2945 0.0 0.2 0:02.84
2945 0.0 0.2 0:02.84
2945 0.0 0.2 0:02.84
2945 0.0 0.2 0:02.84
2945 0.0 0.2 0:02.84
2945 0.0 0.2 0:02.84
2945 0.0 0.2 0:02.84
2945 0.0 0.2 0:02.84
2945 0.0 0.2 0:02.84
2945 0.0 0.2 0:02.84
2945 0.0 0.2 0:02.84
2945 0.0 0.2 0:02.84
2945 0.0 0.2 0:02.84
2945 0.0 0.2 0:02.84
2945 0.0 0.2 0:02.84
2945 0.0 0.2 0:02.84
2945 0.0 0.2 0:02.84
2945 0.0 0.2 0:02.84
2945 0.0 0.2 0:02.84
2945 0.0 0.2 0:02.84
2945 0.0 0.2 0:02.84
2945 0.0 0.2 0:02.84
2945 0.0 0.2 0:02.84
2945 0.0 0.2 0:02.84
2945 0.0 0.2 0:02.84
2945 0.0 0.2 0:02.84
2945 0.0 0.2 0:02.84
