2945 4.8 0.2 0:02.99
2945 0.0 0.2 0:03.00
2945 0.0 0.2 0:03.00
2945 0.0 0.2 0:03.00
2945 0.0 0.2 0:03.00
2945 0.0 0.2 0:03.00
2945 0.0 0.2 0:03.00
2945 0.0 0.2 0:03.00
2945 0.0 0.2 0:03.00
2945 0.0 0.2 0:03.00
2945 0.0 0.2 0:03.00
2945 0.0 0.2 0:03.00
2945 0.0 0.2 0:03.00
2945 0.0 0.2 0:03.00
2945 0.0 0.2 0:03.00
2945 0.0 0.2 0:03.00
2945 0.0 0.2 0:03.00
2945 0.0 0.2 0:03.00
2945 0.0 0.2 0:03.00
2945 0.0 0.2 0:03.00
2945 0.0 0.2 0:03.00
2945 0.0 0.2 0:03.00
2945 0.0 0.2 0:03.00
2945 0.0 0.2 0:03.00
2945 0.0 0.2 0:03.00
2945 0.0 0.2 0:03.00
2945 0.0 0.2 0:03.00
2945 0.0 0.2 0:03.00
2945 0.0 0.2 0:03.00
2945 0.0 0.2 0:03.00
2945 0.0 0.2 0:03.00
29450 0.0 0.0 0:00.00
29454 0.0 0.0 0:00.00
2945 0.0 0.2 0:03.00
2945 0.0 0.2 0:03.00
2945 0.0 0.2 0:03.00
2945 0.0 0.2 0:03.00
2945 0.0 0.2 0:03.00
2945 0.0 0.2 0:03.00
2945 0.0 0.2 0:03.00
2945 0.0 0.2 0:03.00
2945 0.0 0.2 0:03.00
2945 0.0 0.2 0:03.00
2945 0.0 0.2 0:03.00
2945 0.0 0.2 0:03.00
2945 0.0 0.2 0:03.00
2945 0.0 0.2 0:03.00
2945 0.0 0.2 0:03.00
2945 0.0 0.2 0:03.00
2945 0.0 0.2 0:03.00
2945 0.0 0.2 0:03.00
2945 0.0 0.2 0:03.00
2945 0.0 0.2 0:03.00
2945 0.0 0.2 0:03.00
2945 0.0 0.2 0:03.00
2945 0.0 0.2 0:03.00
2945 0.0 0.2 0:03.00
2945 0.0 0.2 0:03.00
2945 0.0 0.2 0:03.00
2945 0.0 0.2 0:03.00
2945 0.0 0.2 0:03.00
2945 0.0 0.2 0:03.00
2945 0.0 0.2 0:03.00
2945 0.0 0.2 0:03.00
2945 0.0 0.2 0:03.00
2945 0.0 0.2 0:03.00
2945 0.0 0.2 0:03.00
2945 0.0 0.2 0:03.00
2945 0.0 0.2 0:03.00
2945 0.0 0.2 0:03.00
2945 0.0 0.2 0:03.00
2945 0.0 0.2 0:03.00
2945 0.0 0.2 0:03.00
2945 0.0 0.2 0:03.00
2945 0.0 0.2 0:03.00
2945 0.0 0.2 0:03.00
2945 0.0 0.2 0:03.00
2945 0.0 0.2 0:03.00
2945 0.0 0.2 0:03.00
2945 0.0 0.2 0:03.00
2945 0.0 0.2 0:03.00
2945 0.0 0.2 0:03.00
2945 0.0 0.2 0:03.00
2945 0.0 0.2 0:03.00
2945 0.0 0.2 0:03.00
2945 0.0 0.2 0:03.00
2945 0.0 0.2 0:03.00
2945 0.0 0.2 0:03.00
2945 0.0 0.2 0:03.00
2945 0.0 0.2 0:03.00
2945 0.0 0.2 0:03.00
2945 0.0 0.2 0:03.00
2945 0.0 0.2 0:03.00
2945 0.0 0.2 0:03.00
2945 0.0 0.2 0:03.00
2945 0.0 0.2 0:03.00
2945 0.0 0.2 0:03.00
2945 0.0 0.2 0:03.00
2945 0.0 0.2 0:03.00
2945 0.0 0.2 0:03.00
2945 0.0 0.2 0:03.00
2945 0.0 0.2 0:03.00
2945 0.0 0.2 0:03.00
2945 0.0 0.2 0:03.00
2945 0.0 0.2 0:03.00
2945 0.0 0.2 0:03.00
2945 0.0 0.2 0:03.00
2945 0.0 0.2 0:03.00
