553 0.0 0.9 0:00.49
710 5.3 0.4 0:02.03
553 0.0 0.9 0:00.49
710 5.6 0.4 0:02.09
710 5.6 0.4 0:02.12
553 0.0 0.9 0:00.49
553 0.0 0.9 0:00.49
710 5.0 0.4 0:02.20
710 5.6 0.4 0:02.23
553 0.0 0.9 0:00.49
553 0.0 0.9 0:00.49
553 0.0 0.9 0:00.49
553 0.0 0.9 0:00.49
553 0.0 0.9 0:00.49
710 10.5 0.4 0:02.40
710 5.6 0.4 0:02.42
710 5.3 0.4 0:02.44
710 5.3 0.4 0:02.47
553 0.0 0.9 0:00.49
710 5.6 0.4 0:02.53
553 0.0 0.9 0:00.49
553 0.0 0.9 0:00.49
710 5.6 0.4 0:02.60
710 5.6 0.4 0:02.63
710 5.3 0.4 0:02.65
553 0.0 0.9 0:00.49
553 0.0 0.9 0:00.49
553 0.0 0.9 0:00.49
710 5.0 0.4 0:02.76
710 5.0 0.4 0:02.79
553 0.0 0.9 0:00.49
710 5.6 0.4 0:02.84
553 0.0 0.9 0:00.49
553 0.0 0.9 0:00.49
710 5.3 0.4 0:02.92
553 0.0 0.9 0:00.49
553 0.0 0.9 0:00.49
710 5.0 0.4 0:03.00
710 5.3 0.4 0:03.03
710 5.6 0.4 0:03.05
553 0.0 0.9 0:00.49
710 5.3 0.4 0:03.10
710 5.0 0.4 0:03.13
553 0.0 0.9 0:00.49
553 0.0 0.9 0:00.49
553 0.0 0.9 0:00.49
710 5.6 0.4 0:03.24
710 4.8 0.4 0:03.27
710 5.3 0.4 0:03.29
553 0.0 0.9 0:00.49
710 5.6 0.4 0:03.34
710 10.5 0.4 0:03.38
710 5.0 0.4 0:03.40
710 5.3 0.4 0:03.42
553 0.0 0.9 0:00.49
710 5.3 0.4 0:03.47
710 5.6 0.4 0:03.50
710 10.5 0.4 0:03.54
553 0.0 0.9 0:00.49
553 0.0 0.9 0:00.49
710 5.3 0.4 0:03.61
710 5.3 0.4 0:03.64
553 0.0 0.9 0:00.49
553 0.0 0.9 0:00.49
710 5.3 0.4 0:03.71
553 0.0 0.9 0:00.49
553 0.0 0.9 0:00.49
710 5.6 0.4 0:03.79
710 5.3 0.4 0:03.82
553 0.0 0.9 0:00.49
553 0.0 0.9 0:00.49
710 5.3 0.4 0:03.89
710 5.6 0.4 0:03.92
553 0.0 0.9 0:00.49
710 5.6 0.4 0:03.97
710 5.0 0.4 0:03.99
553 0.0 0.9 0:00.49
710 5.3 0.4 0:04.04
710 5.0 0.4 0:04.07
710 5.6 0.4 0:04.08
553 0.0 0.9 0:00.49
553 0.0 0.9 0:00.49
553 0.0 0.9 0:00.49
553 0.0 0.9 0:00.49
553 0.0 0.9 0:00.49
553 0.0 0.9 0:00.49
553 0.0 0.9 0:00.49
553 0.0 0.9 0:00.49
553 0.0 0.9 0:00.49
553 0.0 0.9 0:00.49
553 0.0 0.9 0:00.49
553 0.0 0.9 0:00.49
553 0.0 0.9 0:00.49
