711 5.6 0.4 0:04.15
711 0.0 0.4 0:04.18
711 0.0 0.4 0:04.20
711 0.0 0.4 0:04.23
711 0.0 0.4 0:04.26
711 5.3 0.4 0:04.29
711 0.0 0.4 0:04.31
711 5.0 0.4 0:04.34
711 0.0 0.4 0:04.36
711 0.0 0.4 0:04.39
711 0.0 0.4 0:04.42
711 0.0 0.4 0:04.45
711 0.0 0.4 0:04.47
711 0.0 0.4 0:04.50
711 0.0 0.4 0:04.53
711 5.6 0.4 0:04.56
711 0.0 0.4 0:04.58
711 0.0 0.4 0:04.61
711 0.0 0.4 0:04.63
711 5.6 0.4 0:04.66
711 5.0 0.4 0:04.69
711 5.3 0.4 0:04.71
711 0.0 0.4 0:04.73
711 0.0 0.4 0:04.76
711 5.3 0.4 0:04.79
711 0.0 0.4 0:04.81
711 0.0 0.4 0:04.84
711 0.0 0.4 0:04.87
711 5.3 0.4 0:04.90
711 0.0 0.4 0:04.92
711 0.0 0.4 0:04.95
711 5.0 0.4 0:04.98
711 5.3 0.4 0:05.01
711 5.0 0.4 0:05.04
711 5.6 0.4 0:05.06
711 0.0 0.4 0:05.08
711 5.3 0.4 0:05.12
711 0.0 0.4 0:05.15
711 5.6 0.4 0:05.18
711 0.0 0.4 0:05.20
711 0.0 0.4 0:05.24
711 0.0 0.4 0:05.28
711 15.8 0.4 0:05.31
711 0.0 0.4 0:05.31
711 10.5 0.4 0:05.35
711 0.0 0.4 0:05.36
711 5.3 0.4 0:05.39
711 5.6 0.4 0:05.42
711 0.0 0.4 0:05.44
711 0.0 0.4 0:05.47
711 5.3 0.4 0:05.50
711 0.0 0.4 0:05.53
711 0.0 0.4 0:05.55
711 5.3 0.4 0:05.59
711 0.0 0.4 0:05.61
711 0.0 0.4 0:05.64
711 0.0 0.4 0:05.68
711 0.0 0.4 0:05.71
711 0.0 0.4 0:05.73
711 5.6 0.4 0:05.76
711 0.0 0.4 0:05.78
711 10.0 0.4 0:05.82
711 0.0 0.4 0:05.84
711 5.3 0.4 0:05.87
711 5.3 0.4 0:05.90
711 0.0 0.4 0:05.93
711 0.0 0.4 0:05.95
711 5.3 0.4 0:05.99
711 0.0 0.4 0:06.02
711 0.0 0.4 0:06.04
711 5.6 0.4 0:06.07
711 0.0 0.4 0:06.09
711 5.3 0.4 0:06.12
711 0.0 0.4 0:06.14
711 5.3 0.4 0:06.17
711 11.1 0.4 0:06.21
711 0.0 0.4 0:06.23
711 0.0 0.4 0:06.26
711 5.0 0.4 0:06.28
711 0.0 0.4 0:06.29
711 0.0 0.4 0:06.29
711 0.0 0.4 0:06.30
711 0.0 0.4 0:06.30
711 0.0 0.4 0:06.30
711 0.0 0.4 0:06.30
711 0.0 0.4 0:06.30
711 0.0 0.4 0:06.30
711 0.0 0.4 0:06.30
711 0.0 0.4 0:06.30
711 0.0 0.4 0:06.30
711 0.0 0.4 0:06.30
711 0.0 0.4 0:06.30
711 0.0 0.4 0:06.30
711 0.0 0.4 0:06.30
711 0.0 0.4 0:06.30
711 0.0 0.4 0:06.30
711 0.0 0.4 0:06.30
711 0.0 0.4 0:06.30
711 0.0 0.4 0:06.30
711 0.0 0.4 0:06.30
