711 0.0 0.4 0:19.78
711 0.0 0.4 0:19.81
711 5.3 0.4 0:19.83
711 5.6 0.4 0:19.85
711 5.6 0.4 0:19.87
711 5.3 0.4 0:19.89
711 5.6 0.4 0:19.91
711 0.0 0.4 0:19.91
711 0.0 0.4 0:19.91
711 0.0 0.4 0:19.91
711 0.0 0.4 0:19.91
711 0.0 0.4 0:19.91
711 0.0 0.4 0:19.91
711 0.0 0.4 0:19.91
711 0.0 0.4 0:19.91
711 0.0 0.4 0:19.91
711 0.0 0.4 0:19.91
711 0.0 0.4 0:19.91
711 0.0 0.4 0:19.91
711 0.0 0.4 0:19.93
711 0.0 0.4 0:19.95
711 0.0 0.4 0:19.97
711 0.0 0.4 0:20.00
711 0.0 0.4 0:20.02
711 5.3 0.4 0:20.05
711 0.0 0.4 0:20.07
711 0.0 0.4 0:20.07
711 0.0 0.4 0:20.07
711 0.0 0.4 0:20.07
711 0.0 0.4 0:20.07
711 0.0 0.4 0:20.07
711 0.0 0.4 0:20.07
711 0.0 0.4 0:20.07
711 0.0 0.4 0:20.07
KiB used, 330264 buff/cache
711 0.0 0.4 0:20.07
711 0.0 0.4 0:20.07
711 0.0 0.4 0:20.07
711 0.0 0.4 0:20.10
711 5.3 0.4 0:20.11
711 0.0 0.4 0:20.13
711 0.0 0.4 0:20.15
711 0.0 0.4 0:20.16
711 0.0 0.4 0:20.17
711 0.0 0.4 0:20.17
711 0.0 0.4 0:20.17
711 0.0 0.4 0:20.17
711 0.0 0.4 0:20.17
711 0.0 0.4 0:20.17
711 0.0 0.4 0:20.17
711 0.0 0.4 0:20.17
711 0.0 0.4 0:20.17
711 0.0 0.4 0:20.17
711 0.0 0.4 0:20.17
711 0.0 0.4 0:20.18
711 5.3 0.4 0:20.19
711 0.0 0.4 0:20.21
711 5.6 0.4 0:20.23
711 0.0 0.4 0:20.25
711 5.3 0.4 0:20.27
711 0.0 0.4 0:20.28
KiB 1537112 avail Mem
711 0.0 0.4 0:20.30
711 0.0 0.4 0:20.30
711 0.0 0.4 0:20.30
711 0.0 0.4 0:20.30
711 0.0 0.4 0:20.30
711 0.0 0.4 0:20.30
711 0.0 0.4 0:20.30
711 0.0 0.4 0:20.30
711 0.0 0.4 0:20.30
711 0.0 0.4 0:20.31
711 0.0 0.4 0:20.31
711 0.0 0.4 0:20.31
711 5.3 0.4 0:20.32
711 0.0 0.4 0:20.33
711 0.0 0.4 0:20.34
711 5.6 0.4 0:20.36
711 11.1 0.4 0:20.39
711 0.0 0.4 0:20.39
711 0.0 0.4 0:20.40
711 0.0 0.4 0:20.40
711 0.0 0.4 0:20.40
711 0.0 0.4 0:20.40
711 0.0 0.4 0:20.40
711 0.0 0.4 0:20.40
711 0.0 0.4 0:20.40
711 0.0 0.4 0:20.40
711 0.0 0.4 0:20.40
711 0.0 0.4 0:20.41
711 0.0 0.4 0:20.41
711 0.0 0.4 0:20.41
711 5.6 0.4 0:20.43
711 0.0 0.4 0:20.43
711 0.0 0.4 0:20.44
711 0.0 0.4 0:20.46
711 5.0 0.4 0:20.47
711 0.0 0.4 0:20.48
711 0.0 0.4 0:20.50
711 0.0 0.4 0:20.50
711 0.0 0.4 0:20.50
711 0.0 0.4 0:20.50
711 0.0 0.4 0:20.50
711 0.0 0.4 0:20.50
711 0.0 0.4 0:20.50
711 0.0 0.4 0:20.50
711 0.0 0.4 0:20.50
711 0.0 0.4 0:20.50
711 0.0 0.4 0:20.50
711 0.0 0.4 0:20.50
711 0.0 0.4 0:20.52
711 0.0 0.4 0:20.54
711 0.0 0.4 0:20.57
711 5.6 0.4 0:20.60
711 0.0 0.4 0:20.61
711 0.0 0.4 0:20.63
711 5.3 0.4 0:20.65
711 0.0 0.4 0:20.65
711 0.0 0.4 0:20.65
711 0.0 0.4 0:20.65
711 0.0 0.4 0:20.65
711 0.0 0.4 0:20.65
711 0.0 0.4 0:20.65
711 0.0 0.4 0:20.65
711 0.0 0.4 0:20.65
711 0.0 0.4 0:20.65
711 0.0 0.4 0:20.65
711 0.0 0.4 0:20.66
711 0.0 0.4 0:20.68
711 0.0 0.4 0:20.68
711 0.0 0.4 0:20.70
711 0.0 0.4 0:20.71
711 0.0 0.4 0:20.72
711 11.1 0.4 0:20.76
711 0.0 0.4 0:20.76
711 0.0 0.4 0:20.76
711 0.0 0.4 0:20.76
711 0.0 0.4 0:20.76
711 0.0 0.4 0:20.76
711 0.0 0.4 0:20.76
711 0.0 0.4 0:20.76
711 0.0 0.4 0:20.76
14711 15.8 0.2 0:00.03
711 0.0 0.4 0:20.76
711 0.0 0.4 0:20.77
711 5.6 0.4 0:20.78
711 0.0 0.4 0:20.79
711 0.0 0.4 0:20.81
711 0.0 0.4 0:20.83
711 0.0 0.4 0:20.84
711 5.3 0.4 0:20.87
711 0.0 0.4 0:20.89
711 0.0 0.4 0:20.89
711 0.0 0.4 0:20.91
711 0.0 0.4 0:20.91
711 0.0 0.4 0:20.91
711 0.0 0.4 0:20.91
711 0.0 0.4 0:20.91
711 0.0 0.4 0:20.91
711 0.0 0.4 0:20.91
711 0.0 0.4 0:20.91
711 0.0 0.4 0:20.91
711 0.0 0.4 0:20.93
711 0.0 0.4 0:20.93
711 0.0 0.4 0:20.94
711 0.0 0.4 0:20.95
711 0.0 0.4 0:20.97
711 0.0 0.4 0:21.00
711 0.0 0.4 0:21.01
711 5.3 0.4 0:21.03
KiB 1537112 avail Mem
711 0.0 0.4 0:21.05
711 0.0 0.4 0:21.05
711 0.0 0.4 0:21.05
711 0.0 0.4 0:21.05
711 0.0 0.4 0:21.05
711 0.0 0.4 0:21.05
711 0.0 0.4 0:21.05
711 0.0 0.4 0:21.06
711 0.0 0.4 0:21.06
711 0.0 0.4 0:21.06
711 0.0 0.4 0:21.07
711 0.0 0.4 0:21.07
711 0.0 0.4 0:21.07
711 0.0 0.4 0:21.13
711 5.0 0.4 0:21.15
711 0.0 0.4 0:21.15
711 0.0 0.4 0:21.16
711 0.0 0.4 0:21.17
711 0.0 0.4 0:21.20
711 0.0 0.4 0:21.20
711 0.0 0.4 0:21.20
711 0.0 0.4 0:21.20
711 0.0 0.4 0:21.20
711 0.0 0.4 0:21.20
711 0.0 0.4 0:21.20
711 0.0 0.4 0:21.20
711 0.0 0.4 0:21.20
711 5.6 0.4 0:21.21
711 0.0 0.4 0:21.23
711 0.0 0.4 0:21.23
17114 11.8 0.2 0:00.05
711 0.0 0.4 0:21.23
711 0.0 0.4 0:21.23
711 0.0 0.4 0:21.23
711 0.0 0.4 0:21.23
711 0.0 0.4 0:21.23
711 0.0 0.4 0:21.23
711 0.0 0.4 0:21.23
711 0.0 0.4 0:21.23
711 0.0 0.4 0:21.23
711 0.0 0.4 0:21.23
711 0.0 0.4 0:21.23
711 0.0 0.4 0:21.23
711 0.0 0.4 0:21.23
711 0.0 0.4 0:21.23
711 0.0 0.4 0:21.23
711 0.0 0.4 0:21.23
