711 4.3 0.4 0:00.03
711 3.8 0.4 0:00.03
711 3.0 0.4 0:00.04
711 5.3 0.4 0:00.07
711 0.0 0.4 0:00.10
711 0.0 0.4 0:00.14
711 0.0 0.4 0:00.17
711 0.0 0.4 0:00.21
711 0.0 0.4 0:00.23
711 0.0 0.4 0:00.26
711 5.3 0.4 0:00.29
711 5.0 0.4 0:00.32
711 0.0 0.4 0:00.34
711 0.0 0.4 0:00.34
711 0.0 0.4 0:00.34
711 0.0 0.4 0:00.34
711 5.6 0.4 0:00.35
711 5.0 0.4 0:00.39
711 5.3 0.4 0:00.44
711 5.3 0.4 0:00.48
711 4.8 0.4 0:00.51
711 0.0 0.4 0:00.54
711 0.0 0.4 0:00.57
711 0.0 0.4 0:00.60
711 0.0 0.4 0:00.63
711 0.0 0.4 0:00.66
711 0.0 0.4 0:00.69
711 0.0 0.4 0:00.71
711 5.3 0.4 0:00.74
711 0.0 0.4 0:00.76
711 4.8 0.4 0:00.79
711 0.0 0.4 0:00.81
711 0.0 0.4 0:00.84
711 4.8 0.4 0:00.87
711 0.0 0.4 0:00.89
711 5.3 0.4 0:00.93
711 0.0 0.4 0:00.95
711 5.3 0.4 0:00.98
711 0.0 0.4 0:01.00
711 0.0 0.4 0:01.03
711 5.3 0.4 0:01.06
711 0.0 0.4 0:01.08
711 5.6 0.4 0:01.11
711 0.0 0.4 0:01.14
711 5.0 0.4 0:01.17
711 0.0 0.4 0:01.19
711 0.0 0.4 0:01.21
711 10.5 0.4 0:01.25
711 10.5 0.4 0:01.27
711 0.0 0.4 0:01.28
711 0.0 0.4 0:01.30
711 0.0 0.4 0:01.33
711 0.0 0.4 0:01.36
711 0.0 0.4 0:01.38
711 5.6 0.4 0:01.41
711 5.3 0.4 0:01.44
711 0.0 0.4 0:01.46
711 5.0 0.4 0:01.49
711 0.0 0.4 0:01.52
711 0.0 0.4 0:01.54
711 0.0 0.4 0:01.56
711 0.0 0.4 0:01.58
711 0.0 0.4 0:01.61
711 5.6 0.4 0:01.64
711 0.0 0.4 0:01.66
711 0.0 0.4 0:01.68
711 0.0 0.4 0:01.70
711 0.0 0.4 0:01.72
711 5.6 0.4 0:01.75
711 0.0 0.4 0:01.77
711 0.0 0.4 0:01.79
711 0.0 0.4 0:01.82
711 0.0 0.4 0:01.85
711 0.0 0.4 0:01.87
711 11.1 0.4 0:01.91
711 5.6 0.4 0:01.93
711 0.0 0.4 0:01.95
711 0.0 0.4 0:01.98
711 5.6 0.4 0:02.01
711 5.6 0.4 0:02.03
711 0.0 0.4 0:02.03
711 0.0 0.4 0:02.03
711 0.0 0.4 0:02.03
711 0.0 0.4 0:02.03
4711 11.1 0.2 0:00.04
711 0.0 0.4 0:02.03
711 0.0 0.4 0:02.03
711 0.0 0.4 0:02.03
711 0.0 0.4 0:02.03
711 0.0 0.4 0:02.03
711 0.0 0.4 0:02.03
711 0.0 0.4 0:02.03
711 0.0 0.4 0:02.03
711 0.0 0.4 0:02.03
711 0.0 0.4 0:02.03
711 0.0 0.4 0:02.03
711 0.0 0.4 0:02.03
711 0.0 0.4 0:02.03
711 0.0 0.4 0:02.03
711 0.0 0.4 0:02.03
711 0.0 0.4 0:02.03
