711 10.5 0.3 1:07.19
711 5.6 0.3 1:07.23
711 0.0 0.3 1:07.23
711 0.0 0.3 1:07.23
711 0.0 0.3 1:07.23
711 0.0 0.3 1:07.23
711 0.0 0.3 1:07.23
711 0.0 0.3 1:07.23
711 0.0 0.3 1:07.23
711 0.0 0.3 1:07.23
711 0.0 0.3 1:07.23
711 0.0 0.3 1:07.23
711 0.0 0.3 1:07.23
711 0.0 0.3 1:07.23
711 0.0 0.3 1:07.23
711 0.0 0.3 1:07.23
711 0.0 0.3 1:07.23
711 0.0 0.3 1:07.23
711 0.0 0.3 1:07.23
711 0.0 0.3 1:07.27
711 0.0 0.3 1:07.29
711 0.0 0.3 1:07.29
711 0.0 0.3 1:07.29
711 0.0 0.3 1:07.29
711 0.0 0.3 1:07.29
711 0.0 0.3 1:07.29
711 0.0 0.3 1:07.29
711 0.0 0.3 1:07.29
711 0.0 0.3 1:07.29
711 0.0 0.3 1:07.29
711 0.0 0.3 1:07.29
711 0.0 0.3 1:07.29
711 0.0 0.3 1:07.29
711 0.0 0.3 1:07.29
711 5.6 0.3 1:07.30
711 0.0 0.3 1:07.30
711 0.0 0.3 1:07.30
711 5.3 0.3 1:07.34
711 0.0 0.3 1:07.36
711 0.0 0.3 1:07.36
711 0.0 0.3 1:07.36
711 0.0 0.3 1:07.36
711 0.0 0.3 1:07.36
711 0.0 0.3 1:07.36
711 0.0 0.3 1:07.36
711 0.0 0.3 1:07.36
711 0.0 0.3 1:07.36
711 0.0 0.3 1:07.36
711 0.0 0.3 1:07.36
711 0.0 0.3 1:07.36
711 0.0 0.3 1:07.37
711 0.0 0.3 1:07.37
711 0.0 0.3 1:07.37
711 0.0 0.3 1:07.39
KiB used, 417116 buff/cache
KiB used, 417116 buff/cache
711 0.0 0.3 1:07.41
711 0.0 0.3 1:07.42
711 0.0 0.3 1:07.42
711 0.0 0.3 1:07.42
711 0.0 0.3 1:07.42
711 0.0 0.3 1:07.42
711 0.0 0.3 1:07.42
711 0.0 0.3 1:07.42
711 0.0 0.3 1:07.42
711 0.0 0.3 1:07.42
711 0.0 0.3 1:07.42
711 0.0 0.3 1:07.43
711 0.0 0.3 1:07.43
711 0.0 0.3 1:07.43
711 0.0 0.3 1:07.43
711 5.9 0.3 1:07.44
711 5.6 0.3 1:07.45
711 0.0 0.3 1:07.46
711 0.0 0.3 1:07.48
711 0.0 0.3 1:07.49
711 0.0 0.3 1:07.49
711 0.0 0.3 1:07.49
711 0.0 0.3 1:07.49
711 0.0 0.3 1:07.49
711 0.0 0.3 1:07.49
711 0.0 0.3 1:07.49
711 0.0 0.3 1:07.49
711 0.0 0.3 1:07.49
711 0.0 0.3 1:07.49
711 0.0 0.3 1:07.49
711 0.0 0.3 1:07.49
711 0.0 0.3 1:07.50
711 0.0 0.3 1:07.50
711 0.0 0.3 1:07.50
711 0.0 0.3 1:07.51
711 0.0 0.3 1:07.52
711 5.3 0.3 1:07.54
711 0.0 0.3 1:07.55
711 0.0 0.3 1:07.55
711 0.0 0.3 1:07.55
711 0.0 0.3 1:07.55
711 0.0 0.3 1:07.55
711 0.0 0.3 1:07.55
711 0.0 0.3 1:07.55
711 0.0 0.3 1:07.55
711 0.0 0.3 1:07.55
711 0.0 0.3 1:07.55
711 0.0 0.3 1:07.55
711 0.0 0.3 1:07.56
711 0.0 0.3 1:07.56
711 5.6 0.3 1:07.57
711 0.0 0.3 1:07.57
711 5.6 0.3 1:07.58
711 0.0 0.3 1:07.58
711 5.6 0.3 1:07.59
711 0.0 0.3 1:07.61
711 0.0 0.3 1:07.61
711 0.0 0.3 1:07.61
711 0.0 0.3 1:07.61
711 0.0 0.3 1:07.61
711 0.0 0.3 1:07.61
711 0.0 0.3 1:07.61
711 0.0 0.3 1:07.61
711 0.0 0.3 1:07.61
711 0.0 0.3 1:07.61
711 0.0 0.3 1:07.61
711 0.0 0.3 1:07.61
711 0.0 0.3 1:07.61
711 0.0 0.3 1:07.61
711 0.0 0.3 1:07.62
711 0.0 0.3 1:07.62
711 0.0 0.3 1:07.63
711 0.0 0.3 1:07.63
711 0.0 0.3 1:07.66
711 0.0 0.3 1:07.66
711 0.0 0.3 1:07.66
711 0.0 0.3 1:07.66
711 0.0 0.3 1:07.66
711 0.0 0.3 1:07.66
711 0.0 0.3 1:07.66
711 0.0 0.3 1:07.66
711 0.0 0.3 1:07.66
711 0.0 0.3 1:07.66
711 0.0 0.3 1:07.66
711 0.0 0.3 1:07.66
711 0.0 0.3 1:07.67
711 0.0 0.3 1:07.67
711 0.0 0.3 1:07.67
711 0.0 0.3 1:07.67
711 0.0 0.3 1:07.68
711 0.0 0.3 1:07.69
711 10.5 0.3 1:07.72
711 0.0 0.3 1:07.74
711 0.0 0.3 1:07.74
711 0.0 0.3 1:07.74
711 0.0 0.3 1:07.74
711 0.0 0.3 1:07.74
711 0.0 0.3 1:07.74
711 0.0 0.3 1:07.74
711 0.0 0.3 1:07.74
711 0.0 0.3 1:07.74
711 0.0 0.3 1:07.74
711 0.0 0.3 1:07.74
711 0.0 0.3 1:07.75
711 0.0 0.3 1:07.75
711 0.0 0.3 1:07.75
711 0.0 0.3 1:07.75
711 0.0 0.3 1:07.76
711 0.0 0.3 1:07.77
711 0.0 0.3 1:07.77
711 0.0 0.3 1:07.79
711 0.0 0.3 1:07.79
711 0.0 0.3 1:07.79
711 0.0 0.3 1:07.79
711 0.0 0.3 1:07.79
711 0.0 0.3 1:07.79
711 0.0 0.3 1:07.79
711 0.0 0.3 1:07.79
711 0.0 0.3 1:07.79
711 0.0 0.3 1:07.79
711 0.0 0.3 1:07.79
711 0.0 0.3 1:07.79
711 0.0 0.3 1:07.79
711 0.0 0.3 1:07.79
711 0.0 0.3 1:07.79
711 0.0 0.3 1:07.79
711 0.0 0.3 1:07.79
711 0.0 0.3 1:07.79
711 0.0 0.3 1:07.79
711 0.0 0.3 1:07.79
