712 11.1 0.3 1:08.11
712 0.0 0.3 1:08.15
712 0.0 0.3 1:08.16
712 0.0 0.3 1:08.16
712 0.0 0.3 1:08.16
712 0.0 0.3 1:08.16
712 0.0 0.3 1:08.16
712 0.0 0.3 1:08.16
712 0.0 0.3 1:08.16
KiB used, 351492 buff/cache
712 0.0 0.3 1:08.16
KiB used, 351492 buff/cache
712 0.0 0.3 1:08.16
712 0.0 0.3 1:08.16
712 0.0 0.3 1:08.17
712 0.0 0.3 1:08.17
712 0.0 0.3 1:08.17
712 0.0 0.3 1:08.17
712 0.0 0.3 1:08.18
712 0.0 0.3 1:08.21
712 0.0 0.3 1:08.22
KiB 1536712 avail Mem
712 0.0 0.3 1:08.22
712 0.0 0.3 1:08.22
712 0.0 0.3 1:08.22
712 0.0 0.3 1:08.22
712 0.0 0.3 1:08.22
712 0.0 0.3 1:08.22
712 0.0 0.3 1:08.22
712 0.0 0.3 1:08.22
712 0.0 0.3 1:08.22
712 0.0 0.3 1:08.22
712 0.0 0.3 1:08.23
712 0.0 0.3 1:08.23
712 0.0 0.3 1:08.23
712 0.0 0.3 1:08.23
712 0.0 0.3 1:08.23
712 5.3 0.3 1:08.27
712 0.0 0.3 1:08.29
712 0.0 0.3 1:08.29
712 0.0 0.3 1:08.29
712 0.0 0.3 1:08.29
712 0.0 0.3 1:08.29
712 0.0 0.3 1:08.29
712 0.0 0.3 1:08.29
712 0.0 0.3 1:08.29
712 0.0 0.3 1:08.29
712 0.0 0.3 1:08.29
712 0.0 0.3 1:08.29
712 0.0 0.3 1:08.29
712 0.0 0.3 1:08.29
KiB used, 351712 buff/cache
712 0.0 0.3 1:08.31
712 0.0 0.3 1:08.31
712 0.0 0.3 1:08.31
712 10.5 0.3 1:08.33
712 5.6 0.3 1:08.36
712 0.0 0.3 1:08.36
712 0.0 0.3 1:08.36
712 0.0 0.3 1:08.36
712 0.0 0.3 1:08.36
712 0.0 0.3 1:08.36
712 0.0 0.3 1:08.36
712 0.0 0.3 1:08.36
712 0.0 0.3 1:08.36
712 0.0 0.3 1:08.36
712 0.0 0.3 1:08.36
712 0.0 0.3 1:08.36
712 0.0 0.3 1:08.36
712 0.0 0.3 1:08.36
712 0.0 0.3 1:08.37
712 0.0 0.3 1:08.37
712 0.0 0.3 1:08.37
712 0.0 0.3 1:08.37
712 0.0 0.3 1:08.42
712 0.0 0.3 1:08.42
712 0.0 0.3 1:08.42
712 0.0 0.3 1:08.42
712 0.0 0.3 1:08.42
712 0.0 0.3 1:08.42
712 0.0 0.3 1:08.42
712 0.0 0.3 1:08.42
712 0.0 0.3 1:08.42
712 0.0 0.3 1:08.42
712 0.0 0.3 1:08.42
712 0.0 0.3 1:08.44
712 0.0 0.3 1:08.44
712 0.0 0.3 1:08.44
712 0.0 0.3 1:08.44
712 0.0 0.3 1:08.44
712 0.0 0.3 1:08.44
712 0.0 0.3 1:08.44
712 5.3 0.3 1:08.49
712 0.0 0.3 1:08.50
712 0.0 0.3 1:08.50
712 0.0 0.3 1:08.50
712 0.0 0.3 1:08.50
712 0.0 0.3 1:08.50
712 0.0 0.3 1:08.50
712 0.0 0.3 1:08.50
712 0.0 0.3 1:08.50
712 0.0 0.3 1:08.50
KiB 1537128 avail Mem
712 0.0 0.3 1:08.50
712 0.0 0.3 1:08.50
712 0.0 0.3 1:08.50
712 0.0 0.3 1:08.50
712 0.0 0.3 1:08.50
712 5.6 0.3 1:08.51
712 0.0 0.3 1:08.51
712 11.8 0.3 1:08.53
712 0.0 0.3 1:08.55
712 0.0 0.3 1:08.56
712 0.0 0.3 1:08.56
712 0.0 0.3 1:08.56
712 0.0 0.3 1:08.56
712 0.0 0.3 1:08.56
712 0.0 0.3 1:08.56
712 0.0 0.3 1:08.56
712 0.0 0.3 1:08.56
712 0.0 0.3 1:08.56
712 0.0 0.3 1:08.56
712 0.0 0.3 1:08.56
712 0.0 0.3 1:08.56
712 0.0 0.3 1:08.56
712 0.0 0.3 1:08.57
712 0.0 0.3 1:08.57
712 0.0 0.3 1:08.58
712 0.0 0.3 1:08.59
712 0.0 0.3 1:08.61
712 0.0 0.3 1:08.62
712 0.0 0.3 1:08.62
712 0.0 0.3 1:08.62
712 0.0 0.3 1:08.62
712 0.0 0.3 1:08.62
712 0.0 0.3 1:08.62
712 0.0 0.3 1:08.62
712 0.0 0.3 1:08.62
712 0.0 0.3 1:08.62
712 0.0 0.3 1:08.62
712 0.0 0.3 1:08.62
712 0.0 0.3 1:08.62
712 0.0 0.3 1:08.62
712 0.0 0.3 1:08.63
712 0.0 0.3 1:08.63
712 5.6 0.3 1:08.65
712 0.0 0.3 1:08.65
712 5.3 0.3 1:08.69
712 0.0 0.3 1:08.69
712 0.0 0.3 1:08.70
712 0.0 0.3 1:08.70
712 0.0 0.3 1:08.70
712 0.0 0.3 1:08.70
712 0.0 0.3 1:08.70
712 0.0 0.3 1:08.70
712 0.0 0.3 1:08.70
712 0.0 0.3 1:08.70
712 0.0 0.3 1:08.70
712 0.0 0.3 1:08.70
712 0.0 0.3 1:08.71
712 0.0 0.3 1:08.71
712 0.0 0.3 1:08.71
712 0.0 0.3 1:08.71
712 0.0 0.3 1:08.72
712 5.3 0.3 1:08.74
712 0.0 0.3 1:08.74
712 0.0 0.3 1:08.77
712 0.0 0.3 1:08.77
712 0.0 0.3 1:08.78
712 0.0 0.3 1:08.78
712 0.0 0.3 1:08.78
712 0.0 0.3 1:08.78
712 0.0 0.3 1:08.78
712 0.0 0.3 1:08.78
712 0.0 0.3 1:08.78
712 0.0 0.3 1:08.78
712 0.0 0.3 1:08.78
712 0.0 0.3 1:08.78
712 0.0 0.3 1:08.79
712 0.0 0.3 1:08.79
712 0.0 0.3 1:08.79
712 5.6 0.3 1:08.80
712 0.0 0.3 1:08.81
712 0.0 0.3 1:08.81
712 0.0 0.3 1:08.83
712 0.0 0.3 1:08.85
712 0.0 0.3 1:08.85
712 0.0 0.3 1:08.85
712 0.0 0.3 1:08.85
712 0.0 0.3 1:08.85
712 0.0 0.3 1:08.85
712 0.0 0.3 1:08.85
712 0.0 0.3 1:08.85
712 0.0 0.3 1:08.85
712 0.0 0.3 1:08.85
712 0.0 0.3 1:08.85
712 0.0 0.3 1:08.86
712 0.0 0.3 1:08.86
712 0.0 0.3 1:08.86
712 0.0 0.3 1:08.86
712 0.0 0.3 1:08.86
712 0.0 0.3 1:08.86
712 0.0 0.3 1:08.86
712 0.0 0.3 1:08.86
712 0.0 0.3 1:08.86
712 0.0 0.3 1:08.86
712 0.0 0.3 1:08.86
712 0.0 0.3 1:08.86
712 0.0 0.3 1:08.86
712 0.0 0.3 1:08.86
712 0.0 0.3 1:08.86
712 0.0 0.3 1:08.86
712 0.0 0.3 1:08.86
712 0.0 0.3 1:08.86
