2940 0.0 0.1 0:00.02
2940 5.3 0.1 0:00.05
2940 0.0 0.1 0:00.07
2940 0.0 0.1 0:00.11
2940 0.0 0.1 0:00.13
2940 4.8 0.1 0:00.16
2940 0.0 0.1 0:00.17
2940 5.0 0.1 0:00.20
2940 0.0 0.1 0:00.21
2940 5.3 0.1 0:00.25
2940 5.6 0.1 0:00.28
2940 5.6 0.1 0:00.30
2940 0.0 0.1 0:00.33
2940 4.8 0.1 0:00.36
2940 5.3 0.1 0:00.41
2940 4.5 0.1 0:00.43
2940 5.6 0.1 0:00.47
2940 4.2 0.1 0:00.50
2940 4.5 0.1 0:00.53
2940 3.7 0.1 0:00.58
2940 9.1 0.1 0:00.63
2940 5.3 0.1 0:00.67
2940 10.5 0.1 0:00.70
2940 5.3 0.1 0:00.72
2940 5.3 0.1 0:00.77
2940 4.0 0.1 0:00.80
2940 0.0 0.1 0:00.82
2940 0.0 0.1 0:00.82
2940 0.0 0.1 0:00.82
2940 0.0 0.1 0:00.82
2940 0.0 0.1 0:00.82
2940 0.0 0.1 0:00.82
2940 0.0 0.1 0:00.82
2940 0.0 0.1 0:00.82
2940 0.0 0.1 0:00.82
2940 0.0 0.1 0:00.82
2940 0.0 0.1 0:00.82
2940 0.0 0.1 0:00.82
2940 0.0 0.1 0:00.82
2940 0.0 0.1 0:00.82
2940 0.0 0.1 0:00.82
2940 0.0 0.1 0:00.82
2940 0.0 0.1 0:00.82
2940 0.0 0.1 0:00.82
2940 0.0 0.1 0:00.82
2940 0.0 0.1 0:00.82
2940 0.0 0.1 0:00.82
2940 0.0 0.1 0:00.82
2940 0.0 0.1 0:00.82
2940 0.0 0.1 0:00.82
2940 0.0 0.1 0:00.82
2940 0.0 0.1 0:00.82
2940 0.0 0.1 0:00.82
2940 0.0 0.1 0:00.82
2940 0.0 0.1 0:00.82
2940 0.0 0.1 0:00.82
2940 0.0 0.1 0:00.82
2940 0.0 0.1 0:00.82
2940 0.0 0.1 0:00.82
2940 0.0 0.1 0:00.82
2940 0.0 0.1 0:00.82
2940 0.0 0.1 0:00.82
2940 0.0 0.1 0:00.82
2940 0.0 0.1 0:00.82
2940 0.0 0.1 0:00.82
2940 0.0 0.1 0:00.82
2940 0.0 0.1 0:00.82
2940 0.0 0.1 0:00.82
2940 0.0 0.1 0:00.82
