738 15.0 0.4 1:01.40
738 10.5 0.4 1:01.58
738 14.3 0.4 1:01.76
738 14.3 0.4 1:01.95
738 0.0 0.4 1:02.05
738 0.0 0.4 1:02.05
738 0.0 0.4 1:02.05
738 0.0 0.4 1:02.05
738 0.0 0.4 1:02.05
738 0.0 0.4 1:02.05
738 0.0 0.4 1:02.05
738 0.0 0.4 1:02.05
738 0.0 0.4 1:02.05
738 0.0 0.4 1:02.05
738 0.0 0.4 1:02.05
738 0.0 0.4 1:02.05
738 0.0 0.4 1:02.05
738 0.0 0.4 1:02.05
738 0.0 0.4 1:02.05
738 0.0 0.4 1:02.05
738 0.0 0.4 1:02.05
738 0.0 0.4 1:02.05
738 0.0 0.4 1:02.05
738 0.0 0.4 1:02.05
738 0.0 0.4 1:02.05
738 0.0 0.4 1:02.05
738 0.0 0.4 1:02.05
738 0.0 0.4 1:02.05
738 0.0 0.4 1:02.05
738 0.0 0.4 1:02.05
738 0.0 0.4 1:02.05
738 0.0 0.4 1:02.05
738 0.0 0.4 1:02.05
738 0.0 0.4 1:02.05
738 0.0 0.4 1:02.05
738 0.0 0.4 1:02.05
738 0.0 0.4 1:02.05
738 0.0 0.4 1:02.05
738 0.0 0.4 1:02.05
738 0.0 0.4 1:02.05
738 0.0 0.4 1:02.05
738 0.0 0.4 1:02.05
738 0.0 0.4 1:02.05
738 0.0 0.4 1:02.05
738 0.0 0.4 1:02.05
738 0.0 0.4 1:02.05
738 0.0 0.4 1:02.05
738 0.0 0.4 1:02.05
738 0.0 0.4 1:02.05
738 0.0 0.4 1:02.05
738 0.0 0.4 1:02.05
