732 7.3 0.3 0:00.24
732 8.1 0.3 0:00.24
732 6.4 0.3 0:00.21
732 3.1 0.3 0:00.19
732 8.4 0.3 0:00.24
732 6.6 0.3 0:00.24
732 8.0 0.3 0:00.24
732 5.8 0.3 0:00.24
732 5.1 0.3 0:00.27
732 22.7 0.3 0:00.43
732 31.8 0.3 0:00.89
732 18.2 0.3 0:01.27
732 26.1 0.3 0:01.62
732 25.9 0.3 0:02.01
732 27.8 0.3 0:02.26
KiB used, 260732 buff/cache
732 21.7 0.3 0:03.01
732 20.0 0.3 0:03.32
732 24.0 0.3 0:03.69
732 25.0 0.3 0:04.06
732 31.6 0.3 0:04.44
KiB 1527732 avail Mem
732 28.6 0.3 0:05.22
732 23.8 0.3 0:05.55
732 19.0 0.3 0:05.96
732 5.6 0.3 0:06.20
732 0.0 0.3 0:06.23
732 0.0 0.3 0:06.23
732 0.0 0.3 0:06.23
732 0.0 0.3 0:06.23
732 0.0 0.3 0:06.23
732 0.0 0.3 0:06.23
732 0.0 0.3 0:06.23
732 0.0 0.3 0:06.23
732 0.0 0.3 0:06.23
732 0.0 0.3 0:06.23
732 0.0 0.3 0:06.23
732 0.0 0.3 0:06.23
732 0.0 0.3 0:06.23
732 0.0 0.3 0:06.23
732 0.0 0.3 0:06.23
732 0.0 0.3 0:06.23
732 0.0 0.3 0:06.23
732 0.0 0.3 0:06.23
732 0.0 0.3 0:06.24
732 0.0 0.3 0:06.24
732 0.0 0.3 0:06.24
732 0.0 0.3 0:06.24
732 0.0 0.3 0:06.24
732 0.0 0.3 0:06.24
732 0.0 0.3 0:06.24
732 0.0 0.3 0:06.24
