734 733 732 731 730
734 733 732 731 730
734 733 732 731 730
734 733 732 731 730
734 733 732 731 730
734 733 732 731 730
734 733 732 731 730
734 733 732 731 730
734 733 732 731 730
734 733 732 731 730
734 733 732 731 730
734 733 732 731 730
734 733 732 731 730
734 733 732 731 730
734 733 732 731 730
734 733 732 731 730
734 733 732 731 730
734 733 732 731 730
734 733 732 731 730
734 733 732 731 730
734 733 732 731 730
734 733 732 731 730
734 733 732 731 730
734 733 732 731 730
734 733 732 731 730
734 733 732 731 730
734 733 732 731 730
734 733 732 731 730
734 733 732 731 730
734 733 732 731 730
734 733 732 731 730
734 733 732 731 730
734 733 732 731 730
734 733 732 731 730
734 733 732 731 730
734 733 732 731 730
734 733 732 731 730
734 733 732 731 730
734 733 732 731 730
734 733 732 731 730
734 733 732 731 730
734 733 732 731 730
734 733 732 731 730
734 733 732 731 730
734 733 732 731 730
734 733 732 731 730
734 733 732 731 730
734 733 732 731 730
734 733 732 731 730
734 733 732 731 730
