572 0.0 0.8 0:00.46
572 0.0 0.8 0:00.46
572 0.0 0.8 0:00.46
572 0.0 0.8 0:00.46
572 0.0 0.8 0:00.46
572 0.0 0.8 0:00.46
572 0.0 0.8 0:00.46
572 0.0 0.8 0:00.46
708 5.6 0.4 0:17.98
572 0.0 0.8 0:00.46
572 0.0 0.8 0:00.46
708 5.6 0.4 0:18.07
KiB used, 327952 buff/cache
572 0.0 0.8 0:00.46
708 5.6 0.4 0:18.16
572 0.0 0.8 0:00.46
708 5.6 0.4 0:18.22
708 5.0 0.4 0:18.25
572 0.0 0.8 0:00.46
708 5.3 0.4 0:18.31
708 5.6 0.4 0:18.34
KiB used, 328168 buff/cache
708 5.6 0.4 0:18.41
572 0.0 0.8 0:00.46
708 5.3 0.4 0:18.48
572 0.0 0.8 0:00.46
572 0.0 0.8 0:00.46
572 0.0 0.8 0:00.46
708 4.8 0.4 0:18.61
708 5.3 0.4 0:18.64
708 5.6 0.4 0:18.66
572 0.0 0.8 0:00.46
KiB used, 328400 buff/cache
708 10.0 0.4 0:18.77
572 0.0 0.8 0:00.46
708 5.6 0.4 0:18.81
708 5.3 0.4 0:18.84
708 5.6 0.4 0:18.87
572 0.0 0.8 0:00.46
708 5.6 0.4 0:18.93
708 5.6 0.4 0:18.96
572 0.0 0.8 0:00.46
708 5.6 0.4 0:19.02
572 0.0 0.8 0:00.46
572 0.0 0.8 0:00.46
572 0.0 0.8 0:00.46
708 5.6 0.4 0:19.15
708 5.6 0.4 0:19.19
708 5.6 0.4 0:19.22
27088 16.7 0.2 0:00.03
572 0.0 0.8 0:00.46
572 0.0 0.8 0:00.46
572 0.0 0.8 0:00.46
708 5.0 0.4 0:19.36
572 0.0 0.8 0:00.46
572 0.0 0.8 0:00.46
572 0.0 0.8 0:00.46
708 5.3 0.4 0:19.48
572 0.0 0.8 0:00.46
572 0.0 0.8 0:00.46
708 5.6 0.4 0:19.56
572 0.0 0.8 0:00.46
572 0.0 0.8 0:00.46
708 5.3 0.4 0:19.66
KiB 1532708 avail Mem
572 0.0 0.8 0:00.46
KiB used, 329172 buff/cache
572 0.0 0.8 0:00.46
708 5.0 0.4 0:19.81
572 0.0 0.8 0:00.46
708 5.0 0.4 0:19.87
708 5.6 0.4 0:19.90
708 11.1 0.4 0:19.94
708 5.3 0.4 0:19.97
708 5.3 0.4 0:20.01
572 0.0 0.8 0:00.46
572 0.0 0.8 0:00.46
708 5.0 0.4 0:20.10
708 5.0 0.4 0:20.13
708 5.6 0.4 0:20.14
572 0.0 0.8 0:00.46
572 0.0 0.8 0:00.46
572 0.0 0.8 0:00.46
572 0.0 0.8 0:00.46
572 0.0 0.8 0:00.46
572 0.0 0.8 0:00.46
572 0.0 0.8 0:00.46
572 0.0 0.8 0:00.46
572 0.0 0.8 0:00.46
572 0.0 0.8 0:00.46
572 0.0 0.8 0:00.46
572 0.0 0.8 0:00.46
572 0.0 0.8 0:00.46
572 0.0 0.8 0:00.46
572 0.0 0.8 0:00.46
572 0.0 0.8 0:00.46
