708 5.6 0.4 0:40.93
572 0.0 0.8 0:00.65
572 0.0 0.8 0:00.65
708 5.6 0.4 0:41.00
572 0.0 0.8 0:00.65
708 5.6 0.4 0:41.05
572 0.0 0.8 0:00.65
708 5.6 0.4 0:41.09
708 5.3 0.4 0:41.11
KiB used, 348364 buff/cache
708 5.0 0.4 0:41.15
572 0.0 0.8 0:00.65
572 0.0 0.8 0:00.65
708 5.6 0.4 0:41.22
708 5.0 0.4 0:41.25
572 0.0 0.8 0:00.65
572 0.0 0.8 0:00.65
572 0.0 0.8 0:00.65
572 0.0 0.8 0:00.65
572 0.0 0.8 0:00.65
KiB used, 348548 buff/cache
708 5.6 0.4 0:41.40
572 0.0 0.8 0:00.65
708 5.9 0.4 0:41.44
572 0.0 0.8 0:00.65
572 0.0 0.8 0:00.65
572 0.0 0.8 0:00.65
572 0.0 0.8 0:00.65
572 0.0 0.8 0:00.65
572 0.0 0.8 0:00.65
572 0.0 0.8 0:00.65
572 0.0 0.8 0:00.65
572 0.0 0.8 0:00.65
572 0.0 0.8 0:00.65
572 0.0 0.8 0:00.65
572 0.0 0.8 0:00.65
572 0.0 0.8 0:00.65
708 5.3 0.4 0:41.77
708 5.6 0.4 0:41.79
708 5.3 0.4 0:41.81
572 0.0 0.8 0:00.65
708 5.0 0.4 0:41.86
572 0.0 0.8 0:00.65
572 0.0 0.8 0:00.65
572 0.0 0.8 0:00.65
708 5.6 0.4 0:41.95
708 5.9 0.4 0:41.97
572 0.0 0.8 0:00.65
572 0.0 0.8 0:00.65
572 0.0 0.8 0:00.65
708 5.6 0.4 0:42.06
572 0.0 0.8 0:00.65
572 0.0 0.8 0:00.65
572 0.0 0.8 0:00.65
708 5.6 0.4 0:42.15
708 5.3 0.4 0:42.17
708 5.6 0.4 0:42.20
7082 15.8 0.2 0:00.03
708 5.6 0.4 0:42.24
708 5.3 0.4 0:42.26
572 0.0 0.8 0:00.66
572 0.0 0.8 0:00.66
708 5.6 0.4 0:42.33
572 0.0 0.8 0:00.66
708 5.3 0.4 0:42.38
572 0.0 0.8 0:00.66
708 5.6 0.4 0:42.43
708 5.6 0.4 0:42.45
572 0.0 0.8 0:00.66
572 0.0 0.8 0:00.66
572 0.0 0.8 0:00.66
572 0.0 0.8 0:00.66
572 0.0 0.8 0:00.66
572 0.0 0.8 0:00.66
572 0.0 0.8 0:00.66
572 0.0 0.8 0:00.66
572 0.0 0.8 0:00.66
572 0.0 0.8 0:00.66
572 0.0 0.8 0:00.66
572 0.0 0.8 0:00.66
572 0.0 0.8 0:00.66
KiB 1531708 avail Mem
572 0.0 0.8 0:00.66
572 0.0 0.8 0:00.66
572 0.0 0.8 0:00.66
572 0.0 0.8 0:00.66
572 0.0 0.8 0:00.66
572 0.0 0.8 0:00.66
572 0.0 0.8 0:00.66
572 0.0 0.8 0:00.66
