572 0.0 0.8 0:00.83
572 0.0 0.8 0:00.83
708 5.0 0.4 0:54.28
708 5.3 0.4 0:54.30
708 5.6 0.4 0:54.32
572 0.0 0.8 0:00.83
572 0.0 0.8 0:00.83
572 0.0 0.8 0:00.83
572 0.0 0.8 0:00.83
572 0.0 0.8 0:00.83
572 0.0 0.8 0:00.83
572 0.0 0.8 0:00.83
572 0.0 0.8 0:00.83
572 0.0 0.8 0:00.83
572 0.0 0.8 0:00.83
572 0.0 0.8 0:00.83
572 0.0 0.8 0:00.83
572 0.0 0.8 0:00.83
572 0.0 0.8 0:00.83
572 0.0 0.8 0:00.83
572 0.0 0.8 0:00.83
572 0.0 0.8 0:00.83
572 0.0 0.8 0:00.83
708 5.6 0.4 0:54.44
708 5.3 0.4 0:54.45
572 0.0 0.8 0:00.83
572 0.0 0.8 0:00.83
572 0.0 0.8 0:00.83
572 0.0 0.8 0:00.83
572 0.0 0.8 0:00.83
572 0.0 0.8 0:00.83
572 0.0 0.8 0:00.83
572 0.0 0.8 0:00.83
572 0.0 0.8 0:00.83
572 0.0 0.8 0:00.83
572 0.0 0.8 0:00.83
572 0.0 0.8 0:00.83
572 0.0 0.8 0:00.83
572 0.0 0.8 0:00.83
572 0.0 0.8 0:00.83
572 0.0 0.8 0:00.83
572 0.0 0.8 0:00.83
KiB used, 365040 buff/cache
572 0.0 0.8 0:00.83
572 0.0 0.8 0:00.83
572 0.0 0.8 0:00.83
572 0.0 0.8 0:00.83
572 0.0 0.8 0:00.83
572 0.0 0.8 0:00.83
572 0.0 0.8 0:00.83
572 0.0 0.8 0:00.83
572 0.0 0.8 0:00.83
572 0.0 0.8 0:00.83
572 0.0 0.8 0:00.83
572 0.0 0.8 0:00.83
572 0.0 0.8 0:00.83
708 5.6 0.4 0:54.60
572 0.0 0.8 0:00.83
708 5.6 0.4 0:54.64
572 0.0 0.8 0:00.83
708 5.6 0.4 0:54.66
572 0.0 0.8 0:00.83
572 0.0 0.8 0:00.83
572 0.0 0.8 0:00.83
572 0.0 0.8 0:00.83
572 0.0 0.8 0:00.83
572 0.0 0.8 0:00.83
572 0.0 0.8 0:00.83
572 0.0 0.8 0:00.83
572 0.0 0.8 0:00.83
572 0.0 0.8 0:00.83
572 0.0 0.8 0:00.83
572 0.0 0.8 0:00.83
572 0.0 0.8 0:00.83
708 5.3 0.4 0:54.70
572 0.0 0.8 0:00.83
572 0.0 0.8 0:00.83
572 0.0 0.8 0:00.83
572 0.0 0.8 0:00.83
572 0.0 0.8 0:00.83
572 0.0 0.8 0:00.83
KiB 1533708 avail Mem
572 0.0 0.8 0:00.83
572 0.0 0.8 0:00.83
572 0.0 0.8 0:00.83
572 0.0 0.8 0:00.83
572 0.0 0.8 0:00.83
572 0.0 0.8 0:00.83
572 0.0 0.8 0:00.83
572 0.0 0.8 0:00.83
572 0.0 0.8 0:00.83
572 0.0 0.8 0:00.83
572 0.0 0.8 0:00.83
572 0.0 0.8 0:00.83
572 0.0 0.8 0:00.83
572 0.0 0.8 0:00.83
572 0.0 0.8 0:00.83
572 0.0 0.8 0:00.83
572 0.0 0.8 0:00.83
572 0.0 0.8 0:00.83
572 0.0 0.8 0:00.83
572 0.0 0.8 0:00.83
572 0.0 0.8 0:00.83
572 0.0 0.8 0:00.83
572 0.0 0.8 0:00.83
572 0.0 0.8 0:00.83
572 0.0 0.8 0:00.83
572 0.0 0.8 0:00.83
572 0.0 0.8 0:00.83
572 0.0 0.8 0:00.83
572 0.0 0.8 0:00.83
572 0.0 0.8 0:00.83
572 0.0 0.8 0:00.83
708 5.3 0.4 0:55.03
572 0.0 0.8 0:00.83
572 0.0 0.8 0:00.83
572 0.0 0.8 0:00.83
572 0.0 0.8 0:00.83
572 0.0 0.8 0:00.83
572 0.0 0.8 0:00.83
572 0.0 0.8 0:00.83
572 0.0 0.8 0:00.83
572 0.0 0.8 0:00.83
572 0.0 0.8 0:00.83
572 0.0 0.8 0:00.83
572 0.0 0.8 0:00.83
572 0.0 0.8 0:00.83
572 0.0 0.8 0:00.83
572 0.0 0.8 0:00.83
572 0.0 0.8 0:00.83
572 0.0 0.8 0:00.83
572 0.0 0.8 0:00.83
572 0.0 0.8 0:00.83
708 5.0 0.4 0:55.22
572 0.0 0.8 0:00.83
572 0.0 0.8 0:00.83
572 0.0 0.8 0:00.83
572 0.0 0.8 0:00.83
572 0.0 0.8 0:00.83
572 0.0 0.8 0:00.83
572 0.0 0.8 0:00.83
572 0.0 0.8 0:00.83
572 0.0 0.8 0:00.83
572 0.0 0.8 0:00.83
572 0.0 0.8 0:00.83
572 0.0 0.8 0:00.83
572 0.0 0.8 0:00.83
708 5.3 0.4 0:55.26
708 5.6 0.4 0:55.27
572 0.0 0.8 0:00.83
572 0.0 0.8 0:00.83
572 0.0 0.8 0:00.83
572 0.0 0.8 0:00.83
572 0.0 0.8 0:00.83
572 0.0 0.8 0:00.83
572 0.0 0.8 0:00.83
572 0.0 0.8 0:00.83
572 0.0 0.8 0:00.83
572 0.0 0.8 0:00.83
572 0.0 0.8 0:00.83
572 0.0 0.8 0:00.83
572 0.0 0.8 0:00.83
572 0.0 0.8 0:00.83
572 0.0 0.8 0:00.83
708 11.1 0.4 0:55.35
572 0.0 0.8 0:00.83
572 0.0 0.8 0:00.83
708 11.1 0.4 0:55.39
KiB 1532708 avail Mem
572 0.0 0.8 0:00.83
572 0.0 0.8 0:00.83
572 0.0 0.8 0:00.83
572 0.0 0.8 0:00.83
572 0.0 0.8 0:00.83
572 0.0 0.8 0:00.83
572 0.0 0.8 0:00.83
572 0.0 0.8 0:00.83
572 0.0 0.8 0:00.83
572 0.0 0.8 0:00.83
572 0.0 0.8 0:00.83
572 0.0 0.8 0:00.83
572 0.0 0.8 0:00.83
572 0.0 0.8 0:00.83
572 0.0 0.8 0:00.83
572 0.0 0.8 0:00.83
572 0.0 0.8 0:00.83
572 0.0 0.8 0:00.83
572 0.0 0.8 0:00.83
572 0.0 0.8 0:00.83
572 0.0 0.8 0:00.83
572 0.0 0.8 0:00.83
572 0.0 0.8 0:00.84
