709 5.6 0.4 0:50.17
709 0.0 0.4 0:50.18
709 0.0 0.4 0:50.21
709 0.0 0.4 0:50.23
709 5.6 0.4 0:50.26
709 0.0 0.4 0:50.29
709 0.0 0.4 0:50.32
709 5.3 0.4 0:50.35
709 0.0 0.4 0:50.38
709 5.3 0.4 0:50.40
709 5.6 0.4 0:50.43
709 0.0 0.4 0:50.46
709 5.3 0.4 0:50.49
709 0.0 0.4 0:50.51
709 0.0 0.4 0:50.53
709 5.6 0.4 0:50.56
709 0.0 0.4 0:50.60
709 0.0 0.4 0:50.61
709 0.0 0.4 0:50.64
709 4.8 0.4 0:50.66
709 0.0 0.4 0:50.68
709 0.0 0.4 0:50.70
709 4.8 0.4 0:50.73
709 4.8 0.4 0:50.76
709 5.3 0.4 0:50.78
709 5.0 0.4 0:50.81
709 0.0 0.4 0:50.83
709 5.0 0.4 0:50.86
709 5.6 0.4 0:50.89
709 5.6 0.4 0:50.92
709 5.6 0.4 0:50.94
709 0.0 0.4 0:50.96
709 0.0 0.4 0:50.98
709 5.6 0.4 0:51.01
709 4.8 0.4 0:51.04
709 5.6 0.4 0:51.07
709 5.3 0.4 0:51.10
709 0.0 0.4 0:51.12
709 5.3 0.4 0:51.15
709 0.0 0.4 0:51.17
709 0.0 0.4 0:51.20
709 0.0 0.4 0:51.23
709 5.6 0.4 0:51.25
709 5.3 0.4 0:51.29
709 0.0 0.4 0:51.31
709 5.0 0.4 0:51.34
709 0.0 0.4 0:51.36
709 5.6 0.4 0:51.39
709 0.0 0.4 0:51.41
709 0.0 0.4 0:51.43
709 5.6 0.4 0:51.46
709 5.6 0.4 0:51.49
709 5.3 0.4 0:51.51
709 0.0 0.4 0:51.53
709 5.6 0.4 0:51.56
709 5.3 0.4 0:51.59
709 0.0 0.4 0:51.61
709 5.6 0.4 0:51.64
709 5.6 0.4 0:51.67
709 5.6 0.4 0:51.70
709 5.3 0.4 0:51.72
709 0.0 0.4 0:51.74
709 5.6 0.4 0:51.77
709 0.0 0.4 0:51.79
709 0.0 0.4 0:51.81
709 5.0 0.4 0:51.84
709 0.0 0.4 0:51.86
709 0.0 0.4 0:51.89
709 0.0 0.4 0:51.93
709 0.0 0.4 0:51.94
709 0.0 0.4 0:51.97
709 0.0 0.4 0:51.99
709 0.0 0.4 0:52.02
709 0.0 0.4 0:52.05
709 5.6 0.4 0:52.08
709 0.0 0.4 0:52.10
709 5.6 0.4 0:52.13
709 5.6 0.4 0:52.15
709 5.6 0.4 0:52.18
709 0.0 0.4 0:52.19
709 0.0 0.4 0:52.19
709 0.0 0.4 0:52.19
709 0.0 0.4 0:52.19
709 0.0 0.4 0:52.19
709 0.0 0.4 0:52.19
709 0.0 0.4 0:52.19
709 0.0 0.4 0:52.19
709 0.0 0.4 0:52.19
709 0.0 0.4 0:52.19
709 0.0 0.4 0:52.19
709 0.0 0.4 0:52.19
709 0.0 0.4 0:52.19
709 0.0 0.4 0:52.19
709 0.0 0.4 0:52.19
709 0.0 0.4 0:52.19
709 0.0 0.4 0:52.19
709 0.0 0.4 0:52.19
709 0.0 0.4 0:52.19
