709 5.0 0.4 0:48.14
709 5.6 0.4 0:48.17
709 5.6 0.4 0:48.19
709 5.6 0.4 0:48.22
709 5.6 0.4 0:48.25
709 0.0 0.4 0:48.26
709 5.0 0.4 0:48.29
709 0.0 0.4 0:48.31
709 0.0 0.4 0:48.34
709 4.8 0.4 0:48.37
709 0.0 0.4 0:48.39
709 5.6 0.4 0:48.42
709 0.0 0.4 0:48.44
709 5.3 0.4 0:48.47
709 0.0 0.4 0:48.49
709 5.3 0.4 0:48.52
709 5.6 0.4 0:48.55
709 5.6 0.4 0:48.58
709 5.6 0.4 0:48.61
709 5.0 0.4 0:48.64
709 5.6 0.4 0:48.67
709 0.0 0.4 0:48.70
709 5.0 0.4 0:48.73
709 0.0 0.4 0:48.75
709 0.0 0.4 0:48.78
709 0.0 0.4 0:48.81
709 5.3 0.4 0:48.84
709 5.6 0.4 0:48.86
709 0.0 0.4 0:48.88
709 0.0 0.4 0:48.91
709 5.6 0.4 0:48.94
709 0.0 0.4 0:48.96
709 0.0 0.4 0:48.98
709 5.3 0.4 0:49.01
709 5.9 0.4 0:49.03
709 0.0 0.4 0:49.05
709 5.6 0.4 0:49.08
709 0.0 0.4 0:49.10
709 0.0 0.4 0:49.13
709 0.0 0.4 0:49.15
709 5.0 0.4 0:49.18
709 0.0 0.4 0:49.21
709 5.3 0.4 0:49.23
709 0.0 0.4 0:49.25
709 5.6 0.4 0:49.28
709 5.6 0.4 0:49.30
709 11.1 0.4 0:49.34
709 0.0 0.4 0:49.35
709 0.0 0.4 0:49.38
709 0.0 0.4 0:49.41
709 0.0 0.4 0:49.43
709 0.0 0.4 0:49.46
709 0.0 0.4 0:49.48
709 0.0 0.4 0:49.51
709 0.0 0.4 0:49.54
709 5.6 0.4 0:49.57
709 0.0 0.4 0:49.59
709 0.0 0.4 0:49.62
709 0.0 0.4 0:49.64
709 0.0 0.4 0:49.67
709 0.0 0.4 0:49.70
709 9.5 0.4 0:49.75
709 9.5 0.4 0:49.77
709 0.0 0.4 0:49.78
709 0.0 0.4 0:49.80
709 4.8 0.4 0:49.83
709 0.0 0.4 0:49.85
709 5.6 0.4 0:49.88
709 5.6 0.4 0:49.90
709 0.0 0.4 0:49.92
709 5.6 0.4 0:49.95
709 0.0 0.4 0:49.98
709 0.0 0.4 0:50.00
709 0.0 0.4 0:50.02
709 0.0 0.4 0:50.04
709 5.0 0.4 0:50.07
709 0.0 0.4 0:50.09
709 0.0 0.4 0:50.12
709 5.3 0.4 0:50.15
709 0.0 0.4 0:50.16
709 0.0 0.4 0:50.16
709 0.0 0.4 0:50.16
709 0.0 0.4 0:50.16
709 0.0 0.4 0:50.16
709 0.0 0.4 0:50.16
709 0.0 0.4 0:50.16
709 0.0 0.4 0:50.16
709 0.0 0.4 0:50.16
709 0.0 0.4 0:50.16
709 0.0 0.4 0:50.16
709 0.0 0.4 0:50.16
