2932 0.0 0.2 4:28.21
2932 0.0 0.2 4:28.28
2932 15.8 0.2 4:28.40
2932 10.5 0.3 4:28.52
2932 10.5 0.3 4:28.62
2932 10.5 0.3 4:28.74
2932 16.7 0.3 4:28.93
2932 5.3 0.3 4:29.06
2932 10.5 0.3 4:29.20
2932 15.8 0.2 4:29.38
2932 10.5 0.2 4:29.53
2932 15.8 0.2 4:29.68
2932 16.7 0.2 4:29.84
2932 10.5 0.2 4:30.01
2932 15.0 0.2 4:30.16
2932 15.8 0.2 4:30.31
2932 17.4 0.2 4:30.53
2932 9.1 0.2 4:30.71
2932 15.0 0.2 4:30.93
2932 15.8 0.2 4:31.09
2932 10.5 0.2 4:31.26
2932 10.5 0.2 4:31.41
2932 5.0 0.2 4:31.58
2932 10.5 0.2 4:31.74
2932 10.5 0.2 4:31.91
2932 21.1 0.2 4:32.08
2932 11.1 0.2 4:32.25
2932 10.0 0.2 4:32.40
2932 5.6 0.2 4:32.54
2932 15.8 0.2 4:32.70
2932 15.0 0.2 4:32.88
2932 16.7 0.2 4:33.02
2932 11.1 0.2 4:33.18
2932 16.7 0.2 4:33.35
2932 10.5 0.2 4:33.50
2932 16.7 0.2 4:33.67
2932 16.7 0.2 4:33.83
2932 14.3 0.2 4:34.00
2932 10.0 0.2 4:34.15
2932 11.1 0.2 4:34.31
2932 10.5 0.2 4:34.47
2932 14.3 0.2 4:34.64
2932 10.5 0.2 4:34.79
2932 11.1 0.2 4:34.94
2932 15.8 0.2 4:35.11
2932 11.1 0.2 4:35.27
2932 10.5 0.2 4:35.42
2932 10.5 0.2 4:35.57
2932 10.5 0.2 4:35.73
2932 15.0 0.2 4:35.89
2932 10.5 0.2 4:36.04
2932 15.8 0.2 4:36.20
2932 10.5 0.2 4:36.36
2932 11.1 0.2 4:36.51
2932 10.0 0.2 4:36.68
2932 25.0 0.2 4:36.85
2932 10.0 0.2 4:37.00
2932 11.1 0.2 4:37.15
2932 15.8 0.2 4:37.31
2932 10.0 0.2 4:37.46
2932 15.8 0.2 4:37.62
2932 15.8 0.2 4:37.78
2932 16.7 0.2 4:37.93
2932 10.5 0.2 4:38.08
2932 15.8 0.2 4:38.24
2932 10.0 0.2 4:38.39
2932 10.5 0.2 4:38.55
2932 21.1 0.2 4:38.74
2932 15.0 0.2 4:38.92
2932 10.5 0.2 4:39.11
2932 14.3 0.2 4:39.28
2932 15.0 0.2 4:39.44
2932 15.8 0.2 4:39.60
2932 11.1 0.2 4:39.75
2932 10.5 0.2 4:39.91
2932 0.0 0.2 4:39.98
