2932 0.0 0.2 2:28.86
2932 11.1 0.2 2:28.96
2932 10.5 0.2 2:29.07
2932 5.0 0.2 2:29.19
2932 5.0 0.2 2:29.36
2932 10.5 0.2 2:29.52
2932 11.1 0.2 2:29.68
2932 15.0 0.2 2:29.86
2932 16.7 0.2 2:30.03
2932 15.8 0.2 2:30.20
2932 15.8 0.2 2:30.37
2932 16.7 0.2 2:30.54
2932 10.5 0.2 2:30.70
2932 10.5 0.2 2:30.87
2932 15.8 0.2 2:31.05
2932 11.1 0.2 2:31.20
2932 15.8 0.2 2:31.37
2932 21.1 0.2 2:31.55
2932 15.0 0.2 2:31.71
2932 11.1 0.2 2:31.87
2932 21.1 0.2 2:32.05
2932 15.8 0.2 2:32.21
2932 15.0 0.2 2:32.37
2932 16.7 0.2 2:32.54
2932 15.8 0.2 2:32.75
2932 15.0 0.2 2:32.91
2932 15.0 0.2 2:33.09
2932 15.8 0.2 2:33.25
2932 16.7 0.2 2:33.42
2932 15.8 0.2 2:33.58
2932 15.8 0.2 2:33.75
2932 15.8 0.2 2:33.92
2932 15.8 0.2 2:34.08
2932 15.8 0.2 2:34.26
2932 15.8 0.2 2:34.43
2932 11.1 0.2 2:34.59
2932 16.7 0.2 2:34.76
2932 15.8 0.2 2:34.92
2932 15.8 0.2 2:35.10
2932 16.7 0.2 2:35.26
2932 10.5 0.2 2:35.44
2932 19.0 0.2 2:35.64
2932 10.5 0.2 2:35.81
2932 15.0 0.2 2:35.99
2932 22.2 0.2 2:36.16
2932 13.6 0.2 2:36.33
2932 15.0 0.2 2:36.50
2932 15.0 0.2 2:36.67
2932 15.8 0.2 2:36.84
2932 15.8 0.2 2:37.00
2932 15.8 0.2 2:37.17
2932 15.8 0.2 2:37.34
2932 15.8 0.2 2:37.51
2932 10.5 0.2 2:37.67
2932 15.8 0.2 2:37.84
2932 21.1 0.2 2:38.02
2932 21.1 0.2 2:38.19
2932 10.5 0.2 2:38.35
2932 10.5 0.2 2:38.52
2932 15.8 0.2 2:38.69
2932 11.1 0.2 2:38.85
2932 22.2 0.2 2:39.03
2932 10.5 0.2 2:39.19
2932 15.0 0.2 2:39.36
2932 16.7 0.2 2:39.52
2932 15.0 0.2 2:39.69
2932 21.1 0.2 2:39.87
2932 16.7 0.2 2:40.03
2932 10.0 0.2 2:40.19
2932 15.0 0.2 2:40.37
2932 15.8 0.2 2:40.53
2932 15.8 0.2 2:40.70
2932 16.7 0.2 2:40.86
2932 15.8 0.2 2:41.04
2932 15.8 0.2 2:41.21
2932 15.0 0.2 2:41.38
2932 15.0 0.2 2:41.55
2932 11.1 0.2 2:41.71
2932 10.5 0.2 2:41.87
2932 10.5 0.2 2:42.05
2932 21.1 0.2 2:42.22
2932 21.1 0.2 2:42.39
2932 10.0 0.2 2:42.55
2932 20.0 0.2 2:42.72
2932 15.0 0.2 2:42.88
2932 15.8 0.2 2:43.06
2932 15.8 0.2 2:43.22
2932 15.0 0.2 2:43.39
2932 16.7 0.2 2:43.55
2932 10.5 0.2 2:43.72
2932 0.0 0.2 2:43.76
