2932 5.3 0.2 3:24.96
2932 5.3 0.2 3:25.11
2932 21.1 0.2 3:25.26
2932 16.7 0.2 3:25.44
2932 15.8 0.2 3:25.60
2932 5.6 0.2 3:25.75
2932 26.3 0.2 3:25.95
2932 15.8 0.2 3:26.23
2932 5.6 0.2 3:26.37
2932 15.8 0.2 3:26.57
2932 21.1 0.2 3:26.76
2932 11.1 0.2 3:26.91
2932 15.8 0.2 3:27.10
2932 22.2 0.2 3:27.30
2932 21.1 0.2 3:27.50
2932 19.0 0.2 3:27.72
2932 16.7 0.2 3:27.94
2932 10.0 0.2 3:28.15
2932 15.0 0.2 3:28.33
2932 10.5 0.2 3:28.52
2932 16.7 0.2 3:28.70
2932 10.5 0.2 3:28.86
2932 22.2 0.2 3:29.09
2932 11.1 0.2 3:29.26
2932 21.1 0.2 3:29.45
2932 16.7 0.2 3:29.63
2932 16.7 0.2 3:29.81
2932 10.5 0.2 3:29.99
2932 27.8 0.2 3:30.20
2932 15.0 0.2 3:30.37
2932 21.1 0.2 3:30.56
2932 16.7 0.2 3:30.73
2932 15.8 0.2 3:30.90
2932 11.1 0.2 3:31.08
2932 21.1 0.2 3:31.27
2932 10.5 0.2 3:31.44
2932 14.3 0.2 3:31.62
2932 10.5 0.2 3:31.80
2932 10.5 0.2 3:31.99
2932 31.6 0.2 3:32.21
2932 15.0 0.2 3:32.38
2932 10.5 0.2 3:32.56
2932 15.0 0.2 3:32.77
2932 11.1 0.2 3:32.93
2932 26.3 0.2 3:33.13
2932 16.7 0.2 3:33.30
2932 15.8 0.2 3:33.47
2932 10.5 0.2 3:33.65
2932 15.0 0.2 3:33.84
2932 11.1 0.2 3:34.05
2932 15.8 0.2 3:34.23
2932 25.0 0.2 3:34.42
2932 27.8 0.2 3:34.64
2932 15.8 0.2 3:34.82
2932 15.8 0.2 3:34.99
2932 26.3 0.2 3:35.20
2932 21.1 0.2 3:35.43
2932 10.5 0.2 3:35.60
2932 10.5 0.2 3:35.78
2932 10.5 0.2 3:35.96
2932 10.5 0.2 3:36.13
2932 21.1 0.2 3:36.31
2932 15.8 0.2 3:36.48
2932 10.5 0.2 3:36.65
2932 21.1 0.2 3:36.86
2932 16.7 0.2 3:37.03
2932 14.3 0.2 3:37.26
2932 15.0 0.2 3:37.46
2932 15.8 0.2 3:37.68
2932 10.5 0.2 3:37.91
12932 0.0 0.0 0:00.00
2932 27.8 0.2 3:38.35
2932 15.8 0.2 3:38.54
2932 16.7 0.2 3:38.72
2932 15.8 0.2 3:38.89
