2932 0.0 0.2 6:09.24
2932 10.0 0.2 6:09.34
2932 25.0 0.2 6:09.49
2932 10.5 0.2 6:09.61
2932 5.3 0.2 6:09.71
2932 5.3 0.2 6:09.84
2932 10.0 0.2 6:09.99
2932 5.3 0.2 6:10.10
2932 5.3 0.2 6:10.29
2932 15.0 0.2 6:10.45
2932 10.0 0.2 6:10.59
2932 15.0 0.2 6:10.79
2932 10.5 0.2 6:10.94
2932 11.1 0.2 6:11.10
2932 20.0 0.2 6:11.28
2932 10.5 0.2 6:11.40
2932 10.5 0.2 6:11.54
2932 11.1 0.2 6:11.67
2932 5.3 0.2 6:11.80
2932 10.5 0.2 6:11.93
2932 11.1 0.2 6:12.08
2932 16.7 0.2 6:12.21
2932 15.8 0.2 6:12.34
2932 10.5 0.2 6:12.46
2932 11.1 0.2 6:12.59
2932 11.1 0.2 6:12.72
2932 10.5 0.2 6:12.84
2932 15.8 0.2 6:13.00
2932 10.5 0.2 6:13.14
2932 5.3 0.2 6:13.26
2932 10.5 0.2 6:13.38
2932 25.0 0.2 6:13.53
2932 10.5 0.2 6:13.65
2932 10.5 0.2 6:13.80
2932 5.0 0.2 6:13.97
2932 15.0 0.2 6:14.10
2932 21.1 0.2 6:14.25
2932 15.8 0.2 6:14.39
2932 15.0 0.2 6:14.53
2932 11.1 0.2 6:14.66
2932 15.8 0.2 6:14.82
2932 10.5 0.2 6:14.95
2932 5.3 0.2 6:15.07
2932 22.2 0.2 6:15.24
2932 26.3 0.2 6:15.42
2932 15.8 0.2 6:15.55
2932 10.5 0.2 6:15.68
2932 10.5 0.2 6:15.81
2932 10.5 0.2 6:15.94
2932 5.6 0.2 6:16.06
2932 10.5 0.2 6:16.19
2932 10.5 0.2 6:16.32
2932 21.1 0.2 6:16.49
2932 27.8 0.2 6:16.66
2932 10.0 0.2 6:16.81
2932 16.7 0.2 6:16.94
2932 11.1 0.2 6:17.06
2932 15.8 0.2 6:17.20
2932 11.1 0.2 6:17.32
2932 10.5 0.2 6:17.50
2932 9.5 0.2 6:17.64
2932 12.5 0.2 6:17.86
2932 11.1 0.2 6:18.04
2932 5.6 0.2 6:18.21
2932 15.8 0.2 6:18.36
2932 10.5 0.2 6:18.57
2932 10.0 0.2 6:18.71
2932 10.5 0.2 6:18.85
2932 15.8 0.2 6:18.98
2932 16.7 0.2 6:19.10
2932 15.8 0.2 6:19.23
2932 16.7 0.2 6:19.44
2932 10.5 0.2 6:19.57
2932 10.0 0.2 6:19.73
2932 10.5 0.2 6:19.86
