2933 5.0 0.2 0:00.40
2933 5.3 0.2 0:00.41
2933 0.0 0.2 0:00.41
2933 0.0 0.2 0:00.41
2933 0.0 0.2 0:00.41
2933 0.0 0.2 0:00.41
2933 0.0 0.2 0:00.41
2933 0.0 0.2 0:00.41
2933 0.0 0.2 0:00.41
2933 0.0 0.2 0:00.41
2933 0.0 0.2 0:00.41
2933 0.0 0.2 0:00.41
2933 0.0 0.2 0:00.41
2933 0.0 0.2 0:00.41
2933 0.0 0.2 0:00.41
2933 0.0 0.2 0:00.41
2933 0.0 0.2 0:00.41
2933 0.0 0.2 0:00.41
2933 0.0 0.2 0:00.41
2933 0.0 0.2 0:00.41
2933 0.0 0.2 0:00.41
2933 0.0 0.2 0:00.41
2933 0.0 0.2 0:00.41
2933 0.0 0.2 0:00.41
2933 0.0 0.2 0:00.41
2933 0.0 0.2 0:00.41
2933 0.0 0.2 0:00.41
2933 0.0 0.2 0:00.41
2933 0.0 0.2 0:00.41
2933 0.0 0.2 0:00.41
2933 0.0 0.2 0:00.41
2933 0.0 0.2 0:00.41
2933 0.0 0.2 0:00.41
2933 0.0 0.2 0:00.41
2933 0.0 0.2 0:00.41
2933 0.0 0.2 0:00.41
2933 0.0 0.2 0:00.41
2933 0.0 0.2 0:00.41
2933 0.0 0.2 0:00.41
2933 0.0 0.2 0:00.41
2933 0.0 0.2 0:00.41
2933 0.0 0.2 0:00.41
2933 0.0 0.2 0:00.41
2933 0.0 0.2 0:00.41
2933 0.0 0.2 0:00.41
2933 0.0 0.2 0:00.41
2933 0.0 0.2 0:00.41
2933 0.0 0.2 0:00.41
2933 0.0 0.2 0:00.41
2933 0.0 0.2 0:00.41
2933 0.0 0.2 0:00.41
2933 0.0 0.2 0:00.41
2933 0.0 0.2 0:00.41
2933 0.0 0.2 0:00.41
2933 0.0 0.2 0:00.41
2933 0.0 0.2 0:00.41
2933 0.0 0.2 0:00.41
2933 0.0 0.2 0:00.41
2933 0.0 0.2 0:00.41
2933 0.0 0.2 0:00.41
2933 0.0 0.2 0:00.41
2933 0.0 0.2 0:00.41
2933 0.0 0.2 0:00.41
2933 0.0 0.2 0:00.41
2933 0.0 0.2 0:00.41
2933 0.0 0.2 0:00.41
2933 0.0 0.2 0:00.41
2933 0.0 0.2 0:00.41
2933 0.0 0.2 0:00.41
2933 0.0 0.2 0:00.41
2933 0.0 0.2 0:00.41
2933 0.0 0.2 0:00.41
2933 0.0 0.2 0:00.41
2933 0.0 0.2 0:00.41
2933 0.0 0.2 0:00.41
2933 0.0 0.2 0:00.41
