2934 5.6 0.2 0:00.84
2934 0.0 0.2 0:00.85
2934 0.0 0.2 0:00.86
2934 0.0 0.2 0:00.86
2934 0.0 0.2 0:00.86
2934 0.0 0.2 0:00.86
2934 0.0 0.2 0:00.86
2934 0.0 0.2 0:00.86
2934 0.0 0.2 0:00.86
2934 0.0 0.2 0:00.86
2934 0.0 0.2 0:00.86
2934 0.0 0.2 0:00.86
2934 0.0 0.2 0:00.86
2934 0.0 0.2 0:00.86
2934 0.0 0.2 0:00.86
2934 0.0 0.2 0:00.86
2934 0.0 0.2 0:00.86
2934 0.0 0.2 0:00.86
2934 0.0 0.2 0:00.86
2934 0.0 0.2 0:00.86
2934 0.0 0.2 0:00.86
2934 0.0 0.2 0:00.86
2934 0.0 0.2 0:00.86
2934 0.0 0.2 0:00.86
2934 5.6 0.2 0:00.87
2934 0.0 0.2 0:00.87
2934 0.0 0.2 0:00.87
2934 0.0 0.2 0:00.87
2934 0.0 0.2 0:00.87
2934 0.0 0.2 0:00.87
2934 0.0 0.2 0:00.87
2934 0.0 0.2 0:00.87
2934 0.0 0.2 0:00.87
2934 0.0 0.2 0:00.87
2934 0.0 0.2 0:00.87
2934 0.0 0.2 0:00.87
2934 0.0 0.2 0:00.87
2934 0.0 0.2 0:00.87
2934 0.0 0.2 0:00.87
2934 0.0 0.2 0:00.87
2934 0.0 0.2 0:00.87
2934 0.0 0.2 0:00.87
2934 0.0 0.2 0:00.87
2934 0.0 0.2 0:00.87
2934 0.0 0.2 0:00.87
2934 0.0 0.2 0:00.87
2934 0.0 0.2 0:00.87
2934 0.0 0.2 0:00.87
2934 0.0 0.2 0:00.87
2934 0.0 0.2 0:00.87
2934 0.0 0.2 0:00.87
2934 0.0 0.2 0:00.87
2934 0.0 0.2 0:00.87
2934 0.0 0.2 0:00.87
2934 0.0 0.2 0:00.87
2934 0.0 0.2 0:00.87
2934 0.0 0.2 0:00.87
2934 0.0 0.2 0:00.87
2934 0.0 0.2 0:00.88
2934 0.0 0.2 0:00.88
2934 0.0 0.2 0:00.88
2934 0.0 0.2 0:00.88
2934 0.0 0.2 0:00.88
2934 0.0 0.2 0:00.88
2934 0.0 0.2 0:00.88
2934 0.0 0.2 0:00.88
2934 0.0 0.2 0:00.88
2934 0.0 0.2 0:00.88
2934 0.0 0.2 0:00.88
2934 0.0 0.2 0:00.88
2934 0.0 0.2 0:00.88
2934 0.0 0.2 0:00.88
2934 0.0 0.2 0:00.88
2934 0.0 0.2 0:00.88
2934 0.0 0.2 0:00.88
2934 0.0 0.2 0:00.88
