2935 11.1 0.2 0:18.92
2935 5.6 0.2 0:18.94
2935 0.0 0.2 0:18.95
2935 0.0 0.2 0:18.95
2935 5.0 0.2 0:18.98
2935 0.0 0.2 0:18.99
2935 0.0 0.2 0:19.01
2935 0.0 0.2 0:19.01
2935 0.0 0.2 0:19.02
2935 0.0 0.2 0:19.02
2935 0.0 0.2 0:19.03
2935 0.0 0.2 0:19.03
2935 0.0 0.2 0:19.04
2935 10.0 0.2 0:19.07
2935 5.3 0.2 0:19.08
2935 0.0 0.2 0:19.08
29350 0.0 0.0 0:00.00
2935 0.0 0.2 0:19.10
2935 0.0 0.2 0:19.10
2935 0.0 0.2 0:19.11
2935 0.0 0.2 0:19.12
2935 0.0 0.2 0:19.12
2935 5.0 0.2 0:19.13
2935 0.0 0.2 0:19.14
2935 0.0 0.2 0:19.15
2935 0.0 0.2 0:19.15
2935 0.0 0.2 0:19.15
2935 0.0 0.2 0:19.16
2935 5.3 0.2 0:19.17
2935 0.0 0.2 0:19.17
2935 0.0 0.2 0:19.18
2935 0.0 0.2 0:19.18
2935 0.0 0.2 0:19.19
2935 0.0 0.2 0:19.20
2935 0.0 0.2 0:19.20
2935 5.3 0.2 0:19.21
2935 0.0 0.2 0:19.21
2935 0.0 0.2 0:19.22
2935 0.0 0.2 0:19.23
2935 0.0 0.2 0:19.23
2935 0.0 0.2 0:19.24
2935 12.5 0.2 0:19.28
2935 0.0 0.2 0:19.29
2935 0.0 0.2 0:19.30
2935 0.0 0.2 0:19.30
2935 0.0 0.2 0:19.31
2935 0.0 0.2 0:19.32
2935 0.0 0.2 0:19.32
2935 0.0 0.2 0:19.34
2935 0.0 0.2 0:19.36
2935 5.3 0.2 0:19.37
2935 0.0 0.2 0:19.37
2935 0.0 0.2 0:19.37
2935 0.0 0.2 0:19.39
2935 0.0 0.2 0:19.39
2935 0.0 0.2 0:19.40
2935 0.0 0.2 0:19.41
2935 0.0 0.2 0:19.41
2935 0.0 0.2 0:19.42
2935 0.0 0.2 0:19.42
2935 5.3 0.2 0:19.44
2935 0.0 0.2 0:19.47
2935 0.0 0.2 0:19.48
2935 0.0 0.2 0:19.48
2935 0.0 0.2 0:19.48
2935 0.0 0.2 0:19.49
2935 5.3 0.2 0:19.51
2935 0.0 0.2 0:19.51
2935 0.0 0.2 0:19.51
2935 0.0 0.2 0:19.52
2935 0.0 0.2 0:19.52
2935 0.0 0.2 0:19.54
2935 5.3 0.2 0:19.58
2935 0.0 0.2 0:19.58
2935 0.0 0.2 0:19.60
2935 0.0 0.2 0:19.60
