2935 5.3 0.2 0:25.10
2935 0.0 0.2 0:25.11
2935 0.0 0.2 0:25.12
2935 0.0 0.2 0:25.12
2935 0.0 0.2 0:25.13
2935 0.0 0.2 0:25.13
2935 0.0 0.2 0:25.13
2935 5.6 0.2 0:25.14
2935 0.0 0.2 0:25.14
2935 0.0 0.2 0:25.14
2935 5.6 0.2 0:25.15
2935 0.0 0.2 0:25.15
2935 0.0 0.2 0:25.16
2935 0.0 0.2 0:25.16
2935 0.0 0.2 0:25.16
2935 0.0 0.2 0:25.17
2935 0.0 0.2 0:25.17
2935 0.0 0.2 0:25.18
2935 0.0 0.2 0:25.19
2935 0.0 0.2 0:25.19
2935 0.0 0.2 0:25.19
2935 0.0 0.2 0:25.20
2935 0.0 0.2 0:25.21
2935 0.0 0.2 0:25.21
2935 0.0 0.2 0:25.23
2935 5.0 0.2 0:25.24
2935 0.0 0.2 0:25.24
2935 0.0 0.2 0:25.25
2935 4.5 0.2 0:25.26
2935 0.0 0.2 0:25.27
2935 0.0 0.2 0:25.30
2935 0.0 0.2 0:25.31
2935 0.0 0.2 0:25.33
2935 0.0 0.2 0:25.33
2935 0.0 0.2 0:25.33
2935 0.0 0.2 0:25.33
2935 0.0 0.2 0:25.34
2935 0.0 0.2 0:25.35
2935 0.0 0.2 0:25.35
2935 0.0 0.2 0:25.35
2935 0.0 0.2 0:25.36
2935 0.0 0.2 0:25.36
2935 0.0 0.2 0:25.37
2935 0.0 0.2 0:25.39
2935 0.0 0.2 0:25.39
2935 0.0 0.2 0:25.39
2935 0.0 0.2 0:25.40
2935 0.0 0.2 0:25.41
2935 0.0 0.2 0:25.43
2935 0.0 0.2 0:25.43
2935 0.0 0.2 0:25.44
2935 0.0 0.2 0:25.44
2935 5.6 0.2 0:25.45
2935 0.0 0.2 0:25.45
2935 4.5 0.2 0:25.48
2935 5.3 0.2 0:25.50
2935 0.0 0.2 0:25.51
2935 0.0 0.2 0:25.51
2935 0.0 0.2 0:25.51
2935 0.0 0.2 0:25.52
2935 0.0 0.2 0:25.52
2935 0.0 0.2 0:25.53
2935 5.3 0.2 0:25.54
2935 0.0 0.2 0:25.54
2935 0.0 0.2 0:25.54
2935 0.0 0.2 0:25.54
2935 0.0 0.2 0:25.55
2935 0.0 0.2 0:25.56
2935 0.0 0.2 0:25.57
2935 0.0 0.2 0:25.58
2935 5.3 0.2 0:25.59
2935 0.0 0.2 0:25.61
2935 0.0 0.2 0:25.63
2935 0.0 0.2 0:25.63
2935 11.1 0.2 0:25.67
