2935 0.0 0.2 0:05.18
2935 0.0 0.2 0:05.20
2935 0.0 0.2 0:05.24
2935 0.0 0.2 0:05.27
2935 0.0 0.2 0:05.30
2935 0.0 0.2 0:05.32
2935 0.0 0.2 0:05.33
2935 4.5 0.2 0:05.35
2935 0.0 0.2 0:05.35
2935 0.0 0.2 0:05.35
2935 5.3 0.2 0:05.36
2935 0.0 0.2 0:05.37
2935 0.0 0.2 0:05.37
2935 0.0 0.2 0:05.38
2935 0.0 0.2 0:05.38
2935 5.3 0.2 0:05.39
2935 5.3 0.2 0:05.40
2935 0.0 0.2 0:05.40
2935 0.0 0.2 0:05.41
2935 0.0 0.2 0:05.42
2935 0.0 0.2 0:05.44
2935 0.0 0.2 0:05.45
2935 0.0 0.2 0:05.45
2935 0.0 0.2 0:05.46
2935 0.0 0.2 0:05.46
2935 0.0 0.2 0:05.46
2935 0.0 0.2 0:05.47
2935 0.0 0.2 0:05.47
2935 0.0 0.2 0:05.48
2935 0.0 0.2 0:05.48
2935 0.0 0.2 0:05.49
2935 0.0 0.2 0:05.50
2935 0.0 0.2 0:05.51
2935 0.0 0.2 0:05.53
2935 0.0 0.2 0:05.53
2935 0.0 0.2 0:05.54
2935 0.0 0.2 0:05.54
2935 0.0 0.2 0:05.55
2935 0.0 0.2 0:05.57
2935 0.0 0.2 0:05.57
2935 0.0 0.2 0:05.58
2935 0.0 0.2 0:05.59
2935 0.0 0.2 0:05.60
2935 0.0 0.2 0:05.60
2935 0.0 0.2 0:05.60
2935 0.0 0.2 0:05.61
2935 5.3 0.2 0:05.62
2935 0.0 0.2 0:05.62
2935 5.0 0.2 0:05.63
2935 0.0 0.2 0:05.63
2935 0.0 0.2 0:05.66
2935 5.3 0.2 0:05.68
2935 0.0 0.2 0:05.68
2935 0.0 0.2 0:05.69
2935 0.0 0.2 0:05.70
2935 0.0 0.2 0:05.70
2935 0.0 0.2 0:05.71
2935 4.3 0.2 0:05.73
2935 0.0 0.2 0:05.75
2935 4.5 0.2 0:05.76
2935 0.0 0.2 0:05.76
2935 0.0 0.2 0:05.77
2935 0.0 0.2 0:05.79
2935 5.3 0.2 0:05.80
2935 0.0 0.2 0:05.80
2935 0.0 0.2 0:05.81
2935 0.0 0.2 0:05.81
2935 0.0 0.2 0:05.82
2935 0.0 0.2 0:05.83
2935 0.0 0.2 0:05.84
2935 4.8 0.2 0:05.85
2935 0.0 0.2 0:05.85
2935 0.0 0.2 0:05.87
2935 0.0 0.2 0:05.87
2935 0.0 0.2 0:05.87
2935 0.0 0.2 0:05.89
2935 4.5 0.2 0:05.90
2935 0.0 0.2 0:05.90
2935 0.0 0.2 0:05.91
2935 0.0 0.2 0:05.91
2935 0.0 0.2 0:05.93
2935 0.0 0.2 0:05.94
2935 0.0 0.2 0:05.94
2935 0.0 0.2 0:05.96
2935 0.0 0.2 0:05.96
2935 0.0 0.2 0:05.97
2935 0.0 0.2 0:05.97
2935 0.0 0.2 0:05.98
2935 0.0 0.2 0:05.99
2935 0.0 0.2 0:05.99
