716 5.6 0.4 0:24.80
716 0.0 0.4 0:24.81
716 0.0 0.4 0:24.83
716 0.0 0.4 0:24.85
716 0.0 0.4 0:24.87
716 5.6 0.4 0:24.90
716 11.1 0.4 0:24.93
716 0.0 0.4 0:24.93
716 5.0 0.4 0:24.96
716 5.3 0.4 0:24.98
716 5.3 0.4 0:25.00
716 5.3 0.4 0:25.02
716 10.5 0.4 0:25.05
716 10.0 0.4 0:25.07
716 0.0 0.4 0:25.08
716 0.0 0.4 0:25.10
716 0.0 0.4 0:25.13
716 5.3 0.4 0:25.15
716 0.0 0.4 0:25.17
716 5.3 0.4 0:25.19
716 0.0 0.4 0:25.21
716 0.0 0.4 0:25.23
716 5.3 0.4 0:25.25
716 0.0 0.4 0:25.27
716 0.0 0.4 0:25.29
716 5.0 0.4 0:25.31
716 5.3 0.4 0:25.33
716 0.0 0.4 0:25.35
716 5.3 0.4 0:25.38
716 5.6 0.4 0:25.40
716 0.0 0.4 0:25.42
716 0.0 0.4 0:25.44
KiB used, 289108 buff/cache
716 5.3 0.4 0:25.49
716 0.0 0.4 0:25.51
716 5.3 0.4 0:25.54
716 5.6 0.4 0:25.56
716 5.6 0.4 0:25.58
716 0.0 0.4 0:25.60
716 5.3 0.4 0:25.62
716 5.6 0.4 0:25.64
716 0.0 0.4 0:25.65
716 5.3 0.4 0:25.68
716 0.0 0.4 0:25.70
716 5.3 0.4 0:25.72
716 0.0 0.4 0:25.74
716 0.0 0.4 0:25.76
716 0.0 0.4 0:25.78
KiB used, 289404 buff/cache
716 0.0 0.4 0:25.82
716 0.0 0.4 0:25.85
716 5.6 0.4 0:25.87
716 0.0 0.4 0:25.89
716 0.0 0.4 0:25.91
716 5.3 0.4 0:25.94
716 5.6 0.4 0:25.96
716 5.3 0.4 0:25.98
716 5.3 0.4 0:26.01
716 5.3 0.4 0:26.03
716 0.0 0.4 0:26.05
716 0.0 0.4 0:26.07
716 5.6 0.4 0:26.10
716 5.6 0.4 0:26.12
716 5.6 0.4 0:26.15
716 0.0 0.4 0:26.17
716 0.0 0.4 0:26.20
716 0.0 0.4 0:26.22
716 0.0 0.4 0:26.24
716 0.0 0.4 0:26.26
716 0.0 0.4 0:26.28
716 5.3 0.4 0:26.30
716 0.0 0.4 0:26.32
716 0.0 0.4 0:26.34
716 0.0 0.4 0:26.36
716 5.0 0.4 0:26.39
716 0.0 0.4 0:26.40
716 0.0 0.4 0:26.43
716 0.0 0.4 0:26.45
716 0.0 0.4 0:26.47
716 0.0 0.4 0:26.49
716 0.0 0.4 0:26.49
716 0.0 0.4 0:26.49
716 0.0 0.4 0:26.49
716 0.0 0.4 0:26.49
716 0.0 0.4 0:26.49
716 0.0 0.4 0:26.49
716 0.0 0.4 0:26.49
716 0.0 0.4 0:26.49
716 0.0 0.4 0:26.49
716 0.0 0.4 0:26.49
716 0.0 0.4 0:26.49
716 0.0 0.4 0:26.49
716 0.0 0.4 0:26.49
716 0.0 0.4 0:26.49
716 0.0 0.4 0:26.49
716 0.0 0.4 0:26.49
