716 0.0 0.4 0:36.04
716 5.6 0.4 0:36.06
716 0.0 0.4 0:36.07
716 0.0 0.4 0:36.10
716 5.6 0.4 0:36.12
716 0.0 0.4 0:36.13
716 0.0 0.4 0:36.15
716 0.0 0.4 0:36.17
716 0.0 0.4 0:36.18
716 0.0 0.4 0:36.20
716 0.0 0.4 0:36.22
716 0.0 0.4 0:36.24
716 0.0 0.4 0:36.26
716 0.0 0.4 0:36.28
716 0.0 0.4 0:36.30
716 0.0 0.4 0:36.32
716 0.0 0.4 0:36.34
716 5.6 0.4 0:36.36
716 5.3 0.4 0:36.38
716 0.0 0.4 0:36.39
716 5.0 0.4 0:36.41
716 5.6 0.4 0:36.43
716 5.0 0.4 0:36.45
716 0.0 0.4 0:36.47
716 0.0 0.4 0:36.48
716 0.0 0.4 0:36.50
716 0.0 0.4 0:36.53
716 0.0 0.4 0:36.55
716 0.0 0.4 0:36.57
716 5.6 0.4 0:36.59
716 0.0 0.4 0:36.61
716 5.6 0.4 0:36.63
716 5.3 0.4 0:36.65
716 5.6 0.4 0:36.67
716 0.0 0.4 0:36.68
716 0.0 0.4 0:36.70
716 5.6 0.4 0:36.73
716 0.0 0.4 0:36.74
716 0.0 0.4 0:36.76
716 0.0 0.4 0:36.78
716 5.0 0.4 0:36.80
716 0.0 0.4 0:36.81
716 0.0 0.4 0:36.83
716 0.0 0.4 0:36.85
716 0.0 0.4 0:36.87
716 5.6 0.4 0:36.89
716 5.6 0.4 0:36.91
716 5.6 0.4 0:36.93
716 0.0 0.4 0:36.95
716 5.3 0.4 0:36.98
716 0.0 0.4 0:36.99
716 0.0 0.4 0:37.01
716 0.0 0.4 0:37.03
716 5.6 0.4 0:37.06
716 5.6 0.4 0:37.08
716 0.0 0.4 0:37.09
716 0.0 0.4 0:37.11
716 0.0 0.4 0:37.14
716 0.0 0.4 0:37.15
15716 16.7 0.2 0:00.03
716 5.6 0.4 0:37.21
716 0.0 0.4 0:37.23
716 0.0 0.4 0:37.24
716 0.0 0.4 0:37.27
716 0.0 0.4 0:37.29
716 0.0 0.4 0:37.29
716 0.0 0.4 0:37.31
716 5.3 0.4 0:37.34
716 0.0 0.4 0:37.35
716 0.0 0.4 0:37.37
716 0.0 0.4 0:37.39
716 5.3 0.4 0:37.41
716 5.3 0.4 0:37.43
716 5.3 0.4 0:37.45
716 0.0 0.4 0:37.46
716 0.0 0.4 0:37.48
716 0.0 0.4 0:37.50
716 0.0 0.4 0:37.52
716 0.0 0.4 0:37.54
716 0.0 0.4 0:37.56
716 0.0 0.4 0:37.56
716 0.0 0.4 0:37.56
716 0.0 0.4 0:37.56
716 0.0 0.4 0:37.56
716 0.0 0.4 0:37.56
716 0.0 0.4 0:37.56
716 0.0 0.4 0:37.56
716 0.0 0.4 0:37.56
716 0.0 0.4 0:37.56
716 0.0 0.4 0:37.56
716 0.0 0.4 0:37.56
716 0.0 0.4 0:37.56
716 0.0 0.4 0:37.56
716 0.0 0.4 0:37.56
716 0.0 0.4 0:37.56
716 0.0 0.4 0:37.56
716 0.0 0.4 0:37.56
716 0.0 0.4 0:37.56
716 0.0 0.4 0:37.56
716 0.0 0.4 0:37.56
716 0.0 0.4 0:37.56
