716 0.0 0.4 0:34.55
716 5.9 0.4 0:34.57
716 0.0 0.4 0:34.59
716 0.0 0.4 0:34.61
716 0.0 0.4 0:34.63
716 5.3 0.4 0:34.65
716 5.6 0.4 0:34.67
716 0.0 0.4 0:34.68
716 0.0 0.4 0:34.70
716 0.0 0.4 0:34.72
716 5.6 0.4 0:34.74
716 0.0 0.4 0:34.75
716 5.6 0.4 0:34.78
716 0.0 0.4 0:34.79
716 0.0 0.4 0:34.81
716 0.0 0.4 0:34.83
716 5.6 0.4 0:34.85
716 0.0 0.4 0:34.86
716 0.0 0.4 0:34.88
716 0.0 0.4 0:34.90
716 0.0 0.4 0:34.92
716 0.0 0.4 0:34.94
716 0.0 0.4 0:34.96
716 0.0 0.4 0:34.98
716 0.0 0.4 0:35.00
716 0.0 0.4 0:35.02
716 11.1 0.4 0:35.05
716 0.0 0.4 0:35.05
716 5.6 0.4 0:35.08
716 0.0 0.4 0:35.10
716 0.0 0.4 0:35.11
716 5.6 0.4 0:35.13
716 0.0 0.4 0:35.15
716 5.6 0.4 0:35.17
716 5.6 0.4 0:35.19
716 0.0 0.4 0:35.21
716 0.0 0.4 0:35.23
716 5.6 0.4 0:35.25
716 0.0 0.4 0:35.26
716 0.0 0.4 0:35.28
716 5.3 0.4 0:35.31
716 0.0 0.4 0:35.33
716 0.0 0.4 0:35.34
716 0.0 0.4 0:35.36
716 0.0 0.4 0:35.37
716 0.0 0.4 0:35.39
716 0.0 0.4 0:35.41
716 5.9 0.4 0:35.43
716 5.6 0.4 0:35.45
716 0.0 0.4 0:35.47
716 5.6 0.4 0:35.49
716 5.9 0.4 0:35.51
716 0.0 0.4 0:35.52
716 0.0 0.4 0:35.54
716 0.0 0.4 0:35.56
716 0.0 0.4 0:35.59
716 5.3 0.4 0:35.60
716 0.0 0.4 0:35.62
716 0.0 0.4 0:35.63
KiB used, 354080 buff/cache
716 0.0 0.4 0:35.68
716 5.6 0.4 0:35.69
716 5.3 0.4 0:35.71
716 5.6 0.4 0:35.73
716 5.6 0.4 0:35.75
716 5.6 0.4 0:35.77
716 0.0 0.4 0:35.78
716 0.0 0.4 0:35.80
716 5.3 0.4 0:35.82
716 5.6 0.4 0:35.84
716 5.3 0.4 0:35.86
716 5.6 0.4 0:35.88
716 0.0 0.4 0:35.89
716 0.0 0.4 0:35.91
716 0.0 0.4 0:35.93
716 0.0 0.4 0:35.95
716 0.0 0.4 0:35.98
716 5.9 0.4 0:36.00
716 5.6 0.4 0:36.02
716 0.0 0.4 0:36.03
716 0.0 0.4 0:36.03
716 0.0 0.4 0:36.03
716 0.0 0.4 0:36.03
716 0.0 0.4 0:36.03
716 0.0 0.4 0:36.03
716 0.0 0.4 0:36.03
716 0.0 0.4 0:36.03
716 0.0 0.4 0:36.03
KiB used, 354388 buff/cache
716 0.0 0.4 0:36.03
716 0.0 0.4 0:36.03
716 0.0 0.4 0:36.03
716 0.0 0.4 0:36.03
716 0.0 0.4 0:36.03
