717 5.3 0.4 0:24.32
717 5.6 0.4 0:24.36
717 0.0 0.4 0:24.39
717 0.0 0.4 0:24.43
717 0.0 0.4 0:24.47
717 5.3 0.4 0:24.52
717 5.3 0.4 0:24.55
717 10.5 0.4 0:24.60
717 4.8 0.4 0:24.63
717 5.6 0.4 0:24.67
717 0.0 0.4 0:24.71
717 0.0 0.4 0:24.74
717 5.6 0.4 0:24.78
717 0.0 0.4 0:24.81
717 5.3 0.4 0:24.86
717 5.6 0.4 0:24.90
717 10.5 0.4 0:24.96
717 5.6 0.4 0:24.99
717 5.0 0.4 0:25.03
717 5.6 0.4 0:25.07
717 11.1 0.4 0:25.12
717 0.0 0.4 0:25.14
717 5.9 0.4 0:25.18
717 5.6 0.4 0:25.23
717 0.0 0.4 0:25.26
717 5.0 0.4 0:25.31
717 5.3 0.4 0:25.35
717 5.3 0.4 0:25.39
717 5.6 0.4 0:25.43
717 5.6 0.4 0:25.47
717 0.0 0.4 0:25.50
717 4.8 0.4 0:25.54
717 5.6 0.4 0:25.58
717 5.0 0.4 0:25.62
717 4.8 0.4 0:25.65
717 5.3 0.4 0:25.69
717 0.0 0.4 0:25.72
717 5.6 0.4 0:25.77
717 5.3 0.4 0:25.81
717 5.0 0.4 0:25.84
717 5.3 0.4 0:25.87
717 5.6 0.4 0:25.90
717 5.3 0.4 0:25.94
717 0.0 0.4 0:25.97
KiB used, 277504 buff/cache
717 0.0 0.4 0:26.05
717 5.3 0.4 0:26.09
717 5.6 0.4 0:26.13
717 5.6 0.4 0:26.17
717 5.6 0.4 0:26.20
717 0.0 0.4 0:26.23
717 0.0 0.4 0:26.28
717 0.0 0.4 0:26.31
717 0.0 0.4 0:26.35
717 0.0 0.4 0:26.38
717 5.3 0.4 0:26.42
717 0.0 0.4 0:26.45
717 0.0 0.4 0:26.49
717 0.0 0.4 0:26.53
717 0.0 0.4 0:26.57
717 5.6 0.4 0:26.60
717 0.0 0.4 0:26.63
717 11.1 0.4 0:26.68
717 5.6 0.4 0:26.71
717 5.6 0.4 0:26.75
717 5.3 0.4 0:26.78
717 5.6 0.4 0:26.82
717 5.6 0.4 0:26.85
717 0.0 0.4 0:26.90
717 0.0 0.4 0:26.93
717 0.0 0.4 0:26.97
717 5.6 0.4 0:27.01
717 11.1 0.4 0:27.06
717 5.6 0.4 0:27.09
717 0.0 0.4 0:27.13
717 5.6 0.4 0:27.17
717 0.0 0.4 0:27.20
717 5.3 0.4 0:27.24
717 5.0 0.4 0:27.28
717 0.0 0.4 0:27.31
717 0.0 0.4 0:27.31
717 0.0 0.4 0:27.31
717 0.0 0.4 0:27.31
717 0.0 0.4 0:27.31
717 0.0 0.4 0:27.31
717 0.0 0.4 0:27.31
717 0.0 0.4 0:27.31
717 0.0 0.4 0:27.31
717 0.0 0.4 0:27.31
717 0.0 0.4 0:27.31
717 0.0 0.4 0:27.31
717 0.0 0.4 0:27.31
717 0.0 0.4 0:27.31
717 0.0 0.4 0:27.31
