718 0.0 0.4 0:51.88
718 0.0 0.4 0:51.91
718 0.0 0.4 0:51.92
718 5.6 0.4 0:51.95
718 0.0 0.4 0:51.96
718 11.1 0.4 0:52.00
718 0.0 0.4 0:52.01
718 5.3 0.4 0:52.03
718 0.0 0.4 0:52.05
718 0.0 0.4 0:52.07
718 0.0 0.4 0:52.09
718 0.0 0.4 0:52.11
718 5.6 0.4 0:52.14
718 5.6 0.4 0:52.16
718 0.0 0.4 0:52.18
718 5.6 0.4 0:52.20
718 5.6 0.4 0:52.22
718 0.0 0.4 0:52.24
718 0.0 0.4 0:52.25
718 0.0 0.4 0:52.27
718 0.0 0.4 0:52.29
718 0.0 0.4 0:52.31
718 5.3 0.4 0:52.33
718 0.0 0.4 0:52.34
718 0.0 0.4 0:52.36
718 0.0 0.4 0:52.38
718 0.0 0.4 0:52.40
718 0.0 0.4 0:52.42
718 0.0 0.4 0:52.45
718 0.0 0.4 0:52.46
718 0.0 0.4 0:52.48
718 11.1 0.4 0:52.52
718 0.0 0.4 0:52.52
718 0.0 0.4 0:52.54
718 0.0 0.4 0:52.56
718 0.0 0.4 0:52.58
718 0.0 0.4 0:52.60
718 0.0 0.4 0:52.62
718 0.0 0.4 0:52.64
718 0.0 0.4 0:52.66
718 0.0 0.4 0:52.68
718 0.0 0.4 0:52.70
718 5.6 0.4 0:52.73
718 0.0 0.4 0:52.74
718 0.0 0.4 0:52.76
718 0.0 0.4 0:52.78
718 0.0 0.4 0:52.80
718 0.0 0.4 0:52.82
718 0.0 0.4 0:52.84
718 5.3 0.4 0:52.87
718 0.0 0.4 0:52.89
718 0.0 0.4 0:52.91
718 5.6 0.4 0:52.94
718 5.6 0.4 0:52.96
718 0.0 0.4 0:52.98
718 0.0 0.4 0:53.00
718 0.0 0.4 0:53.02
718 0.0 0.4 0:53.04
718 0.0 0.4 0:53.06
718 0.0 0.4 0:53.08
718 0.0 0.4 0:53.10
718 5.3 0.4 0:53.13
718 0.0 0.4 0:53.14
718 0.0 0.4 0:53.16
718 0.0 0.4 0:53.18
718 5.6 0.4 0:53.20
718 11.8 0.4 0:53.23
718 0.0 0.4 0:53.23
718 5.6 0.4 0:53.26
718 0.0 0.4 0:53.28
718 0.0 0.4 0:53.30
718 5.3 0.4 0:53.33
718 0.0 0.4 0:53.35
718 0.0 0.4 0:53.37
718 0.0 0.4 0:53.39
718 0.0 0.4 0:53.41
718 0.0 0.4 0:53.43
718 5.0 0.4 0:53.46
718 0.0 0.4 0:53.48
718 0.0 0.4 0:53.51
718 0.0 0.4 0:53.51
718 0.0 0.4 0:53.51
718 0.0 0.4 0:53.51
718 0.0 0.4 0:53.51
718 0.0 0.4 0:53.51
718 0.0 0.4 0:53.51
718 0.0 0.4 0:53.51
718 0.0 0.4 0:53.51
718 0.0 0.4 0:53.51
718 0.0 0.4 0:53.51
718 0.0 0.4 0:53.51
718 0.0 0.4 0:53.51
718 0.0 0.4 0:53.51
718 0.0 0.4 0:53.51
718 0.0 0.4 0:53.51
718 0.0 0.4 0:53.51
