718 0.0 0.4 0:39.66
718 0.0 0.4 0:39.69
718 0.0 0.4 0:39.71
718 4.8 0.4 0:39.74
718 5.9 0.4 0:39.76
718 0.0 0.4 0:39.78
718 5.6 0.4 0:39.80
718 0.0 0.4 0:39.82
718 0.0 0.4 0:39.85
718 0.0 0.4 0:39.87
718 0.0 0.4 0:39.90
718 0.0 0.4 0:39.93
718 5.6 0.4 0:39.95
718 5.6 0.4 0:39.97
718 5.6 0.4 0:39.99
718 0.0 0.4 0:40.01
718 5.6 0.4 0:40.04
718 0.0 0.4 0:40.06
718 5.6 0.4 0:40.10
718 5.0 0.4 0:40.12
718 0.0 0.4 0:40.14
718 0.0 0.4 0:40.16
718 0.0 0.4 0:40.18
718 5.3 0.4 0:40.21
718 0.0 0.4 0:40.23
718 5.6 0.4 0:40.26
718 0.0 0.4 0:40.28
718 0.0 0.4 0:40.29
718 0.0 0.4 0:40.32
718 0.0 0.4 0:40.34
718 5.0 0.4 0:40.37
718 0.0 0.4 0:40.39
718 5.0 0.4 0:40.42
718 0.0 0.4 0:40.44
718 0.0 0.4 0:40.46
718 5.6 0.4 0:40.49
718 0.0 0.4 0:40.51
7183 15.0 0.2 0:00.03
718 0.0 0.4 0:40.55
718 0.0 0.4 0:40.58
718 0.0 0.4 0:40.60
718 0.0 0.4 0:40.62
718 0.0 0.4 0:40.65
718 0.0 0.4 0:40.67
718 0.0 0.4 0:40.69
718 0.0 0.4 0:40.72
718 0.0 0.4 0:40.75
718 5.3 0.4 0:40.77
718 0.0 0.4 0:40.79
718 5.6 0.4 0:40.82
718 0.0 0.4 0:40.84
718 5.3 0.4 0:40.87
718 0.0 0.4 0:40.89
718 0.0 0.4 0:40.92
718 0.0 0.4 0:40.94
718 5.6 0.4 0:40.97
718 0.0 0.4 0:40.98
718 0.0 0.4 0:41.00
718 5.6 0.4 0:41.03
718 0.0 0.4 0:41.05
718 0.0 0.4 0:41.08
718 0.0 0.4 0:41.12
718 0.0 0.4 0:41.14
718 0.0 0.4 0:41.16
718 0.0 0.4 0:41.18
718 0.0 0.4 0:41.20
718 0.0 0.4 0:41.22
718 0.0 0.4 0:41.24
718 0.0 0.4 0:41.27
718 0.0 0.4 0:41.29
718 0.0 0.4 0:41.31
718 5.3 0.4 0:41.34
718 0.0 0.4 0:41.36
718 0.0 0.4 0:41.39
718 0.0 0.4 0:41.41
718 0.0 0.4 0:41.43
718 0.0 0.4 0:41.45
718 0.0 0.4 0:41.47
718 0.0 0.4 0:41.50
718 0.0 0.4 0:41.52
718 0.0 0.4 0:41.52
718 0.0 0.4 0:41.52
718 0.0 0.4 0:41.52
718 0.0 0.4 0:41.52
718 0.0 0.4 0:41.52
718 0.0 0.4 0:41.52
718 0.0 0.4 0:41.52
