718 5.6 0.4 0:02.73
718 0.0 0.4 0:02.76
718 5.6 0.4 0:02.80
718 5.3 0.4 0:02.83
718 5.3 0.4 0:02.87
718 5.9 0.4 0:02.91
718 5.6 0.4 0:02.95
718 0.0 0.4 0:02.99
718 5.6 0.4 0:03.02
718 0.0 0.4 0:03.06
718 4.8 0.4 0:03.10
718 5.0 0.4 0:03.13
718 5.6 0.4 0:03.17
718 0.0 0.4 0:03.20
718 5.6 0.4 0:03.24
718 5.6 0.4 0:03.27
718 11.1 0.4 0:03.31
718 0.0 0.4 0:03.33
718 0.0 0.4 0:03.37
718 5.6 0.4 0:03.41
718 0.0 0.4 0:03.44
718 5.3 0.4 0:03.48
718 0.0 0.4 0:03.52
718 5.3 0.4 0:03.56
718 5.6 0.4 0:03.60
718 0.0 0.4 0:03.63
718 4.8 0.4 0:03.67
718 0.0 0.4 0:03.70
718 0.0 0.4 0:03.73
718 0.0 0.4 0:03.76
718 0.0 0.4 0:03.80
718 5.6 0.4 0:03.84
718 5.3 0.4 0:03.87
718 5.3 0.4 0:03.91
718 0.0 0.4 0:03.94
718 0.0 0.4 0:03.97
718 5.6 0.4 0:04.00
718 5.3 0.4 0:04.04
718 0.0 0.4 0:04.07
718 0.0 0.4 0:04.10
718 0.0 0.4 0:04.14
718 0.0 0.4 0:04.17
718 5.6 0.4 0:04.21
7188 27.8 0.2 0:00.05
718 5.0 0.4 0:04.29
718 0.0 0.4 0:04.32
718 0.0 0.4 0:04.35
718 0.0 0.4 0:04.38
718 5.3 0.4 0:04.42
718 5.0 0.4 0:04.46
718 5.3 0.4 0:04.50
718 0.0 0.4 0:04.53
718 4.8 0.4 0:04.57
718 0.0 0.4 0:04.61
718 0.0 0.4 0:04.64
718 0.0 0.4 0:04.68
KiB used, 264828 buff/cache
718 11.1 0.4 0:04.75
718 0.0 0.4 0:04.77
718 5.6 0.4 0:04.81
718 0.0 0.4 0:04.84
718 4.8 0.4 0:04.88
718 0.0 0.4 0:04.91
718 5.6 0.4 0:04.95
718 5.6 0.4 0:04.99
718 0.0 0.4 0:05.02
718 0.0 0.4 0:05.06
718 5.6 0.4 0:05.09
718 5.6 0.4 0:05.13
718 4.5 0.4 0:05.16
718 5.0 0.4 0:05.20
718 5.6 0.4 0:05.23
718 0.0 0.4 0:05.26
718 5.3 0.4 0:05.30
718 10.0 0.4 0:05.35
718 0.0 0.4 0:05.37
718 0.0 0.4 0:05.40
718 0.0 0.4 0:05.43
718 5.0 0.4 0:05.47
718 0.0 0.4 0:05.48
718 0.0 0.4 0:05.48
718 0.0 0.4 0:05.48
718 0.0 0.4 0:05.48
718 0.0 0.4 0:05.48
718 0.0 0.4 0:05.48
718 0.0 0.4 0:05.48
718 0.0 0.4 0:05.48
718 0.0 0.4 0:05.48
718 0.0 0.4 0:05.48
718 0.0 0.4 0:05.48
718 0.0 0.4 0:05.48
718 0.0 0.4 0:05.48
718 0.0 0.4 0:05.48
718 0.0 0.4 0:05.48
718 0.0 0.4 0:05.48
718 0.0 0.4 0:05.48
718 0.0 0.4 0:05.48
718 0.0 0.4 0:05.48
718 0.0 0.4 0:05.48
