719 0.0 0.4 0:35.44
719 0.0 0.4 0:35.46
719 0.0 0.4 0:35.48
719 0.0 0.4 0:35.50
719 0.0 0.4 0:35.52
719 5.3 0.4 0:35.55
719 0.0 0.4 0:35.57
719 5.3 0.4 0:35.59
719 0.0 0.4 0:35.60
719 0.0 0.4 0:35.62
719 5.3 0.4 0:35.65
719 0.0 0.4 0:35.67
719 5.6 0.4 0:35.70
719 0.0 0.4 0:35.72
719 0.0 0.4 0:35.74
719 5.9 0.4 0:35.77
719 5.3 0.4 0:35.79
719 0.0 0.4 0:35.80
719 0.0 0.4 0:35.82
719 5.9 0.4 0:35.85
719 5.9 0.4 0:35.87
719 5.0 0.4 0:35.89
719 0.0 0.4 0:35.90
719 0.0 0.4 0:35.92
719 0.0 0.4 0:35.94
719 0.0 0.4 0:35.96
719 0.0 0.4 0:35.98
719 0.0 0.4 0:36.00
719 0.0 0.4 0:36.02
719 0.0 0.4 0:36.04
719 0.0 0.4 0:36.06
719 0.0 0.4 0:36.08
719 0.0 0.4 0:36.11
719 0.0 0.4 0:36.12
719 5.6 0.4 0:36.15
719 5.9 0.4 0:36.17
719 5.6 0.4 0:36.19
719 0.0 0.4 0:36.21
7192 11.1 0.2 0:00.04
719 0.0 0.4 0:36.25
719 0.0 0.4 0:36.27
719 0.0 0.4 0:36.30
719 5.6 0.4 0:36.32
719 0.0 0.4 0:36.34
719 0.0 0.4 0:36.36
719 0.0 0.4 0:36.39
719 0.0 0.4 0:36.41
719 0.0 0.4 0:36.43
719 0.0 0.4 0:36.45
719 0.0 0.4 0:36.47
719 0.0 0.4 0:36.49
719 0.0 0.4 0:36.52
719 0.0 0.4 0:36.53
719 0.0 0.4 0:36.55
719 0.0 0.4 0:36.57
719 0.0 0.4 0:36.60
719 0.0 0.4 0:36.62
719 0.0 0.4 0:36.65
719 0.0 0.4 0:36.67
719 10.5 0.4 0:36.71
719 0.0 0.4 0:36.71
719 0.0 0.4 0:36.73
719 0.0 0.4 0:36.75
719 0.0 0.4 0:36.78
719 0.0 0.4 0:36.79
719 0.0 0.4 0:36.81
719 5.9 0.4 0:36.83
719 0.0 0.4 0:36.85
719 0.0 0.4 0:36.87
719 0.0 0.4 0:36.89
719 0.0 0.4 0:36.91
719 5.9 0.4 0:36.94
719 0.0 0.4 0:36.95
719 0.0 0.4 0:36.97
719 0.0 0.4 0:37.00
719 0.0 0.4 0:37.02
719 0.0 0.4 0:37.04
719 0.0 0.4 0:37.07
719 5.3 0.4 0:37.08
719 0.0 0.4 0:37.09
719 0.0 0.4 0:37.09
719 0.0 0.4 0:37.09
719 0.0 0.4 0:37.09
719 0.0 0.4 0:37.09
719 0.0 0.4 0:37.09
719 0.0 0.4 0:37.09
719 0.0 0.4 0:37.09
