719 5.6 0.4 0:22.95
719 0.0 0.4 0:22.97
719 5.6 0.4 0:23.00
719 0.0 0.4 0:23.02
719 0.0 0.4 0:23.05
719 5.6 0.4 0:23.07
719 0.0 0.4 0:23.08
719 0.0 0.4 0:23.10
719 0.0 0.4 0:23.12
719 5.3 0.4 0:23.15
719 5.3 0.4 0:23.17
719 5.6 0.4 0:23.19
10719 15.8 0.2 0:00.03
719 0.0 0.4 0:23.24
719 0.0 0.4 0:23.27
719 0.0 0.4 0:23.28
719 0.0 0.4 0:23.30
719 0.0 0.4 0:23.33
719 0.0 0.4 0:23.35
719 0.0 0.4 0:23.38
719 5.6 0.4 0:23.41
719 0.0 0.4 0:23.43
719 0.0 0.4 0:23.45
719 0.0 0.4 0:23.47
719 4.8 0.4 0:23.50
719 0.0 0.4 0:23.52
719 0.0 0.4 0:23.54
719 0.0 0.4 0:23.56
719 0.0 0.4 0:23.58
719 0.0 0.4 0:23.61
719 5.6 0.4 0:23.64
719 0.0 0.4 0:23.66
719 0.0 0.4 0:23.68
719 11.1 0.4 0:23.72
719 0.0 0.4 0:23.73
719 0.0 0.4 0:23.75
719 5.6 0.4 0:23.78
719 5.6 0.4 0:23.80
719 0.0 0.4 0:23.82
719 0.0 0.4 0:23.85
719 0.0 0.4 0:23.86
719 0.0 0.4 0:23.88
719 0.0 0.4 0:23.90
719 0.0 0.4 0:23.92
719 0.0 0.4 0:23.94
719 5.3 0.4 0:23.97
719 5.6 0.4 0:24.00
719 0.0 0.4 0:24.02
719 0.0 0.4 0:24.04
719 5.6 0.4 0:24.07
719 5.6 0.4 0:24.10
719 5.6 0.4 0:24.12
719 0.0 0.4 0:24.14
719 4.8 0.4 0:24.17
719 0.0 0.4 0:24.18
719 4.5 0.4 0:24.21
719 0.0 0.4 0:24.23
719 0.0 0.4 0:24.25
719 0.0 0.4 0:24.27
719 0.0 0.4 0:24.29
719 4.8 0.4 0:24.32
719 4.8 0.4 0:24.34
719 5.6 0.4 0:24.36
719 5.6 0.4 0:24.39
719 0.0 0.4 0:24.41
719 0.0 0.4 0:24.44
719 0.0 0.4 0:24.45
719 5.6 0.4 0:24.48
719 5.6 0.4 0:24.50
719 0.0 0.4 0:24.52
719 5.3 0.4 0:24.55
719 0.0 0.4 0:24.57
719 0.0 0.4 0:24.59
719 5.6 0.4 0:24.62
719 0.0 0.4 0:24.64
719 4.8 0.4 0:24.67
719 0.0 0.4 0:24.69
719 5.0 0.4 0:24.72
719 5.6 0.4 0:24.74
719 0.0 0.4 0:24.75
719 0.0 0.4 0:24.76
719 0.0 0.4 0:24.76
719 0.0 0.4 0:24.76
719 0.0 0.4 0:24.76
719 0.0 0.4 0:24.76
719 0.0 0.4 0:24.76
719 0.0 0.4 0:24.76
719 0.0 0.4 0:24.76
719 0.0 0.4 0:24.76
719 0.0 0.4 0:24.76
719 0.0 0.4 0:24.76
719 0.0 0.4 0:24.76
