719 6.8 0.4 0:00.05
719 3.1 0.4 0:00.08
719 6.4 0.4 0:00.11
719 5.2 0.4 0:00.11
719 4.7 0.4 0:00.10
719 6.2 0.4 0:00.11
719 4.9 0.4 0:00.14
719 3.7 0.4 0:00.06
719 6.3 0.4 0:00.17
719 1.6 0.4 0:00.18
719 5.6 0.4 0:00.22
719 5.9 0.4 0:00.27
719 0.0 0.4 0:00.31
719 5.3 0.4 0:00.35
719 11.1 0.4 0:00.39
719 0.0 0.4 0:00.42
719 4.5 0.4 0:00.46
719 4.8 0.4 0:00.50
719 0.0 0.4 0:00.53
719 0.0 0.4 0:00.56
719 5.6 0.4 0:00.60
719 0.0 0.4 0:00.63
719 4.3 0.4 0:00.66
719 5.6 0.4 0:00.69
719 5.6 0.4 0:00.72
719 0.0 0.4 0:00.74
719 5.6 0.4 0:00.78
719 0.0 0.4 0:00.81
719 5.6 0.4 0:00.84
719 5.0 0.4 0:00.87
719 0.0 0.4 0:00.90
719 5.6 0.4 0:00.94
719 5.3 0.4 0:00.97
719 5.6 0.4 0:01.01
719 0.0 0.4 0:01.03
719 5.6 0.4 0:01.06
719 5.0 0.4 0:01.09
719 0.0 0.4 0:01.11
719 0.0 0.4 0:01.14
719 0.0 0.4 0:01.16
719 0.0 0.4 0:01.19
719 0.0 0.4 0:01.22
719 4.3 0.4 0:01.25
719 4.8 0.4 0:01.28
719 5.6 0.4 0:01.31
719 5.6 0.4 0:01.34
719 0.0 0.4 0:01.36
719 0.0 0.4 0:01.40
719 5.6 0.4 0:01.43
719 5.0 0.4 0:01.46
719 5.9 0.4 0:01.49
719 5.6 0.4 0:01.52
719 4.8 0.4 0:01.56
719 5.6 0.4 0:01.59
719 0.0 0.4 0:01.61
719 0.0 0.4 0:01.65
719 5.6 0.4 0:01.68
719 0.0 0.4 0:01.70
719 5.6 0.4 0:01.74
719 4.8 0.4 0:01.77
719 5.6 0.4 0:01.80
719 0.0 0.4 0:01.83
719 10.5 0.4 0:01.88
719 0.0 0.4 0:01.90
719 5.6 0.4 0:01.94
719 5.6 0.4 0:01.97
719 0.0 0.4 0:02.00
719 0.0 0.4 0:02.03
719 0.0 0.4 0:02.06
719 4.8 0.4 0:02.10
719 5.3 0.4 0:02.13
719 5.6 0.4 0:02.16
719 0.0 0.4 0:02.19
719 0.0 0.4 0:02.21
719 5.3 0.4 0:02.25
719 0.0 0.4 0:02.28
719 0.0 0.4 0:02.32
719 5.6 0.4 0:02.35
719 0.0 0.4 0:02.37
719 5.6 0.4 0:02.41
719 5.0 0.4 0:02.45
719 0.0 0.4 0:02.47
719 0.0 0.4 0:02.49
719 0.0 0.4 0:02.49
719 0.0 0.4 0:02.49
719 0.0 0.4 0:02.49
719 0.0 0.4 0:02.49
719 0.0 0.4 0:02.49
719 0.0 0.4 0:02.49
719 0.0 0.4 0:02.49
719 0.0 0.4 0:02.49
719 0.0 0.4 0:02.49
719 0.0 0.4 0:02.49
719 0.0 0.4 0:02.49
719 0.0 0.4 0:02.49
719 0.0 0.4 0:02.49
719 0.0 0.4 0:02.49
719 0.0 0.4 0:02.49
719 0.0 0.4 0:02.49
