3448 21.1 0.1 4:31.17
3448 36.8 0.1 4:31.60
3448 35.0 0.1 4:32.04
3448 36.8 0.1 4:32.50
3448 30.0 0.1 4:32.95
3448 33.3 0.1 4:33.38
3448 35.0 0.1 4:33.84
3448 34.6 0.1 4:34.35
3448 39.1 0.1 4:34.86
3448 27.8 0.1 4:35.40
3448 42.1 0.1 4:35.81
3448 36.8 0.1 4:36.24
3448 30.0 0.1 4:36.69
3448 47.6 0.1 4:37.16
3448 35.0 0.1 4:37.62
3448 27.3 0.1 4:38.08
3448 38.9 0.1 4:38.53
3448 31.6 0.1 4:39.01
3448 31.6 0.1 4:39.44
3448 36.8 0.1 4:39.87
3448 44.4 0.1 4:40.34
3448 42.1 0.1 4:40.77
3448 47.4 0.1 4:41.20
3448 42.1 0.1 4:41.64
3448 35.0 0.1 4:42.11
3448 31.6 0.1 4:42.56
3448 0.0 0.1 4:42.89
3448 0.0 0.1 4:42.89
