716 0.0 0.1 0:00.00
716 0.0 0.1 0:00.00
716 0.0 0.1 0:00.00
716 0.0 0.1 0:00.00
716 0.0 0.1 0:00.00
716 0.0 0.1 0:00.00
716 0.0 0.1 0:00.00
716 0.0 0.1 0:00.00
716 0.0 0.1 0:00.00
716 0.0 0.1 0:00.00
716 0.0 0.1 0:00.00
KiB used, 492744 buff/cache
716 0.0 0.1 0:00.00
716 0.0 0.1 0:00.00
716 0.0 0.1 0:00.00
KiB used, 492792 buff/cache
716 0.0 0.1 0:00.00
716 0.0 0.1 0:00.00
716 0.0 0.1 0:00.00
716 0.0 0.1 0:00.00
716 0.0 0.1 0:00.00
716 0.0 0.1 0:00.00
716 0.0 0.1 0:00.00
716 0.0 0.1 0:00.00
716 0.0 0.1 0:00.00
716 0.0 0.1 0:00.00
716 0.0 0.1 0:00.00
716 0.0 0.1 0:00.00
716 0.0 0.1 0:00.00
716 0.0 0.1 0:00.00
716 0.0 0.1 0:00.00
716 0.0 0.1 0:00.00
716 0.0 0.1 0:00.00
716 0.0 0.1 0:00.00
716 0.0 0.1 0:00.00
716 0.0 0.1 0:00.00
716 0.0 0.1 0:00.00
716 0.0 0.1 0:00.00
716 0.0 0.1 0:00.00
716 0.0 0.1 0:00.00
716 0.0 0.1 0:00.00
716 0.0 0.1 0:00.00
716 0.0 0.1 0:00.00
KiB used, 493204 buff/cache
716 0.0 0.1 0:00.00
KiB used, 493232 buff/cache
716 0.0 0.1 0:00.00
716 0.0 0.1 0:00.00
716 0.0 0.1 0:00.00
716 0.0 0.1 0:00.00
716 0.0 0.1 0:00.00
KiB used, 493328 buff/cache
716 0.0 0.1 0:00.00
716 0.0 0.1 0:00.00
716 0.0 0.1 0:00.00
716 0.0 0.1 0:00.00
716 0.0 0.1 0:00.00
716 0.0 0.1 0:00.00
716 0.0 0.1 0:00.00
716 0.0 0.1 0:00.00
716 0.0 0.1 0:00.00
716 0.0 0.1 0:00.00
716 0.0 0.1 0:00.00
716 0.0 0.1 0:00.00
716 0.0 0.1 0:00.00
KiB used, 493528 buff/cache
716 0.0 0.1 0:00.00
716 0.0 0.1 0:00.00
716 0.0 0.1 0:00.00
716 0.0 0.1 0:00.00
716 0.0 0.1 0:00.00
716 0.0 0.1 0:00.00
716 0.0 0.1 0:00.00
716 0.0 0.1 0:00.00
716 0.0 0.1 0:00.00
716 0.0 0.1 0:00.00
716 0.0 0.1 0:00.00
716 0.0 0.1 0:00.00
KiB used, 493716 buff/cache
716 0.0 0.1 0:00.00
716 0.0 0.1 0:00.00
716 0.0 0.1 0:00.00
716 0.0 0.1 0:00.00
KiB used, 493744 buff/cache
716 0.0 0.1 0:00.00
716 0.0 0.1 0:00.00
716 0.0 0.1 0:00.00
716 0.0 0.1 0:00.00
