716 0.0 0.1 0:00.00
716 0.0 0.1 0:00.00
716 0.0 0.1 0:00.00
716 0.0 0.1 0:00.00
716 0.0 0.1 0:00.00
716 0.0 0.1 0:00.00
716 0.0 0.1 0:00.00
716 0.0 0.1 0:00.00
716 0.0 0.1 0:00.00
716 0.0 0.1 0:00.00
716 0.0 0.1 0:00.00
716 0.0 0.1 0:00.00
716 0.0 0.1 0:00.00
716 0.0 0.1 0:00.00
716 0.0 0.1 0:00.00
716 0.0 0.1 0:00.00
716 0.0 0.1 0:00.00
716 0.0 0.1 0:00.00
716 0.0 0.1 0:00.00
KiB used, 490244 buff/cache
716 0.0 0.1 0:00.00
716 0.0 0.1 0:00.00
716 0.0 0.1 0:00.00
716 0.0 0.1 0:00.00
716 0.0 0.1 0:00.00
716 0.0 0.1 0:00.00
716 0.0 0.1 0:00.00
716 0.0 0.1 0:00.00
716 0.0 0.1 0:00.00
716 0.0 0.1 0:00.00
716 0.0 0.1 0:00.00
716 0.0 0.1 0:00.00
716 0.0 0.1 0:00.00
716 0.0 0.1 0:00.00
716 0.0 0.1 0:00.00
716 0.0 0.1 0:00.00
716 0.0 0.1 0:00.00
716 0.0 0.1 0:00.00
716 0.0 0.1 0:00.00
716 0.0 0.1 0:00.00
716 0.0 0.1 0:00.00
716 0.0 0.1 0:00.00
716 0.0 0.1 0:00.00
716 0.0 0.1 0:00.00
716 0.0 0.1 0:00.00
716 0.0 0.1 0:00.00
716 0.0 0.1 0:00.00
716 0.0 0.1 0:00.00
716 0.0 0.1 0:00.00
716 0.0 0.1 0:00.00
716 0.0 0.1 0:00.00
716 0.0 0.1 0:00.00
716 0.0 0.1 0:00.00
716 0.0 0.1 0:00.00
716 0.0 0.1 0:00.00
716 0.0 0.1 0:00.00
716 0.0 0.1 0:00.00
716 0.0 0.1 0:00.00
716 0.0 0.1 0:00.00
KiB used, 490844 buff/cache
KiB used, 490856 buff/cache
716 0.0 0.1 0:00.00
716 0.0 0.1 0:00.00
716 0.0 0.1 0:00.00
716 0.0 0.1 0:00.00
716 0.0 0.1 0:00.00
716 0.0 0.1 0:00.00
716 0.0 0.1 0:00.00
716 0.0 0.1 0:00.00
716 0.0 0.1 0:00.00
716 0.0 0.1 0:00.00
716 0.0 0.1 0:00.00
716 0.0 0.1 0:00.00
716 0.0 0.1 0:00.00
716 0.0 0.1 0:00.00
716 0.0 0.1 0:00.00
716 0.0 0.1 0:00.00
716 0.0 0.1 0:00.00
716 0.0 0.1 0:00.00
KiB used, 491140 buff/cache
716 0.0 0.1 0:00.00
716 0.0 0.1 0:00.00
716 0.0 0.1 0:00.00
716 0.0 0.1 0:00.00
716 0.0 0.1 0:00.00
716 0.0 0.1 0:00.00
