717 0.0 0.4 0:37.88
717 5.6 0.4 0:37.90
717 0.0 0.4 0:37.91
717 0.0 0.4 0:37.93
717 0.0 0.4 0:37.95
717 5.6 0.4 0:37.97
717 10.5 0.4 0:38.00
717 0.0 0.4 0:38.00
717 0.0 0.4 0:38.03
717 0.0 0.4 0:38.04
717 0.0 0.4 0:38.06
717 0.0 0.4 0:38.08
717 0.0 0.4 0:38.10
717 0.0 0.4 0:38.11
717 0.0 0.4 0:38.13
717 0.0 0.4 0:38.14
717 5.6 0.4 0:38.16
717 5.3 0.4 0:38.18
717 0.0 0.4 0:38.19
717 0.0 0.4 0:38.21
717 0.0 0.4 0:38.23
717 0.0 0.4 0:38.25
717 5.3 0.4 0:38.27
717 0.0 0.4 0:38.28
717 0.0 0.4 0:38.30
717 0.0 0.4 0:38.32
717 0.0 0.4 0:38.33
717 0.0 0.4 0:38.35
717 0.0 0.4 0:38.37
717 0.0 0.4 0:38.38
717 5.3 0.4 0:38.41
717 0.0 0.4 0:38.43
717 0.0 0.4 0:38.44
717 0.0 0.4 0:38.46
717 5.6 0.4 0:38.48
717 5.6 0.4 0:38.50
717 0.0 0.4 0:38.51
717 5.6 0.4 0:38.54
717 0.0 0.4 0:38.56
717 0.0 0.4 0:38.58
717 5.6 0.4 0:38.60
717 0.0 0.4 0:38.61
717 0.0 0.4 0:38.63
717 0.0 0.4 0:38.65
717 5.3 0.4 0:38.67
717 0.0 0.4 0:38.68
717 0.0 0.4 0:38.70
717 5.6 0.4 0:38.72
717 0.0 0.4 0:38.73
717 5.6 0.4 0:38.75
717 0.0 0.4 0:38.76
717 5.6 0.4 0:38.79
717 0.0 0.4 0:38.80
717 0.0 0.4 0:38.82
717 5.6 0.4 0:38.84
717 0.0 0.4 0:38.85
717 0.0 0.4 0:38.87
717 0.0 0.4 0:38.88
717 0.0 0.4 0:38.90
717 5.6 0.4 0:38.92
717 0.0 0.4 0:38.94
717 5.3 0.4 0:38.96
717 0.0 0.4 0:38.97
717 0.0 0.4 0:38.99
717 0.0 0.4 0:39.01
717 0.0 0.4 0:39.03
717 0.0 0.4 0:39.04
717 0.0 0.4 0:39.06
717 5.6 0.4 0:39.08
717 0.0 0.4 0:39.09
717 0.0 0.4 0:39.11
717 0.0 0.4 0:39.13
717 0.0 0.4 0:39.14
717 0.0 0.4 0:39.16
717 0.0 0.4 0:39.17
717 0.0 0.4 0:39.19
717 0.0 0.4 0:39.21
717 0.0 0.4 0:39.23
717 5.0 0.4 0:39.25
717 0.0 0.4 0:39.26
717 0.0 0.4 0:39.26
717 0.0 0.4 0:39.26
717 0.0 0.4 0:39.26
717 0.0 0.4 0:39.26
717 0.0 0.4 0:39.26
717 0.0 0.4 0:39.26
717 0.0 0.4 0:39.26
717 0.0 0.4 0:39.26
717 0.0 0.4 0:39.26
717 0.0 0.4 0:39.26
717 0.0 0.4 0:39.26
717 0.0 0.4 0:39.26
717 0.0 0.4 0:39.26
717 0.0 0.4 0:39.26
717 0.0 0.4 0:39.26
