717 0.0 0.4 0:31.72
717 0.0 0.4 0:31.74
717 0.0 0.4 0:31.76
717 5.6 0.4 0:31.78
717 0.0 0.4 0:31.79
717 5.0 0.4 0:31.82
717 0.0 0.4 0:31.84
717 5.6 0.4 0:31.86
717 5.6 0.4 0:31.88
717 5.3 0.4 0:31.90
717 0.0 0.4 0:31.92
717 0.0 0.4 0:31.94
717 5.6 0.4 0:31.97
717 0.0 0.4 0:31.99
717 0.0 0.4 0:32.00
717 5.6 0.4 0:32.03
717 0.0 0.4 0:32.04
717 5.6 0.4 0:32.07
717 0.0 0.4 0:32.08
717 5.6 0.4 0:32.11
717 0.0 0.4 0:32.13
717 0.0 0.4 0:32.15
717 5.6 0.4 0:32.17
717 0.0 0.4 0:32.18
717 0.0 0.4 0:32.20
717 0.0 0.4 0:32.22
717 5.0 0.4 0:32.24
717 0.0 0.4 0:32.26
717 0.0 0.4 0:32.28
717 0.0 0.4 0:32.30
717 5.6 0.4 0:32.33
717 5.6 0.4 0:32.35
717 10.5 0.4 0:32.38
717 0.0 0.4 0:32.38
717 5.3 0.4 0:32.40
717 0.0 0.4 0:32.42
717 5.6 0.4 0:32.44
717 0.0 0.4 0:32.45
717 0.0 0.4 0:32.47
717 5.6 0.4 0:32.49
717 0.0 0.4 0:32.50
717 0.0 0.4 0:32.52
717 0.0 0.4 0:32.54
717 0.0 0.4 0:32.55
717 0.0 0.4 0:32.57
717 0.0 0.4 0:32.60
717 0.0 0.4 0:32.61
717 0.0 0.4 0:32.63
717 0.0 0.4 0:32.65
717 0.0 0.4 0:32.67
717 5.6 0.4 0:32.69
717 0.0 0.4 0:32.71
717 0.0 0.4 0:32.73
717 0.0 0.4 0:32.75
717 0.0 0.4 0:32.77
717 0.0 0.4 0:32.79
717 0.0 0.4 0:32.81
717 0.0 0.4 0:32.83
717 5.3 0.4 0:32.85
717 0.0 0.4 0:32.86
717 0.0 0.4 0:32.88
717 5.0 0.4 0:32.90
717 0.0 0.4 0:32.92
717 0.0 0.4 0:32.93
717 5.6 0.4 0:32.96
717 0.0 0.4 0:32.97
717 5.6 0.4 0:32.99
717 0.0 0.4 0:33.01
717 0.0 0.4 0:33.03
717 0.0 0.4 0:33.05
717 0.0 0.4 0:33.07
717 0.0 0.4 0:33.09
717 0.0 0.4 0:33.10
717 5.0 0.4 0:33.13
717 0.0 0.4 0:33.15
717 5.6 0.4 0:33.17
717 5.6 0.4 0:33.19
717 0.0 0.4 0:33.21
717 0.0 0.4 0:33.23
717 5.3 0.4 0:33.25
717 0.0 0.4 0:33.25
717 0.0 0.4 0:33.25
717 0.0 0.4 0:33.25
717 0.0 0.4 0:33.25
717 0.0 0.4 0:33.25
717 0.0 0.4 0:33.25
