717 5.6 0.4 0:09.57
717 5.3 0.4 0:09.60
717 0.0 0.4 0:09.62
717 5.3 0.4 0:09.66
717 0.0 0.4 0:09.68
717 0.0 0.4 0:09.71
717 0.0 0.4 0:09.74
717 5.3 0.4 0:09.78
717 5.6 0.4 0:09.81
717 5.6 0.4 0:09.83
717 0.0 0.4 0:09.85
717 5.6 0.4 0:09.88
717 5.0 0.4 0:09.92
717 5.6 0.4 0:09.95
717 5.6 0.4 0:09.98
717 0.0 0.4 0:10.00
717 5.6 0.4 0:10.04
717 0.0 0.4 0:10.07
717 0.0 0.4 0:10.10
717 5.3 0.4 0:10.13
717 0.0 0.4 0:10.16
717 0.0 0.4 0:10.20
717 0.0 0.4 0:10.23
717 0.0 0.4 0:10.26
717 5.3 0.4 0:10.29
717 5.6 0.4 0:10.32
717 0.0 0.4 0:10.34
717 0.0 0.4 0:10.37
717 0.0 0.4 0:10.40
717 5.6 0.4 0:10.43
717 0.0 0.4 0:10.45
717 0.0 0.4 0:10.48
717 0.0 0.4 0:10.50
717 5.6 0.4 0:10.53
717 0.0 0.4 0:10.56
717 0.0 0.4 0:10.59
KiB used, 471716 buff/cache
KiB used, 471756 buff/cache
KiB used, 471772 buff/cache
KiB used, 471796 buff/cache
717 5.0 0.4 0:10.73
717 5.3 0.4 0:10.76
717 0.0 0.4 0:10.80
717 5.6 0.4 0:10.83
717 0.0 0.4 0:10.85
717 0.0 0.4 0:10.88
717 0.0 0.4 0:10.91
717 5.6 0.4 0:10.94
717 5.3 0.4 0:10.97
717 0.0 0.4 0:11.00
717 5.6 0.4 0:11.03
717 0.0 0.4 0:11.05
717 0.0 0.4 0:11.08
717 0.0 0.4 0:11.12
717 5.6 0.4 0:11.16
717 5.3 0.4 0:11.20
717 0.0 0.4 0:11.22
717 0.0 0.4 0:11.25
717 5.6 0.4 0:11.29
717 0.0 0.4 0:11.31
717 0.0 0.4 0:11.34
717 0.0 0.4 0:11.36
717 5.3 0.4 0:11.39
717 5.0 0.4 0:11.42
717 0.0 0.4 0:11.45
717 0.0 0.4 0:11.48
717 0.0 0.4 0:11.51
717 0.0 0.4 0:11.54
717 5.6 0.4 0:11.56
717 0.0 0.4 0:11.59
717 0.0 0.4 0:11.62
717 0.0 0.4 0:11.65
717 0.0 0.4 0:11.68
717 0.0 0.4 0:11.70
717 0.0 0.4 0:11.73
717 5.6 0.4 0:11.76
717 0.0 0.4 0:11.79
717 5.3 0.4 0:11.82
717 0.0 0.4 0:11.85
717 0.0 0.4 0:11.86
717 0.0 0.4 0:11.87
717 0.0 0.4 0:11.87
717 0.0 0.4 0:11.87
717 0.0 0.4 0:11.87
717 0.0 0.4 0:11.87
717 0.0 0.4 0:11.87
717 0.0 0.4 0:11.87
717 0.0 0.4 0:11.87
717 0.0 0.4 0:11.87
717 0.0 0.4 0:11.87
717 0.0 0.4 0:11.87
717 0.0 0.4 0:11.87
717 0.0 0.4 0:11.87
717 0.0 0.4 0:11.87
717 0.0 0.4 0:11.87
717 0.0 0.4 0:11.87
717 0.0 0.4 0:11.87
717 0.0 0.4 0:11.87
