717 0.0 0.4 0:21.56
717 0.0 0.4 0:21.59
717 0.0 0.4 0:21.61
717 0.0 0.4 0:21.63
717 0.0 0.4 0:21.65
717 5.6 0.4 0:21.68
717 0.0 0.4 0:21.69
717 0.0 0.4 0:21.72
717 0.0 0.4 0:21.74
717 5.6 0.4 0:21.78
717 0.0 0.4 0:21.80
717 0.0 0.4 0:21.82
717 5.6 0.4 0:21.85
717 0.0 0.4 0:21.87
717 0.0 0.4 0:21.89
717 5.3 0.4 0:21.92
717 5.6 0.4 0:21.94
717 0.0 0.4 0:21.95
717 0.0 0.4 0:21.97
717 5.3 0.4 0:22.00
717 0.0 0.4 0:22.02
717 0.0 0.4 0:22.04
717 5.0 0.4 0:22.07
717 5.0 0.4 0:22.09
717 0.0 0.4 0:22.11
717 0.0 0.4 0:22.13
717 5.6 0.4 0:22.16
717 5.6 0.4 0:22.18
717 0.0 0.4 0:22.20
717 5.6 0.4 0:22.22
717 0.0 0.4 0:22.23
717 0.0 0.4 0:22.25
717 0.0 0.4 0:22.27
717 5.3 0.4 0:22.30
717 0.0 0.4 0:22.32
717 0.0 0.4 0:22.35
717 0.0 0.4 0:22.36
717 0.0 0.4 0:22.38
717 0.0 0.4 0:22.40
717 5.3 0.4 0:22.43
717 5.3 0.4 0:22.45
717 5.6 0.4 0:22.47
717 0.0 0.4 0:22.49
717 5.3 0.4 0:22.51
717 5.6 0.4 0:22.53
717 11.1 0.4 0:22.56
717 0.0 0.4 0:22.57
717 5.3 0.4 0:22.60
717 0.0 0.4 0:22.62
717 5.6 0.4 0:22.64
717 5.6 0.4 0:22.66
717 0.0 0.4 0:22.68
717 0.0 0.4 0:22.70
717 0.0 0.4 0:22.72
717 5.0 0.4 0:22.75
717 0.0 0.4 0:22.77
717 0.0 0.4 0:22.79
717 5.6 0.4 0:22.82
717 0.0 0.4 0:22.83
717 0.0 0.4 0:22.85
717 0.0 0.4 0:22.87
717 5.6 0.4 0:22.90
717 0.0 0.4 0:22.92
717 0.0 0.4 0:22.95
717 0.0 0.4 0:22.96
717 0.0 0.4 0:22.98
717 5.9 0.4 0:23.01
717 5.6 0.4 0:23.03
717 0.0 0.4 0:23.04
717 0.0 0.4 0:23.07
717 5.6 0.4 0:23.09
717 0.0 0.4 0:23.11
717 5.6 0.4 0:23.13
717 0.0 0.4 0:23.16
717 5.6 0.4 0:23.18
717 0.0 0.4 0:23.20
717 0.0 0.4 0:23.22
717 0.0 0.4 0:23.24
717 0.0 0.4 0:23.26
717 0.0 0.4 0:23.28
717 0.0 0.4 0:23.28
717 0.0 0.4 0:23.28
717 0.0 0.4 0:23.28
717 0.0 0.4 0:23.28
717 0.0 0.4 0:23.28
717 0.0 0.4 0:23.28
717 0.0 0.4 0:23.28
717 0.0 0.4 0:23.28
717 0.0 0.4 0:23.28
717 0.0 0.4 0:23.28
717 0.0 0.4 0:23.28
