718 11.1 0.4 0:45.89
718 0.0 0.4 0:45.89
718 0.0 0.4 0:45.90
718 0.0 0.4 0:45.92
718 0.0 0.4 0:45.94
718 0.0 0.4 0:45.97
718 5.6 0.4 0:45.99
718 0.0 0.4 0:46.00
718 0.0 0.4 0:46.02
718 0.0 0.4 0:46.04
718 0.0 0.4 0:46.06
718 0.0 0.4 0:46.09
718 0.0 0.4 0:46.12
718 0.0 0.4 0:46.14
718 5.3 0.4 0:46.15
718 0.0 0.4 0:46.17
718 0.0 0.4 0:46.19
718 5.3 0.4 0:46.21
718 0.0 0.4 0:46.23
718 5.6 0.4 0:46.25
718 5.6 0.4 0:46.27
718 0.0 0.4 0:46.28
718 0.0 0.4 0:46.30
718 4.8 0.4 0:46.33
718 0.0 0.4 0:46.34
718 0.0 0.4 0:46.36
718 5.3 0.4 0:46.38
718 0.0 0.4 0:46.40
718 0.0 0.4 0:46.41
718 0.0 0.4 0:46.43
718 0.0 0.4 0:46.45
718 0.0 0.4 0:46.46
718 0.0 0.4 0:46.48
718 0.0 0.4 0:46.50
718 0.0 0.4 0:46.53
718 10.5 0.4 0:46.55
718 0.0 0.4 0:46.55
718 0.0 0.4 0:46.57
718 0.0 0.4 0:46.59
718 10.0 0.4 0:46.62
718 0.0 0.4 0:46.63
718 0.0 0.4 0:46.65
718 0.0 0.4 0:46.67
718 0.0 0.4 0:46.69
718 0.0 0.4 0:46.71
718 0.0 0.4 0:46.73
718 5.6 0.4 0:46.75
KiB used, 501932 buff/cache
718 0.0 0.4 0:46.78
718 5.3 0.4 0:46.81
718 0.0 0.4 0:46.82
718 10.0 0.4 0:46.85
718 0.0 0.4 0:46.85
718 0.0 0.4 0:46.88
718 0.0 0.4 0:46.90
718 5.3 0.4 0:46.91
718 0.0 0.4 0:46.93
718 0.0 0.4 0:46.95
718 5.0 0.4 0:46.97
718 0.0 0.4 0:46.99
718 0.0 0.4 0:47.01
718 0.0 0.4 0:47.03
718 0.0 0.4 0:47.04
718 0.0 0.4 0:47.06
718 0.0 0.4 0:47.08
718 0.0 0.4 0:47.11
718 0.0 0.4 0:47.12
718 0.0 0.4 0:47.13
718 0.0 0.4 0:47.15
718 0.0 0.4 0:47.17
718 5.0 0.4 0:47.20
718 5.3 0.4 0:47.22
718 0.0 0.4 0:47.24
718 5.3 0.4 0:47.25
718 5.6 0.4 0:47.27
718 0.0 0.4 0:47.28
718 5.3 0.4 0:47.31
718 5.6 0.4 0:47.33
718 0.0 0.4 0:47.35
718 5.3 0.4 0:47.37
718 0.0 0.4 0:47.37
718 0.0 0.4 0:47.37
718 0.0 0.4 0:47.37
718 0.0 0.4 0:47.37
718 0.0 0.4 0:47.37
718 0.0 0.4 0:47.37
718 0.0 0.4 0:47.37
