718 0.0 0.4 0:22.59
718 5.0 0.4 0:22.62
718 5.3 0.4 0:22.65
718 0.0 0.4 0:22.67
718 0.0 0.4 0:22.69
718 0.0 0.4 0:22.71
718 5.6 0.4 0:22.74
718 11.1 0.4 0:22.77
718 5.3 0.4 0:22.78
718 0.0 0.4 0:22.80
718 0.0 0.4 0:22.82
718 0.0 0.4 0:22.84
718 5.3 0.4 0:22.87
718 0.0 0.4 0:22.89
718 0.0 0.4 0:22.91
718 0.0 0.4 0:22.93
718 5.6 0.4 0:22.96
718 0.0 0.4 0:22.98
718 0.0 0.4 0:23.01
718 0.0 0.4 0:23.03
718 0.0 0.4 0:23.05
718 5.6 0.4 0:23.07
718 0.0 0.4 0:23.09
718 0.0 0.4 0:23.12
718 0.0 0.4 0:23.14
718 0.0 0.4 0:23.17
718 0.0 0.4 0:23.19
718 0.0 0.4 0:23.21
718 5.6 0.4 0:23.24
718 0.0 0.4 0:23.26
718 0.0 0.4 0:23.28
718 0.0 0.4 0:23.30
718 0.0 0.4 0:23.32
718 0.0 0.4 0:23.35
718 0.0 0.4 0:23.37
718 0.0 0.4 0:23.40
718 5.6 0.4 0:23.42
718 0.0 0.4 0:23.44
718 0.0 0.4 0:23.46
718 5.6 0.4 0:23.48
718 5.3 0.4 0:23.50
718 0.0 0.4 0:23.52
718 0.0 0.4 0:23.54
718 5.6 0.4 0:23.57
718 5.0 0.4 0:23.60
718 0.0 0.4 0:23.62
718 0.0 0.4 0:23.64
718 0.0 0.4 0:23.67
718 0.0 0.4 0:23.69
718 5.3 0.4 0:23.72
718 5.3 0.4 0:23.75
718 0.0 0.4 0:23.77
718 5.3 0.4 0:23.80
718 5.0 0.4 0:23.82
718 0.0 0.4 0:23.84
718 5.6 0.4 0:23.87
718 0.0 0.4 0:23.89
718 5.6 0.4 0:23.92
718 0.0 0.4 0:23.94
718 0.0 0.4 0:23.96
718 0.0 0.4 0:23.99
718 0.0 0.4 0:24.01
718 5.6 0.4 0:24.04
718 5.9 0.4 0:24.06
718 5.3 0.4 0:24.08
718 0.0 0.4 0:24.10
718 5.6 0.4 0:24.13
718 5.9 0.4 0:24.15
718 0.0 0.4 0:24.17
718 0.0 0.4 0:24.19
718 0.0 0.4 0:24.21
718 0.0 0.4 0:24.23
718 5.6 0.4 0:24.27
718 0.0 0.4 0:24.29
718 5.6 0.4 0:24.32
718 5.3 0.4 0:24.34
718 5.3 0.4 0:24.37
718 0.0 0.4 0:24.39
718 5.6 0.4 0:24.42
718 0.0 0.4 0:24.43
718 0.0 0.4 0:24.44
718 0.0 0.4 0:24.44
718 0.0 0.4 0:24.44
718 0.0 0.4 0:24.44
718 0.0 0.4 0:24.44
718 0.0 0.4 0:24.44
718 0.0 0.4 0:24.44
718 0.0 0.4 0:24.44
718 0.0 0.4 0:24.44
718 0.0 0.4 0:24.44
718 0.0 0.4 0:24.44
