718 5.6 0.4 0:41.38
718 0.0 0.4 0:41.39
718 0.0 0.4 0:41.41
718 0.0 0.4 0:41.43
718 0.0 0.4 0:41.45
718 0.0 0.4 0:41.47
718 5.6 0.4 0:41.49
718 5.6 0.4 0:41.51
718 0.0 0.4 0:41.52
718 0.0 0.4 0:41.54
718 5.3 0.4 0:41.56
718 0.0 0.4 0:41.58
718 0.0 0.4 0:41.60
718 0.0 0.4 0:41.62
718 5.0 0.4 0:41.64
718 0.0 0.4 0:41.67
718 0.0 0.4 0:41.68
718 0.0 0.4 0:41.70
718 5.3 0.4 0:41.72
718 5.6 0.4 0:41.74
718 0.0 0.4 0:41.76
718 0.0 0.4 0:41.77
718 0.0 0.4 0:41.78
718 0.0 0.4 0:41.80
718 0.0 0.4 0:41.82
718 5.3 0.4 0:41.85
718 5.6 0.4 0:41.87
718 5.6 0.4 0:41.89
718 0.0 0.4 0:41.90
718 0.0 0.4 0:41.92
718 0.0 0.4 0:41.94
718 5.3 0.4 0:41.96
718 0.0 0.4 0:41.97
718 5.3 0.4 0:41.99
718 0.0 0.4 0:42.00
718 0.0 0.4 0:42.02
718 0.0 0.4 0:42.05
718 0.0 0.4 0:42.07
718 0.0 0.4 0:42.09
718 5.3 0.4 0:42.11
718 0.0 0.4 0:42.13
718 0.0 0.4 0:42.14
718 0.0 0.4 0:42.15
718 5.3 0.4 0:42.18
718 5.6 0.4 0:42.20
718 5.6 0.4 0:42.22
718 0.0 0.4 0:42.23
718 5.6 0.4 0:42.26
718 0.0 0.4 0:42.28
718 0.0 0.4 0:42.30
KiB used, 497856 buff/cache
718 5.3 0.4 0:42.34
718 0.0 0.4 0:42.35
718 0.0 0.4 0:42.37
718 5.3 0.4 0:42.39
718 11.1 0.4 0:42.42
718 5.6 0.4 0:42.43
718 0.0 0.4 0:42.45
718 5.6 0.4 0:42.47
718 0.0 0.4 0:42.48
718 0.0 0.4 0:42.50
718 0.0 0.4 0:42.53
718 11.1 0.4 0:42.55
718 11.1 0.4 0:42.57
718 0.0 0.4 0:42.57
718 0.0 0.4 0:42.59
718 0.0 0.4 0:42.61
718 0.0 0.4 0:42.64
718 0.0 0.4 0:42.66
718 0.0 0.4 0:42.67
718 5.3 0.4 0:42.69
718 5.3 0.4 0:42.71
718 0.0 0.4 0:42.72
KiB used, 498152 buff/cache
718 5.6 0.4 0:42.77
718 0.0 0.4 0:42.78
718 0.0 0.4 0:42.80
718 5.3 0.4 0:42.82
718 0.0 0.4 0:42.84
718 0.0 0.4 0:42.86
718 0.0 0.4 0:42.86
718 0.0 0.4 0:42.86
718 0.0 0.4 0:42.86
718 0.0 0.4 0:42.86
718 0.0 0.4 0:42.86
718 0.0 0.4 0:42.86
