719 0.0 0.4 0:49.42
719 0.0 0.4 0:49.45
719 5.0 0.4 0:49.47
719 5.3 0.4 0:49.49
719 0.0 0.4 0:49.50
719 5.3 0.4 0:49.53
719 0.0 0.4 0:49.54
719 0.0 0.4 0:49.56
719 0.0 0.4 0:49.58
719 0.0 0.4 0:49.60
719 0.0 0.4 0:49.62
719 4.8 0.4 0:49.65
719 0.0 0.4 0:49.66
719 5.6 0.4 0:49.69
719 0.0 0.4 0:49.71
719 0.0 0.4 0:49.74
719 0.0 0.4 0:49.76
719 0.0 0.4 0:49.78
719 0.0 0.4 0:49.80
719 0.0 0.4 0:49.82
719 0.0 0.4 0:49.84
719 5.3 0.4 0:49.87
719 5.6 0.4 0:49.89
719 0.0 0.4 0:49.91
719 0.0 0.4 0:49.93
719 0.0 0.4 0:49.95
719 0.0 0.4 0:49.98
719 0.0 0.4 0:50.00
719 0.0 0.4 0:50.02
719 0.0 0.4 0:50.04
719 5.3 0.4 0:50.07
719 5.0 0.4 0:50.09
719 5.6 0.4 0:50.11
719 5.0 0.4 0:50.13
719 0.0 0.4 0:50.15
719 5.6 0.4 0:50.18
719 0.0 0.4 0:50.20
719 0.0 0.4 0:50.23
719 5.6 0.4 0:50.25
719 0.0 0.4 0:50.26
719 0.0 0.4 0:50.28
719 0.0 0.4 0:50.30
719 0.0 0.4 0:50.32
719 5.3 0.4 0:50.34
719 0.0 0.4 0:50.36
719 5.6 0.4 0:50.39
719 0.0 0.4 0:50.41
719 0.0 0.4 0:50.43
719 0.0 0.4 0:50.45
719 0.0 0.4 0:50.48
719 0.0 0.4 0:50.50
719 0.0 0.4 0:50.52
719 0.0 0.4 0:50.54
719 5.6 0.4 0:50.56
719 0.0 0.4 0:50.59
719 0.0 0.4 0:50.61
719 5.6 0.4 0:50.64
719 0.0 0.4 0:50.66
719 5.3 0.4 0:50.69
719 0.0 0.4 0:50.71
719 0.0 0.4 0:50.73
719 4.8 0.4 0:50.76
719 5.6 0.4 0:50.78
719 0.0 0.4 0:50.80
719 5.6 0.4 0:50.82
27194 15.8 0.2 0:00.03
719 0.0 0.4 0:50.85
719 0.0 0.4 0:50.87
KiB used, 499448 buff/cache
719 0.0 0.4 0:50.91
719 0.0 0.4 0:50.93
719 0.0 0.4 0:50.95
719 5.0 0.4 0:50.97
719 5.6 0.4 0:50.99
719 0.0 0.4 0:51.01
719 0.0 0.4 0:51.03
719 5.6 0.4 0:51.06
719 5.3 0.4 0:51.08
27719 21.1 0.2 0:00.04
719 5.3 0.4 0:51.12
719 0.0 0.4 0:51.12
719 0.0 0.4 0:51.12
719 0.0 0.4 0:51.12
719 0.0 0.4 0:51.12
719 0.0 0.4 0:51.12
719 0.0 0.4 0:51.12
719 0.0 0.4 0:51.12
719 0.0 0.4 0:51.12
719 0.0 0.4 0:51.12
719 0.0 0.4 0:51.12
719 0.0 0.4 0:51.12
719 0.0 0.4 0:51.12
719 0.0 0.4 0:51.12
719 0.0 0.4 0:51.12
719 0.0 0.4 0:51.12
719 0.0 0.4 0:51.12
719 0.0 0.4 0:51.12
719 0.0 0.4 0:51.12
719 0.0 0.4 0:51.12
719 0.0 0.4 0:51.12
