719 0.0 0.4 0:34.41
719 0.0 0.4 0:34.44
719 5.3 0.4 0:34.47
719 0.0 0.4 0:34.49
719 0.0 0.4 0:34.51
719 5.6 0.4 0:34.54
719 5.6 0.4 0:34.57
719 0.0 0.4 0:34.59
719 0.0 0.4 0:34.62
719 0.0 0.4 0:34.64
719 0.0 0.4 0:34.67
719 0.0 0.4 0:34.69
719 0.0 0.4 0:34.72
719 5.6 0.4 0:34.75
719 0.0 0.4 0:34.77
719 5.3 0.4 0:34.80
719 0.0 0.4 0:34.82
719 5.6 0.4 0:34.86
719 0.0 0.4 0:34.88
719 5.6 0.4 0:34.91
719 0.0 0.4 0:34.93
719 5.3 0.4 0:34.96
719 5.6 0.4 0:34.99
719 0.0 0.4 0:35.01
719 0.0 0.4 0:35.04
719 5.3 0.4 0:35.07
719 0.0 0.4 0:35.09
719 0.0 0.4 0:35.13
719 4.8 0.4 0:35.16
719 0.0 0.4 0:35.18
719 5.0 0.4 0:35.21
719 5.3 0.4 0:35.24
719 5.0 0.4 0:35.26
719 0.0 0.4 0:35.28
719 0.0 0.4 0:35.31
719 0.0 0.4 0:35.33
719 0.0 0.4 0:35.36
719 0.0 0.4 0:35.39
719 5.0 0.4 0:35.42
719 5.6 0.4 0:35.45
719 0.0 0.4 0:35.47
719 5.6 0.4 0:35.50
719 0.0 0.4 0:35.52
719 0.0 0.4 0:35.55
719 0.0 0.4 0:35.58
719 0.0 0.4 0:35.61
719 5.3 0.4 0:35.64
719 5.0 0.4 0:35.67
719 0.0 0.4 0:35.69
719 0.0 0.4 0:35.72
719 0.0 0.4 0:35.75
719 5.6 0.4 0:35.78
719 4.8 0.4 0:35.81
719 0.0 0.4 0:35.83
719 0.0 0.4 0:35.86
719 5.3 0.4 0:35.89
719 0.0 0.4 0:35.91
719 5.6 0.4 0:35.94
719 0.0 0.4 0:35.96
719 0.0 0.4 0:35.99
719 0.0 0.4 0:36.01
719 0.0 0.4 0:36.04
719 0.0 0.4 0:36.07
719 0.0 0.4 0:36.09
719 0.0 0.4 0:36.12
719 5.9 0.4 0:36.15
719 0.0 0.4 0:36.17
719 0.0 0.4 0:36.19
719 5.3 0.4 0:36.22
719 0.0 0.4 0:36.24
719 5.6 0.4 0:36.27
719 5.3 0.4 0:36.31
719 5.0 0.4 0:36.33
719 5.6 0.4 0:36.37
719 5.6 0.4 0:36.40
719 5.3 0.4 0:36.42
719 5.6 0.4 0:36.45
719 5.0 0.4 0:36.48
719 5.6 0.4 0:36.51
719 0.0 0.4 0:36.53
719 0.0 0.4 0:36.53
719 0.0 0.4 0:36.53
719 0.0 0.4 0:36.53
719 0.0 0.4 0:36.53
719 0.0 0.4 0:36.53
719 0.0 0.4 0:36.53
719 0.0 0.4 0:36.53
719 0.0 0.4 0:36.53
719 0.0 0.4 0:36.53
719 0.0 0.4 0:36.53
719 0.0 0.4 0:36.53
719 0.0 0.4 0:36.53
719 0.0 0.4 0:36.53
719 0.0 0.4 0:36.53
719 0.0 0.4 0:36.53
719 0.0 0.4 0:36.53
