719 4.2 0.4 0:08.78
719 0.0 0.4 0:08.81
719 5.3 0.4 0:08.85
719 5.0 0.4 0:08.89
719 0.0 0.4 0:08.92
719 5.6 0.4 0:08.96
719 5.6 0.4 0:08.99
719 0.0 0.4 0:09.02
719 5.6 0.4 0:09.06
719 5.6 0.4 0:09.11
719 0.0 0.4 0:09.15
719 0.0 0.4 0:09.18
719 5.0 0.4 0:09.22
719 5.3 0.4 0:09.25
719 0.0 0.4 0:09.30
719 0.0 0.4 0:09.33
719 0.0 0.4 0:09.36
719 0.0 0.4 0:09.39
719 5.0 0.4 0:09.43
719 0.0 0.4 0:09.47
719 4.8 0.4 0:09.51
719 5.6 0.4 0:09.55
719 5.6 0.4 0:09.59
719 5.0 0.4 0:09.62
719 5.6 0.4 0:09.65
719 5.3 0.4 0:09.69
719 5.3 0.4 0:09.73
719 0.0 0.4 0:09.76
719 5.0 0.4 0:09.80
719 0.0 0.4 0:09.83
719 4.5 0.4 0:09.87
719 5.3 0.4 0:09.90
719 5.6 0.4 0:09.94
719 0.0 0.4 0:09.97
719 5.6 0.4 0:10.01
719 4.8 0.4 0:10.05
719 0.0 0.4 0:10.09
719 4.8 0.4 0:10.12
719 0.0 0.4 0:10.15
719 0.0 0.4 0:10.19
719 0.0 0.4 0:10.22
719 5.6 0.4 0:10.26
719 5.6 0.4 0:10.30
719 0.0 0.4 0:10.34
719 5.6 0.4 0:10.37
719 5.6 0.4 0:10.42
719 0.0 0.4 0:10.45
719 0.0 0.4 0:10.49
719 5.6 0.4 0:10.53
719 5.6 0.4 0:10.57
719 0.0 0.4 0:10.61
719 5.0 0.4 0:10.66
719 4.5 0.4 0:10.70
719 5.3 0.4 0:10.73
719 4.8 0.4 0:10.76
719 4.5 0.4 0:10.80
719 5.6 0.4 0:10.84
719 5.6 0.4 0:10.87
719 0.0 0.4 0:10.90
719 0.0 0.4 0:10.93
719 5.9 0.4 0:10.97
719 0.0 0.4 0:11.00
719 0.0 0.4 0:11.03
719 5.3 0.4 0:11.08
719 4.8 0.4 0:11.11
719 4.5 0.4 0:11.14
719 5.6 0.4 0:11.17
719 5.6 0.4 0:11.21
719 0.0 0.4 0:11.24
719 0.0 0.4 0:11.27
719 0.0 0.4 0:11.32
719 5.3 0.4 0:11.37
719 4.5 0.4 0:11.40
719 0.0 0.4 0:11.43
719 5.6 0.4 0:11.47
719 5.0 0.4 0:11.50
719 5.3 0.4 0:11.53
719 5.3 0.4 0:11.57
17192 15.8 0.2 0:00.03
719 0.0 0.4 0:11.60
719 0.0 0.4 0:11.60
719 0.0 0.4 0:11.60
719 0.0 0.4 0:11.60
719 0.0 0.4 0:11.60
719 0.0 0.4 0:11.60
719 0.0 0.4 0:11.60
719 0.0 0.4 0:11.60
719 0.0 0.4 0:11.60
719 0.0 0.4 0:11.60
719 0.0 0.4 0:11.60
719 0.0 0.4 0:11.60
719 0.0 0.4 0:11.60
719 0.0 0.4 0:11.60
719 0.0 0.4 0:11.60
719 0.0 0.4 0:11.60
719 0.0 0.4 0:11.60
