719 9.1 0.4 0:14.40
719 5.3 0.4 0:14.42
719 0.0 0.4 0:14.45
719 0.0 0.4 0:14.48
719 5.3 0.4 0:14.51
719 0.0 0.4 0:14.52
719 0.0 0.4 0:14.52
719 0.0 0.4 0:14.52
719 0.0 0.4 0:14.52
719 0.0 0.4 0:14.52
719 0.0 0.4 0:14.52
719 0.0 0.4 0:14.52
719 0.0 0.4 0:14.52
719 0.0 0.4 0:14.52
719 0.0 0.4 0:14.52
719 0.0 0.4 0:14.52
719 0.0 0.4 0:14.52
719 0.0 0.4 0:14.52
719 0.0 0.4 0:14.52
719 0.0 0.4 0:14.53
719 0.0 0.4 0:14.56
719 0.0 0.4 0:14.60
719 0.0 0.4 0:14.63
719 0.0 0.4 0:14.66
719 0.0 0.4 0:14.70
719 0.0 0.4 0:14.72
719 0.0 0.4 0:14.74
719 5.6 0.4 0:14.77
719 0.0 0.4 0:14.80
719 0.0 0.4 0:14.83
719 0.0 0.4 0:14.86
719 0.0 0.4 0:14.89
719 0.0 0.4 0:14.91
719 0.0 0.4 0:14.94
719 0.0 0.4 0:14.96
719 0.0 0.4 0:14.98
719 0.0 0.4 0:15.01
719 0.0 0.4 0:15.04
719 4.8 0.4 0:15.07
719 5.6 0.4 0:15.10
719 0.0 0.4 0:15.14
719 0.0 0.4 0:15.16
719 0.0 0.4 0:15.19
719 0.0 0.4 0:15.22
719 4.8 0.4 0:15.25
719 0.0 0.4 0:15.27
719 0.0 0.4 0:15.31
719 5.3 0.4 0:15.35
719 0.0 0.4 0:15.38
719 0.0 0.4 0:15.40
719 0.0 0.4 0:15.45
719 11.1 0.4 0:15.47
719 0.0 0.4 0:15.49
719 5.6 0.4 0:15.52
719 5.3 0.4 0:15.55
719 5.6 0.4 0:15.58
719 5.6 0.4 0:15.61
719 4.8 0.4 0:15.64
719 5.6 0.4 0:15.66
719 5.6 0.4 0:15.69
719 5.3 0.4 0:15.72
719 0.0 0.4 0:15.74
719 0.0 0.4 0:15.77
719 0.0 0.4 0:15.80
719 0.0 0.4 0:15.83
719 0.0 0.4 0:15.86
719 0.0 0.4 0:15.89
719 5.6 0.4 0:15.93
719 5.6 0.4 0:15.96
719 5.6 0.4 0:15.99
719 0.0 0.4 0:16.02
719 0.0 0.4 0:16.04
719 0.0 0.4 0:16.08
719 0.0 0.4 0:16.10
719 0.0 0.4 0:16.12
719 5.6 0.4 0:16.16
719 5.3 0.4 0:16.19
719 0.0 0.4 0:16.21
719 0.0 0.4 0:16.24
719 0.0 0.4 0:16.28
719 5.3 0.4 0:16.31
719 5.6 0.4 0:16.34
719 5.0 0.4 0:16.38
719 5.6 0.4 0:16.41
719 0.0 0.4 0:16.43
719 0.0 0.4 0:16.46
719 0.0 0.4 0:16.49
719 0.0 0.4 0:16.52
719 4.8 0.4 0:16.55
719 4.8 0.4 0:16.58
719 0.0 0.4 0:16.60
719 9.5 0.4 0:16.65
719 0.0 0.4 0:16.66
719 0.0 0.4 0:16.66
719 0.0 0.4 0:16.66
719 0.0 0.4 0:16.66
719 0.0 0.4 0:16.66
719 0.0 0.4 0:16.66
719 0.0 0.4 0:16.66
719 0.0 0.4 0:16.66
719 0.0 0.4 0:16.66
719 0.0 0.4 0:16.66
719 0.0 0.4 0:16.66
719 0.0 0.4 0:16.66
719 0.0 0.4 0:16.66
719 0.0 0.4 0:16.66
719 0.0 0.4 0:16.66
719 0.0 0.4 0:16.66
719 0.0 0.4 0:16.66
719 0.0 0.4 0:16.66
719 0.0 0.4 0:16.66
719 0.0 0.4 0:16.66
