720 5.6 0.4 1:05.44
720 0.0 0.4 1:05.47
720 0.0 0.4 1:05.51
720 11.1 0.4 1:05.54
720 0.0 0.4 1:05.55
720 5.0 0.4 1:05.58
720 5.3 0.4 1:05.61
720 5.6 0.4 1:05.64
720 5.6 0.4 1:05.68
720 0.0 0.4 1:05.70
720 5.3 0.4 1:05.73
720 0.0 0.4 1:05.75
720 0.0 0.4 1:05.78
720 0.0 0.4 1:05.81
720 11.1 0.4 1:05.85
720 5.6 0.4 1:05.86
720 5.0 0.4 1:05.89
720 5.6 0.4 1:05.92
720 0.0 0.4 1:05.94
720 0.0 0.4 1:05.97
720 5.3 0.4 1:06.01
720 5.3 0.4 1:06.04
720 5.6 0.4 1:06.08
720 0.0 0.4 1:06.10
720 0.0 0.4 1:06.13
720 0.0 0.4 1:06.16
720 0.0 0.4 1:06.18
720 0.0 0.4 1:06.20
720 5.3 0.4 1:06.24
720 5.6 0.4 1:06.27
720 0.0 0.4 1:06.29
720 4.5 0.4 1:06.33
720 0.0 0.4 1:06.35
720 0.0 0.4 1:06.38
720 5.6 0.4 1:06.41
720 0.0 0.4 1:06.44
720 0.0 0.4 1:06.46
720 5.6 0.4 1:06.49
720 5.6 0.4 1:06.52
720 0.0 0.4 1:06.55
720 5.6 0.4 1:06.58
720 5.6 0.4 1:06.60
720 5.6 0.4 1:06.63
720 5.6 0.4 1:06.66
720 0.0 0.4 1:06.68
720 0.0 0.4 1:06.71
720 5.3 0.4 1:06.74
720 0.0 0.4 1:06.76
720 0.0 0.4 1:06.80
720 5.6 0.4 1:06.83
720 0.0 0.4 1:06.85
720 0.0 0.4 1:06.88
720 5.6 0.4 1:06.91
720 0.0 0.4 1:06.94
720 5.3 0.4 1:06.97
720 9.5 0.4 1:07.01
720 5.6 0.4 1:07.02
720 5.6 0.4 1:07.05
720 0.0 0.4 1:07.06
720 0.0 0.4 1:07.09
720 0.0 0.4 1:07.12
720 4.8 0.4 1:07.15
720 5.3 0.4 1:07.18
720 5.3 0.4 1:07.20
720 5.3 0.4 1:07.23
27202 15.0 0.2 0:00.03
720 5.0 0.4 1:07.28
720 5.0 0.4 1:07.31
720 0.0 0.4 1:07.33
720 0.0 0.4 1:07.37
720 5.6 0.4 1:07.40
720 0.0 0.4 1:07.43
720 5.6 0.4 1:07.47
720 5.6 0.4 1:07.50
720 0.0 0.4 1:07.52
720 0.0 0.4 1:07.55
720 5.3 0.4 1:07.58
720 5.6 0.4 1:07.61
720 0.0 0.4 1:07.63
720 0.0 0.4 1:07.66
720 0.0 0.4 1:07.67
720 0.0 0.4 1:07.67
720 0.0 0.4 1:07.67
720 0.0 0.4 1:07.67
720 0.0 0.4 1:07.67
720 0.0 0.4 1:07.67
720 0.0 0.4 1:07.67
720 0.0 0.4 1:07.67
720 0.0 0.4 1:07.67
720 0.0 0.4 1:07.67
720 0.0 0.4 1:07.67
720 0.0 0.4 1:07.67
720 0.0 0.4 1:07.67
720 0.0 0.4 1:07.67
720 0.0 0.4 1:07.67
720 0.0 0.4 1:07.67
720 0.0 0.4 1:07.67
720 0.0 0.4 1:07.67
720 0.0 0.4 1:07.67
720 0.0 0.4 1:07.67
