2824 33.3 0.1 2:52.30
2824 45.0 0.1 2:52.75
2824 36.8 0.1 2:53.21
2824 38.9 0.1 2:53.63
2824 36.8 0.1 2:54.09
2824 38.9 0.1 2:54.54
2824 36.8 0.1 2:54.99
2824 36.8 0.1 2:55.46
2824 36.8 0.1 2:55.89
2824 47.4 0.1 2:56.36
2824 38.9 0.1 2:56.80
2824 42.1 0.1 2:57.25
2824 33.3 0.1 2:57.67
2824 31.6 0.1 2:58.10
2824 42.1 0.1 2:58.57
2824 25.0 0.1 2:59.01
2824 33.3 0.1 2:59.41
2824 40.0 0.1 2:59.85
2824 30.0 0.1 3:00.30
2824 30.0 0.1 3:00.73
2824 36.4 0.1 3:01.15
2824 35.0 0.1 3:01.58
2824 36.8 0.1 3:02.02
2824 33.3 0.1 3:02.46
2824 31.6 0.1 3:02.85
2824 22.2 0.1 3:03.21
2824 0.0 0.1 3:03.25
