2825 10.5 0.1 1:33.62
2825 13.0 0.1 1:33.78
2825 16.7 0.1 1:33.97
2825 18.2 0.1 1:34.13
2825 19.0 0.1 1:34.27
2825 25.0 0.1 1:34.47
2825 16.0 0.1 1:34.66
2825 16.0 0.1 1:34.85
2825 10.0 0.1 1:35.01
2825 5.0 0.1 1:35.13
2825 15.8 0.1 1:35.31
2825 15.8 0.1 1:35.42
2825 9.5 0.1 1:35.54
2825 5.0 0.1 1:35.66
2825 10.0 0.1 1:35.82
2825 22.2 0.1 1:36.00
2825 22.2 0.1 1:36.16
2825 21.1 0.1 1:36.28
2825 10.5 0.1 1:36.44
2825 9.5 0.1 1:36.62
2825 14.3 0.1 1:36.80
2825 10.5 0.1 1:36.96
2825 10.0 0.1 1:37.08
2825 21.1 0.1 1:37.26
2825 9.5 0.1 1:37.43
2825 10.5 0.1 1:37.57
2825 11.1 0.1 1:37.75
2825 5.3 0.1 1:37.86
2825 0.0 0.1 1:37.89
2825 0.0 0.1 1:37.90
2825 0.0 0.1 1:37.90
2825 0.0 0.1 1:37.90
2825 0.0 0.1 1:37.90
2825 0.0 0.1 1:37.90
2825 0.0 0.1 1:37.90
2825 0.0 0.1 1:37.90
2825 0.0 0.1 1:37.90
2825 0.0 0.1 1:37.90
2825 0.0 0.1 1:37.90
2825 0.0 0.1 1:37.90
2825 0.0 0.1 1:37.90
2825 0.0 0.1 1:37.90
2825 0.0 0.1 1:37.90
2825 0.0 0.1 1:37.90
2825 0.0 0.1 1:37.90
2825 0.0 0.1 1:37.90
2825 0.0 0.1 1:37.90
2825 0.0 0.1 1:37.90
2825 0.0 0.1 1:37.90
2825 0.0 0.1 1:37.90
2825 0.0 0.1 1:37.90
2825 0.0 0.1 1:37.90
2825 0.0 0.1 1:37.90
2825 0.0 0.1 1:37.90
2825 0.0 0.1 1:37.90
2825 0.0 0.1 1:37.90
2825 0.0 0.1 1:37.90
2825 0.0 0.1 1:37.90
2825 0.0 0.1 1:37.90
2825 0.0 0.1 1:37.90
2825 0.0 0.1 1:37.90
2825 0.0 0.1 1:37.90
2825 0.0 0.1 1:37.90
2825 0.0 0.1 1:37.90
