2826 10.0 0.1 0:34.72
2826 0.0 0.1 0:34.76
2826 5.3 0.1 0:34.81
2826 0.0 0.1 0:34.84
2826 0.0 0.1 0:34.87
2826 0.0 0.1 0:34.90
2826 4.8 0.1 0:34.93
2826 0.0 0.1 0:34.94
2826 5.3 0.1 0:34.97
2826 5.6 0.1 0:35.00
2826 10.0 0.1 0:35.04
2826 5.0 0.1 0:35.08
2826 11.1 0.1 0:35.13
2826 11.1 0.1 0:35.17
2826 0.0 0.1 0:35.18
2826 0.0 0.1 0:35.21
2826 5.6 0.1 0:35.24
2826 0.0 0.1 0:35.27
2826 5.6 0.1 0:35.32
2826 5.3 0.1 0:35.34
2826 0.0 0.1 0:35.41
2826 5.3 0.1 0:35.47
2826 0.0 0.1 0:35.49
2826 5.0 0.1 0:35.53
2826 5.0 0.1 0:35.55
2826 0.0 0.1 0:35.58
2826 0.0 0.1 0:35.59
