2942 0.0 0.2 5:10.74
2942 11.1 0.2 5:10.76
2942 5.3 0.2 5:10.84
2942 11.1 0.2 5:10.98
2942 5.6 0.2 5:11.09
2942 9.1 0.2 5:11.29
2942 15.8 0.2 5:11.47
2942 10.5 0.2 5:11.60
2942 10.5 0.3 5:11.81
2942 66.7 0.3 5:12.11
2942 9.5 0.3 5:12.27
2942 27.8 0.3 5:12.48
2942 50.0 0.3 5:12.73
2942 11.1 0.3 5:12.87
2942 15.8 0.3 5:13.31
2942 68.4 0.3 5:13.62
2942 11.1 0.3 5:13.84
2942 15.0 0.3 5:14.12
2942 40.0 0.3 5:14.44
2942 31.6 0.3 5:14.65
2942 20.0 0.2 5:14.91
2942 36.8 0.2 5:15.14
2942 27.8 0.2 5:15.39
2942 31.6 0.3 5:15.75
2942 33.3 0.3 5:16.32
2942 20.0 0.3 5:16.52
2942 15.8 0.3 5:16.79
2942 26.3 0.3 5:17.12
2942 21.1 0.3 5:17.36
2942 15.8 0.3 5:17.60
2942 31.6 0.3 5:17.85
2942 16.7 0.3 5:18.08
2942 83.3 0.3 5:18.51
2942 47.4 0.3 5:18.83
2942 42.1 0.3 5:19.12
2942 27.8 0.3 5:19.42
2942 36.8 0.3 5:19.66
2942 15.0 0.3 5:19.92
2942 36.8 0.3 5:20.20
2942 26.3 0.3 5:20.44
2942 35.0 0.3 5:20.70
2942 27.8 0.3 5:20.98
2942 20.8 0.3 5:21.34
2942 21.1 0.3 5:21.61
2942 35.0 0.3 5:21.99
2942 31.6 0.3 5:22.26
2942 15.8 0.3 5:22.50
2942 21.1 0.3 5:22.77
2942 44.4 0.3 5:23.06
2942 36.8 0.3 5:23.36
2942 31.6 0.3 5:23.66
2942 38.9 0.3 5:24.08
2942 31.6 0.3 5:24.32
2942 31.6 0.3 5:24.61
2942 26.3 0.3 5:24.85
2942 36.8 0.3 5:25.18
2942 42.1 0.3 5:25.48
2942 35.0 0.3 5:25.76
2942 26.3 0.3 5:26.03
2942 20.0 0.3 5:26.30
2942 42.1 0.3 5:26.58
2942 22.2 0.3 5:26.82
2942 31.6 0.3 5:27.10
2942 25.0 0.3 5:27.39
2942 35.0 0.3 5:27.65
2942 50.0 0.3 5:27.96
2942 25.0 0.3 5:28.21
2942 21.1 0.3 5:28.48
2942 26.3 0.3 5:28.78
2942 40.0 0.3 5:29.07
2942 30.0 0.3 5:29.35
2942 30.0 0.3 5:29.61
2942 22.2 0.3 5:29.85
2942 30.0 0.3 5:30.14
2942 26.3 0.3 5:30.45
2942 30.0 0.3 5:30.72
2942 31.6 0.3 5:30.99
2942 20.0 0.3 5:31.26
2942 25.0 0.3 5:31.50
2942 22.2 0.3 5:31.79
2942 42.1 0.3 5:32.08
2942 26.3 0.3 5:32.35
2942 38.9 0.3 5:32.63
2942 28.6 0.3 5:32.88
2942 25.0 0.3 5:33.18
2942 36.8 0.3 5:33.47
2942 22.2 0.3 5:33.76
2942 45.0 0.3 5:34.12
2942 20.0 0.3 5:34.40
2942 36.8 0.2 5:34.76
2942 33.3 0.2 5:35.03
2942 23.8 0.2 5:35.28
2942 36.8 0.2 5:35.60
2942 22.2 0.2 5:35.94
2942 15.6 0.2 5:36.33
2942 18.2 0.2 5:36.67
2942 27.8 0.2 5:36.91
2942 42.1 0.2 5:37.26
2942 31.6 0.2 5:37.51
2942 42.1 0.2 5:37.79
2942 15.8 0.2 5:38.03
2942 16.7 0.2 5:38.27
2942 30.0 0.2 5:38.57
2942 28.6 0.2 5:38.92
2942 52.6 0.2 5:39.21
2942 25.0 0.2 5:39.52
2942 33.3 0.2 5:39.81
2942 31.6 0.2 5:40.15
2942 20.0 0.2 5:40.45
2942 20.0 0.2 5:40.72
2942 47.4 0.2 5:41.02
2942 30.0 0.2 5:41.43
2942 10.5 0.2 5:41.77
2942 36.8 0.2 5:42.07
2942 40.0 0.2 5:42.42
2942 27.8 0.2 5:42.67
2942 45.0 0.2 5:42.98
2942 21.1 0.2 5:43.35
2942 52.6 0.2 5:43.67
2942 45.0 0.2 5:44.00
2942 25.0 0.2 5:44.24
2942 31.6 0.2 5:44.49
2942 21.1 0.2 5:44.77
2942 38.9 0.2 5:45.20
2942 40.0 0.2 5:45.49
2942 42.9 0.2 5:45.78
2942 50.0 0.2 5:46.10
2942 52.6 0.2 5:46.42
2942 50.0 0.2 5:46.72
2942 20.0 0.2 5:47.01
2942 44.4 0.2 5:47.28
2942 15.0 0.2 5:47.59
2942 31.6 0.2 5:47.93
2942 47.4 0.2 5:48.24
2942 36.8 0.2 5:48.52
2942 20.0 0.2 5:48.78
2942 21.1 0.2 5:49.09
2942 30.0 0.2 5:49.39
2942 15.8 0.2 5:49.63
2942 15.8 0.2 5:49.88
2942 52.6 0.2 5:50.25
2942 19.0 0.2 5:50.52
2942 27.8 0.2 5:50.78
2942 47.4 0.2 5:51.09
2942 48.0 0.2 5:51.48
2942 21.7 0.2 5:51.73
2942 68.2 0.2 5:52.18
2942 21.1 0.2 5:52.46
2942 15.8 0.2 5:52.84
2942 15.0 0.2 5:53.12
2942 0.0 0.2 5:53.20
