2942 5.6 0.3 19:23.56
2942 52.6 0.3 19:23.81
2942 38.9 0.3 19:24.09
2942 77.8 0.3 19:24.39
2942 15.8 0.3 19:24.64
2942 21.1 0.3 19:24.90
2942 60.0 0.3 19:25.23
2942 52.6 0.3 19:25.62
2942 40.0 0.3 19:25.94
2942 45.8 0.3 19:26.29
2942 23.8 0.3 19:26.68
2942 47.6 0.3 19:27.03
2942 10.8 0.3 19:27.42
2942 25.0 0.3 19:27.66
2942 42.1 0.3 19:27.94
2942 15.0 0.3 19:28.18
2942 21.1 0.3 19:28.53
2942 38.9 0.3 19:28.81
2942 15.0 0.3 19:29.10
2942 15.8 0.3 19:29.34
2942 31.6 0.3 19:29.64
2942 21.1 0.3 19:29.93
2942 31.6 0.3 19:30.25
2942 36.8 0.3 19:30.53
2942 22.2 0.3 19:30.85
2942 26.3 0.3 19:31.11
2942 38.9 0.3 19:31.38
2942 26.3 0.3 19:31.63
2942 26.3 0.3 19:31.88
2942 38.9 0.3 19:32.14
2942 42.1 0.3 19:32.45
2942 44.4 0.3 19:32.75
2942 31.6 0.3 19:33.00
2942 36.8 0.3 19:33.35
2942 26.3 0.3 19:33.68
2942 25.0 0.3 19:33.95
2942 36.8 0.3 19:34.25
2942 15.8 0.3 19:34.47
2942 27.8 0.3 19:34.74
2942 42.1 0.3 19:35.06
2942 26.3 0.3 19:35.32
2942 42.1 0.3 19:35.61
2942 33.3 0.3 19:35.87
2942 22.2 0.3 19:36.18
2942 20.0 0.3 19:36.50
2942 21.1 0.3 19:36.77
2942 35.0 0.3 19:37.04
2942 36.8 0.3 19:37.33
2942 33.3 0.3 19:37.59
2942 47.4 0.3 19:37.91
2942 25.0 0.3 19:38.16
2942 36.8 0.3 19:38.42
2942 35.0 0.3 19:38.72
2942 20.0 0.3 19:38.95
2942 22.2 0.3 19:39.23
2942 33.3 0.3 19:39.59
2942 44.4 0.3 19:39.90
2942 20.0 0.3 19:40.13
2942 16.7 0.3 19:40.39
2942 27.8 0.3 19:40.66
2942 21.7 0.3 19:40.97
2942 25.0 0.3 19:41.26
2942 21.1 0.3 19:41.54
2942 35.0 0.3 19:41.85
2942 35.0 0.3 19:42.14
2942 44.4 0.3 19:42.41
2942 26.3 0.3 19:42.71
2942 20.0 0.3 19:42.96
2942 31.6 0.3 19:43.24
2942 21.1 0.3 19:43.51
2942 27.8 0.3 19:43.86
2942 47.4 0.3 19:44.16
2942 36.8 0.3 19:44.43
2942 35.0 0.3 19:44.69
2942 57.9 0.3 19:45.02
2942 0.0 0.3 19:45.14
