2942 5.0 0.3 17:33.45
2942 15.8 0.3 17:33.63
2942 31.6 0.3 17:33.87
2942 26.3 0.3 17:34.36
2942 35.0 0.3 17:34.62
2942 36.8 0.3 17:34.87
2942 55.0 0.3 17:35.57
2942 15.8 0.3 17:35.91
2942 20.0 0.3 17:36.13
2942 36.8 0.3 17:36.40
2942 31.6 0.3 17:36.71
2942 15.8 0.3 17:36.92
2942 21.1 0.3 17:37.16
2942 36.8 0.3 17:37.46
2942 31.6 0.3 17:37.72
2942 50.0 0.3 17:38.00
2942 22.2 0.3 17:38.37
2942 15.8 0.3 17:38.59
2942 15.8 0.3 17:38.85
2942 15.0 0.3 17:39.10
2942 31.6 0.3 17:39.38
2942 26.3 0.3 17:39.76
2942 19.0 0.3 17:40.02
2942 23.8 0.3 17:40.36
2942 28.6 0.3 17:40.70
2942 19.0 0.3 17:40.97
2942 15.8 0.3 17:41.29
2942 31.6 0.3 17:41.55
2942 21.1 0.3 17:41.81
2942 20.0 0.3 17:42.07
2942 40.0 0.3 17:42.35
2942 55.0 0.3 17:42.75
2942 31.6 0.3 17:43.10
2942 25.0 0.3 17:43.35
2942 26.3 0.3 17:43.61
2942 43.5 0.3 17:43.91
2942 16.7 0.3 17:44.14
2942 15.0 0.3 17:44.43
2942 31.6 0.3 17:44.71
2942 22.2 0.3 17:44.96
2942 36.8 0.3 17:45.24
2942 42.1 0.3 17:45.74
2942 16.7 0.3 17:46.12
2942 15.8 0.3 17:46.39
2942 31.6 0.3 17:46.71
2942 26.3 0.3 17:46.97
2942 20.0 0.3 17:47.20
2942 45.0 0.3 17:47.49
2942 20.0 0.3 17:47.75
2942 31.6 0.3 17:48.00
2942 42.1 0.3 17:48.30
2942 44.4 0.3 17:48.70
2942 33.3 0.3 17:48.96
2942 22.2 0.3 17:49.26
2942 26.3 0.3 17:49.51
2942 44.4 0.3 17:49.81
2942 40.0 0.3 17:50.10
2942 36.8 0.3 17:50.38
2942 35.0 0.3 17:50.66
2942 16.7 0.3 17:51.05
2942 16.7 0.3 17:51.30
2942 38.9 0.3 17:51.59
2942 33.3 0.3 17:51.87
2942 57.9 0.3 17:52.22
2942 47.4 0.3 17:52.55
2942 36.8 0.3 17:52.83
2942 31.6 0.3 17:53.08
2942 55.6 0.3 17:53.39
2942 20.0 0.3 17:53.63
2942 21.1 0.3 17:53.86
2942 38.9 0.3 17:54.15
2942 38.9 0.3 17:54.41
2942 50.0 0.3 17:54.71
2942 52.6 0.3 17:55.00
2942 18.5 0.3 17:55.31
2942 25.0 0.3 17:55.62
2942 13.5 0.3 17:56.05
2942 30.0 0.3 17:56.34
2942 47.4 0.3 17:56.74
2942 35.0 0.3 17:56.99
2942 20.0 0.3 17:57.24
2942 52.6 0.3 17:57.53
2942 14.3 0.3 17:57.79
2942 57.9 0.3 17:58.09
