2942 5.0 0.2 7:19.02
2942 0.0 0.2 7:19.06
2942 15.8 0.2 7:19.21
2942 21.1 0.2 7:19.33
2942 10.5 0.2 7:19.65
2942 57.9 0.2 7:19.89
2942 36.8 0.2 7:20.23
2942 63.6 0.2 7:20.76
2942 10.0 0.2 7:20.98
2942 30.0 0.2 7:21.17
2942 11.1 0.2 7:21.35
2942 14.3 0.2 7:21.60
2942 30.0 0.2 7:21.82
2942 50.0 0.2 7:22.10
2942 25.0 0.3 7:22.43
2942 45.0 0.3 7:22.93
2942 26.3 0.3 7:23.21
2942 30.0 0.3 7:23.66
2942 26.3 0.3 7:23.95
2942 10.5 0.3 7:24.28
2942 27.8 0.3 7:24.62
2942 31.6 0.3 7:24.86
2942 40.0 0.3 7:25.16
2942 28.6 0.3 7:25.49
2942 21.1 0.3 7:25.68
2942 42.1 0.3 7:25.98
2942 57.9 0.3 7:26.32
2942 30.0 0.3 7:26.55
2942 10.5 0.3 7:26.80
2942 26.3 0.3 7:27.17
2942 33.3 0.3 7:27.44
2942 35.0 0.3 7:27.78
2942 20.0 0.3 7:28.00
2942 30.0 0.3 7:28.38
2942 20.0 0.3 7:28.65
2942 28.6 0.3 7:29.00
2942 26.3 0.3 7:29.21
2942 31.6 0.3 7:29.59
2942 21.1 0.2 7:29.85
2942 33.3 0.2 7:30.11
2942 30.0 0.2 7:30.38
2942 30.0 0.2 7:30.67
2942 40.0 0.2 7:30.92
2942 15.0 0.2 7:31.17
2942 57.9 0.2 7:31.54
2942 26.3 0.2 7:31.76
2942 21.1 0.2 7:32.08
2942 28.6 0.2 7:32.55
2942 25.0 0.2 7:32.90
2942 20.0 0.2 7:33.18
2942 11.1 0.2 7:33.44
2942 42.1 0.2 7:33.72
2942 36.8 0.2 7:34.00
2942 31.6 0.2 7:34.27
2942 26.3 0.2 7:34.53
2942 31.6 0.2 7:34.81
2942 31.6 0.2 7:35.09
2942 25.0 0.2 7:35.37
2942 42.1 0.2 7:35.63
2942 68.4 0.2 7:35.98
2942 47.4 0.2 7:36.33
2942 52.6 0.2 7:36.62
2942 35.0 0.2 7:36.97
2942 26.3 0.2 7:37.33
2942 22.2 0.2 7:37.59
2942 36.8 0.2 7:37.86
2942 21.1 0.2 7:38.10
2942 15.8 0.2 7:38.35
2942 25.0 0.2 7:38.67
2942 27.8 0.2 7:38.96
2942 40.0 0.2 7:39.26
2942 21.1 0.2 7:39.51
2942 15.0 0.2 7:39.75
2942 20.0 0.2 7:40.04
2942 21.1 0.2 7:40.29
2942 36.8 0.2 7:40.58
2942 25.0 0.2 7:40.86
2942 20.0 0.2 7:41.10
2942 42.1 0.2 7:41.37
2942 21.1 0.2 7:41.61
2942 36.8 0.2 7:41.90
2942 20.0 0.2 7:42.23
2942 30.0 0.2 7:42.50
2942 31.6 0.2 7:42.79
2942 25.0 0.2 7:43.03
2942 33.3 0.2 7:43.37
2942 31.6 0.2 7:43.65
2942 25.0 0.2 7:43.89
2942 42.1 0.2 7:44.18
2942 50.0 0.2 7:44.47
2942 36.8 0.2 7:44.75
2942 22.2 0.2 7:45.00
2942 22.2 0.2 7:45.34
2942 42.1 0.2 7:45.61
2942 52.6 0.2 7:45.92
2942 40.0 0.2 7:46.22
2942 30.0 0.2 7:46.49
2942 25.0 0.2 7:46.78
2942 30.0 0.2 7:47.06
2942 19.0 0.2 7:47.36
2942 25.0 0.2 7:47.62
2942 21.1 0.2 7:47.92
2942 47.4 0.2 7:48.30
2942 21.1 0.2 7:48.52
2942 15.8 0.2 7:48.95
2942 57.9 0.2 7:49.25
2942 25.0 0.2 7:49.62
2942 44.4 0.2 7:49.90
2942 38.9 0.2 7:50.19
2942 33.3 0.2 7:50.45
2942 21.1 0.2 7:50.77
2942 31.6 0.2 7:51.04
2942 40.0 0.2 7:51.33
2942 20.0 0.2 7:51.60
2942 30.0 0.2 7:51.87
2942 36.8 0.2 7:52.14
2942 21.1 0.2 7:52.39
2942 35.0 0.2 7:52.66
2942 31.8 0.2 7:52.93
2942 36.8 0.2 7:53.24
2942 36.8 0.2 7:53.55
2942 47.4 0.2 7:53.84
2942 35.0 0.2 7:54.19
2942 30.0 0.2 7:54.50
2942 15.8 0.2 7:54.71
2942 23.8 0.2 7:55.05
2942 21.1 0.2 7:55.29
2942 22.2 0.2 7:55.57
2942 30.0 0.2 7:55.85
2942 15.8 0.2 7:56.10
2942 36.8 0.2 7:56.39
2942 36.8 0.2 7:56.68
2942 25.0 0.2 7:56.93
2942 22.2 0.2 7:57.26
2942 40.0 0.2 7:57.52
2942 47.4 0.2 7:57.80
2942 20.0 0.2 7:58.03
2942 42.1 0.2 7:58.38
2942 42.1 0.2 7:58.68
2942 42.1 0.2 7:58.99
2942 15.0 0.2 7:59.25
2942 36.8 0.2 7:59.54
2942 33.3 0.2 7:59.80
2942 35.0 0.2 8:00.10
2942 15.8 0.2 8:00.35
2942 47.4 0.2 8:00.70
2942 27.8 0.2 8:00.99
2942 36.8 0.2 8:01.24
2942 15.0 0.2 8:01.55
2942 25.0 0.2 8:01.85
2942 0.0 0.2 8:02.03
