2942 15.8 0.3 16:45.13
2942 45.0 0.3 16:45.36
2942 10.5 0.3 16:45.59
2942 26.3 0.3 16:45.85
2942 25.0 0.3 16:46.24
2942 27.8 0.3 16:46.48
2942 22.2 0.3 16:46.70
2942 26.3 0.3 16:46.94
2942 47.4 0.3 16:47.23
2942 31.6 0.2 16:47.49
2942 15.0 0.2 16:47.73
2942 21.1 0.2 16:47.97
2942 20.0 0.2 16:48.20
2942 26.3 0.2 16:48.51
2942 26.3 0.2 16:48.77
2942 21.1 0.2 16:49.02
2942 15.8 0.2 16:49.27
2942 15.8 0.2 16:49.51
2942 22.2 0.2 16:49.75
2942 36.8 0.2 16:50.01
2942 26.3 0.2 16:50.24
2942 22.2 0.2 16:50.53
2942 15.8 0.2 16:50.74
2942 27.8 0.2 16:51.13
2942 27.3 0.2 16:51.43
2942 55.6 0.2 16:51.75
2942 15.0 0.2 16:52.04
2942 36.8 0.2 16:52.37
2942 35.0 0.2 16:52.64
2942 33.3 0.2 16:52.89
2942 26.3 0.2 16:53.14
2942 17.6 0.3 16:53.50
2942 20.0 0.3 16:53.75
2942 36.8 0.3 16:54.04
2942 31.6 0.3 16:54.30
2942 27.8 0.3 16:54.56
2942 31.6 0.3 16:54.86
2942 15.8 0.3 16:55.09
2942 25.0 0.3 16:55.40
2942 25.0 0.3 16:55.68
2942 50.0 0.3 16:55.97
2942 30.0 0.3 16:56.29
2942 19.0 0.3 16:56.57
2942 42.1 0.3 16:56.86
2942 20.0 0.3 16:57.10
2942 20.0 0.3 16:57.33
2942 55.6 0.3 16:57.65
2942 55.6 0.3 16:58.07
2942 22.2 0.3 16:58.34
2942 45.0 0.3 16:58.67
2942 31.6 0.3 16:58.93
2942 27.8 0.3 16:59.23
2942 42.1 0.3 16:59.53
2942 31.6 0.3 16:59.84
2942 40.0 0.3 17:00.12
2942 38.9 0.3 17:00.40
2942 40.0 0.3 17:00.67
2942 26.3 0.3 17:01.03
2942 42.9 0.3 17:01.43
2942 44.4 0.3 17:01.82
2942 22.2 0.3 17:02.07
2942 21.1 0.3 17:02.31
2942 15.8 0.3 17:02.57
2942 25.0 0.3 17:02.82
2942 44.4 0.3 17:03.10
2942 28.6 0.3 17:03.35
2942 35.0 0.3 17:03.60
2942 36.8 0.3 17:03.89
2942 44.4 0.3 17:04.17
2942 30.0 0.3 17:04.47
2942 35.0 0.3 17:04.74
2942 22.2 0.3 17:04.97
2942 21.1 0.3 17:05.22
2942 35.0 0.3 17:05.51
2942 20.0 0.3 17:05.83
2942 25.0 0.3 17:06.13
2942 15.8 0.3 17:06.48
2942 30.0 0.3 17:06.78
2942 30.0 0.3 17:07.04
2942 20.0 0.3 17:07.31
2942 22.2 0.3 17:07.60
2942 35.0 0.3 17:07.92
2942 21.1 0.3 17:08.15
2942 15.8 0.3 17:08.38
