2943 10.0 0.2 1:30.93
2943 0.0 0.2 1:30.96
2943 5.3 0.2 1:31.04
2943 10.5 0.2 1:31.12
2943 3.8 0.2 1:31.21
2943 4.5 0.2 1:31.29
2943 0.0 0.2 1:31.37
2943 4.8 0.2 1:31.44
2943 5.6 0.2 1:31.48
2943 5.6 0.2 1:31.54
2943 4.8 0.2 1:31.60
2943 0.0 0.2 1:31.64
2943 5.0 0.2 1:31.71
2943 0.0 0.2 1:31.74
2943 0.0 0.2 1:31.77
2943 17.4 0.2 1:31.85
2943 0.0 0.2 1:31.89
2943 5.6 0.2 1:31.94
2943 0.0 0.2 1:31.95
2943 0.0 0.2 1:31.97
2943 4.8 0.2 1:31.99
2943 4.8 0.2 1:32.02
2943 25.0 0.2 1:32.24
2943 0.0 0.2 1:32.28
2943 5.3 0.2 1:32.33
2943 5.0 0.2 1:32.37
2943 5.3 0.2 1:32.39
2943 0.0 0.2 1:32.42
2943 5.0 0.2 1:32.46
2943 0.0 0.2 1:32.48
2943 5.3 0.2 1:32.51
2943 5.3 0.2 1:32.53
2943 5.3 0.2 1:32.57
2943 0.0 0.2 1:32.57
2943 0.0 0.2 1:32.58
2943 0.0 0.2 1:32.60
2943 5.3 0.2 1:32.64
2943 5.3 0.2 1:32.67
2943 0.0 0.2 1:32.68
2943 0.0 0.2 1:32.73
2943 0.0 0.2 1:32.75
2943 5.3 0.2 1:32.81
2943 10.0 0.2 1:32.86
2943 0.0 0.2 1:32.92
2943 0.0 0.2 1:32.94
2943 4.8 0.2 1:32.97
2943 4.8 0.2 1:33.00
2943 5.6 0.2 1:33.03
2943 0.0 0.2 1:33.06
2943 0.0 0.2 1:33.08
2943 10.5 0.2 1:33.11
2943 5.3 0.2 1:33.14
2943 0.0 0.2 1:33.16
2943 5.3 0.2 1:33.17
2943 0.0 0.2 1:33.18
2943 0.0 0.2 1:33.20
2943 4.5 0.2 1:33.23
2943 0.0 0.2 1:33.26
2943 4.8 0.2 1:33.31
2943 0.0 0.2 1:33.35
2943 0.0 0.2 1:33.37
2943 4.8 0.2 1:33.41
2943 10.5 0.2 1:33.45
2943 5.3 0.2 1:33.47
2943 0.0 0.2 1:33.49
2943 0.0 0.2 1:33.52
2943 5.6 0.2 1:33.55
2943 5.0 0.2 1:33.57
2943 0.0 0.2 1:33.61
2943 0.0 0.2 1:33.62
2943 5.0 0.2 1:33.67
2943 5.3 0.2 1:33.69
2943 0.0 0.2 1:33.71
2943 4.2 0.2 1:33.73
2943 15.0 0.2 1:33.80
2943 4.8 0.2 1:33.84
2943 5.0 0.2 1:33.88
2943 4.8 0.2 1:33.91
2943 0.0 0.2 1:33.94
2943 0.0 0.2 1:33.97
2943 5.3 0.2 1:34.00
2943 5.6 0.2 1:34.08
2943 0.0 0.2 1:34.10
2943 0.0 0.2 1:34.12
2943 5.6 0.2 1:34.16
2943 5.6 0.2 1:34.19
2943 5.6 0.2 1:34.21
2943 5.0 0.2 1:34.22
2943 5.3 0.2 1:34.25
2943 5.0 0.2 1:34.36
2943 0.0 0.2 1:34.42
2943 0.0 0.2 1:34.44
2943 5.3 0.2 1:34.49
2943 5.6 0.2 1:34.56
2943 0.0 0.2 1:34.58
2943 5.3 0.2 1:34.60
2943 10.5 0.2 1:34.66
2943 0.0 0.2 1:34.69
2943 5.6 0.2 1:34.71
2943 5.0 0.2 1:34.73
2943 4.8 0.2 1:34.78
2943 5.0 0.2 1:34.83
2943 5.0 0.2 1:34.87
2943 0.0 0.2 1:34.89
12943 5.3 0.0 0:00.01
2943 10.0 0.2 1:34.95
2943 5.0 0.2 1:34.98
2943 0.0 0.2 1:34.99
2943 0.0 0.2 1:35.02
2943 5.0 0.2 1:35.05
2943 10.5 0.2 1:35.11
2943 0.0 0.2 1:35.12
2943 0.0 0.2 1:35.15
2943 11.1 0.2 1:35.20
2943 5.6 0.2 1:35.27
2943 5.6 0.2 1:35.32
2943 5.6 0.2 1:35.37
2943 5.3 0.2 1:35.44
2943 5.3 0.2 1:35.45
2943 0.0 0.2 1:35.49
2943 4.8 0.2 1:35.55
2943 0.0 0.2 1:35.58
2943 5.0 0.2 1:35.61
2943 4.2 0.2 1:35.69
2943 3.4 0.2 1:35.74
2943 0.0 0.2 1:35.83
