2943 5.6 0.2 0:31.87
2943 5.3 0.2 0:31.91
2943 5.3 0.2 0:31.96
2943 0.0 0.2 0:32.00
2943 5.3 0.2 0:32.06
2943 8.3 0.2 0:32.12
2943 0.0 0.2 0:32.20
2943 8.0 0.2 0:32.29
2943 5.6 0.2 0:32.35
2943 5.6 0.2 0:32.42
2943 5.6 0.2 0:32.49
2943 5.0 0.2 0:32.58
2943 5.0 0.2 0:32.63
2943 5.6 0.2 0:32.70
2943 0.0 0.2 0:32.78
2943 5.3 0.2 0:32.84
2943 0.0 0.2 0:32.89
2943 5.6 0.2 0:32.94
2943 0.0 0.2 0:32.97
2943 5.6 0.2 0:33.05
2943 0.0 0.2 0:33.07
2943 0.0 0.2 0:33.12
2943 10.0 0.2 0:33.16
2943 5.6 0.2 0:33.22
2943 15.0 0.2 0:33.30
2943 5.0 0.2 0:33.50
2943 5.0 0.2 0:33.56
2943 0.0 0.2 0:33.59
2943 9.1 0.2 0:33.65
2943 5.3 0.2 0:33.74
2943 0.0 0.2 0:33.76
2943 0.0 0.2 0:33.78
2943 5.6 0.2 0:33.84
2943 5.3 0.2 0:33.86
2943 10.0 0.2 0:33.90
2943 4.8 0.2 0:33.98
2943 0.0 0.2 0:34.01
2943 10.5 0.2 0:34.07
2943 0.0 0.2 0:34.10
2943 0.0 0.2 0:34.13
2943 0.0 0.2 0:34.15
2943 5.3 0.2 0:34.18
2943 5.3 0.2 0:34.20
2943 0.0 0.2 0:34.22
2943 0.0 0.2 0:34.24
2943 0.0 0.2 0:34.27
2943 0.0 0.2 0:34.29
2943 0.0 0.2 0:34.31
2943 0.0 0.2 0:34.32
2943 0.0 0.2 0:34.34
2943 5.6 0.2 0:34.37
2943 5.3 0.2 0:34.43
2943 9.5 0.2 0:34.47
2943 4.8 0.2 0:34.54
2943 0.0 0.2 0:34.56
2943 5.6 0.2 0:34.57
2943 0.0 0.2 0:34.59
2943 5.0 0.2 0:34.62
2943 5.3 0.2 0:34.69
2943 0.0 0.2 0:34.72
2943 5.3 0.2 0:34.76
2943 0.0 0.2 0:34.77
29430 5.3 0.1 0:00.03
2943 9.5 0.2 0:34.87
2943 5.3 0.2 0:34.91
2943 5.6 0.2 0:34.94
2943 5.6 0.2 0:34.98
2943 5.3 0.2 0:35.01
2943 0.0 0.2 0:35.04
2943 5.3 0.2 0:35.07
2943 0.0 0.2 0:35.14
2943 0.0 0.2 0:35.15
2943 5.0 0.2 0:35.17
2943 10.0 0.2 0:35.24
2943 5.0 0.2 0:35.33
2943 0.0 0.2 0:35.36
2943 5.6 0.2 0:35.38
2943 5.0 0.2 0:35.41
2943 0.0 0.2 0:35.43
2943 4.8 0.2 0:35.46
2943 5.3 0.2 0:35.49
2943 5.6 0.2 0:35.51
2943 5.6 0.2 0:35.53
2943 5.0 0.2 0:35.57
2943 0.0 0.2 0:35.63
2943 0.0 0.2 0:35.64
2943 0.0 0.2 0:35.69
2943 9.5 0.2 0:35.76
2943 4.8 0.2 0:35.79
2943 9.5 0.2 0:35.82
2943 0.0 0.2 0:35.85
2943 5.3 0.2 0:35.88
2943 0.0 0.2 0:35.90
2943 5.3 0.2 0:36.00
2943 4.8 0.2 0:36.04
2943 8.7 0.2 0:36.10
2943 5.3 0.2 0:36.13
2943 4.3 0.2 0:36.16
2943 0.0 0.2 0:36.19
2943 5.3 0.2 0:36.22
2943 0.0 0.2 0:36.26
2943 0.0 0.2 0:36.27
2943 0.0 0.2 0:36.29
2943 10.5 0.2 0:36.34
2943 9.5 0.2 0:36.36
2943 0.0 0.2 0:36.38
2943 6.1 0.2 0:36.43
2943 10.0 0.2 0:36.52
2943 3.2 0.2 0:36.64
2943 0.0 0.2 0:36.69
2943 4.8 0.2 0:36.71
2943 5.0 0.2 0:36.76
2943 0.0 0.2 0:36.79
2943 0.0 0.2 0:36.81
2943 0.0 0.2 0:36.83
2943 0.0 0.2 0:36.86
2943 5.6 0.2 0:36.94
2943 5.3 0.2 0:36.97
2943 5.3 0.2 0:37.01
2943 4.8 0.2 0:37.05
2943 0.0 0.2 0:37.08
2943 0.0 0.2 0:37.14
2943 0.0 0.2 0:37.17
2943 5.3 0.2 0:37.21
2943 5.6 0.2 0:37.24
2943 5.3 0.2 0:37.29
2943 5.6 0.2 0:37.34
2943 0.0 0.2 0:37.36
2943 0.0 0.2 0:37.38
2943 4.8 0.2 0:37.46
2943 5.0 0.2 0:37.49
2943 5.3 0.2 0:37.53
2943 0.0 0.2 0:37.54
2943 0.0 0.2 0:37.58
2943 0.0 0.2 0:37.60
2943 0.0 0.2 0:37.65
2943 4.8 0.2 0:37.68
2943 5.0 0.2 0:37.72
2943 5.6 0.2 0:37.76
2943 0.0 0.2 0:37.79
2943 5.0 0.2 0:37.83
2943 4.8 0.2 0:37.85
2943 5.6 0.2 0:37.87
2943 5.0 0.2 0:37.91
2943 0.0 0.2 0:37.94
2943 5.3 0.2 0:37.98
2943 0.0 0.2 0:38.00
2943 0.0 0.2 0:38.03
2943 0.0 0.2 0:38.04
2943 0.0 0.2 0:38.07
2943 4.8 0.2 0:38.11
2943 4.8 0.2 0:38.15
2943 5.3 0.2 0:38.20
2943 0.0 0.2 0:38.23
2943 5.3 0.2 0:38.25
2943 0.0 0.2 0:38.26
2943 0.0 0.2 0:38.27
2943 5.3 0.2 0:38.32
2943 5.6 0.2 0:38.36
2943 9.5 0.2 0:38.42
2943 0.0 0.2 0:38.48
2943 10.5 0.2 0:38.55
2943 4.5 0.2 0:38.63
2943 0.0 0.2 0:38.65
2943 4.8 0.2 0:38.68
2943 5.0 0.2 0:38.70
2943 5.0 0.2 0:38.75
2943 14.3 0.2 0:38.84
2943 5.3 0.2 0:38.89
2943 0.0 0.2 0:38.91
2943 5.6 0.2 0:38.96
2943 0.0 0.2 0:39.00
2943 5.0 0.2 0:39.04
2943 5.3 0.2 0:39.10
2943 5.6 0.2 0:39.15
2943 0.0 0.2 0:39.19
2943 5.0 0.2 0:39.23
2943 0.0 0.2 0:39.26
2943 5.3 0.2 0:39.29
2943 9.5 0.2 0:39.34
2943 15.8 0.2 0:39.41
2943 25.0 0.2 0:39.49
2943 5.3 0.2 0:39.54
2943 5.3 0.2 0:39.57
2943 0.0 0.2 0:39.58
2943 0.0 0.2 0:39.61
2943 5.3 0.2 0:39.64
