2944 0.0 0.2 0:05.50
2944 0.0 0.2 0:05.55
2944 0.0 0.2 0:05.59
2944 5.6 0.2 0:05.62
2944 0.0 0.2 0:05.63
2944 5.0 0.2 0:05.67
2944 9.1 0.2 0:05.71
2944 0.0 0.2 0:05.73
2944 0.0 0.2 0:05.74
2944 0.0 0.2 0:05.74
2944 0.0 0.2 0:05.74
2944 0.0 0.2 0:05.74
2944 0.0 0.2 0:05.74
2944 0.0 0.2 0:05.74
2944 0.0 0.2 0:05.74
2944 0.0 0.2 0:05.74
2944 0.0 0.2 0:05.74
2944 0.0 0.2 0:05.74
2944 0.0 0.2 0:05.74
2944 0.0 0.2 0:05.74
2944 0.0 0.2 0:05.74
2944 0.0 0.2 0:05.74
2944 0.0 0.2 0:05.74
2944 0.0 0.2 0:05.74
2944 0.0 0.2 0:05.74
2944 0.0 0.2 0:05.74
2944 0.0 0.2 0:05.74
2944 0.0 0.2 0:05.74
2944 0.0 0.2 0:05.74
2944 4.5 0.2 0:05.75
2944 0.0 0.2 0:05.75
2944 0.0 0.2 0:05.75
2944 0.0 0.2 0:05.75
2944 0.0 0.2 0:05.75
2944 0.0 0.2 0:05.75
2944 0.0 0.2 0:05.75
2944 0.0 0.2 0:05.75
2944 0.0 0.2 0:05.75
2944 0.0 0.2 0:05.75
2944 0.0 0.2 0:05.75
2944 0.0 0.2 0:05.75
2944 0.0 0.2 0:05.75
2944 0.0 0.2 0:05.75
2944 0.0 0.2 0:05.75
2944 0.0 0.2 0:05.75
2944 0.0 0.2 0:05.75
2944 5.6 0.2 0:05.76
2944 0.0 0.2 0:05.76
2944 0.0 0.2 0:05.76
2944 0.0 0.2 0:05.76
2944 0.0 0.2 0:05.76
2944 0.0 0.2 0:05.76
2944 0.0 0.2 0:05.76
2944 0.0 0.2 0:05.76
2944 0.0 0.2 0:05.76
2944 0.0 0.2 0:05.76
2944 0.0 0.2 0:05.76
2944 0.0 0.2 0:05.76
2944 0.0 0.2 0:05.76
2944 0.0 0.2 0:05.76
2944 0.0 0.2 0:05.76
2944 0.0 0.2 0:05.76
2944 0.0 0.2 0:05.76
2944 0.0 0.2 0:05.76
2944 0.0 0.2 0:05.76
2944 0.0 0.2 0:05.76
2944 0.0 0.2 0:05.76
2944 0.0 0.2 0:05.76
2944 0.0 0.2 0:05.76
2944 0.0 0.2 0:05.76
2944 0.0 0.2 0:05.76
2944 0.0 0.2 0:05.76
2944 0.0 0.2 0:05.76
2944 0.0 0.2 0:05.76
2944 0.0 0.2 0:05.76
2944 0.0 0.2 0:05.76
2944 0.0 0.2 0:05.76
2944 0.0 0.2 0:05.76
2944 0.0 0.2 0:05.76
2944 0.0 0.2 0:05.76
2944 0.0 0.2 0:05.76
2944 0.0 0.2 0:05.76
2944 0.0 0.2 0:05.77
2944 0.0 0.2 0:05.77
2944 0.0 0.2 0:05.77
2944 0.0 0.2 0:05.77
2944 0.0 0.2 0:05.77
2944 0.0 0.2 0:05.77
2944 0.0 0.2 0:05.77
2944 0.0 0.2 0:05.77
2944 0.0 0.2 0:05.77
2944 0.0 0.2 0:05.77
2944 0.0 0.2 0:05.77
2944 0.0 0.2 0:05.78
2944 0.0 0.2 0:05.78
2944 0.0 0.2 0:05.78
2944 0.0 0.2 0:05.78
2944 0.0 0.2 0:05.78
2944 0.0 0.2 0:05.78
2944 0.0 0.2 0:05.78
2944 0.0 0.2 0:05.78
2944 0.0 0.2 0:05.78
2944 0.0 0.2 0:05.78
2944 0.0 0.2 0:05.78
2944 0.0 0.2 0:05.79
2944 0.0 0.2 0:05.79
2944 0.0 0.2 0:05.79
2944 0.0 0.2 0:05.79
2944 0.0 0.2 0:05.79
2944 0.0 0.2 0:05.79
2944 0.0 0.2 0:05.79
2944 5.3 0.2 0:05.80
2944 0.0 0.2 0:05.80
2944 0.0 0.2 0:05.80
2944 0.0 0.2 0:05.80
2944 0.0 0.2 0:05.80
2944 0.0 0.2 0:05.80
2944 0.0 0.2 0:05.80
2944 0.0 0.2 0:05.80
2944 0.0 0.2 0:05.80
2944 0.0 0.2 0:05.80
2944 0.0 0.2 0:05.80
2944 0.0 0.2 0:05.80
2944 0.0 0.2 0:05.80
2944 0.0 0.2 0:05.80
2944 0.0 0.2 0:05.80
2944 0.0 0.2 0:05.80
2944 0.0 0.2 0:05.80
2944 0.0 0.2 0:05.80
2944 0.0 0.2 0:05.80
2944 0.0 0.2 0:05.80
2944 0.0 0.2 0:05.80
2944 0.0 0.2 0:05.80
2944 0.0 0.2 0:05.80
2944 0.0 0.2 0:05.80
2944 0.0 0.2 0:05.80
2944 0.0 0.2 0:05.80
2944 0.0 0.2 0:05.81
2944 0.0 0.2 0:05.81
2944 0.0 0.2 0:05.81
2944 0.0 0.2 0:05.81
2944 0.0 0.2 0:05.81
2944 0.0 0.2 0:05.81
2944 0.0 0.2 0:05.81
2944 0.0 0.2 0:05.81
2944 0.0 0.2 0:05.81
2944 0.0 0.2 0:05.81
2944 0.0 0.2 0:05.81
2944 0.0 0.2 0:05.82
2944 0.0 0.2 0:05.82
