2944 5.6 0.2 0:09.32
2944 0.0 0.2 0:09.36
2944 0.0 0.2 0:09.38
2944 0.0 0.2 0:09.41
2944 0.0 0.2 0:09.42
2944 0.0 0.2 0:09.44
2944 0.0 0.2 0:09.45
2944 0.0 0.2 0:09.45
2944 0.0 0.2 0:09.45
2944 0.0 0.2 0:09.45
2944 0.0 0.2 0:09.45
2944 0.0 0.2 0:09.45
2944 0.0 0.2 0:09.45
2944 0.0 0.2 0:09.45
2944 0.0 0.2 0:09.45
2944 0.0 0.2 0:09.45
2944 5.6 0.2 0:09.46
2944 0.0 0.2 0:09.46
2944 0.0 0.2 0:09.46
2944 0.0 0.2 0:09.46
2944 0.0 0.2 0:09.46
2944 0.0 0.2 0:09.46
2944 0.0 0.2 0:09.46
2944 0.0 0.2 0:09.46
2944 0.0 0.2 0:09.46
2944 0.0 0.2 0:09.46
2944 0.0 0.2 0:09.46
2944 0.0 0.2 0:09.46
2944 0.0 0.2 0:09.46
2944 0.0 0.2 0:09.46
2944 0.0 0.2 0:09.46
2944 0.0 0.2 0:09.46
2944 0.0 0.2 0:09.46
2944 0.0 0.2 0:09.46
2944 0.0 0.2 0:09.46
2944 0.0 0.2 0:09.46
2944 0.0 0.2 0:09.46
2944 0.0 0.2 0:09.47
2944 0.0 0.2 0:09.47
2944 0.0 0.2 0:09.47
2944 0.0 0.2 0:09.47
2944 0.0 0.2 0:09.47
2944 0.0 0.2 0:09.47
2944 0.0 0.2 0:09.47
2944 0.0 0.2 0:09.47
22944 4.2 0.0 0:00.01
2944 0.0 0.2 0:09.47
2944 0.0 0.2 0:09.47
2944 0.0 0.2 0:09.47
2944 0.0 0.2 0:09.47
2944 0.0 0.2 0:09.47
2944 0.0 0.2 0:09.47
2944 0.0 0.2 0:09.47
2944 0.0 0.2 0:09.47
2944 0.0 0.2 0:09.47
2944 0.0 0.2 0:09.47
2944 0.0 0.2 0:09.47
2944 0.0 0.2 0:09.47
2944 0.0 0.2 0:09.47
2944 0.0 0.2 0:09.47
2944 0.0 0.2 0:09.48
2944 0.0 0.2 0:09.48
2944 0.0 0.2 0:09.48
2944 0.0 0.2 0:09.48
2944 0.0 0.2 0:09.48
2944 0.0 0.2 0:09.48
2944 0.0 0.2 0:09.48
2944 0.0 0.2 0:09.48
2944 0.0 0.2 0:09.48
2944 0.0 0.2 0:09.48
2944 0.0 0.2 0:09.48
2944 0.0 0.2 0:09.48
2944 0.0 0.2 0:09.48
2944 0.0 0.2 0:09.48
2944 0.0 0.2 0:09.48
2944 0.0 0.2 0:09.48
2944 0.0 0.2 0:09.48
2944 0.0 0.2 0:09.48
2944 0.0 0.2 0:09.50
2944 0.0 0.2 0:09.50
2944 0.0 0.2 0:09.50
2944 0.0 0.2 0:09.50
2944 0.0 0.2 0:09.50
2944 0.0 0.2 0:09.50
2944 0.0 0.2 0:09.50
2944 0.0 0.2 0:09.50
2944 0.0 0.2 0:09.50
2944 0.0 0.2 0:09.50
2944 0.0 0.2 0:09.50
2944 0.0 0.2 0:09.50
2944 0.0 0.2 0:09.50
2944 0.0 0.2 0:09.50
2944 0.0 0.2 0:09.50
2944 0.0 0.2 0:09.50
2944 0.0 0.2 0:09.50
2944 0.0 0.2 0:09.50
2944 0.0 0.2 0:09.51
2944 0.0 0.2 0:09.51
2944 0.0 0.2 0:09.51
2944 0.0 0.2 0:09.51
2944 0.0 0.2 0:09.51
2944 0.0 0.2 0:09.51
2944 0.0 0.2 0:09.51
2944 0.0 0.2 0:09.51
2944 0.0 0.2 0:09.51
2944 0.0 0.2 0:09.51
2944 0.0 0.2 0:09.51
2944 0.0 0.2 0:09.51
