2944 9.1 0.2 0:05.85
2944 0.0 0.2 0:05.95
2944 5.6 0.2 0:06.04
2944 4.8 0.2 0:06.08
2944 5.6 0.2 0:06.12
2944 0.0 0.2 0:06.13
2944 0.0 0.2 0:06.13
2944 0.0 0.2 0:06.14
2944 0.0 0.2 0:06.14
2944 0.0 0.2 0:06.14
2944 0.0 0.2 0:06.14
2944 0.0 0.2 0:06.14
2944 0.0 0.2 0:06.14
2944 0.0 0.2 0:06.14
2944 0.0 0.2 0:06.14
2944 0.0 0.2 0:06.14
2944 0.0 0.2 0:06.14
2944 0.0 0.2 0:06.15
2944 0.0 0.2 0:06.15
2944 0.0 0.2 0:06.15
2944 0.0 0.2 0:06.15
2944 0.0 0.2 0:06.15
2944 0.0 0.2 0:06.15
2944 0.0 0.2 0:06.15
2944 0.0 0.2 0:06.15
2944 0.0 0.2 0:06.15
2944 0.0 0.2 0:06.16
2944 0.0 0.2 0:06.16
2944 0.0 0.2 0:06.16
2944 0.0 0.2 0:06.16
2944 0.0 0.2 0:06.16
2944 0.0 0.2 0:06.16
2944 0.0 0.2 0:06.16
2944 0.0 0.2 0:06.16
2944 0.0 0.2 0:06.16
2944 5.6 0.2 0:06.17
2944 0.0 0.2 0:06.17
2944 0.0 0.2 0:06.17
2944 0.0 0.2 0:06.17
2944 0.0 0.2 0:06.17
2944 0.0 0.2 0:06.17
2944 0.0 0.2 0:06.17
2944 0.0 0.2 0:06.17
2944 0.0 0.2 0:06.17
2944 0.0 0.2 0:06.17
2944 0.0 0.2 0:06.17
2944 0.0 0.2 0:06.17
2944 0.0 0.2 0:06.17
2944 0.0 0.2 0:06.17
2944 0.0 0.2 0:06.17
2944 0.0 0.2 0:06.17
2944 0.0 0.2 0:06.17
2944 0.0 0.2 0:06.17
2944 0.0 0.2 0:06.17
2944 0.0 0.2 0:06.17
2944 0.0 0.2 0:06.17
2944 0.0 0.2 0:06.17
2944 0.0 0.2 0:06.17
2944 0.0 0.2 0:06.17
2944 0.0 0.2 0:06.18
2944 0.0 0.2 0:06.18
2944 0.0 0.2 0:06.18
2944 0.0 0.2 0:06.18
2944 0.0 0.2 0:06.18
2944 0.0 0.2 0:06.18
2944 0.0 0.2 0:06.18
2944 0.0 0.2 0:06.18
2944 0.0 0.2 0:06.19
2944 0.0 0.2 0:06.19
2944 0.0 0.2 0:06.19
2944 0.0 0.2 0:06.19
2944 0.0 0.2 0:06.19
2944 0.0 0.2 0:06.19
2944 0.0 0.2 0:06.19
2944 0.0 0.2 0:06.19
2944 0.0 0.2 0:06.20
2944 0.0 0.2 0:06.20
2944 0.0 0.2 0:06.20
2944 0.0 0.2 0:06.20
2944 0.0 0.2 0:06.20
2944 0.0 0.2 0:06.20
2944 0.0 0.2 0:06.20
2944 0.0 0.2 0:06.20
2944 0.0 0.2 0:06.20
2944 0.0 0.2 0:06.20
2944 0.0 0.2 0:06.20
2944 0.0 0.2 0:06.20
2944 0.0 0.2 0:06.20
2944 0.0 0.2 0:06.20
2944 0.0 0.2 0:06.20
2944 0.0 0.2 0:06.20
2944 0.0 0.2 0:06.20
2944 0.0 0.2 0:06.20
2944 0.0 0.2 0:06.20
2944 0.0 0.2 0:06.20
2944 0.0 0.2 0:06.20
2944 0.0 0.2 0:06.20
2944 0.0 0.2 0:06.20
2944 0.0 0.2 0:06.20
2944 0.0 0.2 0:06.20
2944 0.0 0.2 0:06.20
2944 0.0 0.2 0:06.20
2944 0.0 0.2 0:06.20
2944 0.0 0.2 0:06.20
2944 0.0 0.2 0:06.20
2944 0.0 0.2 0:06.20
2944 0.0 0.2 0:06.20
2944 0.0 0.2 0:06.20
2944 0.0 0.2 0:06.20
2944 0.0 0.2 0:06.20
2944 0.0 0.2 0:06.20
2944 4.5 0.2 0:06.21
2944 0.0 0.2 0:06.21
2944 0.0 0.2 0:06.21
2944 0.0 0.2 0:06.21
2944 0.0 0.2 0:06.21
2944 0.0 0.2 0:06.21
2944 0.0 0.2 0:06.22
2944 0.0 0.2 0:06.22
2944 0.0 0.2 0:06.22
2944 0.0 0.2 0:06.22
2944 0.0 0.2 0:06.22
2944 0.0 0.2 0:06.22
2944 0.0 0.2 0:06.22
2944 0.0 0.2 0:06.22
2944 0.0 0.2 0:06.22
2944 0.0 0.2 0:06.22
2944 0.0 0.2 0:06.22
2944 0.0 0.2 0:06.22
2944 0.0 0.2 0:06.22
2944 0.0 0.2 0:06.22
2944 0.0 0.2 0:06.22
2944 0.0 0.2 0:06.22
2944 0.0 0.2 0:06.22
2944 0.0 0.2 0:06.22
2944 0.0 0.2 0:06.23
2944 0.0 0.2 0:06.23
2944 0.0 0.2 0:06.23
2944 0.0 0.2 0:06.23
2944 0.0 0.2 0:06.23
2944 0.0 0.2 0:06.23
2944 0.0 0.2 0:06.23
2944 0.0 0.2 0:06.23
2944 0.0 0.2 0:06.23
2944 0.0 0.2 0:06.23
2944 0.0 0.2 0:06.23
