2944 0.0 0.2 0:09.12
2944 0.0 0.2 0:09.17
2944 0.0 0.2 0:09.19
2944 0.0 0.2 0:09.19
2944 0.0 0.2 0:09.20
2944 0.0 0.2 0:09.21
2944 0.0 0.2 0:09.21
2944 0.0 0.2 0:09.22
2944 0.0 0.2 0:09.23
2944 0.0 0.2 0:09.23
2944 0.0 0.2 0:09.23
2944 0.0 0.2 0:09.23
2944 0.0 0.2 0:09.23
2944 0.0 0.2 0:09.23
2944 0.0 0.2 0:09.24
2944 0.0 0.2 0:09.24
2944 0.0 0.2 0:09.24
2944 0.0 0.2 0:09.24
2944 0.0 0.2 0:09.24
2944 0.0 0.2 0:09.24
2944 0.0 0.2 0:09.24
2944 0.0 0.2 0:09.24
2944 0.0 0.2 0:09.24
2944 0.0 0.2 0:09.24
2944 0.0 0.2 0:09.24
2944 0.0 0.2 0:09.24
2944 0.0 0.2 0:09.24
2944 0.0 0.2 0:09.24
2944 5.3 0.2 0:09.25
2944 0.0 0.2 0:09.25
2944 0.0 0.2 0:09.25
2944 0.0 0.2 0:09.25
2944 0.0 0.2 0:09.25
2944 0.0 0.2 0:09.25
2944 0.0 0.2 0:09.25
2944 0.0 0.2 0:09.25
2944 0.0 0.2 0:09.25
2944 0.0 0.2 0:09.25
2944 0.0 0.2 0:09.25
2944 0.0 0.2 0:09.25
2944 0.0 0.2 0:09.25
2944 0.0 0.2 0:09.25
2944 0.0 0.2 0:09.25
2944 0.0 0.2 0:09.25
2944 0.0 0.2 0:09.25
2944 0.0 0.2 0:09.25
2944 0.0 0.2 0:09.26
2944 0.0 0.2 0:09.26
2944 0.0 0.2 0:09.26
2944 0.0 0.2 0:09.26
2944 0.0 0.2 0:09.26
2944 0.0 0.2 0:09.26
2944 0.0 0.2 0:09.26
2944 0.0 0.2 0:09.26
2944 0.0 0.2 0:09.26
2944 0.0 0.2 0:09.26
2944 0.0 0.2 0:09.26
2944 0.0 0.2 0:09.26
2944 0.0 0.2 0:09.26
2944 0.0 0.2 0:09.26
2944 0.0 0.2 0:09.26
2944 0.0 0.2 0:09.26
2944 0.0 0.2 0:09.26
2944 0.0 0.2 0:09.26
2944 0.0 0.2 0:09.26
2944 0.0 0.2 0:09.26
2944 0.0 0.2 0:09.26
2944 0.0 0.2 0:09.26
2944 0.0 0.2 0:09.26
2944 0.0 0.2 0:09.26
2944 0.0 0.2 0:09.26
2944 0.0 0.2 0:09.26
2944 0.0 0.2 0:09.26
2944 0.0 0.2 0:09.26
2944 0.0 0.2 0:09.26
2944 0.0 0.2 0:09.26
2944 0.0 0.2 0:09.27
2944 0.0 0.2 0:09.27
2944 0.0 0.2 0:09.27
2944 0.0 0.2 0:09.27
2944 0.0 0.2 0:09.27
2944 0.0 0.2 0:09.27
2944 0.0 0.2 0:09.27
2944 0.0 0.2 0:09.27
2944 0.0 0.2 0:09.27
2944 0.0 0.2 0:09.27
2944 0.0 0.2 0:09.27
2944 0.0 0.2 0:09.27
2944 0.0 0.2 0:09.27
2944 0.0 0.2 0:09.27
2944 0.0 0.2 0:09.27
2944 0.0 0.2 0:09.27
2944 0.0 0.2 0:09.27
2944 0.0 0.2 0:09.27
2944 0.0 0.2 0:09.27
2944 0.0 0.2 0:09.28
2944 0.0 0.2 0:09.28
2944 0.0 0.2 0:09.28
2944 0.0 0.2 0:09.28
2944 0.0 0.2 0:09.28
2944 0.0 0.2 0:09.28
2944 0.0 0.2 0:09.28
2944 0.0 0.2 0:09.28
2944 0.0 0.2 0:09.28
2944 0.0 0.2 0:09.28
2944 0.0 0.2 0:09.28
2944 0.0 0.2 0:09.28
