2944 5.3 0.2 0:11.21
2944 0.0 0.2 0:11.24
2944 0.0 0.2 0:11.24
2944 0.0 0.2 0:11.24
2944 0.0 0.2 0:11.24
2944 0.0 0.2 0:11.24
2944 0.0 0.2 0:11.24
2944 0.0 0.2 0:11.24
2944 0.0 0.2 0:11.24
2944 0.0 0.2 0:11.24
2944 0.0 0.2 0:11.24
2944 0.0 0.2 0:11.24
2944 0.0 0.2 0:11.24
2944 0.0 0.2 0:11.24
2944 0.0 0.2 0:11.24
2944 0.0 0.2 0:11.24
2944 0.0 0.2 0:11.24
2944 0.0 0.2 0:11.24
2944 0.0 0.2 0:11.24
2944 0.0 0.2 0:11.24
2944 0.0 0.2 0:11.24
2944 0.0 0.2 0:11.24
2944 0.0 0.2 0:11.24
2944 0.0 0.2 0:11.26
2944 0.0 0.2 0:11.26
2944 0.0 0.2 0:11.26
2944 0.0 0.2 0:11.26
2944 0.0 0.2 0:11.26
2944 0.0 0.2 0:11.26
2944 0.0 0.2 0:11.26
2944 0.0 0.2 0:11.26
2944 0.0 0.2 0:11.26
2944 0.0 0.2 0:11.26
2944 0.0 0.2 0:11.26
2944 0.0 0.2 0:11.26
2944 0.0 0.2 0:11.26
2944 0.0 0.2 0:11.26
2944 0.0 0.2 0:11.26
2944 0.0 0.2 0:11.26
2944 0.0 0.2 0:11.26
2944 0.0 0.2 0:11.26
2944 0.0 0.2 0:11.26
2944 0.0 0.2 0:11.26
2944 0.0 0.2 0:11.26
2944 0.0 0.2 0:11.26
2944 0.0 0.2 0:11.26
2944 4.8 0.2 0:11.27
2944 0.0 0.2 0:11.27
2944 0.0 0.2 0:11.27
2944 0.0 0.2 0:11.27
2944 0.0 0.2 0:11.27
2944 0.0 0.2 0:11.27
2944 0.0 0.2 0:11.27
2944 0.0 0.2 0:11.27
2944 0.0 0.2 0:11.27
2944 0.0 0.2 0:11.27
2944 0.0 0.2 0:11.27
2944 0.0 0.2 0:11.27
2944 0.0 0.2 0:11.27
2944 0.0 0.2 0:11.27
2944 0.0 0.2 0:11.27
2944 0.0 0.2 0:11.27
2944 0.0 0.2 0:11.27
2944 0.0 0.2 0:11.27
2944 0.0 0.2 0:11.27
2944 0.0 0.2 0:11.27
2944 0.0 0.2 0:11.27
2944 0.0 0.2 0:11.27
2944 0.0 0.2 0:11.27
2944 0.0 0.2 0:11.27
2944 0.0 0.2 0:11.27
2944 0.0 0.2 0:11.27
2944 0.0 0.2 0:11.27
2944 0.0 0.2 0:11.27
2944 0.0 0.2 0:11.27
2944 0.0 0.2 0:11.27
2944 0.0 0.2 0:11.27
2944 0.0 0.2 0:11.27
2944 0.0 0.2 0:11.28
2944 0.0 0.2 0:11.28
2944 0.0 0.2 0:11.28
2944 0.0 0.2 0:11.28
2944 0.0 0.2 0:11.28
2944 0.0 0.2 0:11.28
