3660 22.2 0.1 2:19.02
3660 35.0 0.1 2:19.36
3660 33.3 0.1 2:19.80
3660 42.1 0.1 2:20.22
3660 36.8 0.1 2:20.66
3660 36.8 0.1 2:21.04
3660 42.1 0.1 2:21.48
3660 27.8 0.1 2:21.89
3660 40.0 0.1 2:22.28
3660 28.6 0.1 2:22.64
3660 25.0 0.1 2:23.00
3660 36.8 0.1 2:23.40
3660 30.0 0.1 2:23.80
3660 31.6 0.1 2:24.17
3660 35.0 0.1 2:24.57
3660 36.8 0.1 2:24.94
3660 31.6 0.1 2:25.31
3660 36.8 0.1 2:25.70
3660 33.3 0.1 2:26.11
3660 26.3 0.1 2:26.53
3660 38.9 0.1 2:26.92
3660 31.6 0.1 2:27.32
3660 31.6 0.1 2:27.71
3660 30.0 0.1 2:28.10
3660 28.6 0.1 2:28.50
3660 40.0 0.1 2:28.89
3660 36.8 0.1 2:29.28
3660 30.0 0.1 2:29.71
3660 33.3 0.1 2:30.09
23660 15.8 0.1 0:00.06
3660 38.9 0.1 2:30.91
3660 27.3 0.1 2:31.32
3660 35.0 0.1 2:31.65
3660 31.6 0.1 2:32.06
3660 25.0 0.1 2:32.45
3660 31.6 0.1 2:32.85
3660 36.8 0.1 2:33.22
3660 30.0 0.1 2:33.59
3660 44.4 0.1 2:33.96
3660 36.8 0.1 2:34.37
3660 5.6 0.1 2:34.71
3660 5.3 0.1 2:34.95
3660 0.0 0.1 2:34.97
3660 0.0 0.1 2:34.97
3660 0.0 0.1 2:34.97
3660 0.0 0.1 2:34.97
3660 0.0 0.1 2:34.97
3660 0.0 0.1 2:34.97
3660 0.0 0.1 2:34.97
3660 0.0 0.1 2:34.97
3660 0.0 0.1 2:34.97
3660 0.0 0.1 2:34.97
3660 0.0 0.1 2:34.97
3660 0.0 0.1 2:34.97
3660 0.0 0.1 2:34.97
3660 0.0 0.1 2:34.97
3660 0.0 0.1 2:34.97
3660 0.0 0.1 2:34.97
3660 0.0 0.1 2:34.97
3660 0.0 0.1 2:34.97
3660 0.0 0.1 2:34.97
3660 0.0 0.1 2:34.97
3660 0.0 0.1 2:34.97
3660 0.0 0.1 2:34.97
3660 0.0 0.1 2:34.97
3660 0.0 0.1 2:34.97
3660 0.0 0.1 2:34.97
3660 0.0 0.1 2:34.97
3660 0.0 0.1 2:34.97
3660 0.0 0.1 2:34.97
3660 0.0 0.1 2:34.97
3660 0.0 0.1 2:34.97
3660 0.0 0.1 2:34.97
3660 0.0 0.1 2:34.97
3660 0.0 0.1 2:34.97
3660 0.0 0.1 2:34.97
3660 0.0 0.1 2:34.97
3660 0.0 0.1 2:34.97
3660 0.0 0.1 2:34.97
3660 0.0 0.1 2:34.97
3660 0.0 0.1 2:34.97
3660 0.0 0.1 2:34.97
