3661 5.3 0.1 1:26.98
3661 23.8 0.1 1:27.16
3661 15.0 0.1 1:27.32
3661 10.0 0.1 1:27.47
3661 15.8 0.1 1:27.64
3661 10.5 0.1 1:27.78
3661 10.0 0.1 1:27.91
3661 15.8 0.1 1:28.09
3661 20.0 0.1 1:28.30
3661 9.5 0.1 1:28.44
3661 9.1 0.1 1:28.58
3661 10.0 0.1 1:28.75
3661 15.0 0.1 1:28.91
3661 13.0 0.1 1:29.09
3661 8.0 0.1 1:29.24
3661 10.5 0.1 1:29.47
3661 11.5 0.1 1:29.65
3661 11.1 0.1 1:29.81
3661 15.8 0.1 1:30.02
3661 15.8 0.1 1:30.21
3661 10.5 0.1 1:30.40
3661 10.5 0.1 1:30.56
3661 10.5 0.1 1:30.77
3661 21.1 0.1 1:30.99
3661 17.4 0.1 1:31.20
3661 16.7 0.1 1:31.36
3661 22.2 0.1 1:31.55
3661 5.0 0.1 1:31.73
3661 19.0 0.1 1:31.90
3661 4.8 0.1 1:32.05
3661 15.8 0.1 1:32.24
3661 16.7 0.1 1:32.43
3661 15.8 0.1 1:32.62
3661 11.1 0.1 1:32.77
3661 10.5 0.1 1:32.95
3661 15.8 0.1 1:33.12
3661 21.1 0.1 1:33.38
3661 10.5 0.1 1:33.53
3661 0.0 0.1 1:33.66
3661 20.0 0.1 1:33.88
3661 15.8 0.1 1:34.04
3661 0.0 0.1 1:34.05
3661 0.0 0.1 1:34.05
3661 0.0 0.1 1:34.05
3661 0.0 0.1 1:34.05
3661 0.0 0.1 1:34.05
3661 0.0 0.1 1:34.05
3661 0.0 0.1 1:34.05
3661 0.0 0.1 1:34.05
3661 0.0 0.1 1:34.05
3661 0.0 0.1 1:34.05
3661 0.0 0.1 1:34.05
3661 0.0 0.1 1:34.05
3661 0.0 0.1 1:34.05
3661 0.0 0.1 1:34.05
3661 0.0 0.1 1:34.05
3661 0.0 0.1 1:34.05
3661 0.0 0.1 1:34.05
3661 0.0 0.1 1:34.05
3661 0.0 0.1 1:34.05
3661 0.0 0.1 1:34.05
3661 0.0 0.1 1:34.05
3661 0.0 0.1 1:34.05
3661 0.0 0.1 1:34.05
3661 0.0 0.1 1:34.05
3661 0.0 0.1 1:34.05
3661 0.0 0.1 1:34.05
3661 0.0 0.1 1:34.05
3661 0.0 0.1 1:34.05
3661 0.0 0.1 1:34.05
3661 0.0 0.1 1:34.05
3661 0.0 0.1 1:34.05
3661 0.0 0.1 1:34.05
3661 0.0 0.1 1:34.05
3661 0.0 0.1 1:34.05
3661 0.0 0.1 1:34.05
3661 0.0 0.1 1:34.05
3661 0.0 0.1 1:34.05
3661 0.0 0.1 1:34.05
3661 0.0 0.1 1:34.05
3661 0.0 0.1 1:34.05
3661 0.0 0.1 1:34.05
