3663 5.3 0.1 0:12.09
3663 0.0 0.1 0:12.10
3663 0.0 0.1 0:12.12
3663 0.0 0.1 0:12.12
3663 0.0 0.1 0:12.12
3663 5.3 0.1 0:12.13
3663 0.0 0.1 0:12.13
3663 0.0 0.1 0:12.14
3663 0.0 0.1 0:12.14
3663 0.0 0.1 0:12.14
3663 4.8 0.1 0:12.16
3663 0.0 0.1 0:12.16
3663 4.5 0.1 0:12.18
3663 0.0 0.1 0:12.18
3663 0.0 0.1 0:12.19
3663 0.0 0.1 0:12.19
3663 0.0 0.1 0:12.20
3663 5.0 0.1 0:12.21
3663 4.0 0.1 0:12.22
3663 5.6 0.1 0:12.23
3663 5.6 0.1 0:12.24
3663 5.9 0.1 0:12.25
3663 0.0 0.1 0:12.26
3663 0.0 0.1 0:12.26
3663 5.6 0.1 0:12.28
3663 0.0 0.1 0:12.30
3663 0.0 0.1 0:12.30
3663 0.0 0.1 0:12.30
3663 0.0 0.1 0:12.30
3663 0.0 0.1 0:12.30
3663 0.0 0.1 0:12.30
3663 0.0 0.1 0:12.30
3663 0.0 0.1 0:12.30
3663 0.0 0.1 0:12.30
3663 0.0 0.1 0:12.30
3663 0.0 0.1 0:12.30
3663 0.0 0.1 0:12.30
3663 0.0 0.1 0:12.30
3663 0.0 0.1 0:12.30
3663 0.0 0.1 0:12.30
3663 0.0 0.1 0:12.30
3663 0.0 0.1 0:12.30
3663 0.0 0.1 0:12.30
3663 0.0 0.1 0:12.30
3663 0.0 0.1 0:12.30
3663 0.0 0.1 0:12.30
3663 0.0 0.1 0:12.30
3663 0.0 0.1 0:12.30
3663 0.0 0.1 0:12.30
3663 0.0 0.1 0:12.30
3663 0.0 0.1 0:12.30
3663 0.0 0.1 0:12.30
3663 0.0 0.1 0:12.30
3663 0.0 0.1 0:12.30
3663 0.0 0.1 0:12.30
3663 0.0 0.1 0:12.30
3663 0.0 0.1 0:12.30
3663 0.0 0.1 0:12.30
3663 0.0 0.1 0:12.30
3663 0.0 0.1 0:12.30
3663 0.0 0.1 0:12.30
3663 0.0 0.1 0:12.30
3663 0.0 0.1 0:12.30
3663 0.0 0.1 0:12.30
3663 0.0 0.1 0:12.30
3663 0.0 0.1 0:12.30
3663 0.0 0.1 0:12.30
3663 0.0 0.1 0:12.30
3663 0.0 0.1 0:12.30
