3663 10.5 0.1 0:09.16
3663 0.0 0.1 0:09.19
3663 0.0 0.1 0:09.20
3663 0.0 0.1 0:09.22
3663 0.0 0.1 0:09.22
3663 0.0 0.1 0:09.22
3663 0.0 0.1 0:09.24
3663 0.0 0.1 0:09.24
3663 0.0 0.1 0:09.26
3663 5.6 0.1 0:09.27
3663 0.0 0.1 0:09.28
3663 0.0 0.1 0:09.28
3663 5.6 0.1 0:09.30
3663 0.0 0.1 0:09.32
3663 5.6 0.1 0:09.34
3663 0.0 0.1 0:09.34
3663 0.0 0.1 0:09.35
3663 0.0 0.1 0:09.37
3663 4.8 0.1 0:09.40
3663 0.0 0.1 0:09.41
3663 0.0 0.1 0:09.42
3663 0.0 0.1 0:09.44
3663 0.0 0.1 0:09.46
3663 5.6 0.1 0:09.47
3663 0.0 0.1 0:09.48
3663 0.0 0.1 0:09.49
3663 5.6 0.1 0:09.51
3663 5.0 0.1 0:09.52
3663 5.3 0.1 0:09.54
23663 0.0 0.1 0:00.00
3663 0.0 0.1 0:09.57
3663 0.0 0.1 0:09.59
3663 0.0 0.1 0:09.60
3663 5.0 0.1 0:09.61
3663 5.6 0.1 0:09.63
3663 0.0 0.1 0:09.63
3663 0.0 0.1 0:09.64
3663 0.0 0.1 0:09.65
3663 0.0 0.1 0:09.67
3663 0.0 0.1 0:09.67
3663 0.0 0.1 0:09.68
3663 0.0 0.1 0:09.69
3663 0.0 0.1 0:09.69
3663 0.0 0.1 0:09.69
3663 0.0 0.1 0:09.69
3663 0.0 0.1 0:09.69
3663 0.0 0.1 0:09.69
3663 0.0 0.1 0:09.69
3663 0.0 0.1 0:09.69
3663 0.0 0.1 0:09.69
3663 0.0 0.1 0:09.69
3663 0.0 0.1 0:09.69
3663 0.0 0.1 0:09.69
3663 0.0 0.1 0:09.69
3663 0.0 0.1 0:09.69
3663 0.0 0.1 0:09.69
3663 0.0 0.1 0:09.69
3663 0.0 0.1 0:09.69
3663 0.0 0.1 0:09.69
3663 0.0 0.1 0:09.69
3663 0.0 0.1 0:09.69
3663 0.0 0.1 0:09.69
3663 0.0 0.1 0:09.69
3663 0.0 0.1 0:09.69
3663 0.0 0.1 0:09.69
3663 0.0 0.1 0:09.69
3663 0.0 0.1 0:09.69
3663 0.0 0.1 0:09.69
3663 0.0 0.1 0:09.69
3663 0.0 0.1 0:09.69
3663 0.0 0.1 0:09.69
3663 0.0 0.1 0:09.69
3663 0.0 0.1 0:09.69
3663 0.0 0.1 0:09.69
3663 0.0 0.1 0:09.69
3663 0.0 0.1 0:09.69
3663 0.0 0.1 0:09.69
3663 0.0 0.1 0:09.69
3663 0.0 0.1 0:09.69
3663 0.0 0.1 0:09.69
3663 0.0 0.1 0:09.69
3663 0.0 0.1 0:09.69
