2924 0.0 0.0 0:00.00
2924 0.0 0.0 0:00.00
2924 0.0 0.0 0:00.00
2924 0.0 0.0 0:00.00
2924 0.0 0.0 0:00.00
2924 0.0 0.0 0:00.00
2924 0.0 0.0 0:00.00
2924 0.0 0.0 0:00.00
2924 0.0 0.0 0:00.00
2924 0.0 0.0 0:00.00
2924 0.0 0.0 0:00.00
2924 0.0 0.0 0:00.00
2924 0.0 0.0 0:00.00
2924 0.0 0.0 0:00.00
2924 0.0 0.0 0:00.00
2924 0.0 0.0 0:00.00
2924 0.0 0.0 0:00.00
2924 0.0 0.0 0:00.00
2924 0.0 0.0 0:00.00
2924 0.0 0.0 0:00.00
2924 0.0 0.0 0:00.00
2924 0.0 0.0 0:00.00
2924 0.0 0.0 0:00.00
2924 0.0 0.0 0:00.00
2924 0.0 0.0 0:00.00
2924 0.0 0.0 0:00.00
2924 0.0 0.0 0:00.00
2924 0.0 0.0 0:00.00
2924 0.0 0.0 0:00.00
2924 0.0 0.0 0:00.00
2924 0.0 0.0 0:00.00
2924 0.0 0.0 0:00.00
2924 0.0 0.0 0:00.00
2924 0.0 0.0 0:00.00
2924 0.0 0.0 0:00.00
2924 0.0 0.0 0:00.00
2924 0.0 0.0 0:00.00
2924 0.0 0.0 0:00.00
2924 0.0 0.0 0:00.00
2924 0.0 0.0 0:00.00
2924 0.0 0.0 0:00.00
2924 0.0 0.0 0:00.00
2924 0.0 0.0 0:00.00
2924 0.0 0.0 0:00.00
2924 0.0 0.0 0:00.00
2924 0.0 0.0 0:00.00
2924 0.0 0.0 0:00.00
2924 0.0 0.0 0:00.00
2924 0.0 0.0 0:00.00
2924 0.0 0.0 0:00.00
2924 0.0 0.0 0:00.00
2924 0.0 0.0 0:00.00
2924 0.0 0.0 0:00.00
2924 0.0 0.0 0:00.00
2924 0.0 0.0 0:00.00
2924 0.0 0.0 0:00.00
2924 0.0 0.0 0:00.00
2924 0.0 0.0 0:00.00
2924 0.0 0.0 0:00.00
2924 0.0 0.0 0:00.00
2924 0.0 0.0 0:00.00
2924 0.0 0.0 0:00.00
2924 0.0 0.0 0:00.00
2924 0.0 0.0 0:00.00
2924 0.0 0.0 0:00.00
2924 0.0 0.0 0:00.00
2924 0.0 0.0 0:00.00
22924 5.6 0.0 0:00.01
2924 0.0 0.0 0:00.00
2924 0.0 0.0 0:00.00
2924 0.0 0.0 0:00.00
2924 0.0 0.0 0:00.00
2924 0.0 0.0 0:00.00
2924 0.0 0.0 0:00.00
2924 0.0 0.0 0:00.00
2924 0.0 0.0 0:00.00
2924 0.0 0.0 0:00.00
2924 0.0 0.0 0:00.00
2924 0.0 0.0 0:00.00
2924 0.0 0.0 0:00.00
2924 0.0 0.0 0:00.00
2924 0.0 0.0 0:00.00
2924 0.0 0.0 0:00.00
2924 0.0 0.0 0:00.00
2924 0.0 0.0 0:00.00
2924 0.0 0.0 0:00.00
2924 0.0 0.0 0:00.00
2924 0.0 0.0 0:00.00
2924 0.0 0.0 0:00.00
2924 0.0 0.0 0:00.00
2924 0.0 0.0 0:00.00
2924 0.0 0.0 0:00.00
2924 0.0 0.0 0:00.00
2924 0.0 0.0 0:00.00
