2925 5.3 0.2 15:08.71
2925 5.6 0.2 15:08.75
2925 5.3 0.2 15:08.90
2925 72.2 0.2 15:09.17
2925 16.7 0.2 15:09.36
2925 38.9 0.2 15:09.55
2925 15.8 0.2 15:09.72
2925 11.1 0.2 15:09.85
2925 15.8 0.2 15:10.06
2925 30.0 0.2 15:10.29
2925 38.9 0.2 15:10.51
2925 21.1 0.2 15:10.66
2925 10.5 0.2 15:10.87
2925 15.0 0.2 15:11.10
2925 40.0 0.2 15:11.37
2925 36.8 0.2 15:11.76
2925 26.3 0.2 15:11.96
2925 15.8 0.2 15:12.20
2925 70.0 0.2 15:12.55
2925 33.3 0.2 15:13.11
2925 35.0 0.3 15:13.43
2925 10.5 0.3 15:13.63
2925 15.8 0.3 15:13.88
2925 16.7 0.3 15:14.22
2925 35.0 0.3 15:14.49
2925 20.0 0.3 15:15.12
2925 31.6 0.3 15:15.36
2925 10.0 0.3 15:15.78
2925 15.0 0.3 15:16.02
2925 55.0 0.3 15:16.63
2925 35.0 0.3 15:16.83
2925 15.0 0.3 15:17.05
2925 47.4 0.3 15:17.35
2925 72.2 0.3 15:17.79
2925 36.8 0.3 15:18.08
2925 22.2 0.3 15:18.28
2925 55.0 0.3 15:18.62
2925 22.2 0.3 15:18.88
2925 23.8 0.3 15:19.13
2925 27.8 0.3 15:19.52
2925 44.4 0.3 15:19.78
2925 31.6 0.3 15:20.05
2925 15.8 0.3 15:20.32
2925 26.3 0.3 15:20.84
2925 40.0 0.3 15:21.08
2925 33.3 0.3 15:21.52
2925 11.1 0.3 15:21.94
2925 78.9 0.3 15:22.30
2925 40.0 0.3 15:22.92
2925 15.8 0.3 15:23.18
2925 52.6 0.3 15:23.47
2925 25.0 0.3 15:23.74
2925 26.3 0.3 15:24.01
2925 42.1 0.3 15:24.50
2925 29.2 0.3 15:24.89
2925 26.3 0.3 15:25.16
2925 20.0 0.3 15:25.46
2925 15.0 0.3 15:25.75
2925 26.3 0.3 15:26.01
2925 36.8 0.3 15:26.37
2925 36.8 0.3 15:26.65
2925 31.6 0.3 15:26.90
2925 15.0 0.3 15:27.17
2925 26.3 0.3 15:27.53
2925 45.0 0.3 15:27.85
2925 26.3 0.3 15:28.13
2925 22.2 0.3 15:28.39
2925 33.3 0.3 15:28.68
2925 15.8 0.3 15:28.95
2925 36.8 0.3 15:29.37
2925 15.8 0.3 15:29.87
2925 20.0 0.3 15:30.13
2925 47.4 0.3 15:30.44
2925 21.1 0.3 15:30.72
2925 35.0 0.3 15:31.10
2925 30.0 0.3 15:31.49
2925 31.6 0.3 15:31.74
2925 27.8 0.3 15:31.98
2925 21.1 0.3 15:32.24
2925 27.8 0.3 15:32.50
2925 27.8 0.3 15:32.79
2925 27.8 0.3 15:33.05
2925 21.1 0.2 15:33.32
2925 40.0 0.2 15:33.61
2925 22.2 0.2 15:33.84
2925 19.0 0.2 15:34.11
2925 22.2 0.2 15:34.37
2925 20.0 0.2 15:34.63
2925 27.8 0.2 15:34.89
2925 31.6 0.2 15:35.15
2925 30.0 0.2 15:35.43
2925 31.6 0.2 15:35.69
2925 47.4 0.2 15:35.98
2925 33.3 0.2 15:36.23
2925 21.1 0.2 15:36.49
2925 38.9 0.2 15:36.76
2925 15.8 0.2 15:37.04
2925 20.0 0.2 15:37.31
2925 27.8 0.2 15:37.56
2925 26.3 0.2 15:37.90
2925 27.8 0.2 15:38.15
2925 31.6 0.2 15:38.42
2925 22.2 0.2 15:38.77
2925 28.6 0.2 15:39.02
2925 16.7 0.2 15:39.36
2925 32.1 0.2 15:39.80
2925 20.0 0.2 15:40.05
2925 17.4 0.2 15:40.34
2925 31.6 0.2 15:40.61
2925 35.0 0.2 15:40.90
2925 21.1 0.2 15:41.14
2925 25.0 0.2 15:41.45
2925 55.0 0.2 15:41.77
2925 28.6 0.2 15:42.05
2925 38.9 0.2 15:42.34
2925 44.4 0.2 15:42.66
2925 21.1 0.2 15:42.91
2925 40.0 0.2 15:43.20
2925 38.9 0.2 15:43.50
2925 25.0 0.2 15:43.74
2925 31.6 0.2 15:44.01
2925 36.8 0.2 15:44.29
2925 21.1 0.2 15:44.54
2925 22.2 0.2 15:44.83
2925 21.1 0.2 15:45.15
2925 10.0 0.2 15:45.32
