2925 5.0 0.3 19:58.11
2925 9.5 0.3 19:58.26
2925 21.1 0.3 19:58.47
2925 42.1 0.3 19:58.83
2925 36.8 0.2 19:59.09
2925 55.0 0.3 19:59.39
2925 15.8 0.3 19:59.76
2925 15.0 0.3 19:59.99
2925 21.1 0.3 20:00.25
2925 30.0 0.3 20:00.50
2925 33.3 0.3 20:00.79
2925 25.0 0.3 20:01.18
2925 22.2 0.3 20:01.42
2925 21.1 0.3 20:01.91
2925 57.9 0.3 20:02.25
2925 27.8 0.3 20:02.64
2925 52.6 0.3 20:02.95
2925 50.0 0.3 20:03.33
2925 31.6 0.3 20:03.62
2925 42.1 0.3 20:03.92
2925 42.1 0.3 20:04.20
2925 33.3 0.3 20:04.51
2925 36.8 0.3 20:04.80
2925 30.0 0.3 20:05.07
2925 45.0 0.3 20:05.35
2925 31.6 0.3 20:05.66
2925 47.4 0.3 20:05.91
2925 33.3 0.3 20:06.37
2925 66.7 0.3 20:06.71
2925 44.4 0.3 20:06.99
2925 21.1 0.3 20:07.24
2925 22.2 0.3 20:07.49
2925 47.4 0.3 20:07.78
2925 27.8 0.3 20:08.03
2925 26.3 0.3 20:08.28
2925 31.6 0.3 20:08.60
2925 52.6 0.3 20:08.92
2925 44.4 0.3 20:09.22
2925 21.1 0.3 20:09.45
2925 44.4 0.3 20:09.88
2925 20.0 0.3 20:10.15
2925 27.8 0.3 20:10.40
2925 27.8 0.3 20:10.65
2925 26.3 0.3 20:10.88
2925 38.9 0.3 20:11.18
2925 47.4 0.3 20:11.45
2925 57.9 0.3 20:11.75
2925 47.4 0.3 20:12.04
2925 50.0 0.3 20:12.47
2925 22.2 0.3 20:12.71
2925 47.4 0.3 20:12.99
2925 19.0 0.3 20:13.26
2925 44.4 0.3 20:13.54
2925 50.0 0.3 20:13.85
2925 30.0 0.3 20:14.13
2925 15.8 0.3 20:14.38
12925 0.0 0.0 0:00.00
2925 36.8 0.3 20:14.93
2925 30.0 0.3 20:15.19
2925 26.3 0.3 20:15.42
2925 25.0 0.3 20:15.68
2925 22.7 0.3 20:16.00
2925 26.3 0.3 20:16.26
2925 26.3 0.3 20:16.69
2925 35.0 0.3 20:17.01
2925 42.1 0.3 20:17.34
2925 26.3 0.3 20:17.59
2925 50.0 0.3 20:17.90
2925 42.1 0.3 20:18.17
2925 35.0 0.3 20:18.43
2925 52.6 0.3 20:18.74
2925 31.6 0.3 20:18.99
2925 27.8 0.3 20:19.26
2925 26.3 0.3 20:19.52
2925 42.1 0.3 20:19.86
2925 36.8 0.3 20:20.13
2925 22.2 0.3 20:20.38
2925 45.0 0.3 20:20.67
2925 31.6 0.3 20:20.92
2925 15.8 0.3 20:21.20
2925 31.6 0.3 20:21.50
2925 30.0 0.3 20:21.78
2925 25.0 0.3 20:22.07
2925 36.8 0.3 20:22.51
2925 26.3 0.3 20:22.77
2925 21.1 0.3 20:23.04
2925 31.6 0.3 20:23.35
2925 31.6 0.3 20:23.61
2925 21.1 0.3 20:23.85
2925 26.3 0.3 20:24.11
2925 42.1 0.3 20:24.54
2925 28.6 0.3 20:24.78
2925 31.6 0.3 20:25.06
2925 30.0 0.3 20:25.35
2925 0.0 0.3 20:25.44
