2925 0.0 0.3 8:35.93
2925 0.0 0.3 8:35.93
2925 10.0 0.3 8:36.12
2925 10.5 0.3 8:36.21
2925 5.0 0.3 8:36.37
2925 26.3 0.3 8:36.56
2925 15.8 0.3 8:36.70
2925 3.0 0.2 8:36.87
2925 10.5 0.2 8:36.99
2925 10.0 0.2 8:37.18
2925 21.1 0.2 8:37.53
2925 5.0 0.2 8:37.67
2925 42.1 0.2 8:37.83
2925 15.8 0.3 8:38.01
2925 40.0 0.3 8:38.36
2925 11.1 0.3 8:38.51
2925 42.1 0.3 8:38.93
2925 15.8 0.3 8:39.12
2925 50.0 0.3 8:39.51
2925 21.1 0.3 8:39.81
2925 31.6 0.3 8:40.13
2925 15.8 0.3 8:40.40
2925 15.8 0.3 8:40.69
2925 26.3 0.3 8:40.92
2925 16.7 0.3 8:41.21
2925 21.1 0.3 8:41.93
2925 31.6 0.3 8:42.28
2925 27.8 0.3 8:42.52
2925 52.6 0.3 8:42.84
2925 31.6 0.3 8:43.36
2925 15.8 0.3 8:43.61
2925 26.3 0.3 8:43.87
2925 15.8 0.3 8:44.12
2925 66.7 0.3 8:44.52
2925 38.9 0.3 8:45.30
2925 18.2 0.3 8:45.59
2925 50.0 0.3 8:45.93
2925 31.6 0.3 8:46.22
2925 21.1 0.3 8:46.73
2925 10.5 0.3 8:47.02
2925 31.6 0.3 8:47.25
2925 15.0 0.3 8:47.53
2925 30.0 0.3 8:47.98
2925 15.8 0.3 8:48.22
2925 25.0 0.3 8:48.46
2925 10.5 0.3 8:48.68
2925 33.3 0.3 8:48.98
2925 10.0 0.3 8:49.32
2925 36.8 0.3 8:49.61
2925 52.6 0.3 8:49.89
2925 30.0 0.3 8:50.19
2925 35.0 0.3 8:50.74
2925 15.0 0.3 8:51.02
2925 21.1 0.3 8:51.23
2925 21.1 0.3 8:51.51
2925 31.6 0.3 8:51.73
2925 15.0 0.3 8:52.04
2925 21.7 0.3 8:52.29
2925 14.3 0.3 8:52.54
2925 28.6 0.3 8:52.86
2925 35.0 0.3 8:53.44
2925 57.9 0.3 8:53.80
2925 21.1 0.3 8:54.05
2925 61.5 0.3 8:54.53
2925 35.0 0.3 8:54.79
2925 26.3 0.3 8:55.07
2925 31.6 0.3 8:55.50
2925 20.0 0.3 8:55.75
2925 25.0 0.3 8:56.04
2925 26.3 0.3 8:56.32
2925 38.9 0.3 8:56.58
2925 42.1 0.3 8:56.85
2925 30.0 0.3 8:57.11
2925 38.9 0.3 8:57.37
2925 21.1 0.3 8:57.67
2925 20.0 0.3 8:57.89
2925 19.0 0.3 8:58.16
2925 21.1 0.3 8:58.46
2925 36.8 0.3 8:58.75
2925 26.3 0.3 8:59.00
2925 21.1 0.3 8:59.28
2925 21.1 0.3 8:59.51
2925 33.3 0.3 8:59.82
2925 42.1 0.3 9:00.30
2925 36.8 0.3 9:00.58
2925 30.0 0.3 9:00.86
2925 21.1 0.3 9:01.12
2925 26.3 0.3 9:01.35
2925 14.3 0.3 9:01.59
2925 26.3 0.3 9:01.90
2925 33.3 0.3 9:02.16
2925 45.0 0.3 9:02.47
2925 15.0 0.3 9:02.68
2925 15.8 0.3 9:02.93
2925 42.9 0.3 9:03.24
2925 15.8 0.3 9:03.51
2925 33.3 0.3 9:03.91
2925 21.1 0.3 9:04.21
2925 26.3 0.3 9:04.55
2925 40.0 0.3 9:04.85
2925 25.0 0.3 9:05.09
2925 42.1 0.3 9:05.42
2925 26.3 0.3 9:05.67
2925 15.8 0.3 9:05.97
2925 36.8 0.3 9:06.24
2925 10.0 0.3 9:06.47
2925 26.3 0.3 9:06.75
2925 21.1 0.3 9:06.99
2925 26.3 0.3 9:07.30
2925 23.8 0.3 9:07.59
2925 18.2 0.3 9:07.96
2925 31.6 0.3 9:08.31
2925 22.2 0.3 9:08.60
2925 40.0 0.3 9:08.87
2925 15.0 0.3 9:09.13
2925 36.8 0.3 9:09.47
2925 26.3 0.3 9:09.72
2925 36.8 0.3 9:10.00
2925 10.5 0.3 9:10.23
2925 26.3 0.3 9:10.54
2925 15.0 0.3 9:10.78
2925 36.8 0.3 9:11.08
2925 38.9 0.3 9:11.37
2925 31.6 0.3 9:11.71
2925 10.5 0.3 9:11.90
2925 31.6 0.3 9:12.18
2925 20.0 0.3 9:12.47
2925 21.1 0.3 9:12.71
2925 26.3 0.3 9:12.96
2925 19.0 0.3 9:13.27
2925 21.1 0.3 9:13.52
2925 50.0 0.3 9:13.82
2925 26.3 0.3 9:14.16
2925 15.0 0.3 9:14.42
2925 22.2 0.3 9:14.66
2925 15.0 0.3 9:14.91
2925 22.2 0.3 9:15.16
2925 25.0 0.3 9:15.58
2925 20.0 0.3 9:15.82
2925 35.0 0.3 9:16.12
2925 20.0 0.3 9:16.36
2925 47.4 0.3 9:16.66
2925 20.0 0.3 9:16.94
2925 42.1 0.3 9:17.22
2925 33.3 0.3 9:17.49
2925 42.1 0.3 9:17.77
2925 31.6 0.3 9:18.05
2925 21.1 0.3 9:18.33
2925 15.8 0.3 9:18.57
2925 35.0 0.3 9:18.89
2925 10.0 0.3 9:19.15
2925 21.1 0.3 9:19.43
2925 20.0 0.3 9:19.66
2925 21.1 0.3 9:19.93
2925 27.8 0.3 9:20.19
2925 44.4 0.3 9:20.49
2925 31.6 0.3 9:20.75
2925 27.8 0.3 9:21.04
2925 42.1 0.3 9:21.37
2925 20.0 0.3 9:21.74
2925 32.1 0.3 9:22.15
2925 19.0 0.3 9:22.40
2925 26.3 0.3 9:22.65
2925 21.1 0.3 9:22.99
2925 47.4 0.3 9:23.34
2925 36.8 0.3 9:23.64
2925 33.3 0.3 9:23.95
2925 35.0 0.3 9:24.20
2925 19.0 0.3 9:24.45
2925 21.1 0.3 9:24.71
2925 50.0 0.3 9:25.04
2925 21.1 0.3 9:25.42
2925 26.3 0.3 9:25.74
2925 25.0 0.3 9:25.98
2925 31.6 0.3 9:26.28
2925 21.1 0.3 9:26.61
2925 20.0 0.3 9:26.89
2925 47.4 0.3 9:27.17
2925 44.4 0.3 9:27.52
2925 40.0 0.3 9:27.81
2925 11.1 0.3 9:28.05
2925 27.8 0.3 9:28.34
2925 50.0 0.3 9:28.70
2925 16.7 0.3 9:28.99
2925 20.0 0.3 9:29.23
2925 16.7 0.3 9:29.51
2925 0.0 0.3 9:29.63
