2925 0.0 0.3 1:10.73
2925 0.0 0.3 1:10.78
2925 9.1 0.3 1:10.90
2925 5.3 0.3 1:10.95
2925 5.3 0.3 1:11.02
2925 11.1 0.3 1:11.13
2925 5.6 0.3 1:11.21
2925 5.3 0.3 1:11.34
2925 10.5 0.3 1:11.47
2925 5.6 0.3 1:11.59
2925 10.5 0.3 1:11.79
2925 26.3 0.3 1:11.94
2925 15.8 0.3 1:12.10
2925 5.3 0.3 1:12.20
2925 5.3 0.3 1:12.28
2925 15.8 0.3 1:12.50
2925 10.5 0.3 1:12.82
2925 30.0 0.3 1:13.00
2925 9.5 0.3 1:13.37
2925 5.3 0.3 1:13.49
2925 52.6 0.3 1:13.82
2925 22.2 0.3 1:14.09
2925 47.4 0.3 1:14.45
2925 47.4 0.3 1:14.90
2925 10.5 0.3 1:15.10
2925 50.0 0.3 1:15.45
2925 15.8 0.3 1:16.24
2925 40.0 0.3 1:16.48
2925 15.8 0.3 1:16.71
2925 26.3 0.3 1:16.89
2925 21.1 0.3 1:17.21
2925 16.7 0.3 1:17.77
2925 31.6 0.3 1:18.00
2925 16.7 0.3 1:18.22
2925 11.1 0.3 1:18.38
2925 20.0 0.3 1:18.72
2925 63.2 0.3 1:19.46
2925 31.6 0.3 1:19.83
2925 33.3 0.3 1:20.10
2925 16.7 0.3 1:20.27
2925 26.3 0.3 1:20.61
2925 10.5 0.3 1:20.80
2925 35.0 0.3 1:21.06
2925 20.0 0.3 1:21.29
2925 26.3 0.3 1:21.48
2925 65.0 0.3 1:21.92
2925 10.0 0.3 1:22.12
2925 31.6 0.3 1:22.36
2925 16.7 0.3 1:22.66
2925 27.8 0.3 1:22.87
2925 50.0 0.3 1:23.23
2925 47.4 0.3 1:23.81
2925 36.8 0.3 1:24.18
2925 10.0 0.3 1:24.42
2925 26.3 0.3 1:24.82
2925 15.8 0.3 1:25.13
2925 47.4 0.3 1:25.39
2925 31.6 0.3 1:25.71
2925 21.1 0.3 1:25.97
2925 36.8 0.3 1:26.20
2925 36.8 0.3 1:26.52
2925 40.0 0.3 1:27.09
2925 35.0 0.3 1:27.53
2925 11.8 0.3 1:27.77
2925 15.8 0.3 1:27.97
2925 42.1 0.3 1:28.33
2925 44.4 0.3 1:28.83
2925 38.9 0.3 1:29.24
2925 20.0 0.3 1:29.49
2925 23.8 0.3 1:29.73
2925 19.0 0.3 1:30.08
2925 9.5 0.3 1:30.29
2925 36.8 0.3 1:30.63
2925 15.8 0.3 1:30.92
2925 26.3 0.3 1:31.27
2925 50.0 0.3 1:31.61
2925 27.8 0.3 1:31.89
2925 26.3 0.3 1:32.17
2925 50.0 0.3 1:32.49
2925 42.1 0.3 1:32.94
2925 47.6 0.3 1:33.29
2925 38.9 0.3 1:33.57
2925 42.9 0.3 1:33.85
2925 15.8 0.3 1:34.07
2925 42.1 0.3 1:34.35
2925 16.7 0.3 1:34.63
2925 26.3 0.3 1:34.88
2925 42.1 0.3 1:35.19
2925 15.8 0.3 1:35.41
2925 25.0 0.3 1:35.98
2925 61.1 0.3 1:36.35
2925 33.3 0.3 1:36.59
2925 28.6 0.3 1:36.88
2925 15.8 0.3 1:37.13
2925 25.0 0.3 1:37.33
2925 36.8 0.3 1:37.66
2925 10.5 0.3 1:37.94
2925 40.0 0.3 1:38.29
2925 15.8 0.3 1:38.49
2925 26.3 0.3 1:38.68
2925 21.1 0.3 1:38.97
2925 36.8 0.3 1:39.28
2925 35.0 0.3 1:39.59
2925 16.7 0.3 1:39.81
2925 27.8 0.3 1:40.03
2925 15.8 0.3 1:40.32
2925 44.4 0.3 1:40.58
2925 33.3 0.3 1:41.03
2925 57.9 0.3 1:41.35
2925 50.0 0.3 1:41.61
2925 15.8 0.3 1:41.89
2925 31.6 0.3 1:42.11
2925 47.4 0.3 1:42.44
2925 15.0 0.3 1:42.67
2925 15.0 0.3 1:42.86
2925 22.2 0.3 1:43.16
2925 30.0 0.3 1:43.83
2925 35.0 0.3 1:44.10
2925 22.2 0.3 1:44.36
2925 36.0 0.3 1:44.88
2925 20.8 0.3 1:45.24
2925 22.6 0.3 1:45.65
2925 26.3 0.3 1:45.94
2925 15.0 0.3 1:46.22
2925 30.0 0.3 1:46.47
2925 21.1 0.3 1:46.77
2925 15.8 0.3 1:47.48
2925 30.0 0.3 1:47.78
2925 16.7 0.3 1:48.06
2925 36.8 0.3 1:48.28
2925 50.0 0.3 1:48.61
2925 10.5 0.3 1:48.84
2925 31.6 0.3 1:49.15
2925 28.6 0.3 1:49.48
2925 35.0 0.3 1:49.71
2925 15.8 0.3 1:49.99
2925 47.4 0.3 1:50.26
2925 25.0 0.3 1:50.51
2925 14.3 0.3 1:50.75
2925 25.0 0.3 1:51.06
2925 16.7 0.3 1:51.33
2925 15.0 0.3 1:51.74
2925 31.6 0.3 1:52.18
2925 21.1 0.3 1:52.48
2925 21.1 0.3 1:52.70
2925 21.1 0.3 1:52.99
2925 33.3 0.3 1:53.23
2925 31.6 0.3 1:53.57
2925 10.5 0.3 1:53.81
2925 52.6 0.3 1:54.07
2925 20.0 0.3 1:54.35
2925 55.0 0.3 1:54.61
2925 31.6 0.3 1:54.96
2925 16.7 0.3 1:55.22
2925 36.8 0.3 1:55.49
2925 42.1 0.3 1:55.82
2925 35.0 0.3 1:56.07
2925 31.6 0.3 1:56.33
2925 10.5 0.3 1:56.60
2925 35.0 0.3 1:56.85
2925 15.8 0.3 1:57.10
2925 42.1 0.3 1:57.77
2925 35.0 0.3 1:58.10
2925 21.1 0.3 1:58.60
2925 21.1 0.3 1:58.91
2925 21.1 0.3 1:59.18
2925 15.8 0.3 1:59.40
2925 31.6 0.3 1:59.67
2925 15.8 0.3 1:59.93
2925 44.4 0.3 2:00.18
2925 9.5 0.3 2:00.48
2925 16.7 0.3 2:00.87
2925 30.4 0.3 2:01.21
2925 10.5 0.3 2:01.54
2925 35.0 0.3 2:01.83
2925 15.8 0.3 2:02.10
2925 30.0 0.3 2:02.38
2925 25.0 0.3 2:02.66
2925 15.8 0.3 2:02.90
2925 35.0 0.3 2:03.14
2925 10.0 0.3 2:03.43
2925 38.9 0.3 2:03.67
2925 22.2 0.3 2:03.95
2925 21.1 0.3 2:04.20
2925 26.3 0.3 2:04.43
2925 31.6 0.3 2:04.83
2925 10.0 0.3 2:05.03
2925 30.0 0.3 2:05.33
2925 26.3 0.3 2:05.58
2925 30.0 0.3 2:05.81
2925 31.6 0.3 2:06.11
2925 15.8 0.3 2:06.29
2925 31.6 0.3 2:06.56
2925 42.1 0.3 2:06.85
2925 25.0 0.3 2:07.08
2925 15.0 0.3 2:07.34
2925 26.3 0.3 2:07.57
2925 42.1 0.3 2:07.87
2925 9.5 0.3 2:08.08
2925 31.6 0.3 2:08.43
2925 42.1 0.3 2:08.76
2925 15.8 0.3 2:08.96
2925 26.3 0.3 2:09.22
2925 16.7 0.3 2:09.46
2925 38.9 0.3 2:09.69
2925 47.4 0.3 2:10.01
2925 52.6 0.3 2:10.28
2925 21.1 0.3 2:10.57
2925 15.8 0.3 2:10.81
2925 31.6 0.3 2:11.02
2925 35.0 0.3 2:11.37
2925 30.0 0.3 2:11.62
2925 19.0 0.3 2:11.92
2925 21.1 0.3 2:12.16
2925 26.3 0.3 2:12.39
2925 42.1 0.3 2:12.70
2925 31.6 0.3 2:12.94
2925 38.9 0.3 2:13.20
2925 45.0 0.3 2:13.50
2925 25.0 0.3 2:13.91
2925 31.6 0.3 2:14.21
2925 35.0 0.3 2:14.47
2925 21.1 0.3 2:14.78
2925 60.0 0.3 2:15.15
2925 44.4 0.3 2:15.47
2925 25.0 0.3 2:15.74
2925 15.0 0.3 2:15.96
2925 31.6 0.3 2:16.23
2925 10.5 0.3 2:16.46
2925 16.7 0.3 2:16.68
2925 52.6 0.3 2:17.06
2925 20.0 0.3 2:17.27
2925 26.3 0.3 2:17.61
2925 16.7 0.3 2:18.01
2925 26.3 0.3 2:18.25
2925 20.0 0.3 2:18.54
2925 15.0 0.3 2:18.78
2925 31.6 0.3 2:19.07
2925 25.0 0.3 2:19.33
2925 38.9 0.3 2:19.57
2925 40.0 0.3 2:19.87
2925 20.0 0.3 2:20.09
2925 42.9 0.3 2:20.38
2925 15.0 0.3 2:20.75
2925 30.0 0.3 2:20.97
2925 31.6 0.3 2:21.25
2925 40.0 0.3 2:21.51
2925 20.0 0.3 2:21.77
2925 50.0 0.3 2:22.12
2925 5.3 0.3 2:22.28
