2926 10.5 0.2 2:39.94
2926 5.6 0.2 2:40.02
2926 5.3 0.2 2:40.08
2926 13.0 0.2 2:40.14
2926 5.6 0.2 2:40.19
2926 4.8 0.2 2:40.23
2926 5.0 0.2 2:40.27
2926 5.6 0.2 2:40.31
2926 0.0 0.2 2:40.35
2926 5.6 0.2 2:40.37
2926 0.0 0.2 2:40.39
2926 0.0 0.2 2:40.40
2926 5.0 0.2 2:40.44
2926 0.0 0.2 2:40.46
2926 0.0 0.2 2:40.48
2926 5.3 0.2 2:40.51
2926 5.3 0.2 2:40.56
2926 0.0 0.2 2:40.59
2926 5.3 0.2 2:40.66
2926 4.3 0.2 2:40.72
2926 0.0 0.2 2:40.75
2926 0.0 0.2 2:40.79
2926 4.5 0.2 2:40.86
2926 0.0 0.2 2:40.90
2926 0.0 0.2 2:40.92
2926 0.0 0.2 2:40.94
2926 0.0 0.2 2:40.96
2926 0.0 0.2 2:41.00
2926 0.0 0.2 2:41.02
2926 0.0 0.2 2:41.05
2926 0.0 0.2 2:41.07
2926 5.3 0.2 2:41.10
2926 0.0 0.2 2:41.13
2926 5.3 0.2 2:41.16
2926 5.0 0.2 2:41.18
2926 4.8 0.2 2:41.23
2926 5.6 0.2 2:41.25
2926 0.0 0.2 2:41.29
2926 5.0 0.2 2:41.32
2926 10.5 0.2 2:41.35
2926 0.0 0.2 2:41.37
2926 0.0 0.2 2:41.38
2926 0.0 0.2 2:41.39
2926 5.3 0.2 2:41.43
2926 0.0 0.2 2:41.44
2926 10.5 0.2 2:41.50
2926 5.0 0.2 2:41.54
2926 0.0 0.2 2:41.56
2926 10.0 0.2 2:41.61
2926 10.0 0.2 2:41.65
2926 0.0 0.2 2:41.68
2926 0.0 0.2 2:41.71
2926 5.6 0.2 2:41.74
2926 5.6 0.2 2:41.77
2926 0.0 0.2 2:41.82
2926 5.6 0.2 2:41.86
2926 0.0 0.2 2:41.87
2926 5.3 0.2 2:41.89
2926 15.8 0.2 2:41.98
2926 5.0 0.2 2:42.02
2926 0.0 0.2 2:42.04
2926 5.3 0.2 2:42.07
2926 0.0 0.2 2:42.10
2926 0.0 0.2 2:42.14
2926 5.3 0.2 2:42.16
2926 0.0 0.2 2:42.18
2926 0.0 0.2 2:42.24
2926 5.0 0.2 2:42.27
2926 10.0 0.2 2:42.32
2926 0.0 0.2 2:42.38
2926 4.0 0.2 2:42.42
2926 7.3 0.2 2:42.52
2926 14.3 0.2 2:42.63
2926 0.0 0.2 2:42.70
2926 0.0 0.2 2:42.76
2926 0.0 0.2 2:42.78
2926 0.0 0.2 2:42.81
2926 4.8 0.2 2:42.86
2926 0.0 0.2 2:42.90
2926 5.0 0.2 2:42.99
2926 0.0 0.2 2:43.00
2926 5.6 0.2 2:43.03
2926 5.3 0.2 2:43.06
2926 0.0 0.2 2:43.11
2926 0.0 0.2 2:43.15
2926 0.0 0.2 2:43.16
2926 0.0 0.2 2:43.20
2926 0.0 0.2 2:43.23
2926 5.3 0.2 2:43.27
2926 0.0 0.2 2:43.29
2926 0.0 0.2 2:43.31
2926 0.0 0.2 2:43.33
2926 5.6 0.2 2:43.39
2926 0.0 0.2 2:43.41
