2926 11.1 0.2 2:00.95
2926 5.0 0.2 2:01.02
2926 5.3 0.2 2:01.09
2926 5.3 0.2 2:01.16
2926 10.5 0.2 2:01.24
2926 11.1 0.2 2:01.29
2926 5.6 0.2 2:01.32
2926 5.3 0.2 2:01.40
2926 5.6 0.2 2:01.47
2926 0.0 0.2 2:01.52
2926 11.1 0.2 2:01.57
2926 21.1 0.2 2:01.66
2926 5.3 0.2 2:01.74
2926 5.3 0.2 2:01.79
2926 5.3 0.2 2:01.85
2926 4.8 0.2 2:01.90
2926 0.0 0.2 2:01.91
2926 0.0 0.2 2:01.94
2926 0.0 0.2 2:01.96
2926 5.3 0.2 2:01.99
2926 5.3 0.2 2:02.02
2926 0.0 0.2 2:02.05
2926 0.0 0.2 2:02.06
2926 0.0 0.2 2:02.08
2926 9.5 0.2 2:02.12
2926 4.8 0.2 2:02.18
2926 0.0 0.2 2:02.20
2926 0.0 0.2 2:02.20
2926 0.0 0.2 2:02.23
2926 15.0 0.2 2:02.28
2926 5.3 0.2 2:02.31
2926 4.5 0.2 2:02.32
2926 0.0 0.2 2:02.34
2926 0.0 0.2 2:02.35
2926 5.3 0.2 2:02.38
2926 0.0 0.2 2:02.47
2926 5.3 0.2 2:02.53
2926 0.0 0.2 2:02.54
2926 0.0 0.2 2:02.55
2926 5.3 0.2 2:02.58
2926 5.3 0.2 2:02.63
2926 5.3 0.2 2:02.66
2926 5.6 0.2 2:02.69
2926 0.0 0.2 2:02.71
2926 5.6 0.2 2:02.74
2926 4.8 0.2 2:02.78
2926 0.0 0.2 2:02.80
2926 0.0 0.2 2:02.87
2926 0.0 0.2 2:02.90
2926 0.0 0.2 2:02.92
2926 5.3 0.2 2:02.95
2926 5.6 0.2 2:03.00
2926 0.0 0.2 2:03.02
2926 5.3 0.2 2:03.06
2926 5.3 0.2 2:03.08
2926 0.0 0.2 2:03.15
2926 10.5 0.2 2:03.21
2926 5.3 0.2 2:03.24
2926 0.0 0.2 2:03.26
2926 4.5 0.2 2:03.30
2926 5.6 0.2 2:03.33
2926 0.0 0.2 2:03.37
2926 5.3 0.2 2:03.39
2926 0.0 0.2 2:03.43
2926 5.3 0.2 2:03.46
2926 5.6 0.2 2:03.50
2926 0.0 0.2 2:03.52
2926 0.0 0.2 2:03.53
2926 0.0 0.2 2:03.55
2926 0.0 0.2 2:03.58
2926 0.0 0.2 2:03.60
2926 0.0 0.2 2:03.64
2926 0.0 0.2 2:03.66
2926 5.3 0.2 2:03.73
2926 10.0 0.2 2:03.77
2926 5.3 0.2 2:03.80
2926 5.3 0.2 2:03.83
2926 0.0 0.2 2:03.87
2926 0.0 0.2 2:03.90
2926 0.0 0.2 2:03.92
2926 0.0 0.2 2:03.93
2926 0.0 0.2 2:03.94
2926 10.5 0.2 2:03.99
2926 10.0 0.2 2:04.03
2926 10.5 0.2 2:04.06
2926 4.3 0.2 2:04.10
2926 0.0 0.2 2:04.12
2926 4.8 0.2 2:04.15
2926 5.3 0.2 2:04.18
2926 10.5 0.2 2:04.23
2926 0.0 0.2 2:04.27
2926 0.0 0.2 2:04.31
2926 0.0 0.2 2:04.33
2926 0.0 0.2 2:04.41
2926 3.7 0.2 2:04.44
2926 5.4 0.2 2:04.50
2926 5.3 0.2 2:04.57
2926 4.8 0.2 2:04.63
2926 5.6 0.2 2:04.69
2926 5.3 0.2 2:04.72
2926 0.0 0.2 2:04.76
2926 5.0 0.2 2:04.80
2926 0.0 0.2 2:04.84
2926 16.7 0.2 2:04.88
2926 0.0 0.2 2:04.93
2926 5.0 0.2 2:04.98
2926 5.3 0.2 2:05.03
2926 0.0 0.2 2:05.08
2926 4.5 0.2 2:05.14
2926 5.6 0.2 2:05.18
2926 0.0 0.2 2:05.26
2926 0.0 0.2 2:05.30
2926 5.0 0.2 2:05.34
2926 0.0 0.2 2:05.36
2926 10.5 0.2 2:05.42
2926 9.5 0.2 2:05.47
2926 5.6 0.2 2:05.50
2926 5.3 0.2 2:05.54
2926 0.0 0.2 2:05.55
2926 10.5 0.2 2:05.60
2926 0.0 0.2 2:05.63
2926 5.3 0.2 2:05.67
2926 4.8 0.2 2:05.70
2926 5.6 0.2 2:05.74
2926 5.6 0.2 2:05.77
2926 0.0 0.2 2:05.78
