2926 5.3 0.2 1:31.85
2926 0.0 0.2 1:31.89
2926 4.8 0.2 1:31.96
2926 5.3 0.2 1:32.02
2926 5.6 0.2 1:32.08
2926 11.1 0.2 1:32.16
2926 5.6 0.2 1:32.23
2926 5.3 0.2 1:32.29
2926 0.0 0.2 1:32.35
2926 5.6 0.2 1:32.42
2926 5.3 0.2 1:32.48
2926 4.8 0.2 1:32.53
2926 9.5 0.2 1:32.60
2926 5.6 0.2 1:32.66
2926 5.0 0.2 1:32.79
2926 10.5 0.2 1:32.86
2926 0.0 0.2 1:32.91
2926 0.0 0.2 1:32.93
2926 5.3 0.2 1:32.95
2926 5.0 0.2 1:32.99
2926 0.0 0.2 1:33.02
2926 0.0 0.2 1:33.04
2926 5.3 0.2 1:33.07
2926 0.0 0.2 1:33.08
2926 5.6 0.2 1:33.13
2926 0.0 0.2 1:33.16
2926 5.3 0.2 1:33.20
2926 4.8 0.2 1:33.22
2926 0.0 0.2 1:33.24
2926 0.0 0.2 1:33.29
2926 9.5 0.2 1:33.33
2926 4.8 0.2 1:33.37
2926 5.6 0.2 1:33.39
2926 5.3 0.2 1:33.40
2926 5.3 0.2 1:33.45
2926 0.0 0.2 1:33.46
2926 5.3 0.2 1:33.49
2926 5.6 0.2 1:33.53
2926 0.0 0.2 1:33.56
2926 5.3 0.2 1:33.59
2926 5.0 0.2 1:33.62
2926 0.0 0.2 1:33.64
2926 5.6 0.2 1:33.67
2926 0.0 0.2 1:33.69
2926 5.3 0.2 1:33.81
2926 8.7 0.2 1:33.85
2926 5.3 0.2 1:33.88
2926 0.0 0.2 1:33.90
2926 5.0 0.2 1:33.93
2926 5.0 0.2 1:33.96
2926 0.0 0.2 1:33.98
2926 0.0 0.2 1:34.00
2926 5.3 0.2 1:34.03
2926 5.3 0.2 1:34.05
2926 0.0 0.2 1:34.09
2926 5.6 0.2 1:34.12
2926 0.0 0.2 1:34.14
2926 0.0 0.2 1:34.16
2926 5.0 0.2 1:34.19
2926 4.8 0.2 1:34.22
2926 5.6 0.2 1:34.26
2926 0.0 0.2 1:34.27
2926 0.0 0.2 1:34.28
2926 0.0 0.2 1:34.29
2926 0.0 0.2 1:34.33
2926 0.0 0.2 1:34.36
2926 5.3 0.2 1:34.39
2926 0.0 0.2 1:34.41
2926 5.0 0.2 1:34.45
2926 5.0 0.2 1:34.52
2926 5.3 0.2 1:34.55
2926 4.8 0.2 1:34.58
2926 5.3 0.2 1:34.60
2926 11.1 0.2 1:34.68
2926 15.8 0.2 1:34.74
2926 0.0 0.2 1:34.77
2926 0.0 0.2 1:34.81
2926 5.3 0.2 1:34.83
2926 5.3 0.2 1:34.87
2926 5.0 0.2 1:34.92
2926 0.0 0.2 1:34.95
2926 5.6 0.2 1:35.00
2926 0.0 0.2 1:35.01
2926 10.0 0.2 1:35.04
2926 5.0 0.2 1:35.07
2926 5.0 0.2 1:35.08
2926 0.0 0.2 1:35.09
2926 0.0 0.2 1:35.15
2926 4.3 0.2 1:35.18
2926 5.3 0.2 1:35.21
2926 5.0 0.2 1:35.28
2926 5.0 0.2 1:35.32
2926 5.0 0.2 1:35.37
2926 0.0 0.2 1:35.42
2926 5.6 0.2 1:35.50
2926 0.0 0.2 1:35.55
2926 5.0 0.2 1:35.58
2926 5.3 0.2 1:35.63
2926 0.0 0.2 1:35.66
2926 5.0 0.2 1:35.71
2926 0.0 0.2 1:35.74
2926 0.0 0.2 1:35.78
2926 10.0 0.2 1:35.82
2926 5.3 0.2 1:35.88
2926 5.0 0.2 1:35.91
2926 10.0 0.2 1:35.97
2926 0.0 0.2 1:35.99
2926 5.0 0.2 1:36.01
2926 0.0 0.2 1:36.06
2926 0.0 0.2 1:36.09
2926 0.0 0.2 1:36.12
2926 5.3 0.2 1:36.16
2926 5.0 0.2 1:36.19
2926 0.0 0.2 1:36.22
2926 10.0 0.2 1:36.25
2926 5.3 0.2 1:36.30
2926 5.3 0.2 1:36.33
2926 5.3 0.2 1:36.36
2926 5.6 0.2 1:36.38
2926 0.0 0.2 1:36.40
2926 5.0 0.2 1:36.44
2926 5.0 0.2 1:36.49
2926 5.3 0.2 1:36.54
2926 0.0 0.2 1:36.58
2926 4.8 0.2 1:36.61
2926 5.3 0.2 1:36.64
2926 5.3 0.2 1:36.67
2926 0.0 0.2 1:36.70
2926 15.8 0.2 1:36.77
2926 0.0 0.2 1:36.80
2926 16.7 0.2 1:36.87
2926 0.0 0.2 1:36.93
2926 4.8 0.2 1:36.96
2926 5.0 0.2 1:37.00
2926 5.0 0.2 1:37.02
2926 0.0 0.2 1:37.05
2926 0.0 0.2 1:37.08
2926 5.0 0.2 1:37.11
2926 5.9 0.2 1:37.15
2926 5.6 0.2 1:37.22
2926 11.1 0.2 1:37.28
2926 5.3 0.2 1:37.30
2926 5.6 0.2 1:37.38
2926 5.6 0.2 1:37.44
2926 4.3 0.2 1:37.46
2926 0.0 0.2 1:37.48
2926 5.6 0.2 1:37.53
2926 5.3 0.2 1:37.58
2926 5.3 0.2 1:37.64
2926 9.1 0.2 1:37.70
2926 0.0 0.2 1:37.70
