2926 5.6 0.2 2:57.82
2926 0.0 0.2 2:57.85
2926 0.0 0.2 2:57.86
2926 11.1 0.2 2:57.91
2926 5.3 0.2 2:57.97
2926 0.0 0.2 2:57.98
2926 0.0 0.2 2:58.00
2926 10.5 0.2 2:58.04
2926 0.0 0.2 2:58.08
2926 0.0 0.2 2:58.11
2926 0.0 0.2 2:58.14
2926 5.0 0.2 2:58.16
2926 5.0 0.2 2:58.21
2926 5.6 0.2 2:58.28
2926 5.0 0.2 2:58.35
2926 5.0 0.2 2:58.40
2926 0.0 0.2 2:58.41
2926 0.0 0.2 2:58.43
2926 5.6 0.2 2:58.47
2926 5.6 0.2 2:58.50
2926 5.6 0.2 2:58.53
2926 0.0 0.2 2:58.54
2926 4.0 0.2 2:58.58
2926 11.1 0.2 2:58.63
2926 5.0 0.2 2:58.71
2926 0.0 0.2 2:58.81
2926 0.0 0.2 2:58.85
2926 0.0 0.2 2:58.89
2926 4.5 0.2 2:58.91
2926 0.0 0.2 2:58.92
2926 4.8 0.2 2:58.94
2926 0.0 0.2 2:58.97
2926 5.0 0.2 2:58.99
2926 0.0 0.2 2:59.05
2926 0.0 0.2 2:59.07
2926 5.0 0.2 2:59.09
2926 0.0 0.2 2:59.11
2926 5.3 0.2 2:59.15
2926 5.0 0.2 2:59.19
2926 0.0 0.2 2:59.21
2926 4.5 0.2 2:59.23
2926 0.0 0.2 2:59.25
2926 5.0 0.2 2:59.31
2926 4.8 0.2 2:59.34
2926 5.0 0.2 2:59.37
2926 0.0 0.2 2:59.42
2926 0.0 0.2 2:59.44
2926 0.0 0.2 2:59.46
2926 0.0 0.2 2:59.48
2926 5.6 0.2 2:59.53
2926 5.3 0.2 2:59.55
2926 4.8 0.2 2:59.58
2926 5.0 0.2 2:59.61
2926 11.1 0.2 2:59.67
2926 0.0 0.2 2:59.69
2926 0.0 0.2 2:59.72
2926 5.3 0.2 2:59.73
2926 5.3 0.2 2:59.78
2926 0.0 0.2 2:59.84
2926 5.3 0.2 2:59.92
2926 5.6 0.2 2:59.94
2926 0.0 0.2 2:59.96
2926 5.6 0.2 2:59.99
2926 0.0 0.2 3:00.00
2926 0.0 0.2 3:00.02
2926 0.0 0.2 3:00.04
2926 5.3 0.2 3:00.07
2926 4.8 0.2 3:00.08
2926 0.0 0.2 3:00.09
2926 5.3 0.2 3:00.12
2926 10.0 0.2 3:00.15
2926 0.0 0.2 3:00.17
2926 4.3 0.2 3:00.24
2926 4.3 0.2 3:00.27
2926 4.8 0.2 3:00.33
2926 4.5 0.2 3:00.38
2926 0.0 0.2 3:00.40
2926 0.0 0.2 3:00.42
2926 5.0 0.2 3:00.45
2926 5.3 0.2 3:00.52
2926 20.0 0.2 3:00.64
2926 0.0 0.2 3:00.67
2926 5.3 0.2 3:00.75
2926 0.0 0.2 3:00.77
