2926 0.0 0.2 0:29.65
2926 0.0 0.2 0:29.68
2926 0.0 0.2 0:29.71
2926 5.3 0.2 0:29.79
2926 5.3 0.2 0:29.84
2926 16.7 0.2 0:29.89
2926 0.0 0.2 0:29.94
2926 0.0 0.2 0:29.97
2926 0.0 0.2 0:30.04
2926 0.0 0.2 0:30.08
2926 21.1 0.2 0:30.15
2926 5.0 0.2 0:30.20
2926 0.0 0.2 0:30.25
2926 5.6 0.2 0:30.33
2926 5.3 0.2 0:30.44
2926 9.5 0.2 0:30.50
2926 5.3 0.2 0:30.55
2926 0.0 0.2 0:30.58
2926 4.8 0.2 0:30.63
2926 0.0 0.2 0:30.69
2926 5.0 0.2 0:30.74
2926 5.3 0.2 0:30.81
2926 5.0 0.2 0:30.86
2926 0.0 0.2 0:30.90
2926 0.0 0.2 0:30.93
2926 5.6 0.2 0:30.96
2926 0.0 0.2 0:31.00
2926 5.3 0.2 0:31.04
2926 0.0 0.2 0:31.07
2926 0.0 0.2 0:31.08
2926 5.3 0.2 0:31.11
2926 5.0 0.2 0:31.16
2926 5.6 0.2 0:31.19
2926 0.0 0.2 0:31.20
2926 0.0 0.2 0:31.21
2926 10.0 0.2 0:31.24
2926 5.6 0.2 0:31.27
2926 5.3 0.2 0:31.29
2926 4.8 0.2 0:31.31
2926 0.0 0.2 0:31.32
2926 0.0 0.2 0:31.34
2926 0.0 0.2 0:31.38
2926 0.0 0.2 0:31.41
2926 5.0 0.2 0:31.47
2926 9.5 0.2 0:31.51
2926 0.0 0.2 0:31.54
2926 5.0 0.2 0:31.58
2926 5.3 0.2 0:31.60
2926 5.3 0.2 0:31.62
2926 0.0 0.2 0:31.63
2926 0.0 0.2 0:31.65
2926 0.0 0.2 0:31.69
2926 0.0 0.2 0:31.71
2926 0.0 0.2 0:31.74
2926 0.0 0.2 0:31.76
2926 5.0 0.2 0:31.80
2926 4.8 0.2 0:31.83
29267 0.0 0.0 0:00.00
2926 0.0 0.2 0:31.87
2926 0.0 0.2 0:31.89
2926 0.0 0.2 0:31.92
2926 0.0 0.2 0:31.95
2926 0.0 0.2 0:31.98
2926 0.0 0.2 0:31.98
2926 5.0 0.2 0:32.01
2926 5.3 0.2 0:32.09
2926 4.5 0.2 0:32.11
2926 5.6 0.2 0:32.14
2926 0.0 0.2 0:32.16
2926 0.0 0.2 0:32.18
2926 5.3 0.2 0:32.21
2926 5.0 0.2 0:32.24
2926 5.6 0.2 0:32.27
2926 0.0 0.2 0:32.29
2926 0.0 0.2 0:32.31
2926 5.3 0.2 0:32.33
2926 0.0 0.2 0:32.34
2926 0.0 0.2 0:32.35
2926 0.0 0.2 0:32.37
2926 5.3 0.2 0:32.39
2926 5.3 0.2 0:32.41
2926 0.0 0.2 0:32.43
2926 5.0 0.2 0:32.48
2926 0.0 0.2 0:32.50
2926 5.6 0.2 0:32.53
2926 15.8 0.2 0:32.58
2926 5.3 0.2 0:32.62
2926 0.0 0.2 0:32.65
2926 0.0 0.2 0:32.68
2926 0.0 0.2 0:32.71
2926 5.0 0.2 0:32.74
2926 10.0 0.2 0:32.80
2926 4.8 0.2 0:32.97
2926 0.0 0.2 0:32.99
2926 0.0 0.2 0:33.04
2926 10.0 0.2 0:33.09
2926 0.0 0.2 0:33.15
2926 10.5 0.2 0:33.19
2926 5.0 0.2 0:33.22
2926 0.0 0.2 0:33.25
2926 0.0 0.2 0:33.27
2926 0.0 0.2 0:33.29
2926 10.5 0.2 0:33.33
2926 0.0 0.2 0:33.35
2926 0.0 0.2 0:33.37
2926 5.3 0.2 0:33.40
2926 5.3 0.2 0:33.43
2926 0.0 0.2 0:33.45
2926 0.0 0.2 0:33.50
2926 5.6 0.2 0:33.52
2926 5.6 0.2 0:33.54
2926 0.0 0.2 0:33.58
2926 5.3 0.2 0:33.62
2926 5.3 0.2 0:33.65
2926 0.0 0.2 0:33.72
2926 5.3 0.2 0:33.76
2926 0.0 0.2 0:33.80
2926 5.0 0.2 0:33.82
2926 0.0 0.2 0:33.85
2926 5.3 0.2 0:33.90
2926 0.0 0.2 0:33.93
2926 5.3 0.2 0:33.96
2926 5.3 0.2 0:34.02
2926 0.0 0.2 0:34.06
2926 4.5 0.2 0:34.09
2926 0.0 0.2 0:34.10
2926 0.0 0.2 0:34.14
2926 5.3 0.2 0:34.17
2926 0.0 0.2 0:34.18
2926 5.3 0.2 0:34.20
2926 4.8 0.2 0:34.22
2926 5.3 0.2 0:34.26
2926 0.0 0.2 0:34.29
2926 5.0 0.2 0:34.34
2926 0.0 0.2 0:34.38
2926 0.0 0.2 0:34.41
2926 0.0 0.2 0:34.46
2926 0.0 0.2 0:34.48
2926 5.6 0.2 0:34.51
2926 0.0 0.2 0:34.52
2926 0.0 0.2 0:34.55
2926 5.0 0.2 0:34.60
2926 5.3 0.2 0:34.64
2926 4.3 0.2 0:34.67
2926 4.5 0.2 0:34.70
2926 0.0 0.2 0:34.76
2926 10.5 0.2 0:34.85
2926 0.0 0.2 0:34.90
2926 0.0 0.2 0:34.92
2926 5.3 0.2 0:34.95
2926 5.3 0.2 0:34.99
2926 0.0 0.2 0:35.03
2926 5.3 0.2 0:35.06
2926 4.5 0.2 0:35.09
2926 5.0 0.2 0:35.12
2926 5.6 0.2 0:35.14
2926 5.0 0.2 0:35.19
2926 0.0 0.2 0:35.23
2926 0.0 0.2 0:35.27
2926 0.0 0.2 0:35.29
2926 9.5 0.2 0:35.32
2926 0.0 0.2 0:35.33
2926 5.3 0.2 0:35.36
2926 0.0 0.2 0:35.40
2926 0.0 0.2 0:35.42
2926 0.0 0.2 0:35.43
2926 4.8 0.2 0:35.46
2926 0.0 0.2 0:35.47
2926 5.3 0.2 0:35.50
2926 0.0 0.2 0:35.52
2926 0.0 0.2 0:35.57
2926 0.0 0.2 0:35.58
2926 0.0 0.2 0:35.59
2926 10.0 0.2 0:35.63
2926 5.6 0.2 0:35.65
2926 5.0 0.2 0:35.72
2926 0.0 0.2 0:35.74
2926 0.0 0.2 0:35.76
2926 5.0 0.2 0:35.80
2926 0.0 0.2 0:35.86
2926 5.0 0.2 0:35.90
2926 0.0 0.2 0:35.94
2926 0.0 0.2 0:35.98
2926 9.5 0.2 0:36.01
2926 5.0 0.2 0:36.04
2926 0.0 0.2 0:36.07
2926 5.0 0.2 0:36.10
2926 0.0 0.2 0:36.11
2926 0.0 0.2 0:36.13
2926 4.8 0.2 0:36.17
2926 0.0 0.2 0:36.20
2926 5.3 0.2 0:36.23
2926 4.8 0.2 0:36.26
2926 4.8 0.2 0:36.34
2926 4.5 0.2 0:36.40
2926 23.8 0.2 0:36.49
2926 0.0 0.2 0:36.56
2926 0.0 0.2 0:36.61
2926 0.0 0.2 0:36.65
2926 5.3 0.2 0:36.73
2926 5.3 0.2 0:36.77
2926 0.0 0.2 0:36.79
2926 5.3 0.2 0:36.83
2926 0.0 0.2 0:36.86
2926 0.0 0.2 0:36.88
2926 4.5 0.2 0:36.93
2926 5.3 0.2 0:36.97
2926 5.3 0.2 0:37.00
2926 5.3 0.2 0:37.02
2926 0.0 0.2 0:37.05
2926 5.3 0.2 0:37.09
2926 0.0 0.2 0:37.12
2926 4.5 0.2 0:37.15
2926 0.0 0.2 0:37.18
2926 5.3 0.2 0:37.22
2926 5.3 0.2 0:37.24
2926 5.0 0.2 0:37.26
2926 0.0 0.2 0:37.29
2926 0.0 0.2 0:37.33
2926 0.0 0.2 0:37.38
2926 5.3 0.2 0:37.43
2926 0.0 0.2 0:37.46
2926 5.3 0.2 0:37.51
2926 0.0 0.2 0:37.54
2926 0.0 0.2 0:37.59
2926 4.5 0.2 0:37.62
2926 4.8 0.2 0:37.64
2926 0.0 0.2 0:37.65
2926 5.3 0.2 0:37.69
2926 10.5 0.2 0:37.73
2926 0.0 0.2 0:37.76
2926 0.0 0.2 0:37.79
2926 5.6 0.2 0:37.83
2926 5.6 0.2 0:37.85
2926 5.3 0.2 0:37.90
2926 0.0 0.2 0:37.94
2926 5.0 0.2 0:38.01
2926 0.0 0.2 0:38.04
2926 4.8 0.2 0:38.07
2926 5.0 0.2 0:38.10
2926 5.3 0.2 0:38.14
2926 5.3 0.2 0:38.18
2926 10.5 0.2 0:38.21
2926 0.0 0.2 0:38.22
2926 0.0 0.2 0:38.25
2926 5.0 0.2 0:38.28
2926 0.0 0.2 0:38.31
2926 8.7 0.2 0:38.39
2926 10.0 0.2 0:38.49
2926 5.3 0.2 0:38.52
2926 0.0 0.2 0:38.53
