2926 10.0 0.2 3:20.28
2926 4.8 0.2 3:20.35
2926 5.3 0.2 3:20.39
2926 0.0 0.2 3:20.43
2926 0.0 0.2 3:20.45
2926 0.0 0.2 3:20.48
2926 0.0 0.2 3:20.51
2926 5.0 0.2 3:20.53
2926 5.0 0.2 3:20.58
2926 0.0 0.2 3:20.61
2926 5.3 0.2 3:20.63
2926 5.3 0.2 3:20.68
2926 5.0 0.2 3:20.73
2926 0.0 0.2 3:20.74
2926 5.0 0.2 3:20.81
2926 0.0 0.2 3:20.82
2926 0.0 0.2 3:20.84
2926 0.0 0.2 3:20.88
2926 0.0 0.2 3:20.91
2926 0.0 0.2 3:20.92
2926 0.0 0.2 3:20.98
2926 5.3 0.2 3:21.02
2926 0.0 0.2 3:21.04
2926 5.3 0.2 3:21.06
2926 0.0 0.2 3:21.09
2926 5.3 0.2 3:21.11
2926 5.0 0.2 3:21.14
2926 5.3 0.2 3:21.17
2926 5.0 0.2 3:21.19
2926 5.3 0.2 3:21.22
2926 5.3 0.2 3:21.25
2926 0.0 0.2 3:21.27
2926 4.8 0.2 3:21.32
2926 0.0 0.2 3:21.34
2926 5.6 0.2 3:21.36
2926 5.3 0.2 3:21.39
2926 0.0 0.2 3:21.42
2926 0.0 0.2 3:21.45
2926 0.0 0.2 3:21.51
2926 0.0 0.2 3:21.54
2926 4.8 0.2 3:21.58
2926 5.6 0.2 3:21.64
2926 4.8 0.2 3:21.70
2926 0.0 0.2 3:21.74
2926 0.0 0.2 3:21.76
2926 10.0 0.2 3:21.86
2926 5.3 0.2 3:21.90
2926 0.0 0.2 3:21.93
2926 0.0 0.2 3:21.96
2926 0.0 0.2 3:22.00
2926 0.0 0.2 3:22.04
2926 3.6 0.2 3:22.09
2926 10.3 0.2 3:22.20
2926 5.0 0.2 3:22.26
2926 4.8 0.2 3:22.28
2926 0.0 0.2 3:22.34
2926 5.0 0.2 3:22.39
2926 0.0 0.2 3:22.41
2926 0.0 0.2 3:22.44
2926 5.3 0.2 3:22.49
2926 5.0 0.2 3:22.53
2926 5.3 0.2 3:22.57
2926 0.0 0.2 3:22.59
2926 0.0 0.2 3:22.62
2926 0.0 0.2 3:22.63
2926 5.0 0.2 3:22.70
2926 5.6 0.2 3:22.73
2926 5.0 0.2 3:22.76
2926 0.0 0.2 3:22.84
2926 5.3 0.2 3:22.90
2926 0.0 0.2 3:22.91
2926 5.6 0.2 3:22.97
2926 4.5 0.2 3:23.00
2926 5.9 0.2 3:23.03
2926 0.0 0.2 3:23.07
2926 0.0 0.2 3:23.10
