2927 0.0 0.2 0:04.52
2927 0.0 0.2 0:04.52
2927 5.3 0.2 0:04.56
2927 0.0 0.2 0:04.58
2927 0.0 0.2 0:04.60
2927 0.0 0.2 0:04.61
2927 0.0 0.2 0:04.61
2927 0.0 0.2 0:04.61
2927 0.0 0.2 0:04.61
2927 0.0 0.2 0:04.61
2927 0.0 0.2 0:04.61
2927 0.0 0.2 0:04.61
2927 0.0 0.2 0:04.61
2927 0.0 0.2 0:04.61
2927 0.0 0.2 0:04.61
2927 0.0 0.2 0:04.61
2927 0.0 0.2 0:04.61
2927 0.0 0.2 0:04.61
2927 0.0 0.2 0:04.61
2927 0.0 0.2 0:04.61
2927 0.0 0.2 0:04.61
2927 0.0 0.2 0:04.61
2927 0.0 0.2 0:04.61
2927 0.0 0.2 0:04.61
2927 0.0 0.2 0:04.61
2927 0.0 0.2 0:04.61
2927 0.0 0.2 0:04.61
2927 0.0 0.2 0:04.61
2927 0.0 0.2 0:04.61
2927 0.0 0.2 0:04.61
2927 0.0 0.2 0:04.61
2927 0.0 0.2 0:04.61
2927 0.0 0.2 0:04.61
2927 0.0 0.2 0:04.61
2927 0.0 0.2 0:04.61
2927 0.0 0.2 0:04.61
2927 0.0 0.2 0:04.61
2927 0.0 0.2 0:04.61
2927 0.0 0.2 0:04.61
2927 0.0 0.2 0:04.61
2927 0.0 0.2 0:04.61
2927 0.0 0.2 0:04.61
2927 0.0 0.2 0:04.61
2927 0.0 0.2 0:04.61
2927 0.0 0.2 0:04.61
2927 0.0 0.2 0:04.61
2927 0.0 0.2 0:04.61
2927 0.0 0.2 0:04.61
2927 0.0 0.2 0:04.61
2927 0.0 0.2 0:04.61
2927 0.0 0.2 0:04.61
2927 0.0 0.2 0:04.61
2927 0.0 0.2 0:04.61
2927 0.0 0.2 0:04.61
2927 0.0 0.2 0:04.61
2927 0.0 0.2 0:04.61
2927 0.0 0.2 0:04.61
2927 0.0 0.2 0:04.61
2927 0.0 0.2 0:04.61
2927 0.0 0.2 0:04.61
2927 0.0 0.2 0:04.61
2927 0.0 0.2 0:04.61
2927 0.0 0.2 0:04.61
2927 0.0 0.2 0:04.61
2927 0.0 0.2 0:04.61
2927 0.0 0.2 0:04.61
2927 0.0 0.2 0:04.61
2927 0.0 0.2 0:04.61
2927 0.0 0.2 0:04.61
2927 0.0 0.2 0:04.61
2927 0.0 0.2 0:04.61
2927 0.0 0.2 0:04.61
2927 0.0 0.2 0:04.61
2927 0.0 0.2 0:04.61
2927 0.0 0.2 0:04.61
2927 0.0 0.2 0:04.61
2927 0.0 0.2 0:04.61
2927 0.0 0.2 0:04.61
2927 0.0 0.2 0:04.61
2927 0.0 0.2 0:04.61
2927 0.0 0.2 0:04.61
2927 0.0 0.2 0:04.61
2927 0.0 0.2 0:04.61
2927 0.0 0.2 0:04.61
2927 0.0 0.2 0:04.61
2927 0.0 0.2 0:04.61
2927 0.0 0.2 0:04.61
2927 0.0 0.2 0:04.61
2927 0.0 0.2 0:04.61
2927 0.0 0.2 0:04.61
2927 0.0 0.2 0:04.61
2927 0.0 0.2 0:04.61
2927 0.0 0.2 0:04.61
2927 0.0 0.2 0:04.61
2927 0.0 0.2 0:04.61
2927 0.0 0.2 0:04.61
2927 0.0 0.2 0:04.61
2927 0.0 0.2 0:04.61
2927 0.0 0.2 0:04.61
2927 0.0 0.2 0:04.61
2927 0.0 0.2 0:04.61
2927 0.0 0.2 0:04.61
2927 0.0 0.2 0:04.61
2927 0.0 0.2 0:04.61
2927 0.0 0.2 0:04.61
2927 0.0 0.2 0:04.61
2927 0.0 0.2 0:04.61
2927 0.0 0.2 0:04.61
2927 0.0 0.2 0:04.61
2927 0.0 0.2 0:04.61
2927 0.0 0.2 0:04.61
2927 0.0 0.2 0:04.61
2927 0.0 0.2 0:04.61
2927 0.0 0.2 0:04.61
2927 0.0 0.2 0:04.61
2927 0.0 0.2 0:04.61
2927 0.0 0.2 0:04.61
2927 0.0 0.2 0:04.61
2927 0.0 0.2 0:04.61
2927 0.0 0.2 0:04.61
2927 0.0 0.2 0:04.61
2927 0.0 0.2 0:04.61
2927 0.0 0.2 0:04.61
2927 0.0 0.2 0:04.61
2927 0.0 0.2 0:04.61
2927 0.0 0.2 0:04.61
2927 0.0 0.2 0:04.61
2927 0.0 0.2 0:04.61
2927 0.0 0.2 0:04.61
2927 0.0 0.2 0:04.61
2927 0.0 0.2 0:04.61
2927 0.0 0.2 0:04.61
2927 0.0 0.2 0:04.61
2927 0.0 0.2 0:04.61
2927 0.0 0.2 0:04.61
2927 0.0 0.2 0:04.61
2927 0.0 0.2 0:04.61
2927 0.0 0.2 0:04.61
2927 0.0 0.2 0:04.61
2927 0.0 0.2 0:04.61
2927 0.0 0.2 0:04.61
2927 0.0 0.2 0:04.61
2927 0.0 0.2 0:04.61
2927 0.0 0.2 0:04.61
2927 0.0 0.2 0:04.61
2927 0.0 0.2 0:04.61
2927 0.0 0.2 0:04.61
2927 0.0 0.2 0:04.61
2927 0.0 0.2 0:04.61
2927 0.0 0.2 0:04.61
2927 0.0 0.2 0:04.61
