2927 11.1 0.2 0:04.26
2927 0.0 0.2 0:04.31
2927 5.3 0.2 0:04.33
2927 5.3 0.2 0:04.35
2927 0.0 0.2 0:04.42
2927 0.0 0.2 0:04.42
2927 0.0 0.2 0:04.42
2927 0.0 0.2 0:04.42
2927 0.0 0.2 0:04.42
2927 0.0 0.2 0:04.42
2927 0.0 0.2 0:04.42
2927 0.0 0.2 0:04.42
2927 0.0 0.2 0:04.42
2927 0.0 0.2 0:04.42
2927 0.0 0.2 0:04.42
2927 0.0 0.2 0:04.42
2927 0.0 0.2 0:04.42
2927 0.0 0.2 0:04.42
2927 0.0 0.2 0:04.42
2927 0.0 0.2 0:04.42
2927 0.0 0.2 0:04.42
2927 0.0 0.2 0:04.42
2927 0.0 0.2 0:04.42
2927 0.0 0.2 0:04.42
2927 0.0 0.2 0:04.42
2927 0.0 0.2 0:04.42
2927 0.0 0.2 0:04.42
2927 0.0 0.2 0:04.42
2927 0.0 0.2 0:04.42
2927 0.0 0.2 0:04.42
2927 0.0 0.2 0:04.42
2927 0.0 0.2 0:04.42
2927 0.0 0.2 0:04.42
2927 0.0 0.2 0:04.42
2927 0.0 0.2 0:04.42
2927 0.0 0.2 0:04.42
2927 0.0 0.2 0:04.42
2927 0.0 0.2 0:04.42
2927 0.0 0.2 0:04.42
2927 0.0 0.2 0:04.42
2927 0.0 0.2 0:04.42
2927 0.0 0.2 0:04.42
2927 0.0 0.2 0:04.42
2927 0.0 0.2 0:04.42
2927 0.0 0.2 0:04.42
2927 0.0 0.2 0:04.42
2927 0.0 0.2 0:04.42
2927 0.0 0.2 0:04.42
2927 0.0 0.2 0:04.42
2927 0.0 0.2 0:04.42
2927 0.0 0.2 0:04.42
2927 0.0 0.2 0:04.42
2927 0.0 0.2 0:04.42
2927 0.0 0.2 0:04.42
2927 0.0 0.2 0:04.42
2927 0.0 0.2 0:04.42
2927 0.0 0.2 0:04.42
2927 0.0 0.2 0:04.42
2927 0.0 0.2 0:04.42
2927 0.0 0.2 0:04.42
2927 0.0 0.2 0:04.42
2927 0.0 0.2 0:04.42
2927 0.0 0.2 0:04.42
2927 0.0 0.2 0:04.42
2927 0.0 0.2 0:04.42
2927 0.0 0.2 0:04.42
2927 0.0 0.2 0:04.42
2927 0.0 0.2 0:04.42
2927 0.0 0.2 0:04.42
2927 0.0 0.2 0:04.42
2927 0.0 0.2 0:04.42
2927 0.0 0.2 0:04.42
2927 0.0 0.2 0:04.42
2927 0.0 0.2 0:04.42
2927 0.0 0.2 0:04.42
2927 0.0 0.2 0:04.42
2927 0.0 0.2 0:04.42
2927 0.0 0.2 0:04.42
2927 0.0 0.2 0:04.42
2927 0.0 0.2 0:04.42
2927 0.0 0.2 0:04.42
2927 0.0 0.2 0:04.42
2927 0.0 0.2 0:04.42
2927 0.0 0.2 0:04.42
2927 0.0 0.2 0:04.42
2927 0.0 0.2 0:04.42
2927 0.0 0.2 0:04.42
2927 0.0 0.2 0:04.42
2927 0.0 0.2 0:04.42
2927 0.0 0.2 0:04.42
2927 0.0 0.2 0:04.42
2927 0.0 0.2 0:04.42
2927 0.0 0.2 0:04.42
2927 0.0 0.2 0:04.42
2927 0.0 0.2 0:04.42
2927 0.0 0.2 0:04.42
2927 0.0 0.2 0:04.42
2927 0.0 0.2 0:04.42
2927 0.0 0.2 0:04.42
2927 0.0 0.2 0:04.42
2927 0.0 0.2 0:04.42
2927 0.0 0.2 0:04.42
2927 0.0 0.2 0:04.42
2927 0.0 0.2 0:04.42
2927 0.0 0.2 0:04.42
2927 0.0 0.2 0:04.42
2927 0.0 0.2 0:04.42
2927 0.0 0.2 0:04.42
2927 0.0 0.2 0:04.42
2927 0.0 0.2 0:04.42
2927 0.0 0.2 0:04.43
2927 0.0 0.2 0:04.43
2927 0.0 0.2 0:04.43
2927 0.0 0.2 0:04.43
2927 0.0 0.2 0:04.43
2927 0.0 0.2 0:04.43
2927 0.0 0.2 0:04.43
2927 0.0 0.2 0:04.43
2927 0.0 0.2 0:04.43
22927 0.0 0.0 0:00.00
2927 0.0 0.2 0:04.43
2927 0.0 0.2 0:04.43
2927 0.0 0.2 0:04.43
2927 0.0 0.2 0:04.43
2927 0.0 0.2 0:04.43
2927 0.0 0.2 0:04.43
2927 0.0 0.2 0:04.43
2927 0.0 0.2 0:04.43
2927 0.0 0.2 0:04.43
2927 0.0 0.2 0:04.43
2927 0.0 0.2 0:04.43
2927 0.0 0.2 0:04.43
2927 0.0 0.2 0:04.43
2927 0.0 0.2 0:04.43
2927 0.0 0.2 0:04.43
2927 0.0 0.2 0:04.43
2927 0.0 0.2 0:04.43
2927 0.0 0.2 0:04.43
2927 0.0 0.2 0:04.43
2927 0.0 0.2 0:04.43
2927 0.0 0.2 0:04.43
2927 0.0 0.2 0:04.43
2927 0.0 0.2 0:04.43
2927 0.0 0.2 0:04.43
2927 0.0 0.2 0:04.43
2927 0.0 0.2 0:04.43
2927 0.0 0.2 0:04.43
2927 0.0 0.2 0:04.43
2927 0.0 0.2 0:04.43
2927 0.0 0.2 0:04.43
2927 0.0 0.2 0:04.43
