2927 10.5 0.2 0:03.21
2927 5.6 0.2 0:03.44
2927 0.0 0.2 0:03.46
2927 0.0 0.2 0:03.47
2927 0.0 0.2 0:03.50
2927 0.0 0.2 0:03.50
2927 0.0 0.2 0:03.53
2927 4.8 0.2 0:03.57
2927 5.0 0.2 0:03.61
2927 0.0 0.2 0:03.66
2927 0.0 0.2 0:03.67
2927 0.0 0.2 0:03.69
2927 0.0 0.2 0:03.69
2927 0.0 0.2 0:03.69
2927 0.0 0.2 0:03.69
2927 0.0 0.2 0:03.69
2927 0.0 0.2 0:03.69
2927 0.0 0.2 0:03.69
2927 0.0 0.2 0:03.69
2927 0.0 0.2 0:03.69
2927 0.0 0.2 0:03.69
2927 0.0 0.2 0:03.69
2927 0.0 0.2 0:03.69
2927 0.0 0.2 0:03.69
2927 0.0 0.2 0:03.69
2927 0.0 0.2 0:03.69
2927 0.0 0.2 0:03.69
2927 0.0 0.2 0:03.69
2927 0.0 0.2 0:03.69
2927 0.0 0.2 0:03.69
2927 0.0 0.2 0:03.69
2927 0.0 0.2 0:03.69
2927 0.0 0.2 0:03.69
2927 0.0 0.2 0:03.69
2927 0.0 0.2 0:03.69
2927 0.0 0.2 0:03.69
2927 0.0 0.2 0:03.69
2927 0.0 0.2 0:03.69
2927 0.0 0.2 0:03.69
2927 0.0 0.2 0:03.69
2927 0.0 0.2 0:03.69
2927 0.0 0.2 0:03.69
2927 0.0 0.2 0:03.69
2927 0.0 0.2 0:03.69
2927 0.0 0.2 0:03.69
2927 0.0 0.2 0:03.69
2927 0.0 0.2 0:03.69
2927 0.0 0.2 0:03.69
2927 0.0 0.2 0:03.69
2927 0.0 0.2 0:03.69
2927 0.0 0.2 0:03.69
2927 0.0 0.2 0:03.69
2927 0.0 0.2 0:03.69
2927 0.0 0.2 0:03.69
2927 0.0 0.2 0:03.69
2927 0.0 0.2 0:03.69
2927 0.0 0.2 0:03.69
2927 0.0 0.2 0:03.69
2927 0.0 0.2 0:03.69
2927 0.0 0.2 0:03.69
2927 0.0 0.2 0:03.69
2927 0.0 0.2 0:03.69
2927 0.0 0.2 0:03.69
2927 0.0 0.2 0:03.69
2927 0.0 0.2 0:03.69
2927 0.0 0.2 0:03.69
2927 0.0 0.2 0:03.69
2927 0.0 0.2 0:03.69
2927 0.0 0.2 0:03.69
2927 0.0 0.2 0:03.69
2927 0.0 0.2 0:03.69
2927 0.0 0.2 0:03.69
2927 0.0 0.2 0:03.69
2927 0.0 0.2 0:03.69
2927 0.0 0.2 0:03.69
2927 0.0 0.2 0:03.69
2927 0.0 0.2 0:03.69
2927 0.0 0.2 0:03.69
2927 0.0 0.2 0:03.69
2927 0.0 0.2 0:03.69
2927 0.0 0.2 0:03.69
2927 0.0 0.2 0:03.69
2927 0.0 0.2 0:03.69
2927 0.0 0.2 0:03.69
2927 0.0 0.2 0:03.69
2927 0.0 0.2 0:03.69
2927 0.0 0.2 0:03.69
2927 0.0 0.2 0:03.69
2927 0.0 0.2 0:03.69
2927 0.0 0.2 0:03.69
2927 0.0 0.2 0:03.69
2927 0.0 0.2 0:03.69
2927 0.0 0.2 0:03.69
2927 0.0 0.2 0:03.69
2927 0.0 0.2 0:03.69
2927 0.0 0.2 0:03.69
2927 0.0 0.2 0:03.69
2927 0.0 0.2 0:03.69
2927 0.0 0.2 0:03.69
2927 0.0 0.2 0:03.69
2927 0.0 0.2 0:03.69
2927 0.0 0.2 0:03.69
2927 0.0 0.2 0:03.69
2927 0.0 0.2 0:03.69
2927 0.0 0.2 0:03.69
2927 0.0 0.2 0:03.69
2927 0.0 0.2 0:03.69
2927 0.0 0.2 0:03.69
2927 0.0 0.2 0:03.69
2927 0.0 0.2 0:03.69
2927 0.0 0.2 0:03.69
2927 0.0 0.2 0:03.69
2927 0.0 0.2 0:03.69
2927 0.0 0.2 0:03.69
2927 0.0 0.2 0:03.69
2927 0.0 0.2 0:03.69
2927 0.0 0.2 0:03.69
2927 0.0 0.2 0:03.69
2927 0.0 0.2 0:03.69
2927 0.0 0.2 0:03.69
2927 0.0 0.2 0:03.69
2927 0.0 0.2 0:03.69
2927 0.0 0.2 0:03.69
2927 0.0 0.2 0:03.69
2927 0.0 0.2 0:03.69
2927 0.0 0.2 0:03.69
2927 0.0 0.2 0:03.69
2927 0.0 0.2 0:03.69
2927 0.0 0.2 0:03.69
2927 0.0 0.2 0:03.69
2927 0.0 0.2 0:03.69
2927 0.0 0.2 0:03.69
2927 0.0 0.2 0:03.69
2927 0.0 0.2 0:03.69
2927 0.0 0.2 0:03.69
2927 0.0 0.2 0:03.69
2927 0.0 0.2 0:03.69
2927 0.0 0.2 0:03.69
2927 0.0 0.2 0:03.69
2927 0.0 0.2 0:03.69
2927 0.0 0.2 0:03.69
2927 0.0 0.2 0:03.69
2927 0.0 0.2 0:03.69
2927 0.0 0.2 0:03.69
2927 0.0 0.2 0:03.69
2927 0.0 0.2 0:03.69
2927 0.0 0.2 0:03.69
2927 0.0 0.2 0:03.69
2927 0.0 0.2 0:03.69
2927 0.0 0.2 0:03.69
2927 0.0 0.2 0:03.69
2927 0.0 0.2 0:03.69
2927 0.0 0.2 0:03.69
2927 0.0 0.2 0:03.69
2927 0.0 0.2 0:03.69
2927 0.0 0.2 0:03.69
2927 0.0 0.2 0:03.69
2927 0.0 0.2 0:03.69
2927 0.0 0.2 0:03.69
2927 0.0 0.2 0:03.69
2927 0.0 0.2 0:03.69
2927 0.0 0.2 0:03.69
2927 0.0 0.2 0:03.69
2927 0.0 0.2 0:03.69
2927 0.0 0.2 0:03.69
2927 0.0 0.2 0:03.69
2927 0.0 0.2 0:03.69
2927 0.0 0.2 0:03.69
2927 0.0 0.2 0:03.69
2927 0.0 0.2 0:03.69
2927 0.0 0.2 0:03.69
2927 0.0 0.2 0:03.69
2927 0.0 0.2 0:03.69
2927 0.0 0.2 0:03.69
2927 0.0 0.2 0:03.69
2927 0.0 0.2 0:03.69
2927 0.0 0.2 0:03.69
2927 0.0 0.2 0:03.69
2927 0.0 0.2 0:03.69
2927 0.0 0.2 0:03.69
2927 0.0 0.2 0:03.69
2927 0.0 0.2 0:03.69
2927 0.0 0.2 0:03.69
2927 0.0 0.2 0:03.69
2927 0.0 0.2 0:03.69
2927 0.0 0.2 0:03.69
2927 0.0 0.2 0:03.69
