2928 12.5 0.2 0:02.82
2928 5.0 0.2 0:02.88
2928 5.3 0.2 0:02.93
2928 9.5 0.2 0:02.98
2928 5.3 0.2 0:03.00
2928 19.0 0.2 0:03.05
2928 10.5 0.2 0:03.08
2928 5.6 0.2 0:03.10
2928 0.0 0.2 0:03.14
2928 0.0 0.2 0:03.17
2928 10.0 0.2 0:03.21
2928 0.0 0.2 0:03.23
2928 0.0 0.2 0:03.24
2928 0.0 0.2 0:03.26
2928 0.0 0.2 0:03.27
2928 0.0 0.2 0:03.28
2928 4.8 0.2 0:03.30
2928 0.0 0.2 0:03.31
2928 0.0 0.2 0:03.31
2928 0.0 0.2 0:03.31
2928 0.0 0.2 0:03.31
2928 0.0 0.2 0:03.32
2928 0.0 0.2 0:03.32
2928 0.0 0.2 0:03.32
2928 0.0 0.2 0:03.32
2928 0.0 0.2 0:03.32
2928 0.0 0.2 0:03.32
2928 0.0 0.2 0:03.34
2928 0.0 0.2 0:03.34
2928 0.0 0.2 0:03.34
2928 0.0 0.2 0:03.34
2928 0.0 0.2 0:03.34
2928 0.0 0.2 0:03.34
2928 0.0 0.2 0:03.34
2928 0.0 0.2 0:03.34
2928 0.0 0.2 0:03.34
2928 0.0 0.2 0:03.34
2928 0.0 0.2 0:03.34
2928 0.0 0.2 0:03.34
2928 0.0 0.2 0:03.34
2928 0.0 0.2 0:03.34
2928 0.0 0.2 0:03.34
2928 0.0 0.2 0:03.34
2928 0.0 0.2 0:03.34
2928 0.0 0.2 0:03.34
2928 0.0 0.2 0:03.34
2928 0.0 0.2 0:03.34
2928 0.0 0.2 0:03.34
2928 0.0 0.2 0:03.34
2928 0.0 0.2 0:03.34
2928 0.0 0.2 0:03.34
2928 0.0 0.2 0:03.34
2928 0.0 0.2 0:03.34
2928 0.0 0.2 0:03.34
2928 0.0 0.2 0:03.34
2928 0.0 0.2 0:03.34
2928 0.0 0.2 0:03.34
29281 16.7 0.1 0:00.03
29286 0.0 0.0 0:00.00
2928 0.0 0.2 0:03.34
2928 0.0 0.2 0:03.34
2928 0.0 0.2 0:03.34
2928 0.0 0.2 0:03.34
2928 0.0 0.2 0:03.34
2928 0.0 0.2 0:03.34
2928 0.0 0.2 0:03.34
2928 0.0 0.2 0:03.34
2928 0.0 0.2 0:03.34
2928 0.0 0.2 0:03.34
2928 0.0 0.2 0:03.34
2928 0.0 0.2 0:03.34
2928 0.0 0.2 0:03.34
2928 0.0 0.2 0:03.34
2928 0.0 0.2 0:03.34
2928 0.0 0.2 0:03.34
2928 0.0 0.2 0:03.34
2928 0.0 0.2 0:03.34
2928 0.0 0.2 0:03.34
2928 0.0 0.2 0:03.34
2928 0.0 0.2 0:03.34
2928 0.0 0.2 0:03.34
2928 0.0 0.2 0:03.34
2928 0.0 0.2 0:03.34
2928 0.0 0.2 0:03.34
2928 0.0 0.2 0:03.34
2928 0.0 0.2 0:03.34
2928 0.0 0.2 0:03.34
2928 0.0 0.2 0:03.34
2928 0.0 0.2 0:03.34
2928 0.0 0.2 0:03.34
2928 0.0 0.2 0:03.34
2928 0.0 0.2 0:03.34
2928 0.0 0.2 0:03.36
2928 0.0 0.2 0:03.36
2928 0.0 0.2 0:03.36
2928 0.0 0.2 0:03.36
2928 0.0 0.2 0:03.36
2928 0.0 0.2 0:03.36
2928 0.0 0.2 0:03.37
2928 0.0 0.2 0:03.37
2928 0.0 0.2 0:03.37
2928 0.0 0.2 0:03.37
2928 0.0 0.2 0:03.37
2928 0.0 0.2 0:03.37
2928 0.0 0.2 0:03.37
2928 0.0 0.2 0:03.37
2928 0.0 0.2 0:03.37
2928 0.0 0.2 0:03.37
2928 0.0 0.2 0:03.37
2928 0.0 0.2 0:03.37
2928 0.0 0.2 0:03.37
2928 0.0 0.2 0:03.37
2928 0.0 0.2 0:03.37
2928 0.0 0.2 0:03.37
2928 0.0 0.2 0:03.37
2928 0.0 0.2 0:03.37
2928 0.0 0.2 0:03.37
2928 0.0 0.2 0:03.37
2928 0.0 0.2 0:03.37
2928 0.0 0.2 0:03.37
2928 0.0 0.2 0:03.37
2928 0.0 0.2 0:03.37
2928 0.0 0.2 0:03.37
2928 0.0 0.2 0:03.38
2928 0.0 0.2 0:03.38
2928 0.0 0.2 0:03.38
2928 0.0 0.2 0:03.38
2928 0.0 0.2 0:03.38
2928 0.0 0.2 0:03.38
2928 0.0 0.2 0:03.38
2928 0.0 0.2 0:03.38
2928 0.0 0.2 0:03.38
2928 0.0 0.2 0:03.38
2928 0.0 0.2 0:03.38
2928 0.0 0.2 0:03.38
2928 0.0 0.2 0:03.38
2928 0.0 0.2 0:03.38
2928 0.0 0.2 0:03.38
2928 0.0 0.2 0:03.38
2928 0.0 0.2 0:03.38
2928 0.0 0.2 0:03.38
2928 0.0 0.2 0:03.39
2928 0.0 0.2 0:03.39
2928 0.0 0.2 0:03.39
2928 0.0 0.2 0:03.39
2928 0.0 0.2 0:03.39
2928 0.0 0.2 0:03.39
2928 0.0 0.2 0:03.39
2928 0.0 0.2 0:03.39
2928 0.0 0.2 0:03.39
2928 0.0 0.2 0:03.39
2928 0.0 0.2 0:03.39
2928 0.0 0.2 0:03.39
2928 0.0 0.2 0:03.39
2928 0.0 0.2 0:03.39
2928 0.0 0.2 0:03.39
2928 0.0 0.2 0:03.39
2928 0.0 0.2 0:03.39
2928 0.0 0.2 0:03.39
2928 0.0 0.2 0:03.39
2928 0.0 0.2 0:03.39
2928 0.0 0.2 0:03.39
2928 0.0 0.2 0:03.39
2928 0.0 0.2 0:03.39
2928 0.0 0.2 0:03.39
2928 0.0 0.2 0:03.39
2928 0.0 0.2 0:03.39
2928 0.0 0.2 0:03.39
2928 0.0 0.2 0:03.39
2928 0.0 0.2 0:03.39
2928 0.0 0.2 0:03.39
2928 0.0 0.2 0:03.39
2928 0.0 0.2 0:03.39
2928 0.0 0.2 0:03.39
2928 0.0 0.2 0:03.39
2928 0.0 0.2 0:03.39
2928 0.0 0.2 0:03.39
2928 0.0 0.2 0:03.39
2928 0.0 0.2 0:03.39
2928 0.0 0.2 0:03.39
2928 0.0 0.2 0:03.39
2928 0.0 0.2 0:03.39
2928 0.0 0.2 0:03.39
2928 0.0 0.2 0:03.39
2928 0.0 0.2 0:03.39
2928 0.0 0.2 0:03.39
2928 0.0 0.2 0:03.39
2928 0.0 0.2 0:03.39
2928 0.0 0.2 0:03.39
2928 0.0 0.2 0:03.39
2928 0.0 0.2 0:03.40
2928 0.0 0.2 0:03.40
2928 0.0 0.2 0:03.40
2928 5.6 0.2 0:03.41
2928 0.0 0.2 0:03.41
2928 3.2 0.2 0:03.42
2928 5.3 0.2 0:03.45
2928 0.0 0.2 0:03.46
2928 0.0 0.2 0:03.46
2928 0.0 0.2 0:03.46
2928 0.0 0.2 0:03.46
2928 0.0 0.2 0:03.46
2928 0.0 0.2 0:03.46
2928 0.0 0.2 0:03.46
2928 0.0 0.2 0:03.46
2928 0.0 0.2 0:03.46
2928 0.0 0.2 0:03.46
2928 0.0 0.2 0:03.46
2928 0.0 0.2 0:03.46
2928 0.0 0.2 0:03.46
2928 0.0 0.2 0:03.46
2928 0.0 0.2 0:03.46
2928 0.0 0.2 0:03.46
2928 0.0 0.2 0:03.46
2928 0.0 0.2 0:03.46
2928 0.0 0.2 0:03.46
2928 0.0 0.2 0:03.46
2928 0.0 0.2 0:03.47
2928 0.0 0.2 0:03.47
2928 0.0 0.2 0:03.47
2928 0.0 0.2 0:03.47
2928 0.0 0.2 0:03.47
2928 0.0 0.2 0:03.47
2928 0.0 0.2 0:03.47
2928 0.0 0.2 0:03.47
2928 0.0 0.2 0:03.47
2928 0.0 0.2 0:03.47
2928 0.0 0.2 0:03.47
2928 0.0 0.2 0:03.47
2928 0.0 0.2 0:03.47
2928 0.0 0.2 0:03.47
2928 0.0 0.2 0:03.47
2928 0.0 0.2 0:03.47
2928 0.0 0.2 0:03.47
2928 0.0 0.2 0:03.47
2928 0.0 0.2 0:03.47
2928 0.0 0.2 0:03.48
2928 0.0 0.2 0:03.48
2928 0.0 0.2 0:03.48
2928 0.0 0.2 0:03.48
2928 0.0 0.2 0:03.48
2928 0.0 0.2 0:03.48
2928 0.0 0.2 0:03.48
2928 0.0 0.2 0:03.48
2928 0.0 0.2 0:03.48
2928 0.0 0.2 0:03.48
2928 0.0 0.2 0:03.48
2928 0.0 0.2 0:03.48
2928 0.0 0.2 0:03.49
2928 0.0 0.2 0:03.50
2928 0.0 0.2 0:03.50
