2928 0.0 0.2 0:15.48
2928 0.0 0.2 0:15.48
2928 0.0 0.2 0:15.48
2928 0.0 0.2 0:15.48
2928 0.0 0.2 0:15.48
2928 0.0 0.2 0:15.48
2928 0.0 0.2 0:15.48
2928 0.0 0.2 0:15.48
2928 0.0 0.2 0:15.48
2928 0.0 0.2 0:15.48
2928 0.0 0.2 0:15.48
2928 0.0 0.2 0:15.48
2928 0.0 0.2 0:15.49
2928 0.0 0.2 0:15.49
2928 0.0 0.2 0:15.49
2928 0.0 0.2 0:15.49
2928 0.0 0.2 0:15.49
2928 0.0 0.2 0:15.49
2928 0.0 0.2 0:15.49
2928 0.0 0.2 0:15.49
2928 0.0 0.2 0:15.49
2928 0.0 0.2 0:15.49
2928 0.0 0.2 0:15.49
2928 0.0 0.2 0:15.49
2928 0.0 0.2 0:15.49
2928 0.0 0.2 0:15.49
2928 0.0 0.2 0:15.49
2928 0.0 0.2 0:15.49
2928 0.0 0.2 0:15.49
2928 0.0 0.2 0:15.49
2928 0.0 0.2 0:15.49
2928 0.0 0.2 0:15.49
2928 0.0 0.2 0:15.49
2928 0.0 0.2 0:15.49
2928 0.0 0.2 0:15.50
2928 0.0 0.2 0:15.50
2928 0.0 0.2 0:15.50
2928 0.0 0.2 0:15.50
2928 0.0 0.2 0:15.50
2928 0.0 0.2 0:15.50
2928 0.0 0.2 0:15.50
2928 0.0 0.2 0:15.50
2928 0.0 0.2 0:15.50
2928 0.0 0.2 0:15.50
2928 0.0 0.2 0:15.50
2928 0.0 0.2 0:15.50
2928 0.0 0.2 0:15.50
2928 0.0 0.2 0:15.50
2928 0.0 0.2 0:15.50
2928 0.0 0.2 0:15.50
2928 0.0 0.2 0:15.50
2928 0.0 0.2 0:15.50
2928 0.0 0.2 0:15.50
2928 0.0 0.2 0:15.50
2928 0.0 0.2 0:15.50
2928 0.0 0.2 0:15.51
2928 0.0 0.2 0:15.51
2928 0.0 0.2 0:15.51
2928 0.0 0.2 0:15.51
2928 0.0 0.2 0:15.51
2928 0.0 0.2 0:15.51
2928 0.0 0.2 0:15.51
2928 0.0 0.2 0:15.51
2928 0.0 0.2 0:15.51
2928 0.0 0.2 0:15.51
2928 0.0 0.2 0:15.51
2928 0.0 0.2 0:15.51
2928 0.0 0.2 0:15.53
2928 0.0 0.2 0:15.53
2928 0.0 0.2 0:15.53
2928 0.0 0.2 0:15.53
2928 0.0 0.2 0:15.53
2928 0.0 0.2 0:15.53
2928 0.0 0.2 0:15.53
2928 0.0 0.2 0:15.53
2928 0.0 0.2 0:15.53
