2928 5.6 0.2 0:14.78
2928 0.0 0.2 0:14.81
2928 0.0 0.2 0:14.82
2928 0.0 0.2 0:14.82
2928 0.0 0.2 0:14.82
2928 0.0 0.2 0:14.82
2928 0.0 0.2 0:14.82
2928 0.0 0.2 0:14.82
2928 0.0 0.2 0:14.82
2928 0.0 0.2 0:14.82
2928 0.0 0.2 0:14.82
2928 0.0 0.2 0:14.82
2928 0.0 0.2 0:14.82
2928 0.0 0.2 0:14.82
2928 0.0 0.2 0:14.82
2928 0.0 0.2 0:14.83
2928 0.0 0.2 0:14.83
2928 0.0 0.2 0:14.83
2928 0.0 0.2 0:14.83
2928 0.0 0.2 0:14.83
2928 0.0 0.2 0:14.83
2928 0.0 0.2 0:14.83
2928 0.0 0.2 0:14.83
2928 0.0 0.2 0:14.83
2928 0.0 0.2 0:14.83
2928 0.0 0.2 0:14.83
2928 0.0 0.2 0:14.83
2928 0.0 0.2 0:14.83
2928 0.0 0.2 0:14.83
2928 0.0 0.2 0:14.83
2928 0.0 0.2 0:14.83
2928 0.0 0.2 0:14.83
2928 0.0 0.2 0:14.83
2928 0.0 0.2 0:14.83
2928 0.0 0.2 0:14.83
2928 0.0 0.2 0:14.83
2928 0.0 0.2 0:14.83
2928 0.0 0.2 0:14.83
2928 0.0 0.2 0:14.83
2928 0.0 0.2 0:14.83
2928 0.0 0.2 0:14.84
2928 0.0 0.2 0:14.84
2928 0.0 0.2 0:14.84
2928 0.0 0.2 0:14.84
2928 0.0 0.2 0:14.84
2928 0.0 0.2 0:14.84
2928 0.0 0.2 0:14.84
2928 0.0 0.2 0:14.84
2928 0.0 0.2 0:14.84
2928 0.0 0.2 0:14.84
2928 0.0 0.2 0:14.84
2928 0.0 0.2 0:14.84
2928 0.0 0.2 0:14.84
2928 0.0 0.2 0:14.84
2928 0.0 0.2 0:14.84
2928 0.0 0.2 0:14.84
2928 0.0 0.2 0:14.84
2928 0.0 0.2 0:14.84
2928 0.0 0.2 0:14.84
2928 0.0 0.2 0:14.85
2928 0.0 0.2 0:14.85
2928 0.0 0.2 0:14.85
2928 0.0 0.2 0:14.85
2928 0.0 0.2 0:14.85
2928 0.0 0.2 0:14.85
2928 0.0 0.2 0:14.85
2928 0.0 0.2 0:14.85
2928 0.0 0.2 0:14.85
2928 0.0 0.2 0:14.85
2928 0.0 0.2 0:14.86
2928 0.0 0.2 0:14.86
2928 0.0 0.2 0:14.86
2928 0.0 0.2 0:14.86
2928 0.0 0.2 0:14.86
2928 0.0 0.2 0:14.86
2928 0.0 0.2 0:14.86
2928 0.0 0.2 0:14.86
2928 0.0 0.2 0:14.86
2928 0.0 0.2 0:14.86
2928 0.0 0.2 0:14.86
2928 0.0 0.2 0:14.86
2928 0.0 0.2 0:14.86
2928 0.0 0.2 0:14.86
2928 0.0 0.2 0:14.86
2928 0.0 0.2 0:14.86
2928 0.0 0.2 0:14.86
2928 0.0 0.2 0:14.86
2928 0.0 0.2 0:14.86
2928 0.0 0.2 0:14.86
2928 0.0 0.2 0:14.86
2928 0.0 0.2 0:14.86
2928 0.0 0.2 0:14.86
2928 0.0 0.2 0:14.86
2928 0.0 0.2 0:14.86
2928 0.0 0.2 0:14.86
