2924 9.1 0.1 0:27.57
2924 10.0 0.1 0:27.73
2924 19.0 0.1 0:27.91
2924 10.5 0.1 0:28.04
2924 21.1 0.1 0:28.19
2924 9.5 0.1 0:28.39
2924 21.1 0.1 0:28.61
2924 11.5 0.1 0:28.83
2924 9.5 0.1 0:28.99
2924 0.0 0.1 0:29.16
2924 15.0 0.1 0:29.37
2924 14.3 0.1 0:29.65
2924 12.0 0.1 0:29.90
2924 20.0 0.1 0:30.18
2924 13.0 0.1 0:30.41
2924 14.0 0.1 0:30.65
2924 20.0 0.1 0:30.92
2924 9.1 0.1 0:31.13
2924 7.1 0.1 0:31.30
2924 10.0 0.1 0:31.50
2924 16.7 0.1 0:31.68
2924 18.2 0.1 0:31.86
2924 15.4 0.1 0:32.12
2924 15.0 0.1 0:32.36
2924 11.1 0.1 0:32.55
2924 19.2 0.1 0:32.79
2924 8.3 0.1 0:33.01
2924 20.0 0.1 0:33.18
2924 9.7 0.1 0:33.38
2924 10.7 0.1 0:33.58
2924 10.5 0.1 0:33.75
2924 23.8 0.1 0:33.95
2924 18.2 0.1 0:34.22
2924 20.0 0.1 0:34.48
2924 17.4 0.1 0:34.74
2924 14.3 0.1 0:35.01
2924 18.5 0.1 0:35.34
2924 12.5 0.1 0:35.47
2924 15.4 0.1 0:35.73
2924 10.5 0.1 0:35.95
2924 17.2 0.1 0:36.23
2924 0.0 0.1 0:36.33
2924 0.0 0.1 0:36.33
2924 0.0 0.1 0:36.33
2924 0.0 0.1 0:36.33
2924 0.0 0.1 0:36.33
2924 0.0 0.1 0:36.33
2924 0.0 0.1 0:36.33
2924 0.0 0.1 0:36.33
2924 0.0 0.1 0:36.33
2924 0.0 0.1 0:36.33
2924 0.0 0.1 0:36.33
2924 0.0 0.1 0:36.33
2924 0.0 0.1 0:36.33
2924 0.0 0.1 0:36.33
2924 0.0 0.1 0:36.33
2924 0.0 0.1 0:36.33
2924 0.0 0.1 0:36.33
2924 0.0 0.1 0:36.33
2924 0.0 0.1 0:36.33
2924 0.0 0.1 0:36.33
2924 0.0 0.1 0:36.33
2924 0.0 0.1 0:36.33
2924 0.0 0.1 0:36.33
2924 0.0 0.1 0:36.33
2924 0.0 0.1 0:36.33
2924 0.0 0.1 0:36.33
2924 0.0 0.1 0:36.33
2924 0.0 0.1 0:36.33
2924 0.0 0.1 0:36.33
2924 0.0 0.1 0:36.33
2924 0.0 0.1 0:36.33
2924 0.0 0.1 0:36.33
2924 0.0 0.1 0:36.33
2924 0.0 0.1 0:36.33
2924 0.0 0.1 0:36.33
2924 0.0 0.1 0:36.33
2924 0.0 0.1 0:36.33
2924 0.0 0.1 0:36.33
2924 0.0 0.1 0:36.33
2924 0.0 0.1 0:36.33
2924 0.0 0.1 0:36.33
