2924 4.5 0.1 0:44.51
2924 8.7 0.1 0:44.64
2924 15.8 0.1 0:44.78
2924 15.0 0.1 0:44.94
2924 26.3 0.1 0:45.08
2924 19.0 0.1 0:45.23
2924 22.7 0.1 0:45.41
2924 5.6 0.1 0:45.53
2924 15.8 0.1 0:45.73
2924 15.0 0.1 0:45.86
2924 12.5 0.1 0:46.00
2924 10.0 0.1 0:46.12
2924 17.4 0.1 0:46.28
2924 10.0 0.1 0:46.43
2924 15.8 0.1 0:46.59
2924 11.1 0.1 0:46.70
2924 15.0 0.1 0:46.83
2924 19.0 0.1 0:47.02
2924 21.1 0.1 0:47.19
2924 10.5 0.1 0:47.33
2924 10.0 0.1 0:47.50
2924 10.5 0.1 0:47.67
2924 21.1 0.1 0:47.87
2924 15.0 0.1 0:48.02
2924 19.0 0.1 0:48.25
2924 10.5 0.1 0:48.39
2924 0.0 0.1 0:48.43
2924 0.0 0.1 0:48.43
