2926 9.5 0.1 0:13.41
2926 4.8 0.1 0:13.46
2926 0.0 0.1 0:13.49
2926 10.5 0.1 0:13.54
2926 0.0 0.1 0:13.55
2926 5.6 0.1 0:13.60
2926 0.0 0.1 0:13.62
2926 5.3 0.1 0:13.66
2926 9.1 0.1 0:13.70
2926 0.0 0.1 0:13.74
2926 0.0 0.1 0:13.78
2926 4.8 0.1 0:13.81
2926 4.8 0.1 0:13.84
2926 0.0 0.1 0:13.86
2926 0.0 0.1 0:13.89
2926 5.0 0.1 0:13.93
2926 0.0 0.1 0:13.94
2926 0.0 0.1 0:13.98
2926 5.6 0.1 0:14.02
2926 0.0 0.1 0:14.06
2926 5.3 0.1 0:14.09
2926 0.0 0.1 0:14.11
2926 0.0 0.1 0:14.12
2926 0.0 0.1 0:14.16
2926 5.3 0.1 0:14.20
2926 4.5 0.1 0:14.27
2926 0.0 0.1 0:14.33
2926 0.0 0.1 0:14.33
