3565 4.5 0.1 0:02.38
3565 0.0 0.1 0:02.46
3565 11.1 0.1 0:02.55
3565 0.0 0.1 0:02.68
3565 15.8 0.1 0:02.82
3565 20.6 0.1 0:03.04
3565 13.0 0.1 0:03.15
3565 14.3 0.1 0:03.26
3565 22.2 0.1 0:03.37
3565 0.0 0.1 0:03.45
3565 5.6 0.1 0:03.52
3565 16.0 0.1 0:03.66
3565 0.0 0.1 0:03.68
3565 0.0 0.1 0:03.68
3565 0.0 0.1 0:03.68
3565 0.0 0.1 0:03.68
3565 0.0 0.1 0:03.68
3565 0.0 0.1 0:03.68
3565 0.0 0.1 0:03.68
3565 0.0 0.1 0:03.68
3565 0.0 0.1 0:03.68
3565 0.0 0.1 0:03.68
3565 0.0 0.1 0:03.68
3565 0.0 0.1 0:03.68
3565 0.0 0.1 0:03.68
3565 0.0 0.1 0:03.68
3565 0.0 0.1 0:03.68
3565 0.0 0.1 0:03.68
3565 0.0 0.1 0:03.68
3565 0.0 0.1 0:03.68
3565 0.0 0.1 0:03.68
3565 0.0 0.1 0:03.68
3565 0.0 0.1 0:03.68
3565 0.0 0.1 0:03.68
3565 0.0 0.1 0:03.68
3565 0.0 0.1 0:03.68
3565 0.0 0.1 0:03.68
3565 0.0 0.1 0:03.68
3565 0.0 0.1 0:03.68
3565 0.0 0.1 0:03.68
3565 0.0 0.1 0:03.68
3565 0.0 0.1 0:03.68
3565 0.0 0.1 0:03.68
3565 0.0 0.1 0:03.68
3565 0.0 0.1 0:03.68
3565 0.0 0.1 0:03.68
3565 0.0 0.1 0:03.68
3565 0.0 0.1 0:03.68
3565 0.0 0.1 0:03.68
3565 0.0 0.1 0:03.68
