2932 5.6 0.1 0:02.30
2932 5.3 0.1 0:02.32
2932 0.0 0.1 0:02.32
2932 5.0 0.1 0:02.33
2932 0.0 0.1 0:02.34
2932 0.0 0.1 0:02.34
2932 0.0 0.1 0:02.35
2932 0.0 0.1 0:02.35
2932 0.0 0.1 0:02.35
2932 0.0 0.1 0:02.37
2932 0.0 0.1 0:02.38
2932 0.0 0.1 0:02.38
2932 0.0 0.1 0:02.39
2932 0.0 0.1 0:02.40
2932 0.0 0.1 0:02.40
2932 0.0 0.1 0:02.41
2932 0.0 0.1 0:02.43
2932 0.0 0.1 0:02.44
2932 5.3 0.1 0:02.46
2932 0.0 0.1 0:02.47
2932 4.8 0.1 0:02.48
2932 0.0 0.1 0:02.49
2932 5.3 0.1 0:02.50
2932 5.3 0.1 0:02.52
2932 0.0 0.1 0:02.53
2932 0.0 0.1 0:02.54
2932 0.0 0.1 0:02.55
2932 0.0 0.1 0:02.56
2932 0.0 0.1 0:02.57
2932 0.0 0.1 0:02.59
2932 5.3 0.1 0:02.61
2932 5.3 0.1 0:02.62
2932 0.0 0.1 0:02.63
2932 0.0 0.1 0:02.64
2932 0.0 0.1 0:02.65
2932 0.0 0.1 0:02.66
2932 0.0 0.1 0:02.67
2932 0.0 0.1 0:02.69
2932 0.0 0.1 0:02.69
2932 0.0 0.1 0:02.71
2932 5.3 0.1 0:02.73
2932 0.0 0.1 0:02.74
2932 0.0 0.1 0:02.74
