2932 0.0 0.1 0:00.03
2932 0.0 0.1 0:00.05
2932 5.3 0.1 0:00.07
2932 0.0 0.1 0:00.07
2932 0.0 0.1 0:00.08
2932 0.0 0.1 0:00.08
2932 0.0 0.1 0:00.09
2932 5.3 0.1 0:00.10
2932 15.8 0.1 0:00.13
2932 0.0 0.1 0:00.13
2932 0.0 0.1 0:00.15
2932 0.0 0.1 0:00.15
2932 0.0 0.1 0:00.17
2932 0.0 0.1 0:00.17
2932 0.0 0.1 0:00.17
2932 0.0 0.1 0:00.18
2932 0.0 0.1 0:00.19
2932 0.0 0.1 0:00.20
2932 0.0 0.1 0:00.22
2932 0.0 0.1 0:00.24
2932 5.6 0.1 0:00.26
2932 4.2 0.1 0:00.30
2932 0.0 0.1 0:00.31
2932 11.1 0.1 0:00.33
2932 0.0 0.1 0:00.38
2932 5.3 0.1 0:00.39
2932 5.6 0.1 0:00.41
2932 0.0 0.1 0:00.42
2932 0.0 0.1 0:00.44
2932 0.0 0.1 0:00.45
2932 0.0 0.1 0:00.47
2932 0.0 0.1 0:00.48
2932 0.0 0.1 0:00.50
2932 5.6 0.1 0:00.53
2932 5.6 0.1 0:00.55
2932 0.0 0.1 0:00.57
2932 5.6 0.1 0:00.60
2932 5.3 0.1 0:00.61
2932 0.0 0.1 0:00.63
2932 5.6 0.1 0:00.65
2932 0.0 0.1 0:00.66
2932 0.0 0.1 0:00.66
2932 0.0 0.1 0:00.66
2932 0.0 0.1 0:00.66
2932 0.0 0.1 0:00.66
2932 0.0 0.1 0:00.66
2932 0.0 0.1 0:00.66
2932 0.0 0.1 0:00.66
2932 0.0 0.1 0:00.66
2932 0.0 0.1 0:00.66
2932 0.0 0.1 0:00.66
2932 0.0 0.1 0:00.66
2932 0.0 0.1 0:00.66
2932 0.0 0.1 0:00.66
2932 0.0 0.1 0:00.66
2932 0.0 0.1 0:00.66
2932 0.0 0.1 0:00.66
2932 0.0 0.1 0:00.66
2932 0.0 0.1 0:00.66
2932 0.0 0.1 0:00.66
2932 0.0 0.1 0:00.66
2932 0.0 0.1 0:00.66
2932 0.0 0.1 0:00.66
2932 0.0 0.1 0:00.66
2932 0.0 0.1 0:00.66
2932 0.0 0.1 0:00.66
2932 0.0 0.1 0:00.66
2932 0.0 0.1 0:00.66
2932 0.0 0.1 0:00.66
2932 0.0 0.1 0:00.66
2932 0.0 0.1 0:00.66
2932 0.0 0.1 0:00.66
2932 0.0 0.1 0:00.66
2932 0.0 0.1 0:00.66
2932 0.0 0.1 0:00.66
2932 0.0 0.1 0:00.66
2932 0.0 0.1 0:00.66
2932 0.0 0.1 0:00.66
2932 0.0 0.1 0:00.66
2932 0.0 0.1 0:00.66
2932 0.0 0.1 0:00.66
2932 0.0 0.1 0:00.66
2932 0.0 0.1 0:00.66
2932 0.0 0.1 0:00.66
2932 0.0 0.1 0:00.66
