701 0.0 0.1 0:00.00
701 0.0 0.1 0:00.00
701 0.0 0.1 0:00.00
701 0.0 0.1 0:00.00
701 0.0 0.1 0:00.00
701 0.0 0.1 0:00.00
701 0.0 0.1 0:00.00
701 0.0 0.1 0:00.00
701 0.0 0.1 0:00.00
701 0.0 0.1 0:00.00
701 0.0 0.1 0:00.00
701 0.0 0.1 0:00.00
701 0.0 0.1 0:00.00
701 0.0 0.1 0:00.00
701 0.0 0.1 0:00.00
701 0.0 0.1 0:00.00
701 0.0 0.1 0:00.00
701 0.0 0.1 0:00.00
701 0.0 0.1 0:00.00
701 0.0 0.1 0:00.00
701 0.0 0.1 0:00.00
701 0.0 0.1 0:00.00
701 0.0 0.1 0:00.00
701 0.0 0.1 0:00.00
701 0.0 0.1 0:00.00
701 0.0 0.1 0:00.00
701 0.0 0.1 0:00.00
701 0.0 0.1 0:00.00
701 0.0 0.1 0:00.00
701 0.0 0.1 0:00.00
701 0.0 0.1 0:00.00
17018 11.1 0.2 0:00.04
701 0.0 0.1 0:00.00
701 0.0 0.1 0:00.00
701 0.0 0.1 0:00.00
701 0.0 0.1 0:00.00
701 0.0 0.1 0:00.00
701 0.0 0.1 0:00.00
701 0.0 0.1 0:00.00
701 0.0 0.1 0:00.00
701 0.0 0.1 0:00.00
701 0.0 0.1 0:00.00
701 0.0 0.1 0:00.00
701 0.0 0.1 0:00.00
701 0.0 0.1 0:00.00
701 0.0 0.1 0:00.00
701 0.0 0.1 0:00.00
701 0.0 0.1 0:00.00
701 0.0 0.1 0:00.00
701 0.0 0.1 0:00.00
701 0.0 0.1 0:00.00
701 0.0 0.1 0:00.00
701 0.0 0.1 0:00.00
701 0.0 0.1 0:00.00
701 0.0 0.1 0:00.00
701 0.0 0.1 0:00.00
701 0.0 0.1 0:00.00
701 0.0 0.1 0:00.00
701 0.0 0.1 0:00.00
701 0.0 0.1 0:00.00
701 0.0 0.1 0:00.00
701 0.0 0.1 0:00.00
701 0.0 0.1 0:00.00
701 0.0 0.1 0:00.00
701 0.0 0.1 0:00.00
701 0.0 0.1 0:00.00
701 0.0 0.1 0:00.00
701 0.0 0.1 0:00.00
701 0.0 0.1 0:00.00
701 0.0 0.1 0:00.00
701 0.0 0.1 0:00.00
701 0.0 0.1 0:00.00
701 0.0 0.1 0:00.00
701 0.0 0.1 0:00.00
701 0.0 0.1 0:00.00
701 0.0 0.1 0:00.00
701 0.0 0.1 0:00.00
701 0.0 0.1 0:00.00
701 0.0 0.1 0:00.00
701 0.0 0.1 0:00.00
701 0.0 0.1 0:00.00
701 0.0 0.1 0:00.00
701 0.0 0.1 0:00.00
701 0.0 0.1 0:00.00
701 0.0 0.1 0:00.00
701 0.0 0.1 0:00.00
701 0.0 0.1 0:00.00
