702 5.6 0.4 0:12.16
702 0.0 0.4 0:12.17
702 0.0 0.4 0:12.19
702 0.0 0.4 0:12.21
702 0.0 0.4 0:12.23
702 0.0 0.4 0:12.25
702 0.0 0.4 0:12.27
702 5.3 0.4 0:12.30
702 5.6 0.4 0:12.32
702 0.0 0.4 0:12.33
702 0.0 0.4 0:12.35
702 0.0 0.4 0:12.37
702 5.3 0.4 0:12.40
702 5.6 0.4 0:12.42
702 5.3 0.4 0:12.44
702 0.0 0.4 0:12.46
702 0.0 0.4 0:12.48
702 0.0 0.4 0:12.49
702 0.0 0.4 0:12.51
702 5.6 0.4 0:12.54
702 0.0 0.4 0:12.56
702 0.0 0.4 0:12.58
702 5.3 0.4 0:12.60
702 0.0 0.4 0:12.62
702 5.3 0.4 0:12.64
702 0.0 0.4 0:12.65
702 0.0 0.4 0:12.68
702 0.0 0.4 0:12.70
702 10.5 0.4 0:12.72
702 10.5 0.4 0:12.74
702 11.8 0.4 0:12.76
702 5.6 0.4 0:12.77
702 0.0 0.4 0:12.78
702 5.6 0.4 0:12.81
702 0.0 0.4 0:12.82
702 0.0 0.4 0:12.84
702 0.0 0.4 0:12.86
702 0.0 0.4 0:12.88
702 5.3 0.4 0:12.91
702 0.0 0.4 0:12.92
30702 11.1 0.2 0:00.04
KiB used, 327024 buff/cache
702 0.0 0.4 0:12.98
702 5.6 0.4 0:13.00
702 0.0 0.4 0:13.02
702 0.0 0.4 0:13.04
702 0.0 0.4 0:13.05
702 0.0 0.4 0:13.08
702 0.0 0.4 0:13.10
702 0.0 0.4 0:13.11
702 0.0 0.4 0:13.13
702 0.0 0.4 0:13.15
702 5.3 0.4 0:13.17
702 0.0 0.4 0:13.18
702 0.0 0.4 0:13.21
702 5.6 0.4 0:13.23
702 5.6 0.4 0:13.25
702 0.0 0.4 0:13.26
702 5.6 0.4 0:13.29
702 5.3 0.4 0:13.31
702 5.3 0.4 0:13.33
702 5.6 0.4 0:13.35
702 0.0 0.4 0:13.37
702 0.0 0.4 0:13.39
702 0.0 0.4 0:13.42
702 0.0 0.4 0:13.42
KiB 1537020 avail Mem
702 0.0 0.4 0:13.46
702 0.0 0.4 0:13.48
702 5.6 0.4 0:13.51
702 0.0 0.4 0:13.52
KiB used, 327468 buff/cache
702 0.0 0.4 0:13.56
702 0.0 0.4 0:13.58
702 0.0 0.4 0:13.60
702 0.0 0.4 0:13.62
702 0.0 0.4 0:13.64
702 0.0 0.4 0:13.66
702 0.0 0.4 0:13.68
702 0.0 0.4 0:13.69
702 0.0 0.4 0:13.69
702 0.0 0.4 0:13.69
702 0.0 0.4 0:13.69
702 0.0 0.4 0:13.69
702 0.0 0.4 0:13.69
702 0.0 0.4 0:13.69
702 0.0 0.4 0:13.69
