702 5.3 0.4 0:21.18
702 0.0 0.4 0:21.19
702 0.0 0.4 0:21.21
702 0.0 0.4 0:21.23
702 0.0 0.4 0:21.25
702 5.6 0.4 0:21.27
702 0.0 0.4 0:21.29
702 0.0 0.4 0:21.30
702 0.0 0.4 0:21.32
702 0.0 0.4 0:21.34
702 0.0 0.4 0:21.35
702 0.0 0.4 0:21.37
702 0.0 0.4 0:21.39
702 5.3 0.4 0:21.41
702 0.0 0.4 0:21.42
702 0.0 0.4 0:21.44
702 0.0 0.4 0:21.46
702 0.0 0.4 0:21.48
702 0.0 0.4 0:21.50
702 0.0 0.4 0:21.50
702 0.0 0.4 0:21.53
702 0.0 0.4 0:21.55
702 0.0 0.4 0:21.55
702 0.0 0.4 0:21.57
702 5.3 0.4 0:21.60
702 0.0 0.4 0:21.61
702 0.0 0.4 0:21.63
702 0.0 0.4 0:21.64
702 0.0 0.4 0:21.66
702 0.0 0.4 0:21.69
702 0.0 0.4 0:21.70
702 5.6 0.4 0:21.72
702 0.0 0.4 0:21.73
702 0.0 0.4 0:21.75
702 0.0 0.4 0:21.78
702 0.0 0.4 0:21.79
702 0.0 0.4 0:21.81
702 0.0 0.4 0:21.83
702 0.0 0.4 0:21.85
702 0.0 0.4 0:21.87
702 0.0 0.4 0:21.89
702 0.0 0.4 0:21.91
702 5.0 0.4 0:21.93
702 0.0 0.4 0:21.94
702 0.0 0.4 0:21.96
702 0.0 0.4 0:21.98
702 0.0 0.4 0:22.00
702 0.0 0.4 0:22.02
702 0.0 0.4 0:22.04
702 0.0 0.4 0:22.05
702 0.0 0.4 0:22.07
702 0.0 0.4 0:22.08
702 0.0 0.4 0:22.11
702 0.0 0.4 0:22.13
702 0.0 0.4 0:22.14
702 0.0 0.4 0:22.15
702 0.0 0.4 0:22.17
702 5.3 0.4 0:22.19
702 0.0 0.4 0:22.20
702 0.0 0.4 0:22.22
702 0.0 0.4 0:22.23
702 0.0 0.4 0:22.25
702 0.0 0.4 0:22.26
702 0.0 0.4 0:22.28
702 0.0 0.4 0:22.29
702 0.0 0.4 0:22.31
702 10.5 0.4 0:22.34
702 5.3 0.4 0:22.35
702 0.0 0.4 0:22.37
702 0.0 0.4 0:22.39
702 0.0 0.4 0:22.41
702 0.0 0.4 0:22.43
702 5.0 0.4 0:22.46
702 0.0 0.4 0:22.47
702 0.0 0.4 0:22.50
702 5.6 0.4 0:22.51
702 5.6 0.4 0:22.53
702 0.0 0.4 0:22.54
702 0.0 0.4 0:22.56
702 0.0 0.4 0:22.57
702 0.0 0.4 0:22.58
702 0.0 0.4 0:22.58
702 0.0 0.4 0:22.58
