703 11.8 0.4 0:12.60
703 0.0 0.4 0:12.61
703 0.0 0.4 0:12.63
703 5.3 0.4 0:12.65
703 5.6 0.4 0:12.67
703 5.0 0.4 0:12.69
703 5.6 0.4 0:12.71
703 5.3 0.4 0:12.73
703 5.6 0.4 0:12.75
703 0.0 0.4 0:12.77
703 5.3 0.4 0:12.79
703 0.0 0.4 0:12.81
703 0.0 0.4 0:12.83
703 0.0 0.4 0:12.85
703 0.0 0.4 0:12.87
703 0.0 0.4 0:12.89
703 0.0 0.4 0:12.91
703 5.3 0.4 0:12.94
703 5.3 0.4 0:12.96
703 0.0 0.4 0:12.98
703 5.6 0.4 0:13.00
703 5.6 0.4 0:13.02
703 5.3 0.4 0:13.04
703 0.0 0.4 0:13.06
703 0.0 0.4 0:13.07
703 0.0 0.4 0:13.09
703 0.0 0.4 0:13.11
703 0.0 0.4 0:13.13
703 0.0 0.4 0:13.15
703 0.0 0.4 0:13.18
703 0.0 0.4 0:13.20
703 0.0 0.4 0:13.21
703 0.0 0.4 0:13.23
703 0.0 0.4 0:13.25
703 0.0 0.4 0:13.27
703 5.3 0.4 0:13.29
703 0.0 0.4 0:13.30
703 0.0 0.4 0:13.32
703 0.0 0.4 0:13.34
703 5.3 0.4 0:13.36
703 0.0 0.4 0:13.38
703 5.0 0.4 0:13.40
703 5.6 0.4 0:13.42
703 5.3 0.4 0:13.44
703 0.0 0.4 0:13.46
703 0.0 0.4 0:13.48
703 0.0 0.4 0:13.50
703 0.0 0.4 0:13.52
703 0.0 0.4 0:13.54
703 0.0 0.4 0:13.55
703 0.0 0.4 0:13.57
703 0.0 0.4 0:13.59
703 5.3 0.4 0:13.62
703 5.6 0.4 0:13.64
703 5.0 0.4 0:13.67
703 0.0 0.4 0:13.68
703 0.0 0.4 0:13.70
703 0.0 0.4 0:13.73
703 0.0 0.4 0:13.74
703 0.0 0.4 0:13.76
703 5.3 0.4 0:13.78
703 5.6 0.4 0:13.80
703 5.6 0.4 0:13.82
703 5.3 0.4 0:13.84
703 0.0 0.4 0:13.86
703 0.0 0.4 0:13.87
703 11.8 0.4 0:13.90
703 5.6 0.4 0:13.91
703 0.0 0.4 0:13.93
703 0.0 0.4 0:13.95
703 0.0 0.4 0:13.97
703 5.3 0.4 0:13.99
703 0.0 0.4 0:14.01
703 0.0 0.4 0:14.03
703 0.0 0.4 0:14.05
703 0.0 0.4 0:14.07
703 0.0 0.4 0:14.09
703 0.0 0.4 0:14.11
703 5.6 0.4 0:14.14
703 0.0 0.4 0:14.15
703 0.0 0.4 0:14.15
703 0.0 0.4 0:14.15
703 0.0 0.4 0:14.15
703 0.0 0.4 0:14.15
703 0.0 0.4 0:14.15
703 0.0 0.4 0:14.15
703 0.0 0.4 0:14.15
