703 0.0 0.4 0:20.47
703 5.6 0.4 0:20.50
703 0.0 0.4 0:20.52
703 0.0 0.4 0:20.53
703 0.0 0.4 0:20.55
703 0.0 0.4 0:20.57
703 0.0 0.4 0:20.59
703 0.0 0.4 0:20.60
703 5.6 0.4 0:20.63
703 5.0 0.4 0:20.66
703 0.0 0.4 0:20.68
703 5.0 0.4 0:20.71
703 0.0 0.4 0:20.72
703 0.0 0.4 0:20.74
703 0.0 0.4 0:20.76
703 5.3 0.4 0:20.78
703 0.0 0.4 0:20.80
703 0.0 0.4 0:20.81
703 5.6 0.4 0:20.83
703 0.0 0.4 0:20.84
703 0.0 0.4 0:20.86
703 0.0 0.4 0:20.88
703 0.0 0.4 0:20.90
703 0.0 0.4 0:20.92
703 0.0 0.4 0:20.94
703 0.0 0.4 0:20.96
703 0.0 0.4 0:20.98
703 0.0 0.4 0:21.00
703 0.0 0.4 0:21.02
703 0.0 0.4 0:21.03
703 0.0 0.4 0:21.06
703 0.0 0.4 0:21.07
703 0.0 0.4 0:21.09
703 5.3 0.4 0:21.11
703 0.0 0.4 0:21.12
703 0.0 0.4 0:21.15
703 0.0 0.4 0:21.17
703 0.0 0.4 0:21.19
703 0.0 0.4 0:21.20
703 5.3 0.4 0:21.22
703 0.0 0.4 0:21.23
703 0.0 0.4 0:21.25
703 5.3 0.4 0:21.27
703 0.0 0.4 0:21.29
703 0.0 0.4 0:21.31
703 0.0 0.4 0:21.33
703 0.0 0.4 0:21.35
703 5.0 0.4 0:21.37
703 5.3 0.4 0:21.39
703 0.0 0.4 0:21.42
703 0.0 0.4 0:21.43
703 0.0 0.4 0:21.45
703 0.0 0.4 0:21.46
703 0.0 0.4 0:21.48
703 0.0 0.4 0:21.50
703 0.0 0.4 0:21.52
703 0.0 0.4 0:21.54
703 5.6 0.4 0:21.56
703 0.0 0.4 0:21.57
703 0.0 0.4 0:21.59
703 0.0 0.4 0:21.61
703 0.0 0.4 0:21.63
703 0.0 0.4 0:21.67
703 0.0 0.4 0:21.68
703 0.0 0.4 0:21.70
703 5.6 0.4 0:21.72
703 0.0 0.4 0:21.73
703 0.0 0.4 0:21.75
703 0.0 0.4 0:21.77
703 5.9 0.4 0:21.79
703 0.0 0.4 0:21.81
703 0.0 0.4 0:21.84
703 0.0 0.4 0:21.85
703 0.0 0.4 0:21.87
703 0.0 0.4 0:21.89
703 0.0 0.4 0:21.91
703 0.0 0.4 0:21.93
703 0.0 0.4 0:21.95
703 0.0 0.4 0:21.97
703 0.0 0.4 0:21.98
703 0.0 0.4 0:21.98
703 0.0 0.4 0:21.98
703 0.0 0.4 0:21.98
703 0.0 0.4 0:21.98
703 0.0 0.4 0:21.98
703 0.0 0.4 0:21.98
703 0.0 0.4 0:21.98
