704 4.8 0.4 0:08.48
704 5.3 0.4 0:08.51
704 0.0 0.4 0:08.53
704 0.3 0.4 0:08.71
704 0.2 0.4 0:08.71
704 0.9 0.4 0:08.72
704 0.5 0.4 0:08.72
704 1.0 0.4 0:08.72
704 0.4 0.4 0:08.72
704 0.0 0.4 0:08.73
704 0.0 0.4 0:08.75
704 5.0 0.4 0:08.79
704 0.0 0.4 0:08.82
704 5.0 0.4 0:08.85
704 0.0 0.4 0:08.87
704 0.0 0.4 0:08.90
704 5.9 0.4 0:08.93
704 5.3 0.4 0:08.96
704 5.6 0.4 0:08.99
704 0.0 0.4 0:09.01
704 0.0 0.4 0:09.05
704 5.6 0.4 0:09.08
704 0.0 0.4 0:09.10
704 0.0 0.4 0:09.12
704 0.0 0.4 0:09.16
704 0.0 0.4 0:09.18
704 0.0 0.4 0:09.20
704 0.0 0.4 0:09.23
704 0.0 0.4 0:09.25
704 0.0 0.4 0:09.28
704 5.6 0.4 0:09.31
704 0.0 0.4 0:09.33
704 0.0 0.4 0:09.35
704 10.5 0.4 0:09.39
704 5.6 0.4 0:09.41
704 0.0 0.4 0:09.43
704 0.0 0.4 0:09.46
704 5.0 0.4 0:09.49
704 0.0 0.4 0:09.51
704 0.0 0.4 0:09.54
704 5.9 0.4 0:09.57
704 5.6 0.4 0:09.60
704 0.0 0.4 0:09.62
KiB 1532704 avail Mem
704 0.0 0.4 0:09.69
704 0.0 0.4 0:09.70
704 0.0 0.4 0:09.72
704 0.0 0.4 0:09.75
704 0.0 0.4 0:09.78
704 0.0 0.4 0:09.81
704 5.6 0.4 0:09.85
704 0.0 0.4 0:09.87
704 5.6 0.4 0:09.90
704 4.8 0.4 0:09.93
704 5.3 0.4 0:09.96
704 0.0 0.4 0:09.98
704 0.0 0.4 0:10.01
704 0.0 0.4 0:10.03
704 5.0 0.4 0:10.06
704 0.0 0.4 0:10.08
704 0.0 0.4 0:10.11
704 0.0 0.4 0:10.14
704 5.6 0.4 0:10.17
704 5.6 0.4 0:10.20
704 4.8 0.4 0:10.22
704 5.3 0.4 0:10.25
704 0.0 0.4 0:10.27
704 5.6 0.4 0:10.30
704 0.0 0.4 0:10.32
704 0.0 0.4 0:10.35
704 0.0 0.4 0:10.37
KiB used, 315484 buff/cache
704 0.0 0.4 0:10.43
704 0.0 0.4 0:10.46
704 0.0 0.4 0:10.49
704 5.6 0.4 0:10.52
704 0.0 0.4 0:10.54
704 0.0 0.4 0:10.57
704 0.0 0.4 0:10.60
704 0.0 0.4 0:10.60
20704 16.7 0.2 0:00.03
704 0.0 0.4 0:10.60
704 0.0 0.4 0:10.60
704 0.0 0.4 0:10.60
704 0.0 0.4 0:10.60
704 0.0 0.4 0:10.60
704 0.0 0.4 0:10.60
704 0.0 0.4 0:10.60
704 0.0 0.4 0:10.60
704 0.0 0.4 0:10.60
704 0.0 0.4 0:10.60
704 0.0 0.4 0:10.60
KiB 1534704 avail Mem
704 0.0 0.4 0:10.60
704 0.0 0.4 0:10.60
704 0.0 0.4 0:10.60
704 0.0 0.4 0:10.60
704 0.0 0.4 0:10.60
704 0.0 0.4 0:10.60
