705 0.0 0.4 0:28.92
705 0.0 0.4 0:28.96
705 5.6 0.4 0:28.99
705 0.0 0.4 0:29.03
705 5.6 0.4 0:29.05
705 4.8 0.4 0:29.09
705 5.9 0.4 0:29.12
705 0.0 0.4 0:29.14
705 5.6 0.4 0:29.17
705 5.6 0.4 0:29.20
705 0.0 0.4 0:29.22
705 5.3 0.4 0:29.25
705 5.6 0.4 0:29.28
705 5.6 0.4 0:29.31
705 5.6 0.4 0:29.33
705 0.0 0.4 0:29.36
705 0.0 0.4 0:29.38
705 11.1 0.4 0:29.43
705 10.5 0.4 0:29.47
705 0.0 0.4 0:29.48
705 5.9 0.4 0:29.51
705 0.0 0.4 0:29.54
705 5.6 0.4 0:29.57
705 5.3 0.4 0:29.60
705 5.0 0.4 0:29.63
705 5.3 0.4 0:29.66
705 5.6 0.4 0:29.69
705 5.6 0.4 0:29.72
705 5.6 0.4 0:29.76
705 5.9 0.4 0:29.79
705 5.6 0.4 0:29.82
705 0.0 0.4 0:29.84
705 5.3 0.4 0:29.87
705 5.6 0.4 0:29.90
705 0.0 0.4 0:29.92
705 5.0 0.4 0:29.95
705 0.0 0.4 0:29.97
705 0.0 0.4 0:29.99
705 0.0 0.4 0:30.02
705 0.0 0.4 0:30.05
705 0.0 0.4 0:30.07
705 4.8 0.4 0:30.11
705 5.6 0.4 0:30.14
705 5.0 0.4 0:30.17
705 11.1 0.4 0:30.21
705 0.0 0.4 0:30.22
705 9.5 0.4 0:30.26
705 0.0 0.4 0:30.28
705 0.0 0.4 0:30.30
705 0.0 0.4 0:30.33
705 0.0 0.4 0:30.36
705 5.3 0.4 0:30.39
705 5.9 0.4 0:30.42
705 5.6 0.4 0:30.44
705 5.6 0.4 0:30.47
705 0.0 0.4 0:30.49
705 0.0 0.4 0:30.52
705 4.8 0.4 0:30.55
705 5.6 0.4 0:30.57
705 0.0 0.4 0:30.59
705 11.1 0.4 0:30.63
705 5.3 0.4 0:30.65
705 5.6 0.4 0:30.68
705 5.6 0.4 0:30.70
705 5.9 0.4 0:30.74
705 5.3 0.4 0:30.76
705 4.8 0.4 0:30.79
705 0.0 0.4 0:30.81
705 10.5 0.4 0:30.85
705 5.0 0.4 0:30.86
705 0.0 0.4 0:30.89
705 11.1 0.4 0:30.93
705 0.0 0.4 0:30.95
705 0.0 0.4 0:30.98
705 5.6 0.4 0:31.01
705 5.3 0.4 0:31.04
705 5.6 0.4 0:31.06
705 0.0 0.4 0:31.08
705 0.0 0.4 0:31.11
705 0.0 0.4 0:31.15
705 0.0 0.4 0:31.15
705 0.0 0.4 0:31.15
705 0.0 0.4 0:31.15
