705 5.3 0.4 0:14.43
705 5.3 0.4 0:14.46
705 0.0 0.4 0:14.49
705 5.3 0.4 0:14.52
705 5.6 0.4 0:14.55
705 0.0 0.4 0:14.58
705 5.6 0.4 0:14.61
705 0.0 0.4 0:14.65
705 5.6 0.4 0:14.67
705 0.0 0.4 0:14.70
705 0.0 0.4 0:14.74
705 5.6 0.4 0:14.77
705 4.5 0.4 0:14.81
705 5.6 0.4 0:14.84
705 4.5 0.4 0:14.87
705 5.6 0.4 0:14.90
705 5.6 0.4 0:14.94
705 5.0 0.4 0:14.98
705 5.6 0.4 0:15.01
705 5.6 0.4 0:15.04
705 5.6 0.4 0:15.07
705 5.3 0.4 0:15.10
705 5.6 0.4 0:15.13
705 5.3 0.4 0:15.16
705 5.6 0.4 0:15.18
705 0.0 0.4 0:15.21
705 0.0 0.4 0:15.24
705 0.0 0.4 0:15.28
705 5.6 0.4 0:15.31
705 5.6 0.4 0:15.34
705 5.3 0.4 0:15.37
705 0.0 0.4 0:15.39
705 5.6 0.4 0:15.43
705 5.6 0.4 0:15.46
705 11.1 0.4 0:15.51
705 0.0 0.4 0:15.53
705 4.8 0.4 0:15.56
705 5.6 0.4 0:15.59
705 5.6 0.4 0:15.62
705 11.1 0.4 0:15.66
705 0.0 0.4 0:15.69
705 5.0 0.4 0:15.72
705 5.0 0.4 0:15.75
705 5.6 0.4 0:15.78
705 5.6 0.4 0:15.81
705 5.6 0.4 0:15.84
705 0.0 0.4 0:15.86
705 5.0 0.4 0:15.90
705 4.8 0.4 0:15.92
705 5.6 0.4 0:15.96
705 5.6 0.4 0:15.99
705 5.6 0.4 0:16.02
705 0.0 0.4 0:16.05
705 5.6 0.4 0:16.09
705 0.0 0.4 0:16.12
705 5.6 0.4 0:16.16
705 0.0 0.4 0:16.18
705 11.1 0.4 0:16.22
705 0.0 0.4 0:16.24
705 0.0 0.4 0:16.28
705 10.0 0.4 0:16.32
705 0.0 0.4 0:16.33
705 4.8 0.4 0:16.37
705 5.6 0.4 0:16.40
705 11.1 0.4 0:16.44
705 5.6 0.4 0:16.47
705 5.6 0.4 0:16.50
705 0.0 0.4 0:16.52
705 0.0 0.4 0:16.55
705 0.0 0.4 0:16.59
705 0.0 0.4 0:16.63
705 0.0 0.4 0:16.64
705 0.0 0.4 0:16.67
705 5.9 0.4 0:16.71
705 0.0 0.4 0:16.73
705 0.0 0.4 0:16.77
705 0.0 0.4 0:16.79
705 5.6 0.4 0:16.82
705 5.9 0.4 0:16.85
705 0.0 0.4 0:16.86
705 0.0 0.4 0:16.87
705 0.0 0.4 0:16.87
705 0.0 0.4 0:16.87
705 0.0 0.4 0:16.87
705 0.0 0.4 0:16.87
705 0.0 0.4 0:16.87
705 0.0 0.4 0:16.87
705 0.0 0.4 0:16.87
705 0.0 0.4 0:16.87
705 0.0 0.4 0:16.87
705 0.0 0.4 0:16.87
