705 4.8 0.4 0:35.60
705 0.0 0.4 0:35.62
705 5.6 0.4 0:35.65
705 0.0 0.4 0:35.67
705 0.0 0.4 0:35.69
705 0.0 0.4 0:35.72
705 5.6 0.4 0:35.75
705 5.3 0.4 0:35.77
705 0.0 0.4 0:35.79
705 10.0 0.4 0:35.84
705 0.0 0.4 0:35.85
705 0.0 0.4 0:35.87
705 5.9 0.4 0:35.90
705 0.0 0.4 0:35.92
705 0.0 0.4 0:35.95
705 0.0 0.4 0:35.99
705 5.9 0.4 0:36.01
705 11.1 0.4 0:36.05
705 0.0 0.4 0:36.06
705 0.0 0.4 0:36.09
705 0.0 0.4 0:36.12
705 5.6 0.4 0:36.15
705 5.3 0.4 0:36.18
705 0.0 0.4 0:36.20
705 0.0 0.4 0:36.23
705 5.0 0.4 0:36.27
705 0.0 0.4 0:36.29
705 11.1 0.4 0:36.34
705 5.9 0.4 0:36.36
705 0.0 0.4 0:36.39
705 0.0 0.4 0:36.42
705 0.0 0.4 0:36.45
705 5.6 0.4 0:36.47
705 0.0 0.4 0:36.49
705 5.6 0.4 0:36.52
705 5.3 0.4 0:36.55
705 0.0 0.4 0:36.57
705 0.0 0.4 0:36.60
705 5.6 0.4 0:36.63
705 0.0 0.4 0:36.66
705 5.3 0.4 0:36.69
705 0.0 0.4 0:36.72
705 0.0 0.4 0:36.75
705 5.6 0.4 0:36.78
705 5.6 0.4 0:36.81
705 0.0 0.4 0:36.83
705 5.3 0.4 0:36.86
705 5.6 0.4 0:36.89
705 5.0 0.4 0:36.92
705 4.5 0.4 0:36.95
705 5.6 0.4 0:36.98
705 5.3 0.4 0:37.00
KiB used, 337052 buff/cache
705 5.6 0.4 0:37.05
705 0.0 0.4 0:37.07
705 0.0 0.4 0:37.10
705 0.0 0.4 0:37.12
705 5.6 0.4 0:37.15
705 0.0 0.4 0:37.18
705 5.6 0.4 0:37.20
705 9.5 0.4 0:37.25
705 0.0 0.4 0:37.26
705 5.0 0.4 0:37.30
705 5.6 0.4 0:37.33
705 0.0 0.4 0:37.35
705 0.0 0.4 0:37.38
705 5.9 0.4 0:37.41
705 4.8 0.4 0:37.46
705 5.9 0.4 0:37.48
705 0.0 0.4 0:37.51
705 0.0 0.4 0:37.54
705 5.3 0.4 0:37.57
705 5.6 0.4 0:37.60
KiB used, 337332 buff/cache
705 0.0 0.4 0:37.65
705 5.9 0.4 0:37.68
705 0.0 0.4 0:37.70
705 0.0 0.4 0:37.73
705 0.0 0.4 0:37.75
705 5.6 0.4 0:37.78
705 0.0 0.4 0:37.78
705 0.0 0.4 0:37.78
705 0.0 0.4 0:37.78
705 0.0 0.4 0:37.78
705 0.0 0.4 0:37.78
705 0.0 0.4 0:37.78
705 0.0 0.4 0:37.78
705 0.0 0.4 0:37.78
705 0.0 0.4 0:37.78
705 0.0 0.4 0:37.78
705 0.0 0.4 0:37.78
705 0.0 0.4 0:37.78
705 0.0 0.4 0:37.78
705 0.0 0.4 0:37.78
705 0.0 0.4 0:37.78
705 0.0 0.4 0:37.78
