712 5.0 0.4 1:28.88
712 5.3 0.4 1:28.93
712 0.0 0.4 1:28.97
712 5.3 0.4 1:29.00
712 0.0 0.4 1:29.00
712 0.0 0.4 1:29.01
712 0.0 0.4 1:29.04
712 0.0 0.4 1:29.07
712 5.6 0.4 1:29.12
712 5.6 0.4 1:29.17
712 5.3 0.4 1:29.20
712 5.3 0.4 1:29.23
712 4.5 0.4 1:29.27
712 5.3 0.4 1:29.31
712 0.0 0.4 1:29.34
712 0.0 0.4 1:29.39
712 5.6 0.4 1:29.44
712 0.0 0.4 1:29.47
712 0.0 0.4 1:29.50
712 5.6 0.4 1:29.55
712 5.6 0.4 1:29.58
712 0.0 0.4 1:29.61
712 5.6 0.4 1:29.66
712 4.8 0.4 1:29.69
712 0.0 0.4 1:29.73
712 0.0 0.4 1:29.77
712 4.8 0.4 1:29.82
712 5.6 0.4 1:29.85
712 5.3 0.4 1:29.88
712 5.6 0.4 1:29.91
712 5.3 0.4 1:29.95
712 5.3 0.4 1:29.99
712 5.6 0.4 1:30.03
712 5.0 0.4 1:30.06
712 0.0 0.4 1:30.09
712 10.5 0.4 1:30.15
712 0.0 0.4 1:30.18
712 0.0 0.4 1:30.21
712 0.0 0.4 1:30.25
712 5.0 0.4 1:30.29
712 0.0 0.4 1:30.32
712 5.0 0.4 1:30.37
712 5.6 0.4 1:30.41
712 5.3 0.4 1:30.45
712 11.1 0.4 1:30.50
712 5.3 0.4 1:30.53
712 0.0 0.4 1:30.57
712 5.3 0.4 1:30.61
712 0.0 0.4 1:30.64
712 0.0 0.4 1:30.68
712 0.0 0.4 1:30.72
712 5.6 0.4 1:30.77
712 0.0 0.4 1:30.81
712 11.1 0.4 1:30.88
712 0.0 0.4 1:30.90
712 5.0 0.4 1:30.95
712 5.6 0.4 1:30.99
712 0.0 0.4 1:31.03
712 5.3 0.4 1:31.07
712 5.3 0.4 1:31.11
712 5.6 0.4 1:31.15
712 5.0 0.4 1:31.19
712 5.3 0.4 1:31.23
712 0.0 0.4 1:31.26
712 5.6 0.4 1:31.30
712 0.0 0.4 1:31.34
712 0.0 0.4 1:31.39
712 5.3 0.4 1:31.44
712 0.0 0.4 1:31.47
712 5.0 0.4 1:31.52
712 5.6 0.4 1:31.57
712 0.0 0.4 1:31.61
712 5.3 0.4 1:31.65
712 0.0 0.4 1:31.69
712 0.0 0.4 1:31.73
712 5.0 0.4 1:31.78
712 5.6 0.4 1:31.83
712 10.5 0.4 1:31.88
712 5.3 0.4 1:31.92
712 0.0 0.4 1:31.96
712 5.3 0.4 1:31.98
712 0.0 0.4 1:31.98
712 0.0 0.4 1:31.98
712 0.0 0.4 1:31.98
712 0.0 0.4 1:31.98
712 0.0 0.4 1:31.98
712 0.0 0.4 1:31.98
712 0.0 0.4 1:31.98
712 0.0 0.4 1:31.98
712 0.0 0.4 1:31.98
712 0.0 0.4 1:31.98
712 0.0 0.4 1:31.98
712 0.0 0.4 1:31.98
712 0.0 0.4 1:31.98
712 0.0 0.4 1:31.98
712 0.0 0.4 1:31.98
712 0.0 0.4 1:31.98
712 0.0 0.4 1:31.98
712 0.0 0.4 1:31.98
712 0.0 0.4 1:31.98
712 0.0 0.4 1:31.98
