712 0.0 0.4 0:57.84
712 0.0 0.4 0:57.91
712 5.0 0.4 0:57.99
712 10.5 0.4 0:58.08
712 5.3 0.4 0:58.14
712 5.3 0.4 0:58.20
712 5.6 0.4 0:58.26
712 5.6 0.4 0:58.34
712 5.0 0.4 0:58.41
712 15.8 0.4 0:58.49
712 5.0 0.4 0:58.57
712 4.3 0.4 0:58.63
712 5.6 0.4 0:58.70
712 5.3 0.4 0:58.76
712 10.5 0.4 0:58.85
712 8.3 0.4 0:58.94
712 11.1 0.4 0:59.01
712 5.3 0.4 0:59.09
712 15.0 0.4 0:59.19
712 10.5 0.4 0:59.27
712 5.6 0.4 0:59.33
712 5.3 0.4 0:59.44
712 5.3 0.4 0:59.52
712 5.3 0.4 0:59.58
712 5.3 0.4 0:59.65
712 5.6 0.4 0:59.72
712 5.3 0.4 0:59.80
712 5.3 0.4 0:59.89
712 5.3 0.4 0:59.96
712 5.3 0.4 1:00.03
712 5.3 0.4 1:00.09
712 5.3 0.4 1:00.16
712 5.3 0.4 1:00.24
712 15.0 0.4 1:00.32
712 5.3 0.4 1:00.38
712 5.6 0.4 1:00.46
712 5.3 0.4 1:00.52
712 10.5 0.4 1:00.60
712 5.6 0.4 1:00.70
712 10.0 0.4 1:00.77
712 5.3 0.4 1:00.85
712 10.5 0.4 1:00.92
712 11.1 0.4 1:00.99
712 5.6 0.4 1:01.05
712 11.1 0.4 1:01.13
712 5.0 0.4 1:01.20
712 5.0 0.4 1:01.27
712 5.6 0.4 1:01.33
712 5.3 0.4 1:01.40
712 5.3 0.4 1:01.49
712 5.3 0.4 1:01.56
712 10.0 0.4 1:01.64
712 5.6 0.4 1:01.74
712 5.0 0.4 1:01.81
712 8.3 0.4 1:01.88
712 0.0 0.4 1:01.94
712 5.6 0.4 1:02.00
712 5.3 0.4 1:02.08
712 10.5 0.4 1:02.16
712 5.6 0.4 1:02.22
712 11.1 0.4 1:02.29
KiB used, 360452 buff/cache
712 0.0 0.4 1:02.44
712 8.7 0.4 1:02.51
712 5.3 0.4 1:02.57
712 5.3 0.4 1:02.64
712 11.1 0.4 1:02.72
712 4.0 0.4 1:02.79
712 5.6 0.4 1:02.84
712 10.5 0.4 1:02.92
712 5.3 0.4 1:02.98
712 5.3 0.4 1:03.05
712 5.3 0.4 1:03.13
712 5.6 0.4 1:03.19
712 5.0 0.4 1:03.27
712 0.0 0.4 1:03.33
712 0.0 0.4 1:03.35
