716 11.1 0.4 0:09.28
716 11.1 0.4 0:09.37
716 16.7 0.4 0:09.47
716 10.5 0.4 0:09.57
716 21.1 0.4 0:09.70
716 4.5 0.4 0:09.79
716 10.5 0.4 0:09.90
716 5.3 0.4 0:09.99
716 5.3 0.4 0:10.07
716 5.6 0.4 0:10.16
716 10.5 0.4 0:10.28
716 11.1 0.4 0:10.38
716 10.0 0.4 0:10.49
716 5.3 0.4 0:10.59
716 10.0 0.4 0:10.70
716 5.3 0.4 0:10.79
716 5.3 0.4 0:10.89
716 5.3 0.4 0:10.99
716 0.0 0.4 0:11.08
716 11.1 0.4 0:11.17
716 10.5 0.4 0:11.26
716 10.5 0.4 0:11.36
716 33.3 0.4 0:11.49
716 11.1 0.4 0:11.58
716 10.5 0.4 0:11.68
7716 15.8 0.2 0:00.03
716 15.0 0.4 0:11.89
716 5.3 0.4 0:11.98
716 5.3 0.4 0:12.07
716 33.3 0.4 0:12.21
716 5.6 0.4 0:12.30
716 4.8 0.4 0:12.39
716 10.5 0.4 0:12.48
716 5.3 0.4 0:12.57
716 11.8 0.4 0:12.67
716 10.5 0.4 0:12.77
716 5.0 0.4 0:12.88
716 11.1 0.4 0:12.98
716 5.3 0.4 0:13.07
716 5.6 0.4 0:13.16
716 5.0 0.4 0:13.26
716 10.5 0.4 0:13.37
716 5.3 0.4 0:13.48
716 21.1 0.4 0:13.60
716 16.7 0.4 0:13.71
716 5.6 0.4 0:13.80
716 10.5 0.4 0:13.92
716 13.6 0.4 0:14.04
716 10.5 0.4 0:14.13
716 5.3 0.4 0:14.23
716 5.6 0.4 0:14.31
716 11.1 0.4 0:14.41
716 5.0 0.4 0:14.51
716 5.3 0.4 0:14.60
716 11.1 0.4 0:14.71
716 5.0 0.4 0:14.80
716 11.1 0.4 0:14.89
716 5.3 0.4 0:15.00
716 10.5 0.4 0:15.10
716 9.5 0.4 0:15.21
716 9.5 0.4 0:15.31
716 10.5 0.4 0:15.44
716 0.0 0.4 0:15.54
716 5.3 0.4 0:15.64
716 10.5 0.4 0:15.76
716 10.5 0.4 0:15.87
716 5.3 0.4 0:15.96
716 5.3 0.4 0:16.09
716 10.5 0.4 0:16.21
716 10.0 0.4 0:16.32
716 10.0 0.4 0:16.42
716 9.5 0.4 0:16.54
716 5.3 0.4 0:16.65
716 10.5 0.4 0:16.75
716 10.0 0.4 0:16.83
716 4.5 0.4 0:16.93
716 10.0 0.4 0:17.02
716 10.5 0.4 0:17.11
716 11.1 0.4 0:17.21
716 5.6 0.4 0:17.30
716 4.8 0.4 0:17.40
716 11.1 0.4 0:17.50
716 10.5 0.4 0:17.61
716 5.6 0.4 0:17.70
716 10.0 0.4 0:17.79
716 5.0 0.4 0:17.89
716 16.7 0.4 0:18.00
716 7.7 0.4 0:18.10
716 5.6 0.4 0:18.20
716 9.5 0.4 0:18.29
716 15.8 0.4 0:18.42
716 11.1 0.4 0:18.51
716 10.5 0.4 0:18.61
716 10.5 0.4 0:18.71
716 27.8 0.4 0:18.83
716 5.6 0.4 0:18.87
716 0.0 0.4 0:18.88
716 0.0 0.4 0:18.88
716 0.0 0.4 0:18.88
716 0.0 0.4 0:18.88
716 0.0 0.4 0:18.88
716 0.0 0.4 0:18.88
716 0.0 0.4 0:18.88
716 0.0 0.4 0:18.88
716 0.0 0.4 0:18.88
716 0.0 0.4 0:18.88
716 0.0 0.4 0:18.88
716 0.0 0.4 0:18.88
716 0.0 0.4 0:18.88
716 0.0 0.4 0:18.88
716 0.0 0.4 0:18.88
716 0.0 0.4 0:18.88
716 0.0 0.4 0:18.88
716 0.0 0.4 0:18.88
716 0.0 0.4 0:18.88
716 0.0 0.4 0:18.88
716 0.0 0.4 0:18.88
716 0.0 0.4 0:18.88
716 0.0 0.4 0:18.88
716 0.0 0.4 0:18.88
716 0.0 0.4 0:18.88
716 0.0 0.4 0:18.88
716 0.0 0.4 0:18.88
716 0.0 0.4 0:18.88
716 0.0 0.4 0:18.88
716 0.0 0.4 0:18.88
716 0.0 0.4 0:18.88
716 0.0 0.4 0:18.88
716 0.0 0.4 0:18.88
