716 16.7 0.4 0:46.43
716 15.8 0.4 0:46.53
716 0.0 0.4 0:46.56
716 0.0 0.4 0:46.56
716 0.0 0.4 0:46.56
716 0.0 0.4 0:46.56
716 0.0 0.4 0:46.56
716 0.0 0.4 0:46.57
716 0.0 0.4 0:46.57
716 0.0 0.4 0:46.57
716 0.0 0.4 0:46.57
716 0.0 0.4 0:46.57
716 4.5 0.4 0:46.60
716 0.0 0.4 0:46.66
716 5.6 0.4 0:46.73
716 11.1 0.4 0:46.80
716 10.5 0.4 0:46.87
716 4.2 0.4 0:46.94
716 5.6 0.4 0:47.00
KiB 1530716 avail Mem
716 5.6 0.4 0:47.19
716 16.7 0.4 0:47.28
716 15.8 0.4 0:47.37
716 5.6 0.4 0:47.43
716 11.1 0.4 0:47.53
716 11.1 0.4 0:47.61
716 11.1 0.4 0:47.69
716 11.1 0.4 0:47.78
716 5.6 0.4 0:47.86
716 11.1 0.4 0:47.95
716 15.8 0.4 0:48.05
716 11.1 0.4 0:48.14
716 11.8 0.4 0:48.22
716 15.8 0.4 0:48.31
716 5.3 0.4 0:48.39
716 5.0 0.4 0:48.48
716 10.5 0.4 0:48.58
716 10.5 0.4 0:48.66
716 5.6 0.4 0:48.73
716 5.6 0.4 0:48.80
716 11.1 0.4 0:48.88
716 11.1 0.4 0:48.95
716 11.1 0.4 0:49.04
716 16.7 0.4 0:49.12
716 10.5 0.4 0:49.19
716 5.3 0.4 0:49.27
716 5.6 0.4 0:49.34
716 11.1 0.4 0:49.41
716 15.8 0.4 0:49.49
716 5.6 0.4 0:49.56
716 11.1 0.4 0:49.64
716 11.1 0.4 0:49.74
29716 16.7 0.2 0:00.03
716 10.0 0.4 0:49.91
716 5.6 0.4 0:49.97
716 11.1 0.4 0:50.06
716 11.1 0.4 0:50.14
716 16.7 0.4 0:50.25
716 11.1 0.4 0:50.35
716 5.3 0.4 0:50.47
716 5.6 0.4 0:50.54
716 5.6 0.4 0:50.61
716 11.1 0.4 0:50.70
716 10.5 0.4 0:50.80
716 10.5 0.4 0:50.88
716 11.1 0.4 0:50.97
716 10.5 0.4 0:51.05
716 10.5 0.4 0:51.13
716 10.5 0.4 0:51.21
716 11.1 0.4 0:51.29
716 4.8 0.4 0:51.37
716 5.3 0.4 0:51.45
716 5.6 0.4 0:51.52
716 5.3 0.4 0:51.59
716 5.0 0.4 0:51.67
KiB used, 348716 buff/cache
KiB used, 348756 buff/cache
716 5.3 0.4 0:51.90
716 5.6 0.4 0:51.98
716 15.0 0.4 0:52.09
716 5.6 0.4 0:52.18
716 0.0 0.4 0:52.26
716 16.7 0.4 0:52.35
716 5.6 0.4 0:52.42
716 5.3 0.4 0:52.49
716 5.0 0.4 0:52.58
716 0.0 0.4 0:52.59
716 0.0 0.4 0:52.59
716 0.0 0.4 0:52.59
716 0.0 0.4 0:52.59
716 0.0 0.4 0:52.59
716 0.0 0.4 0:52.59
716 0.0 0.4 0:52.59
716 0.0 0.4 0:52.59
716 0.0 0.4 0:52.59
716 0.0 0.4 0:52.59
716 0.0 0.4 0:52.59
716 0.0 0.4 0:52.59
716 0.0 0.4 0:52.59
716 0.0 0.4 0:52.59
716 0.0 0.4 0:52.59
716 0.0 0.4 0:52.59
716 0.0 0.4 0:52.59
716 0.0 0.4 0:52.59
716 0.0 0.4 0:52.59
716 0.0 0.4 0:52.59
716 0.0 0.4 0:52.59
716 0.0 0.4 0:52.59
716 0.0 0.4 0:52.59
716 0.0 0.4 0:52.59
716 0.0 0.4 0:52.59
716 0.0 0.4 0:52.59
716 0.0 0.4 0:52.59
716 0.0 0.4 0:52.59
716 0.0 0.4 0:52.59
716 0.0 0.4 0:52.59
716 0.0 0.4 0:52.59
716 0.0 0.4 0:52.59
716 0.0 0.4 0:52.59
716 0.0 0.4 0:52.59
716 0.0 0.4 0:52.59
