716 10.5 0.4 1:17.51
716 11.1 0.4 1:17.59
716 5.6 0.4 1:17.66
716 0.0 0.4 1:17.66
716 0.0 0.4 1:17.66
716 0.0 0.4 1:17.66
716 0.0 0.4 1:17.67
716 5.6 0.4 1:17.72
716 5.3 0.4 1:17.77
716 10.5 0.4 1:17.83
716 4.3 0.4 1:17.89
716 5.6 0.4 1:17.94
716 5.6 0.4 1:18.01
716 11.1 0.4 1:18.07
716 5.6 0.4 1:18.12
716 4.0 0.4 1:18.18
716 5.3 0.4 1:18.22
716 11.1 0.4 1:18.29
716 5.6 0.4 1:18.35
716 16.7 0.4 1:18.43
716 11.8 0.4 1:18.50
716 4.3 0.4 1:18.57
716 5.6 0.4 1:18.62
716 11.8 0.4 1:18.69
716 0.0 0.4 1:18.74
716 5.6 0.4 1:18.80
716 4.3 0.4 1:18.87
716 4.2 0.4 1:18.92
716 0.0 0.4 1:18.97
716 5.3 0.4 1:19.02
716 5.6 0.4 1:19.08
716 0.0 0.4 1:19.13
716 10.5 0.4 1:19.20
716 4.0 0.4 1:19.26
716 5.6 0.4 1:19.31
716 5.9 0.4 1:19.38
716 5.3 0.4 1:19.45
716 5.0 0.4 1:19.52
716 0.0 0.4 1:19.57
716 5.3 0.4 1:19.63
716 4.0 0.4 1:19.69
716 5.6 0.4 1:19.75
716 11.1 0.4 1:19.82
716 5.6 0.4 1:19.88
KiB used, 366716 buff/cache
716 5.6 0.4 1:20.00
716 5.6 0.4 1:20.07
716 16.7 0.4 1:20.14
716 3.6 0.4 1:20.21
716 8.7 0.4 1:20.27
716 11.1 0.4 1:20.32
716 8.3 0.4 1:20.39
716 5.6 0.4 1:20.45
716 5.6 0.4 1:20.52
716 11.1 0.4 1:20.58
716 11.1 0.4 1:20.64
716 5.3 0.4 1:20.68
716 11.8 0.4 1:20.76
716 5.6 0.4 1:20.82
716 11.1 0.4 1:20.88
716 5.3 0.4 1:20.94
716 5.6 0.4 1:21.00
716 5.6 0.4 1:21.06
716 5.6 0.4 1:21.13
716 10.5 0.4 1:21.19
716 0.0 0.4 1:21.25
716 11.1 0.4 1:21.32
716 5.6 0.4 1:21.36
716 11.1 0.4 1:21.43
716 11.1 0.4 1:21.50
716 5.3 0.4 1:21.56
716 5.6 0.4 1:21.62
716 5.3 0.4 1:21.68
716 5.3 0.4 1:21.75
716 5.6 0.4 1:21.81
716 4.2 0.4 1:21.86
716 4.2 0.4 1:21.92
716 5.6 0.4 1:21.97
716 5.6 0.4 1:22.03
716 0.0 0.4 1:22.10
716 5.3 0.4 1:22.15
716 0.0 0.4 1:22.15
716 0.0 0.4 1:22.15
716 0.0 0.4 1:22.15
17166 16.7 0.2 0:00.03
716 0.0 0.4 1:22.15
716 0.0 0.4 1:22.15
716 0.0 0.4 1:22.15
716 0.0 0.4 1:22.15
716 0.0 0.4 1:22.15
716 0.0 0.4 1:22.15
716 0.0 0.4 1:22.15
716 0.0 0.4 1:22.15
716 0.0 0.4 1:22.15
716 0.0 0.4 1:22.15
716 0.0 0.4 1:22.15
716 0.0 0.4 1:22.15
716 0.0 0.4 1:22.15
17716 11.8 0.2 0:00.02
716 0.0 0.4 1:22.15
716 0.0 0.4 1:22.15
716 0.0 0.4 1:22.15
716 0.0 0.4 1:22.15
716 0.0 0.4 1:22.15
716 0.0 0.4 1:22.15
716 0.0 0.4 1:22.15
