2851 0.0 0.0 0:00.00
2851 0.0 0.0 0:00.00
2851 0.0 0.0 0:00.00
2851 0.0 0.0 0:00.00
2851 0.0 0.0 0:00.00
2851 0.0 0.0 0:00.00
2851 0.0 0.0 0:00.00
2851 0.0 0.0 0:00.00
2851 0.0 0.0 0:00.00
2851 0.0 0.0 0:00.00
2851 0.0 0.0 0:00.00
2851 0.0 0.0 0:00.00
2851 0.0 0.0 0:00.00
2851 0.0 0.0 0:00.00
2851 0.0 0.0 0:00.00
2851 0.0 0.0 0:00.00
2851 0.0 0.0 0:00.00
2851 0.0 0.0 0:00.00
2851 0.0 0.0 0:00.00
2851 0.0 0.0 0:00.00
2851 0.0 0.0 0:00.00
2851 0.0 0.0 0:00.00
2851 0.0 0.0 0:00.00
2851 0.0 0.0 0:00.00
2851 0.0 0.0 0:00.00
2851 0.0 0.0 0:00.00
2851 0.0 0.0 0:00.00
2851 0.0 0.0 0:00.00
2851 0.0 0.0 0:00.00
2851 0.0 0.0 0:00.00
2851 0.0 0.0 0:00.00
2851 0.0 0.0 0:00.00
2851 0.0 0.0 0:00.00
2851 0.0 0.0 0:00.00
2851 0.0 0.0 0:00.00
2851 0.0 0.0 0:00.00
2851 0.0 0.0 0:00.00
2851 0.0 0.0 0:00.00
2851 0.0 0.0 0:00.00
2851 0.0 0.0 0:00.00
2851 0.0 0.0 0:00.00
2851 0.0 0.0 0:00.00
2851 0.0 0.0 0:00.00
2851 0.0 0.0 0:00.00
2851 0.0 0.0 0:00.00
2851 0.0 0.0 0:00.00
2851 0.0 0.0 0:00.00
2851 0.0 0.0 0:00.00
2851 0.0 0.0 0:00.00
2851 0.0 0.0 0:00.00
2851 0.0 0.0 0:00.00
2851 0.0 0.0 0:00.00
2851 0.0 0.0 0:00.00
2851 0.0 0.0 0:00.00
2851 0.0 0.0 0:00.00
2851 0.0 0.0 0:00.00
2851 0.0 0.0 0:00.00
2851 0.0 0.0 0:00.00
2851 0.0 0.0 0:00.00
2851 0.0 0.0 0:00.00
2851 0.0 0.0 0:00.00
2851 0.0 0.0 0:00.00
2851 0.0 0.0 0:00.00
2851 0.0 0.0 0:00.00
2851 0.0 0.0 0:00.00
2851 0.0 0.0 0:00.00
2851 0.0 0.0 0:00.00
2851 0.0 0.0 0:00.00
2851 0.0 0.0 0:00.00
2851 0.0 0.0 0:00.00
2851 0.0 0.0 0:00.00
2851 0.0 0.0 0:00.00
2851 0.0 0.0 0:00.00
2851 0.0 0.0 0:00.00
2851 0.0 0.0 0:00.00
2851 0.0 0.0 0:00.00
