2855 0.0 0.1 0:00.20
2855 0.0 0.1 0:00.22
2855 0.0 0.1 0:00.22
2855 0.0 0.1 0:00.23
2855 0.0 0.1 0:00.23
2855 0.0 0.1 0:00.23
2855 0.0 0.1 0:00.23
2855 0.0 0.1 0:00.23
2855 0.0 0.1 0:00.23
2855 0.0 0.1 0:00.23
2855 0.0 0.1 0:00.23
2855 0.0 0.1 0:00.23
2855 0.0 0.1 0:00.23
2855 0.0 0.1 0:00.23
2855 0.0 0.1 0:00.23
2855 0.0 0.1 0:00.23
2855 0.0 0.1 0:00.23
2855 0.0 0.1 0:00.23
2855 0.0 0.1 0:00.23
2855 0.0 0.1 0:00.23
2855 0.0 0.1 0:00.23
2855 0.0 0.1 0:00.23
2855 0.0 0.1 0:00.23
2855 0.0 0.1 0:00.23
2855 0.0 0.1 0:00.23
2855 0.0 0.1 0:00.23
2855 0.0 0.1 0:00.23
2855 0.0 0.1 0:00.23
2855 0.0 0.1 0:00.23
2855 0.0 0.1 0:00.23
2855 0.0 0.1 0:00.23
2855 0.0 0.1 0:00.23
2855 0.0 0.1 0:00.24
2855 0.0 0.1 0:00.24
2855 0.0 0.1 0:00.24
2855 0.0 0.1 0:00.24
2855 0.0 0.1 0:00.24
2855 0.0 0.1 0:00.24
2855 0.0 0.1 0:00.24
2855 0.0 0.1 0:00.24
2855 0.0 0.1 0:00.24
2855 0.0 0.1 0:00.24
2855 0.0 0.1 0:00.24
2855 0.0 0.1 0:00.24
2855 0.0 0.1 0:00.24
2855 0.0 0.1 0:00.24
2855 0.0 0.1 0:00.24
2855 0.0 0.1 0:00.24
2855 0.0 0.1 0:00.24
2855 0.0 0.1 0:00.24
2855 0.0 0.1 0:00.24
2855 0.0 0.1 0:00.24
2855 0.0 0.1 0:00.24
2855 0.0 0.1 0:00.24
2855 0.0 0.1 0:00.24
2855 0.0 0.1 0:00.24
2855 0.0 0.1 0:00.24
2855 0.0 0.1 0:00.24
2855 0.0 0.1 0:00.24
2855 0.0 0.1 0:00.24
2855 0.0 0.1 0:00.24
2855 0.0 0.1 0:00.24
2855 0.0 0.1 0:00.24
2855 0.0 0.1 0:00.25
2855 0.0 0.1 0:00.25
2855 0.0 0.1 0:00.25
2855 0.0 0.1 0:00.25
2855 0.0 0.1 0:00.25
2855 0.0 0.1 0:00.25
2855 0.0 0.1 0:00.25
2855 0.0 0.1 0:00.25
2855 0.0 0.1 0:00.25
2855 0.0 0.1 0:00.25
2855 0.0 0.1 0:00.25
2855 0.0 0.1 0:00.25
2855 0.0 0.1 0:00.25
