3681 3680 3679 3678 3677
3681 3680 3679 3678 3677
3681 3680 3679 3678 3677
3681 3680 3679 3678 3677
3681 3680 3679 3678 3677
3681 3680 3679 3678 3677
3681 3680 3679 3678 3677
3681 3680 3679 3678 3677
3681 3680 3679 3678 3677
3681 3680 3679 3678 3677
3681 3680 3679 3678 3677
3681 3680 3679 3678 3677
3681 3680 3679 3678 3677
3681 3680 3679 3678 3677
3681 3680 3679 3678 3677
3681 3680 3679 3678 3677
3681 3680 3679 3678 3677
3681 3680 3679 3678 3677
3681 3680 3679 3678 3677
3681 3680 3679 3678 3677
3681 3680 3679 3678 3677
3681 3680 3679 3678 3677
3681 3680 3679 3678 3677
3681 3680 3679 3678 3677
3681 3680 3679 3678 3677
3681 3680 3679 3678 3677
3681 3680 3679 3678 3677
3681 3680 3679 3678 3677
3681 3680 3679 3678 3677
3681 3680 3679 3678 3677
3681 3680 3679 3678 3677
3681 3680 3679 3678 3677
3681 3680 3679 3678 3677
3681 3680 3679 3678 3677
3681 3680 3679 3678 3677
3681 3680 3679 3678 3677
3681 3680 3679 3678 3677
3681 3680 3679 3678 3677
3681 3680 3679 3678 3677
3681 3680 3679 3678 3677
3681 3680 3679 3678 3677
3681 3680 3679 3678 3677
3681 3680 3679 3678 3677
3681 3680 3679 3678 3677
3681 3680 3679 3678 3677
3681 3680 3679 3678 3677
3681 3680 3679 3678 3677
3681 3680 3679 3678 3677
3681 3680 3679 3678 3677
3681 3680 3679 3678 3677
