3645 0.0 0.2 0:02.26
3645 0.0 0.2 0:02.28
3645 0.0 0.2 0:02.28
3645 0.0 0.2 0:02.29
3645 0.0 0.2 0:02.30
3645 0.0 0.2 0:02.30
3645 0.0 0.2 0:02.31
3645 0.0 0.2 0:02.31
3645 0.0 0.2 0:02.33
13645 0.0 0.0 0:00.00
3645 0.0 0.2 0:02.34
3645 0.0 0.2 0:02.34
3645 0.0 0.2 0:02.34
3645 0.0 0.2 0:02.35
3645 0.0 0.2 0:02.36
3645 0.0 0.2 0:02.36
3645 0.0 0.2 0:02.37
3645 0.0 0.2 0:02.38
3645 0.0 0.2 0:02.38
3645 0.0 0.2 0:02.39
3645 0.0 0.2 0:02.39
3645 0.0 0.2 0:02.39
3645 0.0 0.2 0:02.39
3645 5.3 0.2 0:02.40
3645 0.0 0.2 0:02.40
3645 0.0 0.2 0:02.40
3645 5.6 0.2 0:02.41
3645 0.0 0.2 0:02.41
3645 5.0 0.2 0:02.42
3645 0.0 0.2 0:02.42
3645 0.0 0.2 0:02.42
3645 0.0 0.2 0:02.43
3645 0.0 0.2 0:02.44
3645 0.0 0.2 0:02.45
3645 0.0 0.2 0:02.45
3645 0.0 0.2 0:02.46
3645 0.0 0.2 0:02.47
3645 0.0 0.2 0:02.47
3645 0.0 0.2 0:02.49
3645 5.0 0.2 0:02.50
3645 0.0 0.2 0:02.50
3645 0.0 0.2 0:02.51
3645 0.0 0.2 0:02.51
3645 0.0 0.2 0:02.52
3645 0.0 0.2 0:02.52
3645 0.0 0.2 0:02.53
3645 0.0 0.2 0:02.53
3645 0.0 0.2 0:02.54
3645 0.0 0.2 0:02.54
3645 0.0 0.2 0:02.54
3645 0.0 0.2 0:02.55
3645 5.3 0.2 0:02.57
3645 5.3 0.2 0:02.59
3645 0.0 0.2 0:02.63
3645 0.0 0.2 0:02.63
3645 0.0 0.2 0:02.66
3645 0.0 0.2 0:02.68
3645 0.0 0.2 0:02.68
3645 0.0 0.2 0:02.68
3645 0.0 0.2 0:02.69
3645 0.0 0.2 0:02.70
3645 0.0 0.2 0:02.70
3645 0.0 0.2 0:02.71
3645 0.0 0.2 0:02.71
3645 0.0 0.2 0:02.72
3645 0.0 0.2 0:02.72
3645 0.0 0.2 0:02.72
3645 0.0 0.2 0:02.74
3645 0.0 0.2 0:02.74
3645 0.0 0.2 0:02.75
3645 0.0 0.2 0:02.75
3645 0.0 0.2 0:02.76
3645 0.0 0.2 0:02.77
3645 0.0 0.2 0:02.83
3645 0.0 0.2 0:02.83
3645 0.0 0.2 0:02.83
