3646 5.6 0.2 0:10.94
3646 10.5 0.2 0:11.05
3646 15.8 0.2 0:11.18
3646 21.1 0.2 0:11.33
3646 5.3 0.2 0:11.46
3646 10.5 0.2 0:11.59
3646 10.5 0.2 0:11.74
3646 11.5 0.2 0:11.89
3646 13.0 0.2 0:12.04
3646 10.5 0.2 0:12.26
3646 10.5 0.2 0:12.41
3646 10.5 0.2 0:12.55
3646 4.8 0.2 0:12.67
3646 10.0 0.2 0:12.80
3646 15.8 0.2 0:12.93
3646 15.8 0.2 0:13.17
3646 21.1 0.2 0:13.33
3646 10.5 0.2 0:13.46
3646 23.8 0.2 0:13.60
3646 10.0 0.2 0:13.74
3646 10.5 0.2 0:13.87
3646 15.8 0.2 0:14.00
3646 10.5 0.2 0:14.14
3646 19.0 0.2 0:14.29
3646 20.0 0.2 0:14.50
3646 11.1 0.2 0:14.63
3646 5.0 0.2 0:14.80
3646 10.0 0.2 0:15.07
3646 10.5 0.2 0:15.18
3646 10.0 0.2 0:15.41
3646 10.5 0.2 0:15.56
3646 21.1 0.2 0:15.71
3646 5.0 0.2 0:15.84
3646 10.5 0.2 0:15.97
3646 16.7 0.2 0:16.10
3646 10.5 0.2 0:16.24
3646 10.0 0.2 0:16.36
3646 10.0 0.2 0:16.57
3646 16.7 0.2 0:16.72
3646 5.6 0.2 0:16.92
3646 4.8 0.2 0:17.05
3646 20.0 0.2 0:17.22
3646 5.3 0.2 0:17.37
3646 10.5 0.2 0:17.51
3646 10.5 0.2 0:17.64
3646 5.6 0.2 0:17.76
3646 4.8 0.2 0:17.91
3646 10.5 0.2 0:18.04
3646 10.0 0.2 0:18.17
3646 10.0 0.2 0:18.30
3646 10.5 0.2 0:18.44
3646 21.1 0.2 0:18.59
3646 14.3 0.2 0:18.72
3646 16.7 0.2 0:18.86
3646 5.6 0.2 0:19.01
3646 10.5 0.2 0:19.14
3646 15.8 0.2 0:19.27
3646 15.0 0.2 0:19.41
3646 9.1 0.2 0:19.57
3646 9.1 0.2 0:19.79
3646 19.0 0.2 0:20.01
3646 5.0 0.2 0:20.18
3646 10.5 0.2 0:20.33
3646 10.5 0.2 0:20.47
3646 15.0 0.2 0:20.61
3646 15.8 0.2 0:20.76
3646 10.5 0.2 0:20.94
3646 10.0 0.2 0:21.08
3646 10.0 0.2 0:21.21
3646 20.0 0.2 0:21.36
3646 5.3 0.2 0:21.46
3646 5.3 0.2 0:21.59
3646 10.5 0.2 0:21.75
3646 10.5 0.2 0:21.93
3646 10.0 0.2 0:22.10
