3647 5.3 0.1 0:00.01
3647 0.0 0.1 0:00.03
3647 0.0 0.1 0:00.03
3647 0.0 0.1 0:00.03
3647 0.0 0.1 0:00.03
3647 0.0 0.1 0:00.03
3647 0.0 0.1 0:00.03
3647 0.0 0.1 0:00.03
3647 0.0 0.1 0:00.03
3647 0.0 0.1 0:00.03
3647 0.0 0.1 0:00.03
3647 0.0 0.1 0:00.03
3647 0.0 0.1 0:00.03
3647 0.0 0.1 0:00.03
3647 0.0 0.1 0:00.03
3647 0.0 0.1 0:00.03
3647 0.0 0.1 0:00.03
3647 0.0 0.1 0:00.03
3647 0.0 0.1 0:00.03
3647 0.0 0.1 0:00.03
3647 0.0 0.1 0:00.03
3647 0.0 0.1 0:00.03
3647 0.0 0.1 0:00.03
3647 0.0 0.1 0:00.03
3647 0.0 0.1 0:00.03
3647 0.0 0.1 0:00.03
3647 0.0 0.1 0:00.03
3647 0.0 0.1 0:00.03
3647 0.0 0.1 0:00.03
3647 0.0 0.1 0:00.03
3647 0.0 0.1 0:00.03
3647 0.0 0.1 0:00.03
3647 0.0 0.1 0:00.03
3647 0.0 0.1 0:00.03
3647 0.0 0.1 0:00.03
3647 0.0 0.1 0:00.03
3647 0.0 0.1 0:00.03
3647 0.0 0.1 0:00.03
3647 0.0 0.1 0:00.03
3647 0.0 0.1 0:00.03
3647 0.0 0.1 0:00.03
3647 0.0 0.1 0:00.03
3647 0.0 0.1 0:00.03
3647 0.0 0.1 0:00.03
3647 0.0 0.1 0:00.03
3647 0.0 0.1 0:00.03
3647 0.0 0.1 0:00.03
3647 0.0 0.1 0:00.03
3647 0.0 0.1 0:00.03
3647 0.0 0.1 0:00.03
3647 0.0 0.1 0:00.04
3647 0.0 0.1 0:00.04
3647 0.0 0.1 0:00.04
3647 0.0 0.1 0:00.04
3647 0.0 0.1 0:00.04
3647 0.0 0.1 0:00.04
3647 0.0 0.1 0:00.04
3647 0.0 0.1 0:00.04
3647 0.0 0.1 0:00.04
3647 0.0 0.1 0:00.04
3647 0.0 0.1 0:00.04
3647 0.0 0.1 0:00.04
3647 0.0 0.1 0:00.04
3647 0.0 0.1 0:00.04
3647 0.0 0.1 0:00.04
3647 0.0 0.1 0:00.04
3647 0.0 0.1 0:00.04
3647 0.0 0.1 0:00.04
3647 0.0 0.1 0:00.04
3647 0.0 0.1 0:00.04
3647 0.0 0.1 0:00.04
3647 0.0 0.1 0:00.04
3647 0.0 0.1 0:00.04
3647 0.0 0.1 0:00.04
3647 0.0 0.1 0:00.04
3647 0.0 0.1 0:00.04
