3647 0.0 0.1 0:00.04
3647 0.0 0.1 0:00.05
3647 0.0 0.1 0:00.05
3647 0.0 0.1 0:00.05
3647 0.0 0.1 0:00.05
3647 0.0 0.1 0:00.05
3647 0.0 0.1 0:00.05
3647 0.0 0.1 0:00.05
3647 0.0 0.1 0:00.05
3647 0.0 0.1 0:00.05
3647 0.0 0.1 0:00.05
3647 0.0 0.1 0:00.05
3647 0.0 0.1 0:00.05
3647 0.0 0.1 0:00.05
3647 0.0 0.1 0:00.05
3647 0.0 0.1 0:00.05
3647 0.0 0.1 0:00.05
3647 0.0 0.1 0:00.05
3647 0.0 0.1 0:00.05
3647 0.0 0.1 0:00.05
3647 0.0 0.1 0:00.05
3647 0.0 0.1 0:00.05
3647 0.0 0.1 0:00.05
3647 0.0 0.1 0:00.05
3647 0.0 0.1 0:00.05
3647 0.0 0.1 0:00.05
3647 0.0 0.1 0:00.05
3647 0.0 0.1 0:00.05
3647 0.0 0.1 0:00.05
3647 0.0 0.1 0:00.05
3647 0.0 0.1 0:00.05
3647 0.0 0.1 0:00.05
3647 0.0 0.1 0:00.05
3647 0.0 0.1 0:00.05
3647 0.0 0.1 0:00.05
3647 0.0 0.1 0:00.05
3647 0.0 0.1 0:00.05
3647 0.0 0.1 0:00.05
3647 0.0 0.1 0:00.05
3647 0.0 0.1 0:00.05
3647 0.0 0.1 0:00.05
3647 0.0 0.1 0:00.05
3647 0.0 0.1 0:00.05
3647 0.0 0.1 0:00.05
3647 0.0 0.1 0:00.05
3647 0.0 0.1 0:00.05
3647 0.0 0.1 0:00.05
3647 0.0 0.1 0:00.05
3647 0.0 0.1 0:00.05
3647 0.0 0.1 0:00.05
3647 0.0 0.1 0:00.05
3647 0.0 0.1 0:00.05
3647 0.0 0.1 0:00.05
3647 0.0 0.1 0:00.05
3647 0.0 0.1 0:00.05
3647 0.0 0.1 0:00.05
3647 0.0 0.1 0:00.05
3647 0.0 0.1 0:00.05
3647 0.0 0.1 0:00.05
3647 0.0 0.1 0:00.05
3647 0.0 0.1 0:00.05
3647 0.0 0.1 0:00.05
3647 0.0 0.1 0:00.05
3647 0.0 0.1 0:00.05
3647 0.0 0.1 0:00.05
3647 0.0 0.1 0:00.05
3647 0.0 0.1 0:00.05
3647 0.0 0.1 0:00.05
3647 0.0 0.1 0:00.05
3647 0.0 0.1 0:00.05
3647 0.0 0.1 0:00.05
3647 0.0 0.1 0:00.05
3647 0.0 0.1 0:00.05
3647 0.0 0.1 0:00.05
3647 0.0 0.1 0:00.05
