2928 2927 2926 2925 2924
2928 2927 2926 2925 2924
2928 2927 2926 2925 2924
2928 2927 2926 2925 2924
2928 2927 2926 2925 2924
2928 2927 2926 2925 2924
2928 2927 2926 2925 2924
2928 2927 2926 2925 2924
2928 2927 2926 2925 2924
2928 2927 2926 2925 2924
2928 2927 2926 2925 2924
2928 2927 2926 2925 2924
2928 2927 2926 2925 2924
2928 2927 2926 2925 2924
2928 2927 2926 2925 2924
2928 2927 2926 2925 2924
2928 2927 2926 2925 2924
2928 2927 2926 2925 2924
2928 2927 2926 2925 2924
2928 2927 2926 2925 2924
2928 2927 2926 2925 2924
2928 2927 2926 2925 2924
2928 2927 2926 2925 2924
2928 2927 2926 2925 2924
2928 2927 2926 2925 2924
2928 2927 2926 2925 2924
2928 2927 2926 2925 2924
2928 2927 2926 2925 2924
2928 2927 2926 2925 2924
2928 2927 2926 2925 2924
2928 2927 2926 2925 2924
2928 2927 2926 2925 2924
2928 2927 2926 2925 2924
2928 2927 2926 2925 2924
2928 2927 2926 2925 2924
