718 15.8 0.3 0:04.14
718 0.0 0.3 0:04.17
718 0.0 0.3 0:04.17
718 0.0 0.3 0:04.17
718 0.0 0.3 0:04.17
718 0.0 0.3 0:04.17
718 0.0 0.3 0:04.17
718 0.0 0.3 0:04.17
718 0.0 0.3 0:04.17
718 0.0 0.3 0:04.17
718 0.0 0.3 0:04.17
718 0.0 0.3 0:04.17
718 0.0 0.3 0:04.17
718 0.0 0.3 0:04.17
718 0.0 0.3 0:04.17
718 0.0 0.3 0:04.17
718 0.0 0.3 0:04.17
718 0.0 0.3 0:04.17
718 13.6 0.3 0:04.24
718 14.3 0.3 0:04.39
718 15.0 0.3 0:04.54
718 15.0 0.3 0:04.70
718 9.5 0.3 0:04.85
718 0.0 0.3 0:04.87
718 0.0 0.3 0:04.87
718 0.0 0.3 0:04.87
718 0.0 0.3 0:04.87
718 0.0 0.3 0:04.87
718 0.0 0.3 0:04.87
KiB 1537184 avail Mem
