2927 0.0 0.1 0:00.01
2927 0.0 0.1 0:00.03
2927 0.0 0.1 0:00.03
2927 0.0 0.1 0:00.03
2927 0.0 0.1 0:00.03
2927 0.0 0.1 0:00.03
2927 0.0 0.1 0:00.03
2927 0.0 0.1 0:00.03
2927 0.0 0.1 0:00.03
2927 0.0 0.1 0:00.03
2927 0.0 0.1 0:00.03
2927 0.0 0.1 0:00.03
2927 0.0 0.1 0:00.03
2927 0.0 0.1 0:00.03
2927 0.0 0.1 0:00.03
2927 0.0 0.1 0:00.03
2927 0.0 0.1 0:00.03
2927 0.0 0.1 0:00.03
2927 0.0 0.1 0:00.03
2927 0.0 0.1 0:00.04
2927 0.0 0.1 0:00.04
2927 0.0 0.1 0:00.04
2927 0.0 0.1 0:00.04
2927 0.0 0.1 0:00.04
2927 0.0 0.1 0:00.04
