2927 5.3 0.1 0:00.22
2927 5.3 0.1 0:00.25
2927 0.0 0.1 0:00.25
2927 5.3 0.1 0:00.26
2927 0.0 0.1 0:00.26
2927 0.0 0.1 0:00.26
2927 0.0 0.1 0:00.26
2927 0.0 0.1 0:00.26
2927 0.0 0.1 0:00.26
2927 0.0 0.1 0:00.26
2927 0.0 0.1 0:00.26
2927 0.0 0.1 0:00.26
2927 0.0 0.1 0:00.26
2927 0.0 0.1 0:00.26
2927 0.0 0.1 0:00.26
2927 0.0 0.1 0:00.26
2927 0.0 0.1 0:00.26
2927 0.0 0.1 0:00.26
2927 0.0 0.1 0:00.26
2927 0.0 0.1 0:00.26
2927 0.0 0.1 0:00.26
2927 0.0 0.1 0:00.26
2927 0.0 0.1 0:00.26
2927 0.0 0.1 0:00.26
2927 0.0 0.1 0:00.26
2927 0.0 0.1 0:00.26
