2928 4.3 0.1 0:00.03
2928 10.5 0.1 0:00.08
2928 0.0 0.1 0:00.09
2928 0.0 0.1 0:00.09
2928 0.0 0.1 0:00.10
2928 0.0 0.1 0:00.10
2928 5.3 0.1 0:00.11
2928 0.0 0.1 0:00.11
2928 5.3 0.1 0:00.12
2928 4.8 0.1 0:00.13
2928 0.0 0.1 0:00.14
2928 0.0 0.1 0:00.15
2928 0.0 0.1 0:00.16
2928 0.0 0.1 0:00.18
2928 0.0 0.1 0:00.19
2928 0.0 0.1 0:00.19
2928 0.0 0.1 0:00.19
2928 0.0 0.1 0:00.19
2928 10.0 0.1 0:00.21
2928 0.0 0.1 0:00.21
2928 5.3 0.1 0:00.22
2928 0.0 0.1 0:00.22
2928 5.6 0.1 0:00.23
2928 0.0 0.1 0:00.23
2928 0.0 0.1 0:00.23
