3288 20.0 0.1 0:36.30
3288 25.0 0.1 0:36.58
3288 19.0 0.1 0:36.87
3288 19.0 0.1 0:37.13
3288 30.0 0.1 0:37.42
3288 25.0 0.1 0:37.69
3288 5.0 0.1 0:37.90
3288 0.0 0.1 0:37.90
3288 0.0 0.1 0:37.90
3288 0.0 0.1 0:37.90
3288 0.0 0.1 0:37.90
3288 0.0 0.1 0:37.90
3288 0.0 0.1 0:37.90
3288 0.0 0.1 0:37.90
3288 0.0 0.1 0:37.90
3288 0.0 0.1 0:37.90
3288 0.0 0.1 0:37.90
3288 0.0 0.1 0:37.90
3288 0.0 0.1 0:37.90
3288 0.0 0.1 0:37.90
3288 0.0 0.1 0:37.90
3288 0.0 0.1 0:37.90
3288 0.0 0.1 0:37.90
3288 0.0 0.1 0:37.90
3288 0.0 0.1 0:37.90
3288 0.0 0.1 0:37.90
3288 0.0 0.1 0:37.90
3288 0.0 0.1 0:37.90
3288 0.0 0.1 0:37.90
3288 0.0 0.1 0:37.90
3288 0.0 0.1 0:37.90
3288 0.0 0.1 0:37.90
3288 0.0 0.1 0:37.90
3288 0.0 0.1 0:37.90
3288 0.0 0.1 0:37.90
3288 0.0 0.1 0:37.90
3288 0.0 0.1 0:37.90
3288 0.0 0.1 0:37.90
3288 0.0 0.1 0:37.90
3288 0.0 0.1 0:37.90
3288 0.0 0.1 0:37.90
3288 0.0 0.1 0:37.90
3288 0.0 0.1 0:37.90
3288 0.0 0.1 0:37.90
3288 0.0 0.1 0:37.90
3288 0.0 0.1 0:37.90
3288 0.0 0.1 0:37.90
3288 0.0 0.1 0:37.90
3288 0.0 0.1 0:37.90
3288 0.0 0.1 0:37.90
3288 0.0 0.1 0:37.90
