3288 21.1 0.1 0:08.11
3288 20.0 0.1 0:08.38
3288 15.4 0.1 0:08.83
3288 15.6 0.1 0:09.19
3288 26.1 0.1 0:09.53
3288 30.0 0.1 0:09.79
3288 13.6 0.1 0:10.12
3288 23.8 0.1 0:10.42
3288 18.2 0.1 0:10.74
3288 21.1 0.1 0:10.97
3288 0.0 0.1 0:11.19
3288 0.0 0.1 0:11.19
3288 0.0 0.1 0:11.19
3288 0.0 0.1 0:11.19
3288 0.0 0.1 0:11.19
3288 0.0 0.1 0:11.19
3288 0.0 0.1 0:11.19
3288 0.0 0.1 0:11.19
3288 0.0 0.1 0:11.19
3288 0.0 0.1 0:11.19
3288 0.0 0.1 0:11.19
3288 0.0 0.1 0:11.19
3288 0.0 0.1 0:11.19
3288 0.0 0.1 0:11.19
3288 0.0 0.1 0:11.19
3288 0.0 0.1 0:11.19
3288 0.0 0.1 0:11.19
3288 0.0 0.1 0:11.19
3288 0.0 0.1 0:11.19
3288 0.0 0.1 0:11.19
3288 0.0 0.1 0:11.19
3288 0.0 0.1 0:11.19
3288 0.0 0.1 0:11.19
3288 0.0 0.1 0:11.19
3288 0.0 0.1 0:11.19
3288 0.0 0.1 0:11.19
3288 0.0 0.1 0:11.19
3288 0.0 0.1 0:11.19
3288 0.0 0.1 0:11.19
3288 0.0 0.1 0:11.19
3288 0.0 0.1 0:11.19
3288 0.0 0.1 0:11.19
3288 0.0 0.1 0:11.19
3288 0.0 0.1 0:11.19
3288 0.0 0.1 0:11.19
3288 0.0 0.1 0:11.19
3288 0.0 0.1 0:11.19
3288 0.0 0.1 0:11.19
3288 0.0 0.1 0:11.19
3288 0.0 0.1 0:11.19
3288 0.0 0.1 0:11.19
3288 0.0 0.1 0:11.19
