3289 45.0 0.1 1:03.75
3289 45.0 0.1 1:04.36
3289 45.0 0.1 1:04.95
3289 57.1 0.1 1:05.59
3289 52.4 0.1 1:06.22
3289 65.4 0.1 1:06.93
3289 10.0 0.1 1:07.40
3289 0.0 0.1 1:07.40
3289 0.0 0.1 1:07.40
3289 0.0 0.1 1:07.40
3289 0.0 0.1 1:07.40
3289 0.0 0.1 1:07.40
3289 0.0 0.1 1:07.40
3289 0.0 0.1 1:07.40
3289 0.0 0.1 1:07.40
3289 0.0 0.1 1:07.40
3289 0.0 0.1 1:07.40
3289 0.0 0.1 1:07.40
3289 0.0 0.1 1:07.40
3289 0.0 0.1 1:07.40
3289 0.0 0.1 1:07.40
3289 0.0 0.1 1:07.40
3289 0.0 0.1 1:07.40
3289 0.0 0.1 1:07.40
3289 0.0 0.1 1:07.40
3289 0.0 0.1 1:07.40
3289 0.0 0.1 1:07.40
3289 0.0 0.1 1:07.40
3289 0.0 0.1 1:07.40
3289 0.0 0.1 1:07.40
3289 0.0 0.1 1:07.40
3289 0.0 0.1 1:07.40
3289 0.0 0.1 1:07.40
3289 0.0 0.1 1:07.40
3289 0.0 0.1 1:07.40
3289 0.0 0.1 1:07.40
3289 0.0 0.1 1:07.40
3289 0.0 0.1 1:07.40
3289 0.0 0.1 1:07.40
3289 0.0 0.1 1:07.40
3289 0.0 0.1 1:07.40
3289 0.0 0.1 1:07.40
3289 0.0 0.1 1:07.40
3289 0.0 0.1 1:07.40
3289 0.0 0.1 1:07.40
3289 0.0 0.1 1:07.40
3289 0.0 0.1 1:07.40
3289 0.0 0.1 1:07.40
3289 0.0 0.1 1:07.40
3289 0.0 0.1 1:07.40
3289 0.0 0.1 1:07.40
