2935 25.0 0.1 1:11.16
2935 30.6 0.1 1:11.65
2935 31.6 0.1 1:12.04
2935 47.4 0.1 1:12.57
2935 38.1 0.1 1:13.13
2935 42.1 0.1 1:13.57
2935 23.8 0.1 1:14.06
2935 19.2 0.1 1:14.53
2935 30.0 0.1 1:14.99
2935 45.0 0.1 1:15.49
2935 35.0 0.1 1:16.01
2935 40.0 0.1 1:16.45
2935 42.1 0.1 1:16.92
2935 42.1 0.1 1:17.41
2935 27.3 0.1 1:17.85
2935 40.0 0.1 1:18.30
2935 31.6 0.1 1:18.72
2935 36.8 0.1 1:19.21
2935 45.0 0.1 1:19.72
2935 21.7 0.1 1:20.23
2935 38.1 0.1 1:20.75
2935 30.0 0.1 1:21.24
2935 42.1 0.1 1:21.73
2935 47.4 0.1 1:22.26
2935 26.1 0.1 1:22.79
2935 39.1 0.1 1:23.34
2935 28.0 0.1 1:23.81
2935 19.4 0.1 1:24.28
2935 20.0 0.1 1:24.73
2935 25.0 0.1 1:25.15
2935 36.0 0.1 1:25.70
2935 23.5 0.1 1:26.23
2935 32.0 0.1 1:26.78
2935 15.4 0.1 1:27.23
2935 22.6 0.1 1:27.73
2935 28.6 0.1 1:28.15
2935 9.5 0.1 1:28.34
2935 0.0 0.1 1:28.36
2935 0.0 0.1 1:28.36
2935 0.0 0.1 1:28.36
2935 0.0 0.1 1:28.36
2935 0.0 0.1 1:28.36
2935 0.0 0.1 1:28.36
2935 0.0 0.1 1:28.36
2935 0.0 0.1 1:28.36
2935 0.0 0.1 1:28.36
2935 0.0 0.1 1:28.36
2935 0.0 0.1 1:28.36
2935 0.0 0.1 1:28.36
2935 0.0 0.1 1:28.36
2935 0.0 0.1 1:28.36
2935 0.0 0.1 1:28.36
2935 0.0 0.1 1:28.36
2935 0.0 0.1 1:28.36
2935 0.0 0.1 1:28.36
2935 0.0 0.1 1:28.36
2935 0.0 0.1 1:28.36
2935 0.0 0.1 1:28.36
2935 0.0 0.1 1:28.36
