2936 17.4 0.1 0:28.27
2936 25.0 0.1 0:28.53
2936 19.0 0.1 0:28.81
2936 25.0 0.1 0:29.10
2936 20.0 0.1 0:29.36
2936 36.8 0.1 0:29.68
2936 20.0 0.1 0:29.96
2936 26.3 0.1 0:30.26
2936 17.4 0.1 0:30.54
2936 17.4 0.1 0:30.78
2936 22.2 0.1 0:31.04
2936 20.0 0.1 0:31.30
2936 15.8 0.1 0:31.59
2936 20.0 0.1 0:31.83
2936 26.1 0.1 0:32.10
2936 25.0 0.1 0:32.43
2936 10.0 0.1 0:32.73
2936 19.0 0.1 0:32.97
2936 21.7 0.1 0:33.23
2936 12.0 0.1 0:33.53
2936 23.8 0.1 0:33.79
2936 16.0 0.1 0:34.04
2936 33.3 0.1 0:34.36
2936 21.1 0.1 0:34.64
2936 21.1 0.1 0:34.91
2936 20.0 0.1 0:35.18
2936 23.8 0.1 0:35.44
2936 13.6 0.1 0:35.68
2936 20.0 0.1 0:35.94
2936 25.0 0.1 0:36.28
2936 13.6 0.1 0:36.60
2936 38.9 0.1 0:36.85
2936 15.8 0.1 0:37.07
2936 25.0 0.1 0:37.38
2936 19.0 0.1 0:37.67
2936 0.0 0.1 0:37.85
2936 0.0 0.1 0:37.87
2936 0.0 0.1 0:37.87
2936 0.0 0.1 0:37.87
2936 0.0 0.1 0:37.87
2936 0.0 0.1 0:37.87
2936 0.0 0.1 0:37.87
2936 0.0 0.1 0:37.87
2936 0.0 0.1 0:37.87
2936 0.0 0.1 0:37.87
2936 0.0 0.1 0:37.87
2936 0.0 0.1 0:37.87
2936 0.0 0.1 0:37.87
2936 0.0 0.1 0:37.87
2936 0.0 0.1 0:37.87
2936 0.0 0.1 0:37.87
2936 0.0 0.1 0:37.87
2936 0.0 0.1 0:37.87
2936 0.0 0.1 0:37.87
2936 0.0 0.1 0:37.87
2936 0.0 0.1 0:37.87
2936 0.0 0.1 0:37.87
2936 0.0 0.1 0:37.87
2936 0.0 0.1 0:37.87
2936 0.0 0.1 0:37.87
2936 0.0 0.1 0:37.87
2936 0.0 0.1 0:37.87
2936 0.0 0.1 0:37.87
2936 0.0 0.1 0:37.87
2936 0.0 0.1 0:37.87
2936 0.0 0.1 0:37.87
2936 0.0 0.1 0:37.87
2936 0.0 0.1 0:37.87
2936 0.0 0.1 0:37.87
2936 0.0 0.1 0:37.87
2936 0.0 0.1 0:37.87
2936 0.0 0.1 0:37.87
2936 0.0 0.1 0:37.87
2936 0.0 0.1 0:37.87
