706 0.0 0.1 0:00.00
706 0.0 0.1 0:00.00
706 0.0 0.1 0:00.00
706 0.0 0.1 0:00.00
706 0.0 0.1 0:00.00
706 0.0 0.1 0:00.00
706 0.0 0.1 0:00.00
706 0.0 0.1 0:00.00
706 0.0 0.1 0:00.00
706 0.0 0.1 0:00.00
706 0.0 0.1 0:00.00
706 0.0 0.1 0:00.00
706 0.0 0.1 0:00.00
706 0.0 0.1 0:00.00
706 0.0 0.1 0:00.00
706 0.0 0.1 0:00.00
706 0.0 0.1 0:00.00
706 0.0 0.1 0:00.00
KiB used, 362920 buff/cache
706 0.0 0.1 0:00.00
706 0.0 0.1 0:00.00
706 0.0 0.1 0:00.00
706 0.0 0.1 0:00.00
706 0.0 0.1 0:00.00
706 0.0 0.1 0:00.00
706 0.0 0.1 0:00.00
706 0.0 0.1 0:00.00
706 0.0 0.1 0:00.00
706 0.0 0.1 0:00.00
706 0.0 0.1 0:00.00
706 0.0 0.1 0:00.00
706 0.0 0.1 0:00.00
706 0.0 0.1 0:00.00
706 0.0 0.1 0:00.00
706 0.0 0.1 0:00.00
706 0.0 0.1 0:00.00
706 0.0 0.1 0:00.00
706 0.0 0.1 0:00.00
706 0.0 0.1 0:00.00
706 0.0 0.1 0:00.00
706 0.0 0.1 0:00.00
706 0.0 0.1 0:00.00
706 0.0 0.1 0:00.00
706 0.0 0.1 0:00.00
706 0.0 0.1 0:00.00
706 0.0 0.1 0:00.00
706 0.0 0.1 0:00.00
706 0.0 0.1 0:00.00
706 0.0 0.1 0:00.00
706 0.0 0.1 0:00.00
706 0.0 0.1 0:00.00
706 0.0 0.1 0:00.00
706 0.0 0.1 0:00.00
706 0.0 0.1 0:00.00
706 0.0 0.1 0:00.00
706 0.0 0.1 0:00.00
706 0.0 0.1 0:00.00
706 0.0 0.1 0:00.00
706 0.0 0.1 0:00.00
706 0.0 0.1 0:00.00
706 0.0 0.1 0:00.00
706 0.0 0.1 0:00.00
706 0.0 0.1 0:00.00
706 0.0 0.1 0:00.00
706 0.0 0.1 0:00.00
706 0.0 0.1 0:00.00
706 0.0 0.1 0:00.00
706 0.0 0.1 0:00.00
706 0.0 0.1 0:00.00
706 0.0 0.1 0:00.00
706 0.0 0.1 0:00.00
706 0.0 0.1 0:00.00
706 0.0 0.1 0:00.00
706 0.0 0.1 0:00.00
706 0.0 0.1 0:00.00
706 0.0 0.1 0:00.00
KiB used, 363304 buff/cache
706 0.0 0.1 0:00.00
706 0.0 0.1 0:00.00
706 0.0 0.1 0:00.00
706 0.0 0.1 0:00.00
706 0.0 0.1 0:00.00
706 0.0 0.1 0:00.00
706 0.0 0.1 0:00.00
706 0.0 0.1 0:00.00
706 0.0 0.1 0:00.00
706 0.0 0.1 0:00.00
706 0.0 0.1 0:00.00
706 0.0 0.1 0:00.00
706 0.0 0.1 0:00.00
706 0.0 0.1 0:00.00
706 0.0 0.1 0:00.00
706 0.0 0.1 0:00.00
706 0.0 0.1 0:00.00
706 0.0 0.1 0:00.00
706 0.0 0.1 0:00.00
706 0.0 0.1 0:00.00
706 0.0 0.1 0:00.00
706 0.0 0.1 0:00.00
706 0.0 0.1 0:00.00
706 0.0 0.1 0:00.00
706 0.0 0.1 0:00.00
706 0.0 0.1 0:00.00
706 0.0 0.1 0:00.00
706 0.0 0.1 0:00.00
706 0.0 0.1 0:00.00
706 0.0 0.1 0:00.00
706 0.0 0.1 0:00.00
706 0.0 0.1 0:00.00
706 0.0 0.1 0:00.00
706 0.0 0.1 0:00.00
706 0.0 0.1 0:00.00
706 0.0 0.1 0:00.00
706 0.0 0.1 0:00.00
706 0.0 0.1 0:00.00
706 0.0 0.1 0:00.00
706 0.0 0.1 0:00.00
706 0.0 0.1 0:00.00
706 0.0 0.1 0:00.00
706 0.0 0.1 0:00.00
706 0.0 0.1 0:00.00
706 0.0 0.1 0:00.00
706 0.0 0.1 0:00.00
706 0.0 0.1 0:00.00
706 0.0 0.1 0:00.00
706 0.0 0.1 0:00.00
706 0.0 0.1 0:00.00
706 0.0 0.1 0:00.00
706 0.0 0.1 0:00.00
706 0.0 0.1 0:00.00
706 0.0 0.1 0:00.00
706 0.0 0.1 0:00.00
706 0.0 0.1 0:00.00
706 0.0 0.1 0:00.00
706 0.0 0.1 0:00.00
706 0.0 0.1 0:00.00
706 0.0 0.1 0:00.00
706 0.0 0.1 0:00.00
706 0.0 0.1 0:00.00
706 0.0 0.1 0:00.00
706 0.0 0.1 0:00.00
706 0.0 0.1 0:00.00
706 0.0 0.1 0:00.00
706 0.0 0.1 0:00.00
706 0.0 0.1 0:00.00
17067 11.8 0.2 0:00.04
706 0.0 0.1 0:00.00
KiB 1537068 avail Mem
706 0.0 0.1 0:00.00
706 0.0 0.1 0:00.00
706 0.0 0.1 0:00.00
706 0.0 0.1 0:00.00
706 0.0 0.1 0:00.00
706 0.0 0.1 0:00.00
706 0.0 0.1 0:00.00
706 0.0 0.1 0:00.00
706 0.0 0.1 0:00.00
706 0.0 0.1 0:00.00
706 0.0 0.1 0:00.00
706 0.0 0.1 0:00.00
706 0.0 0.1 0:00.00
706 0.0 0.1 0:00.00
706 0.0 0.1 0:00.00
706 0.0 0.1 0:00.00
706 0.0 0.1 0:00.00
706 0.0 0.1 0:00.00
706 0.0 0.1 0:00.00
706 0.0 0.1 0:00.00
706 0.0 0.1 0:00.00
706 0.0 0.1 0:00.00
706 0.0 0.1 0:00.00
706 0.0 0.1 0:00.00
706 0.0 0.1 0:00.00
706 0.0 0.1 0:00.00
706 0.0 0.1 0:00.00
706 0.0 0.1 0:00.00
706 0.0 0.1 0:00.00
706 0.0 0.1 0:00.00
706 0.0 0.1 0:00.00
706 0.0 0.1 0:00.00
706 0.0 0.1 0:00.00
706 0.0 0.1 0:00.00
706 0.0 0.1 0:00.00
706 0.0 0.1 0:00.00
706 0.0 0.1 0:00.00
