707 15.0 0.3 0:25.63
707 0.0 0.3 0:25.66
707 0.0 0.3 0:25.66
707 0.0 0.3 0:25.66
707 0.0 0.3 0:25.66
707 0.0 0.3 0:25.66
707 0.0 0.3 0:25.66
707 0.0 0.3 0:25.66
707 0.0 0.3 0:25.66
707 0.0 0.3 0:25.66
707 0.0 0.3 0:25.66
707 0.0 0.3 0:25.66
707 0.0 0.3 0:25.66
707 0.0 0.3 0:25.66
707 0.0 0.3 0:25.66
707 0.0 0.3 0:25.66
707 0.0 0.3 0:25.66
707 0.0 0.3 0:25.66
707 0.0 0.3 0:25.66
707 0.0 0.3 0:25.68
707 0.0 0.3 0:25.68
707 0.0 0.3 0:25.68
707 0.0 0.3 0:25.68
707 0.0 0.3 0:25.68
707 0.0 0.3 0:25.68
707 0.0 0.3 0:25.68
707 0.0 0.3 0:25.68
707 0.0 0.3 0:25.68
707 0.0 0.3 0:25.68
707 0.0 0.3 0:25.68
707 0.0 0.3 0:25.68
707 0.0 0.3 0:25.68
707 0.0 0.3 0:25.68
707 0.0 0.3 0:25.68
707 0.0 0.3 0:25.69
707 0.0 0.3 0:25.69
707 0.0 0.3 0:25.69
707 5.0 0.3 0:25.74
707 0.0 0.3 0:25.74
707 0.0 0.3 0:25.74
707 0.0 0.3 0:25.74
707 0.0 0.3 0:25.74
707 0.0 0.3 0:25.74
707 0.0 0.3 0:25.74
707 0.0 0.3 0:25.74
707 0.0 0.3 0:25.74
707 0.0 0.3 0:25.74
707 0.0 0.3 0:25.74
707 0.0 0.3 0:25.74
707 5.6 0.3 0:25.75
707 0.0 0.3 0:25.75
707 0.0 0.3 0:25.75
707 0.0 0.3 0:25.75
707 0.0 0.3 0:25.75
707 0.0 0.3 0:25.75
707 0.0 0.3 0:25.76
707 0.0 0.3 0:25.78
707 0.0 0.3 0:25.78
707 0.0 0.3 0:25.78
707 0.0 0.3 0:25.78
707 0.0 0.3 0:25.78
707 0.0 0.3 0:25.78
707 0.0 0.3 0:25.78
707 0.0 0.3 0:25.78
707 0.0 0.3 0:25.78
707 0.0 0.3 0:25.78
707 0.0 0.3 0:25.78
707 0.0 0.3 0:25.78
707 0.0 0.3 0:25.78
707 0.0 0.3 0:25.78
707 0.0 0.3 0:25.78
707 0.0 0.3 0:25.78
707 0.0 0.3 0:25.79
707 0.0 0.3 0:25.79
707 0.0 0.3 0:25.83
707 0.0 0.3 0:25.83
707 0.0 0.3 0:25.83
707 0.0 0.3 0:25.83
707 0.0 0.3 0:25.83
707 0.0 0.3 0:25.83
707 0.0 0.3 0:25.83
707 0.0 0.3 0:25.83
707 0.0 0.3 0:25.83
707 0.0 0.3 0:25.83
707 0.0 0.3 0:25.83
707 0.0 0.3 0:25.83
707 0.0 0.3 0:25.83
707 0.0 0.3 0:25.83
707 0.0 0.3 0:25.83
707 5.6 0.3 0:25.84
707 0.0 0.3 0:25.84
707 5.3 0.3 0:25.85
707 0.0 0.3 0:25.88
707 0.0 0.3 0:25.88
707 0.0 0.3 0:25.88
707 0.0 0.3 0:25.88
707 0.0 0.3 0:25.88
707 0.0 0.3 0:25.88
707 0.0 0.3 0:25.88
707 0.0 0.3 0:25.88
707 0.0 0.3 0:25.88
707 0.0 0.3 0:25.88
707 0.0 0.3 0:25.88
707 0.0 0.3 0:25.88
707 0.0 0.3 0:25.88
707 0.0 0.3 0:25.89
707 0.0 0.3 0:25.89
707 0.0 0.3 0:25.89
707 0.0 0.3 0:25.89
707 0.0 0.3 0:25.89
707 0.0 0.3 0:25.90
707 0.0 0.3 0:25.92
707 0.0 0.3 0:25.92
707 0.0 0.3 0:25.92
707 0.0 0.3 0:25.92
707 0.0 0.3 0:25.92
707 0.0 0.3 0:25.92
707 0.0 0.3 0:25.92
707 0.0 0.3 0:25.92
707 0.0 0.3 0:25.92
707 0.0 0.3 0:25.92
707 0.0 0.3 0:25.92
707 0.0 0.3 0:25.92
707 5.6 0.3 0:25.93
707 0.0 0.3 0:25.93
707 0.0 0.3 0:25.93
707 0.0 0.3 0:25.94
707 0.0 0.3 0:25.94
707 0.0 0.3 0:25.95
707 0.0 0.3 0:25.98
707 0.0 0.3 0:25.98
707 0.0 0.3 0:25.98
707 0.0 0.3 0:25.98
707 0.0 0.3 0:25.98
707 0.0 0.3 0:25.98
707 0.0 0.3 0:25.98
707 0.0 0.3 0:25.98
707 0.0 0.3 0:25.98
707 0.0 0.3 0:25.98
707 0.0 0.3 0:25.98
707 0.0 0.3 0:25.98
707 0.0 0.3 0:25.98
707 0.0 0.3 0:26.00
707 0.0 0.3 0:26.00
707 5.3 0.3 0:26.01
707 0.0 0.3 0:26.01
707 0.0 0.3 0:26.01
707 5.6 0.3 0:26.03
707 0.0 0.3 0:26.04
707 0.0 0.3 0:26.04
707 0.0 0.3 0:26.04
707 0.0 0.3 0:26.04
707 0.0 0.3 0:26.04
707 0.0 0.3 0:26.04
707 0.0 0.3 0:26.04
707 0.0 0.3 0:26.04
707 0.0 0.3 0:26.04
707 0.0 0.3 0:26.04
707 0.0 0.3 0:26.04
707 0.0 0.3 0:26.04
707 0.0 0.3 0:26.04
707 0.0 0.3 0:26.05
707 0.0 0.3 0:26.05
707 0.0 0.3 0:26.05
707 0.0 0.3 0:26.06
707 0.0 0.3 0:26.06
707 0.0 0.3 0:26.08
707 0.0 0.3 0:26.08
707 0.0 0.3 0:26.08
707 0.0 0.3 0:26.08
707 0.0 0.3 0:26.08
707 0.0 0.3 0:26.08
707 0.0 0.3 0:26.08
707 0.0 0.3 0:26.08
707 0.0 0.3 0:26.08
707 0.0 0.3 0:26.08
707 0.0 0.3 0:26.08
707 0.0 0.3 0:26.08
707 0.0 0.3 0:26.08
707 0.0 0.3 0:26.08
707 0.0 0.3 0:26.08
707 0.0 0.3 0:26.08
707 0.0 0.3 0:26.08
707 0.0 0.3 0:26.08
707 0.0 0.3 0:26.08
