707 15.0 0.3 0:22.32
707 0.0 0.3 0:22.33
707 0.0 0.3 0:22.33
707 0.0 0.3 0:22.33
707 0.0 0.3 0:22.33
707 0.0 0.3 0:22.33
707 0.0 0.3 0:22.33
707 0.0 0.3 0:22.33
707 0.0 0.3 0:22.33
707 0.0 0.3 0:22.33
707 0.0 0.3 0:22.33
707 0.0 0.3 0:22.33
707 0.0 0.3 0:22.33
707 0.0 0.3 0:22.33
707 0.0 0.3 0:22.33
707 0.0 0.3 0:22.34
707 0.0 0.3 0:22.34
707 0.0 0.3 0:22.34
707 0.0 0.3 0:22.34
707 0.0 0.3 0:22.38
707 0.0 0.3 0:22.38
707 0.0 0.3 0:22.38
707 0.0 0.3 0:22.38
707 0.0 0.3 0:22.38
707 0.0 0.3 0:22.38
707 0.0 0.3 0:22.38
KiB used, 297376 buff/cache
707 0.0 0.3 0:22.38
707 0.0 0.3 0:22.38
707 0.0 0.3 0:22.38
707 0.0 0.3 0:22.38
707 0.0 0.3 0:22.38
707 0.0 0.3 0:22.38
KiB used, 297388 buff/cache
707 0.0 0.3 0:22.39
707 0.0 0.3 0:22.39
707 0.0 0.3 0:22.39
707 0.0 0.3 0:22.47
707 0.0 0.3 0:22.47
707 0.0 0.3 0:22.47
25707 11.1 0.2 0:00.04
707 0.0 0.3 0:22.47
707 0.0 0.3 0:22.47
707 0.0 0.3 0:22.47
707 0.0 0.3 0:22.47
707 0.0 0.3 0:22.47
707 0.0 0.3 0:22.47
KiB used, 297476 buff/cache
KiB used, 297480 buff/cache
707 0.0 0.3 0:22.47
707 5.6 0.3 0:22.48
707 0.0 0.3 0:22.48
707 0.0 0.3 0:22.48
707 0.0 0.3 0:22.48
707 0.0 0.3 0:22.48
707 5.6 0.3 0:22.50
707 0.0 0.3 0:22.52
707 0.0 0.3 0:22.52
707 0.0 0.3 0:22.52
707 0.0 0.3 0:22.52
707 0.0 0.3 0:22.52
707 0.0 0.3 0:22.52
707 0.0 0.3 0:22.52
707 0.0 0.3 0:22.52
707 0.0 0.3 0:22.52
707 0.0 0.3 0:22.52
707 0.0 0.3 0:22.52
707 0.0 0.3 0:22.52
707 0.0 0.3 0:22.52
707 0.0 0.3 0:22.52
707 0.0 0.3 0:22.53
707 0.0 0.3 0:22.53
707 0.0 0.3 0:22.53
707 0.0 0.3 0:22.53
707 0.0 0.3 0:22.57
707 0.0 0.3 0:22.57
707 0.0 0.3 0:22.57
707 0.0 0.3 0:22.57
707 0.0 0.3 0:22.57
707 0.0 0.3 0:22.57
707 0.0 0.3 0:22.57
707 0.0 0.3 0:22.57
707 0.0 0.3 0:22.57
707 0.0 0.3 0:22.57
707 0.0 0.3 0:22.57
707 0.0 0.3 0:22.57
707 0.0 0.3 0:22.58
707 5.6 0.3 0:22.59
707 0.0 0.3 0:22.59
707 0.0 0.3 0:22.59
707 0.0 0.3 0:22.59
707 0.0 0.3 0:22.59
707 0.0 0.3 0:22.62
707 0.0 0.3 0:22.62
707 0.0 0.3 0:22.62
707 0.0 0.3 0:22.62
707 0.0 0.3 0:22.62
707 0.0 0.3 0:22.62
707 0.0 0.3 0:22.62
707 0.0 0.3 0:22.62
707 0.0 0.3 0:22.62
707 0.0 0.3 0:22.63
707 0.0 0.3 0:22.63
707 0.0 0.3 0:22.63
707 0.0 0.3 0:22.63
707 0.0 0.3 0:22.63
707 0.0 0.3 0:22.64
707 0.0 0.3 0:22.64
707 0.0 0.3 0:22.64
707 0.0 0.3 0:22.65
707 0.0 0.3 0:22.65
707 0.0 0.3 0:22.66
707 0.0 0.3 0:22.66
707 0.0 0.3 0:22.66
707 0.0 0.3 0:22.66
707 0.0 0.3 0:22.66
707 0.0 0.3 0:22.66
707 0.0 0.3 0:22.66
707 0.0 0.3 0:22.66
707 0.0 0.3 0:22.67
707 0.0 0.3 0:22.67
707 0.0 0.3 0:22.67
707 0.0 0.3 0:22.67
707 0.0 0.3 0:22.67
KiB 1537072 avail Mem
707 0.0 0.3 0:22.68
707 0.0 0.3 0:22.68
707 0.0 0.3 0:22.68
707 0.0 0.3 0:22.68
707 0.0 0.3 0:22.70
707 0.0 0.3 0:22.70
707 0.0 0.3 0:22.70
707 0.0 0.3 0:22.70
707 0.0 0.3 0:22.70
707 0.0 0.3 0:22.70
707 0.0 0.3 0:22.70
707 0.0 0.3 0:22.70
707 0.0 0.3 0:22.70
707 0.0 0.3 0:22.70
707 0.0 0.3 0:22.70
707 0.0 0.3 0:22.71
707 0.0 0.3 0:22.71
707 0.0 0.3 0:22.71
707 0.0 0.3 0:22.71
KiB used, 298024 buff/cache
707 0.0 0.3 0:22.71
707 0.0 0.3 0:22.72
707 5.0 0.3 0:22.74
707 0.0 0.3 0:22.74
707 0.0 0.3 0:22.74
707 0.0 0.3 0:22.74
707 0.0 0.3 0:22.74
KiB used, 298084 buff/cache
707 0.0 0.3 0:22.74
707 0.0 0.3 0:22.75
707 0.0 0.3 0:22.75
707 0.0 0.3 0:22.75
707 0.0 0.3 0:22.75
707 0.0 0.3 0:22.75
707 0.0 0.3 0:22.75
KiB used, 298104 buff/cache
707 0.0 0.3 0:22.76
707 0.0 0.3 0:22.76
707 0.0 0.3 0:22.76
707 0.0 0.3 0:22.77
707 0.0 0.3 0:22.77
707 0.0 0.3 0:22.79
KiB used, 298180 buff/cache
707 0.0 0.3 0:22.79
707 0.0 0.3 0:22.79
707 0.0 0.3 0:22.79
707 0.0 0.3 0:22.79
707 0.0 0.3 0:22.79
707 0.0 0.3 0:22.80
707 0.0 0.3 0:22.80
707 0.0 0.3 0:22.80
707 0.0 0.3 0:22.80
707 0.0 0.3 0:22.80
707 0.0 0.3 0:22.81
707 0.0 0.3 0:22.81
707 0.0 0.3 0:22.81
707 0.0 0.3 0:22.81
707 0.0 0.3 0:22.81
707 0.0 0.3 0:22.82
707 0.0 0.3 0:22.84
707 0.0 0.3 0:22.84
707 0.0 0.3 0:22.84
707 0.0 0.3 0:22.84
707 0.0 0.3 0:22.84
707 0.0 0.3 0:22.84
707 0.0 0.3 0:22.84
707 0.0 0.3 0:22.85
707 0.0 0.3 0:22.85
707 0.0 0.3 0:22.85
707 0.0 0.3 0:22.85
707 0.0 0.3 0:22.85
707 0.0 0.3 0:22.85
707 0.0 0.3 0:22.85
707 0.0 0.3 0:22.85
707 0.0 0.3 0:22.85
707 0.0 0.3 0:22.85
707 0.0 0.3 0:22.85
707 0.0 0.3 0:22.85
707 0.0 0.3 0:22.85
707 0.0 0.3 0:22.85
707 0.0 0.3 0:22.85
707 0.0 0.3 0:22.85
707 0.0 0.3 0:22.85
707 0.0 0.3 0:22.85
707 0.0 0.3 0:22.85
