708 15.0 0.3 0:26.72
708 0.0 0.3 0:26.73
708 0.0 0.3 0:26.73
708 0.0 0.3 0:26.73
708 0.0 0.3 0:26.73
708 0.0 0.3 0:26.73
708 0.0 0.3 0:26.73
708 0.0 0.3 0:26.73
708 0.0 0.3 0:26.73
708 0.0 0.3 0:26.73
708 0.0 0.3 0:26.73
708 0.0 0.3 0:26.73
708 0.0 0.3 0:26.73
708 0.0 0.3 0:26.73
708 0.0 0.3 0:26.73
708 0.0 0.3 0:26.73
708 0.0 0.3 0:26.73
708 0.0 0.3 0:26.73
708 0.0 0.3 0:26.73
708 0.0 0.3 0:26.78
708 0.0 0.3 0:26.78
708 0.0 0.3 0:26.78
708 0.0 0.3 0:26.78
708 0.0 0.3 0:26.78
708 0.0 0.3 0:26.78
708 0.0 0.3 0:26.78
708 0.0 0.3 0:26.78
708 0.0 0.3 0:26.78
708 0.0 0.3 0:26.78
708 0.0 0.3 0:26.78
708 0.0 0.3 0:26.78
708 0.0 0.3 0:26.78
708 0.0 0.3 0:26.78
708 0.0 0.3 0:26.78
708 0.0 0.3 0:26.78
708 0.0 0.3 0:26.79
708 0.0 0.3 0:26.79
708 0.0 0.3 0:26.81
708 0.0 0.3 0:26.81
708 0.0 0.3 0:26.81
708 0.0 0.3 0:26.81
708 0.0 0.3 0:26.81
708 0.0 0.3 0:26.81
708 0.0 0.3 0:26.81
708 0.0 0.3 0:26.81
708 0.0 0.3 0:26.81
708 0.0 0.3 0:26.81
708 0.0 0.3 0:26.81
708 0.0 0.3 0:26.81
708 0.0 0.3 0:26.81
708 0.0 0.3 0:26.81
708 0.0 0.3 0:26.81
708 0.0 0.3 0:26.81
708 0.0 0.3 0:26.81
26831 11.1 0.5 0:19.88
708 11.1 0.3 0:26.85
708 0.0 0.3 0:26.86
708 0.0 0.3 0:26.86
708 0.0 0.3 0:26.86
708 0.0 0.3 0:26.86
708 0.0 0.3 0:26.86
708 0.0 0.3 0:26.86
708 0.0 0.3 0:26.86
708 0.0 0.3 0:26.86
708 0.0 0.3 0:26.86
708 0.0 0.3 0:26.86
708 0.0 0.3 0:26.86
708 0.0 0.3 0:26.86
708 0.0 0.3 0:26.86
708 0.0 0.3 0:26.86
708 0.0 0.3 0:26.86
708 0.0 0.3 0:26.86
708 0.0 0.3 0:26.86
26831 5.6 0.5 0:20.23
708 0.0 0.3 0:26.90
708 0.0 0.3 0:26.90
708 0.0 0.3 0:26.90
708 0.0 0.3 0:26.90
708 0.0 0.3 0:26.90
708 0.0 0.3 0:26.90
708 0.0 0.3 0:26.90
708 0.0 0.3 0:26.90
708 0.0 0.3 0:26.90
708 0.0 0.3 0:26.90
708 0.0 0.3 0:26.90
708 0.0 0.3 0:26.90
708 0.0 0.3 0:26.90
708 0.0 0.3 0:26.90
708 0.0 0.3 0:26.90
708 0.0 0.3 0:26.92
708 0.0 0.3 0:26.92
26831 5.6 0.5 0:20.57
708 0.0 0.3 0:26.97
26831 5.6 0.5 0:20.61
26831 5.6 0.5 0:20.63
708 0.0 0.3 0:26.97
708 0.0 0.3 0:26.97
708 0.0 0.3 0:26.97
708 0.0 0.3 0:26.97
708 0.0 0.3 0:26.97
708 0.0 0.3 0:26.97
708 0.0 0.3 0:26.97
708 0.0 0.3 0:26.97
708 0.0 0.3 0:26.97
708 0.0 0.3 0:26.97
708 0.0 0.3 0:26.98
708 0.0 0.3 0:26.98
708 0.0 0.3 0:27.00
708 0.0 0.3 0:27.00
708 0.0 0.3 0:27.00
708 0.0 0.3 0:27.00
708 0.0 0.3 0:27.01
708 0.0 0.3 0:27.01
708 0.0 0.3 0:27.01
708 0.0 0.3 0:27.01
708 0.0 0.3 0:27.01
708 0.0 0.3 0:27.01
708 0.0 0.3 0:27.01
708 0.0 0.3 0:27.01
708 0.0 0.3 0:27.01
708 0.0 0.3 0:27.01
708 0.0 0.3 0:27.01
708 0.0 0.3 0:27.01
26831 16.7 0.5 0:21.20
708 0.0 0.3 0:27.02
708 0.0 0.3 0:27.02
708 0.0 0.3 0:27.03
708 0.0 0.3 0:27.03
708 0.0 0.3 0:27.04
708 0.0 0.3 0:27.06
708 0.0 0.3 0:27.06
708 0.0 0.3 0:27.06
26831 5.6 0.5 0:21.35
708 0.0 0.3 0:27.06
708 0.0 0.3 0:27.06
708 0.0 0.3 0:27.06
708 0.0 0.3 0:27.06
708 0.0 0.3 0:27.06
708 0.0 0.3 0:27.06
708 0.0 0.3 0:27.06
708 0.0 0.3 0:27.06
708 0.0 0.3 0:27.07
708 0.0 0.3 0:27.07
708 0.0 0.3 0:27.08
708 0.0 0.3 0:27.08
708 0.0 0.3 0:27.08
708 0.0 0.3 0:27.08
708 10.5 0.3 0:27.10
708 5.6 0.3 0:27.11
708 0.0 0.3 0:27.11
708 0.0 0.3 0:27.11
708 0.0 0.3 0:27.11
708 0.0 0.3 0:27.11
708 0.0 0.3 0:27.11
KiB used, 353708 buff/cache
708 0.0 0.3 0:27.11
708 0.0 0.3 0:27.11
708 0.0 0.3 0:27.11
708 0.0 0.3 0:27.11
708 0.0 0.3 0:27.11
708 0.0 0.3 0:27.12
708 0.0 0.3 0:27.13
708 0.0 0.3 0:27.13
708 0.0 0.3 0:27.13
708 0.0 0.3 0:27.14
26831 5.6 0.5 0:21.98
708 0.0 0.3 0:27.15
708 0.0 0.3 0:27.15
708 0.0 0.3 0:27.15
708 0.0 0.3 0:27.15
708 0.0 0.3 0:27.15
708 0.0 0.3 0:27.15
708 0.0 0.3 0:27.15
1708 11.1 0.2 0:00.04
708 0.0 0.3 0:27.16
708 0.0 0.3 0:27.16
708 0.0 0.3 0:27.16
708 0.0 0.3 0:27.16
708 0.0 0.3 0:27.16
708 0.0 0.3 0:27.16
708 0.0 0.3 0:27.16
708 0.0 0.3 0:27.18
708 0.0 0.3 0:27.18
708 0.0 0.3 0:27.18
708 0.0 0.3 0:27.23
708 0.0 0.3 0:27.23
708 0.0 0.3 0:27.23
708 0.0 0.3 0:27.23
708 0.0 0.3 0:27.23
708 0.0 0.3 0:27.23
708 0.0 0.3 0:27.23
708 0.0 0.3 0:27.23
708 0.0 0.3 0:27.23
708 0.0 0.3 0:27.24
708 0.0 0.3 0:27.24
708 0.0 0.3 0:27.24
708 0.0 0.3 0:27.24
708 0.0 0.3 0:27.24
708 0.0 0.3 0:27.24
708 0.0 0.3 0:27.24
708 0.0 0.3 0:27.24
708 0.0 0.3 0:27.24
708 0.0 0.3 0:27.24
708 0.0 0.3 0:27.24
708 0.0 0.3 0:27.24
708 0.0 0.3 0:27.24
708 0.0 0.3 0:27.24
708 0.0 0.3 0:27.24
708 0.0 0.3 0:27.24
708 0.0 0.3 0:27.24
708 0.0 0.3 0:27.24
