708 11.1 0.3 0:29.61
708 0.0 0.3 0:29.63
708 0.0 0.3 0:29.63
708 0.0 0.3 0:29.63
708 0.0 0.3 0:29.63
708 0.0 0.3 0:29.63
708 0.0 0.3 0:29.63
708 0.0 0.3 0:29.63
708 0.0 0.3 0:29.63
708 0.0 0.3 0:29.63
708 0.0 0.3 0:29.63
708 0.0 0.3 0:29.63
708 0.0 0.3 0:29.63
708 0.0 0.3 0:29.63
708 0.0 0.3 0:29.64
708 0.0 0.3 0:29.64
708 0.0 0.3 0:29.64
708 0.0 0.3 0:29.64
708 0.0 0.3 0:29.64
708 0.0 0.3 0:29.68
708 0.0 0.3 0:29.68
708 0.0 0.3 0:29.68
708 0.0 0.3 0:29.68
708 0.0 0.3 0:29.68
708 0.0 0.3 0:29.68
708 0.0 0.3 0:29.68
708 0.0 0.3 0:29.68
708 0.0 0.3 0:29.68
708 0.0 0.3 0:29.68
708 0.0 0.3 0:29.68
708 0.0 0.3 0:29.68
708 0.0 0.3 0:29.68
708 0.0 0.3 0:29.68
708 0.0 0.3 0:29.68
708 0.0 0.3 0:29.69
708 0.0 0.3 0:29.69
708 0.0 0.3 0:29.69
708 0.0 0.3 0:29.75
708 0.0 0.3 0:29.75
708 0.0 0.3 0:29.75
KiB used, 366360 buff/cache
708 0.0 0.3 0:29.75
708 0.0 0.3 0:29.75
708 0.0 0.3 0:29.75
708 0.0 0.3 0:29.75
708 0.0 0.3 0:29.75
708 0.0 0.3 0:29.75
708 0.0 0.3 0:29.75
708 0.0 0.3 0:29.75
708 0.0 0.3 0:29.75
708 0.0 0.3 0:29.76
708 0.0 0.3 0:29.76
708 0.0 0.3 0:29.76
708 0.0 0.3 0:29.76
708 0.0 0.3 0:29.76
708 10.5 0.3 0:29.78
708 0.0 0.3 0:29.81
708 0.0 0.3 0:29.83
708 0.0 0.3 0:29.83
708 0.0 0.3 0:29.83
708 0.0 0.3 0:29.83
708 0.0 0.3 0:29.83
708 0.0 0.3 0:29.83
708 0.0 0.3 0:29.83
708 0.0 0.3 0:29.83
KiB used, 366468 buff/cache
708 0.0 0.3 0:29.83
708 0.0 0.3 0:29.83
708 0.0 0.3 0:29.83
708 5.6 0.3 0:29.84
708 0.0 0.3 0:29.84
708 0.0 0.3 0:29.84
708 0.0 0.3 0:29.84
708 0.0 0.3 0:29.84
708 0.0 0.3 0:29.89
708 0.0 0.3 0:29.90
708 0.0 0.3 0:29.90
708 0.0 0.3 0:29.90
708 0.0 0.3 0:29.90
708 0.0 0.3 0:29.90
708 0.0 0.3 0:29.90
708 0.0 0.3 0:29.90
708 0.0 0.3 0:29.90
708 0.0 0.3 0:29.90
708 0.0 0.3 0:29.90
708 0.0 0.3 0:29.90
708 0.0 0.3 0:29.91
708 0.0 0.3 0:29.91
708 0.0 0.3 0:29.91
708 0.0 0.3 0:29.91
708 0.0 0.3 0:29.91
708 0.0 0.3 0:29.92
708 5.3 0.3 0:29.96
708 0.0 0.3 0:29.96
708 0.0 0.3 0:29.96
708 0.0 0.3 0:29.96
708 0.0 0.3 0:29.96
708 0.0 0.3 0:29.96
708 0.0 0.3 0:29.96
708 0.0 0.3 0:29.96
708 0.0 0.3 0:29.96
708 0.0 0.3 0:29.97
708 0.0 0.3 0:29.97
708 0.0 0.3 0:29.97
708 0.0 0.3 0:29.97
708 0.0 0.3 0:29.97
708 0.0 0.3 0:29.97
708 0.0 0.3 0:29.97
708 0.0 0.3 0:29.98
708 0.0 0.3 0:29.98
708 0.0 0.3 0:29.98
708 0.0 0.3 0:30.02
708 0.0 0.3 0:30.02
708 0.0 0.3 0:30.02
708 0.0 0.3 0:30.02
708 0.0 0.3 0:30.02
708 0.0 0.3 0:30.02
708 0.0 0.3 0:30.02
708 0.0 0.3 0:30.02
708 0.0 0.3 0:30.02
708 0.0 0.3 0:30.02
708 0.0 0.3 0:30.02
708 0.0 0.3 0:30.02
708 0.0 0.3 0:30.03
708 0.0 0.3 0:30.03
708 0.0 0.3 0:30.03
708 0.0 0.3 0:30.04
708 0.0 0.3 0:30.04
708 0.0 0.3 0:30.04
708 0.0 0.3 0:30.07
708 0.0 0.3 0:30.07
708 0.0 0.3 0:30.07
708 0.0 0.3 0:30.07
708 0.0 0.3 0:30.07
708 0.0 0.3 0:30.07
708 0.0 0.3 0:30.07
708 0.0 0.3 0:30.07
708 0.0 0.3 0:30.07
708 0.0 0.3 0:30.07
708 0.0 0.3 0:30.07
708 0.0 0.3 0:30.07
708 0.0 0.3 0:30.07
7708 11.1 0.2 0:00.04
708 0.0 0.3 0:30.08
708 0.0 0.3 0:30.08
708 0.0 0.3 0:30.08
708 0.0 0.3 0:30.08
708 11.1 0.3 0:30.10
708 0.0 0.3 0:30.11
708 0.0 0.3 0:30.11
708 0.0 0.3 0:30.11
708 0.0 0.3 0:30.11
708 0.0 0.3 0:30.11
708 0.0 0.3 0:30.12
708 0.0 0.3 0:30.12
708 0.0 0.3 0:30.12
708 0.0 0.3 0:30.12
708 0.0 0.3 0:30.12
708 0.0 0.3 0:30.12
708 0.0 0.3 0:30.12
708 0.0 0.3 0:30.12
708 0.0 0.3 0:30.13
708 0.0 0.3 0:30.13
708 0.0 0.3 0:30.13
708 0.0 0.3 0:30.13
708 5.9 0.3 0:30.14
708 0.0 0.3 0:30.16
708 0.0 0.3 0:30.16
708 0.0 0.3 0:30.16
708 0.0 0.3 0:30.16
708 0.0 0.3 0:30.16
708 0.0 0.3 0:30.16
708 0.0 0.3 0:30.16
708 0.0 0.3 0:30.16
708 0.0 0.3 0:30.16
708 0.0 0.3 0:30.16
708 0.0 0.3 0:30.16
708 0.0 0.3 0:30.16
708 0.0 0.3 0:30.16
708 0.0 0.3 0:30.16
708 0.0 0.3 0:30.16
708 0.0 0.3 0:30.16
708 0.0 0.3 0:30.16
708 0.0 0.3 0:30.16
708 0.0 0.3 0:30.16
708 0.0 0.3 0:30.16
