710 10.5 0.3 0:25.50
710 5.6 0.3 0:25.52
532 0.0 0.9 0:00.47
532 0.0 0.9 0:00.47
532 0.0 0.9 0:00.47
532 0.0 0.9 0:00.47
532 0.0 0.9 0:00.47
532 0.0 0.9 0:00.47
532 0.0 0.9 0:00.47
532 0.0 0.9 0:00.47
532 0.0 0.9 0:00.47
532 0.0 0.9 0:00.47
532 0.0 0.9 0:00.47
532 0.0 0.9 0:00.47
532 0.0 0.9 0:00.47
532 0.0 0.9 0:00.47
532 0.0 0.9 0:00.47
532 0.0 0.9 0:00.47
532 0.0 0.9 0:00.47
532 0.0 0.9 0:00.47
532 0.0 0.9 0:00.47
532 0.0 0.9 0:00.47
532 0.0 0.9 0:00.47
532 0.0 0.9 0:00.47
532 0.0 0.9 0:00.47
532 0.0 0.9 0:00.47
532 0.0 0.9 0:00.47
532 0.0 0.9 0:00.47
532 0.0 0.9 0:00.47
532 0.0 0.9 0:00.47
532 0.0 0.9 0:00.47
532 0.0 0.9 0:00.47
532 0.0 0.9 0:00.47
532 0.0 0.9 0:00.47
710 5.6 0.3 0:25.61
532 0.0 0.9 0:00.47
532 0.0 0.9 0:00.47
710 10.5 0.3 0:25.66
532 0.0 0.9 0:00.47
532 0.0 0.9 0:00.47
532 0.0 0.9 0:00.47
532 0.0 0.9 0:00.47
532 0.0 0.9 0:00.47
532 0.0 0.9 0:00.47
532 0.0 0.9 0:00.47
532 0.0 0.9 0:00.47
532 0.0 0.9 0:00.47
532 0.0 0.9 0:00.47
532 0.0 0.9 0:00.47
532 0.0 0.9 0:00.47
532 0.0 0.9 0:00.47
532 0.0 0.9 0:00.47
532 0.0 0.9 0:00.47
532 0.0 0.9 0:00.47
532 0.0 0.9 0:00.47
710 5.3 0.3 0:25.69
532 0.0 0.9 0:00.47
532 0.0 0.9 0:00.47
532 0.0 0.9 0:00.47
532 0.0 0.9 0:00.47
532 0.0 0.9 0:00.47
532 0.0 0.9 0:00.47
532 0.0 0.9 0:00.47
532 0.0 0.9 0:00.47
KiB 1537108 avail Mem
532 0.0 0.9 0:00.47
532 0.0 0.9 0:00.47
532 0.0 0.9 0:00.47
532 0.0 0.9 0:00.47
532 0.0 0.9 0:00.47
532 0.0 0.9 0:00.47
532 0.0 0.9 0:00.47
710 5.6 0.3 0:25.77
532 0.0 0.9 0:00.47
27102 10.5 0.2 0:00.02
532 0.0 0.9 0:00.47
532 0.0 0.9 0:00.47
532 0.0 0.9 0:00.47
532 0.0 0.9 0:00.47
532 0.0 0.9 0:00.47
532 0.0 0.9 0:00.47
532 0.0 0.9 0:00.47
532 0.0 0.9 0:00.47
532 0.0 0.9 0:00.47
532 0.0 0.9 0:00.47
532 0.0 0.9 0:00.47
532 0.0 0.9 0:00.47
710 5.6 0.3 0:25.80
532 0.0 0.9 0:00.47
532 0.0 0.9 0:00.47
532 0.0 0.9 0:00.47
532 0.0 0.9 0:00.47
710 10.5 0.3 0:25.86
532 0.0 0.9 0:00.47
532 0.0 0.9 0:00.47
532 0.0 0.9 0:00.47
532 0.0 0.9 0:00.47
532 0.0 0.9 0:00.47
532 0.0 0.9 0:00.47
532 0.0 0.9 0:00.47
532 0.0 0.9 0:00.47
532 0.0 0.9 0:00.47
532 0.0 0.9 0:00.47
532 0.0 0.9 0:00.47
532 0.0 0.9 0:00.47
532 0.0 0.9 0:00.47
532 0.0 0.9 0:00.47
532 0.0 0.9 0:00.47
532 0.0 0.9 0:00.47
532 0.0 0.9 0:00.47
532 0.0 0.9 0:00.47
532 0.0 0.9 0:00.47
532 0.0 0.9 0:00.47
532 0.0 0.9 0:00.47
28710 11.1 0.2 0:00.04
532 0.0 0.9 0:00.47
532 0.0 0.9 0:00.47
532 0.0 0.9 0:00.47
532 0.0 0.9 0:00.47
532 0.0 0.9 0:00.47
532 0.0 0.9 0:00.47
532 0.0 0.9 0:00.47
532 0.0 0.9 0:00.47
532 0.0 0.9 0:00.47
532 0.0 0.9 0:00.47
532 0.0 0.9 0:00.47
532 0.0 0.9 0:00.47
532 0.0 0.9 0:00.47
532 0.0 0.9 0:00.47
532 0.0 0.9 0:00.47
532 0.0 0.9 0:00.47
532 0.0 0.9 0:00.47
532 0.0 0.9 0:00.47
532 0.0 0.9 0:00.47
532 0.0 0.9 0:00.47
532 0.0 0.9 0:00.47
532 0.0 0.9 0:00.47
532 0.0 0.9 0:00.47
29710 16.7 0.2 0:00.03
532 0.0 0.9 0:00.47
532 0.0 0.9 0:00.47
532 0.0 0.9 0:00.47
532 0.0 0.9 0:00.47
532 0.0 0.9 0:00.47
532 0.0 0.9 0:00.47
532 0.0 0.9 0:00.47
532 0.0 0.9 0:00.47
710 10.5 0.3 0:26.03
532 0.0 0.9 0:00.47
532 0.0 0.9 0:00.47
532 0.0 0.9 0:00.47
532 0.0 0.9 0:00.47
532 0.0 0.9 0:00.47
532 0.0 0.9 0:00.47
532 0.0 0.9 0:00.47
532 0.0 0.9 0:00.47
532 0.0 0.9 0:00.47
532 0.0 0.9 0:00.47
532 0.0 0.9 0:00.47
532 0.0 0.9 0:00.47
532 0.0 0.9 0:00.47
532 0.0 0.9 0:00.47
30710 16.7 0.2 0:00.03
532 0.0 0.9 0:00.47
532 0.0 0.9 0:00.47
532 0.0 0.9 0:00.47
532 0.0 0.9 0:00.47
532 0.0 0.9 0:00.47
532 0.0 0.9 0:00.47
532 0.0 0.9 0:00.47
532 0.0 0.9 0:00.47
532 0.0 0.9 0:00.47
532 0.0 0.9 0:00.47
532 0.0 0.9 0:00.47
532 0.0 0.9 0:00.47
532 0.0 0.9 0:00.47
532 0.0 0.9 0:00.47
532 0.0 0.9 0:00.47
532 0.0 0.9 0:00.47
532 0.0 0.9 0:00.47
532 0.0 0.9 0:00.47
532 0.0 0.9 0:00.47
532 0.0 0.9 0:00.47
532 0.0 0.9 0:00.47
532 0.0 0.9 0:00.47
532 0.0 0.9 0:00.47
31710 11.8 0.2 0:00.02
532 0.0 0.9 0:00.47
532 0.0 0.9 0:00.47
532 0.0 0.9 0:00.47
532 0.0 0.9 0:00.47
532 0.0 0.9 0:00.47
532 0.0 0.9 0:00.47
532 0.0 0.9 0:00.47
532 0.0 0.9 0:00.47
532 0.0 0.9 0:00.47
532 0.0 0.9 0:00.47
532 0.0 0.9 0:00.47
532 0.0 0.9 0:00.47
532 0.0 0.9 0:00.47
532 0.0 0.9 0:00.47
532 0.0 0.9 0:00.47
532 0.0 0.9 0:00.47
532 0.0 0.9 0:00.47
532 0.0 0.9 0:00.47
532 0.0 0.9 0:00.47
532 0.0 0.9 0:00.47
532 0.0 0.9 0:00.47
532 0.0 0.9 0:00.47
532 0.0 0.9 0:00.47
