710 15.0 0.3 0:21.51
532 0.0 0.9 0:00.47
532 0.0 0.9 0:00.47
532 0.0 0.9 0:00.47
532 0.0 0.9 0:00.47
532 0.0 0.9 0:00.47
532 0.0 0.9 0:00.47
532 0.0 0.9 0:00.47
532 0.0 0.9 0:00.47
532 0.0 0.9 0:00.47
532 0.0 0.9 0:00.47
532 0.0 0.9 0:00.47
532 0.0 0.9 0:00.47
532 0.0 0.9 0:00.47
532 0.0 0.9 0:00.47
532 0.0 0.9 0:00.47
532 0.0 0.9 0:00.47
532 0.0 0.9 0:00.47
532 0.0 0.9 0:00.47
532 0.0 0.9 0:00.47
532 0.0 0.9 0:00.47
532 0.0 0.9 0:00.47
532 0.0 0.9 0:00.47
532 0.0 0.9 0:00.47
532 0.0 0.9 0:00.47
532 0.0 0.9 0:00.47
532 0.0 0.9 0:00.47
532 0.0 0.9 0:00.47
532 0.0 0.9 0:00.47
532 0.0 0.9 0:00.47
532 0.0 0.9 0:00.47
KiB 1537104 avail Mem
532 0.0 0.9 0:00.47
532 0.0 0.9 0:00.47
532 0.0 0.9 0:00.47
532 0.0 0.9 0:00.47
532 0.0 0.9 0:00.47
710 5.3 0.3 0:21.64
532 0.0 0.9 0:00.47
532 0.0 0.9 0:00.47
532 0.0 0.9 0:00.47
532 0.0 0.9 0:00.47
532 0.0 0.9 0:00.47
532 0.0 0.9 0:00.47
532 0.0 0.9 0:00.47
532 0.0 0.9 0:00.47
532 0.0 0.9 0:00.47
532 0.0 0.9 0:00.47
532 0.0 0.9 0:00.47
532 0.0 0.9 0:00.47
532 0.0 0.9 0:00.47
KiB used, 290556 buff/cache
532 0.0 0.9 0:00.47
532 0.0 0.9 0:00.47
532 0.0 0.9 0:00.47
710 33.3 0.3 0:21.71
532 0.0 0.9 0:00.47
532 0.0 0.9 0:00.47
532 0.0 0.9 0:00.47
532 0.0 0.9 0:00.47
532 0.0 0.9 0:00.47
532 0.0 0.9 0:00.47
532 0.0 0.9 0:00.47
532 0.0 0.9 0:00.47
532 0.0 0.9 0:00.47
532 0.0 0.9 0:00.47
532 0.0 0.9 0:00.47
532 0.0 0.9 0:00.47
532 0.0 0.9 0:00.47
532 0.0 0.9 0:00.47
710 5.3 0.3 0:21.74
532 0.0 0.9 0:00.47
532 0.0 0.9 0:00.47
532 0.0 0.9 0:00.47
532 0.0 0.9 0:00.47
532 0.0 0.9 0:00.47
532 0.0 0.9 0:00.47
532 0.0 0.9 0:00.47
532 0.0 0.9 0:00.47
532 0.0 0.9 0:00.47
532 0.0 0.9 0:00.47
532 0.0 0.9 0:00.47
532 0.0 0.9 0:00.47
532 0.0 0.9 0:00.47
532 0.0 0.9 0:00.47
532 0.0 0.9 0:00.47
532 0.0 0.9 0:00.47
532 0.0 0.9 0:00.47
532 0.0 0.9 0:00.47
532 0.0 0.9 0:00.47
532 0.0 0.9 0:00.47
532 0.0 0.9 0:00.47
710 10.0 0.3 0:21.90
532 0.0 0.9 0:00.47
532 0.0 0.9 0:00.47
532 0.0 0.9 0:00.47
532 0.0 0.9 0:00.47
532 0.0 0.9 0:00.47
532 0.0 0.9 0:00.47
532 0.0 0.9 0:00.47
532 0.0 0.9 0:00.47
532 0.0 0.9 0:00.47
532 0.0 0.9 0:00.47
532 0.0 0.9 0:00.47
532 0.0 0.9 0:00.47
532 0.0 0.9 0:00.47
532 0.0 0.9 0:00.47
532 0.0 0.9 0:00.47
532 0.0 0.9 0:00.47
532 0.0 0.9 0:00.47
532 0.0 0.9 0:00.47
532 0.0 0.9 0:00.47
532 0.0 0.9 0:00.47
532 0.0 0.9 0:00.47
532 0.0 0.9 0:00.47
532 0.0 0.9 0:00.47
532 0.0 0.9 0:00.47
532 0.0 0.9 0:00.47
532 0.0 0.9 0:00.47
532 0.0 0.9 0:00.47
532 0.0 0.9 0:00.47
532 0.0 0.9 0:00.47
532 0.0 0.9 0:00.47
532 0.0 0.9 0:00.47
532 0.0 0.9 0:00.47
532 0.0 0.9 0:00.47
532 0.0 0.9 0:00.47
532 0.0 0.9 0:00.47
532 0.0 0.9 0:00.47
532 0.0 0.9 0:00.47
532 0.0 0.9 0:00.47
532 0.0 0.9 0:00.47
532 0.0 0.9 0:00.47
532 0.0 0.9 0:00.47
532 0.0 0.9 0:00.47
532 0.0 0.9 0:00.47
532 0.0 0.9 0:00.47
532 0.0 0.9 0:00.47
532 0.0 0.9 0:00.47
532 0.0 0.9 0:00.47
532 0.0 0.9 0:00.47
532 0.0 0.9 0:00.47
532 0.0 0.9 0:00.47
532 0.0 0.9 0:00.47
532 0.0 0.9 0:00.47
532 0.0 0.9 0:00.47
532 0.0 0.9 0:00.47
710 13.6 0.3 0:22.10
532 0.0 0.9 0:00.47
532 0.0 0.9 0:00.47
532 0.0 0.9 0:00.47
532 0.0 0.9 0:00.47
532 0.0 0.9 0:00.47
532 0.0 0.9 0:00.47
532 0.0 0.9 0:00.47
532 0.0 0.9 0:00.47
532 0.0 0.9 0:00.47
532 0.0 0.9 0:00.47
532 0.0 0.9 0:00.47
532 0.0 0.9 0:00.47
532 0.0 0.9 0:00.47
532 0.0 0.9 0:00.47
532 0.0 0.9 0:00.47
532 0.0 0.9 0:00.47
532 0.0 0.9 0:00.47
532 0.0 0.9 0:00.47
532 0.0 0.9 0:00.47
532 0.0 0.9 0:00.47
532 0.0 0.9 0:00.47
532 0.0 0.9 0:00.47
532 0.0 0.9 0:00.47
532 0.0 0.9 0:00.47
532 0.0 0.9 0:00.47
532 0.0 0.9 0:00.47
532 0.0 0.9 0:00.47
532 0.0 0.9 0:00.47
532 0.0 0.9 0:00.47
532 0.0 0.9 0:00.47
532 0.0 0.9 0:00.47
532 0.0 0.9 0:00.47
532 0.0 0.9 0:00.47
532 0.0 0.9 0:00.47
532 0.0 0.9 0:00.47
532 0.0 0.9 0:00.47
532 0.0 0.9 0:00.47
532 0.0 0.9 0:00.47
532 0.0 0.9 0:00.47
532 0.0 0.9 0:00.47
532 0.0 0.9 0:00.47
532 0.0 0.9 0:00.47
532 0.0 0.9 0:00.47
532 0.0 0.9 0:00.47
710 5.6 0.3 0:22.21
532 0.0 0.9 0:00.47
532 0.0 0.9 0:00.47
710 5.6 0.3 0:22.22
532 0.0 0.9 0:00.47
532 0.0 0.9 0:00.47
710 5.6 0.3 0:22.24
532 0.0 0.9 0:00.47
532 0.0 0.9 0:00.47
532 0.0 0.9 0:00.47
710 5.6 0.3 0:22.25
532 0.0 0.9 0:00.47
532 0.0 0.9 0:00.47
532 0.0 0.9 0:00.47
532 0.0 0.9 0:00.47
532 0.0 0.9 0:00.47
532 0.0 0.9 0:00.47
532 0.0 0.9 0:00.47
532 0.0 0.9 0:00.47
532 0.0 0.9 0:00.47
532 0.0 0.9 0:00.47
532 0.0 0.9 0:00.47
532 0.0 0.9 0:00.47
532 0.0 0.9 0:00.47
710 5.9 0.3 0:22.30
532 0.0 0.9 0:00.47
532 0.0 0.9 0:00.47
532 0.0 0.9 0:00.47
532 0.0 0.9 0:00.47
532 0.0 0.9 0:00.47
532 0.0 0.9 0:00.47
532 0.0 0.9 0:00.47
532 0.0 0.9 0:00.47
532 0.0 0.9 0:00.47
532 0.0 0.9 0:00.47
532 0.0 0.9 0:00.47
532 0.0 0.9 0:00.47
532 0.0 0.9 0:00.47
532 0.0 0.9 0:00.47
532 0.0 0.9 0:00.47
532 0.0 0.9 0:00.47
532 0.0 0.9 0:00.47
17102 11.1 0.2 0:00.02
532 0.0 0.9 0:00.47
