732 0.0 0.1 0:00.00
732 0.0 0.1 0:00.00
732 0.0 0.1 0:00.00
732 0.0 0.1 0:00.00
732 0.0 0.1 0:00.00
732 0.0 0.1 0:00.00
732 0.0 0.1 0:00.00
732 0.0 0.1 0:00.00
732 0.0 0.1 0:00.00
732 0.0 0.1 0:00.00
732 0.0 0.1 0:00.00
732 0.0 0.1 0:00.00
732 0.0 0.1 0:00.00
732 0.0 0.1 0:00.00
732 0.0 0.1 0:00.00
732 0.0 0.1 0:00.00
732 0.0 0.1 0:00.00
732 0.0 0.1 0:00.00
732 0.0 0.1 0:00.00
732 0.0 0.1 0:00.00
732 0.0 0.1 0:00.00
732 0.0 0.1 0:00.00
732 0.0 0.1 0:00.00
732 0.0 0.1 0:00.00
732 0.0 0.1 0:00.00
732 0.0 0.1 0:00.00
732 0.0 0.1 0:00.00
732 0.0 0.1 0:00.00
732 0.0 0.1 0:00.00
732 0.0 0.1 0:00.00
732 0.0 0.1 0:00.00
732 0.0 0.1 0:00.00
KiB used, 413040 buff/cache
732 0.0 0.1 0:00.00
10732 5.6 0.2 0:00.04
732 0.0 0.1 0:00.00
732 0.0 0.1 0:00.00
732 0.0 0.1 0:00.00
732 0.0 0.1 0:00.00
732 0.0 0.1 0:00.00
732 0.0 0.1 0:00.00
732 0.0 0.1 0:00.00
732 0.0 0.1 0:00.00
732 0.0 0.1 0:00.00
732 0.0 0.1 0:00.00
732 0.0 0.1 0:00.00
732 0.0 0.1 0:00.00
732 0.0 0.1 0:00.00
732 0.0 0.1 0:00.00
732 0.0 0.1 0:00.00
732 0.0 0.1 0:00.00
732 0.0 0.1 0:00.00
732 0.0 0.1 0:00.00
732 0.0 0.1 0:00.00
732 0.0 0.1 0:00.00
732 0.0 0.1 0:00.00
732 0.0 0.1 0:00.00
732 0.0 0.1 0:00.00
732 0.0 0.1 0:00.00
732 0.0 0.1 0:00.00
732 0.0 0.1 0:00.00
732 0.0 0.1 0:00.00
732 0.0 0.1 0:00.00
732 0.0 0.1 0:00.00
732 0.0 0.1 0:00.00
732 0.0 0.1 0:00.00
732 0.0 0.1 0:00.00
732 0.0 0.1 0:00.00
732 0.0 0.1 0:00.00
KiB used, 414732 buff/cache
732 0.0 0.1 0:00.00
732 0.0 0.1 0:00.00
732 0.0 0.1 0:00.00
732 0.0 0.1 0:00.00
732 0.0 0.1 0:00.00
732 0.0 0.1 0:00.00
732 0.0 0.1 0:00.00
732 0.0 0.1 0:00.00
