733 5.3 0.4 2:04.76
733 5.6 0.4 2:04.82
733 5.6 0.4 2:04.88
733 5.3 0.4 2:04.95
733 11.1 0.4 2:05.04
733 10.5 0.4 2:05.11
733 10.5 0.4 2:05.19
733 5.6 0.4 2:05.25
733 5.6 0.4 2:05.32
733 5.3 0.4 2:05.38
733 5.6 0.4 2:05.44
733 5.3 0.4 2:05.52
733 5.6 0.4 2:05.58
733 5.6 0.4 2:05.65
733 15.8 0.4 2:05.74
733 10.5 0.4 2:05.81
733 5.3 0.4 2:05.88
733 5.6 0.4 2:05.95
733 4.2 0.4 2:06.02
733 5.3 0.4 2:06.08
733 5.6 0.4 2:06.16
733 11.1 0.4 2:06.24
733 5.6 0.4 2:06.31
733 10.0 0.4 2:06.39
733 5.6 0.4 2:06.45
733 10.5 0.4 2:06.51
733 5.0 0.4 2:06.58
733 5.0 0.4 2:06.66
733 5.6 0.4 2:06.73
733 5.0 0.4 2:06.79
733 0.0 0.4 2:06.87
733 5.6 0.4 2:06.96
733 5.6 0.4 2:07.03
733 5.6 0.4 2:07.12
733 10.5 0.4 2:07.21
733 10.5 0.4 2:07.28
733 5.3 0.4 2:07.34
733 5.3 0.4 2:07.41
733 5.3 0.4 2:07.47
733 5.3 0.4 2:07.53
733 5.0 0.4 2:07.61
733 5.3 0.4 2:07.68
733 0.0 0.4 2:07.76
733 0.0 0.4 2:07.85
733 5.3 0.4 2:07.94
733 5.0 0.4 2:08.02
733 5.3 0.4 2:08.09
733 5.3 0.4 2:08.16
733 5.6 0.4 2:08.22
733 5.3 0.4 2:08.29
733 15.8 0.4 2:08.37
733 5.6 0.4 2:08.45
733 5.0 0.4 2:08.53
733 5.3 0.4 2:08.59
733 5.3 0.4 2:08.66
733 10.5 0.4 2:08.74
733 11.1 0.4 2:08.80
733 5.6 0.4 2:08.87
733 5.3 0.4 2:08.94
733 11.1 0.4 2:09.04
733 5.6 0.4 2:09.12
733 5.3 0.4 2:09.19
733 5.6 0.4 2:09.25
733 11.1 0.4 2:09.34
733 5.6 0.4 2:09.41
733 5.3 0.4 2:09.47
733 5.3 0.4 2:09.54
733 5.6 0.4 2:09.61
733 10.5 0.4 2:09.67
733 4.8 0.4 2:09.74
733 5.3 0.4 2:09.80
733 5.3 0.4 2:09.86
733 11.1 0.4 2:09.93
733 5.3 0.4 2:10.00
733 9.1 0.4 2:10.08
733 10.5 0.4 2:10.15
733 5.6 0.4 2:10.20
733 0.0 0.4 2:10.22
