734 0.0 0.4 3:23.33
734 5.6 0.4 3:23.35
734 0.0 0.4 3:23.36
734 0.0 0.4 3:23.39
734 0.0 0.4 3:23.40
734 0.0 0.4 3:23.43
734 5.0 0.4 3:23.45
734 0.0 0.4 3:23.46
734 0.0 0.4 3:23.46
734 0.0 0.4 3:23.46
734 0.0 0.4 3:23.46
734 0.0 0.4 3:23.46
734 0.0 0.4 3:23.46
734 0.0 0.4 3:23.46
734 0.0 0.4 3:23.46
734 0.0 0.4 3:23.46
734 0.0 0.4 3:23.46
734 0.0 0.4 3:23.46
734 0.0 0.4 3:23.46
734 0.0 0.4 3:23.48
734 5.6 0.4 3:23.50
734 5.6 0.4 3:23.52
734 0.0 0.4 3:23.53
734 5.6 0.4 3:23.55
734 10.5 0.4 3:23.57
734 0.0 0.4 3:23.58
734 0.0 0.4 3:23.58
734 0.0 0.4 3:23.58
734 0.0 0.4 3:23.58
734 0.0 0.4 3:23.58
734 0.0 0.4 3:23.58
734 0.0 0.4 3:23.58
734 0.0 0.4 3:23.58
734 0.0 0.4 3:23.58
734 0.0 0.4 3:23.58
734 0.0 0.4 3:23.58
734 0.0 0.4 3:23.58
734 0.0 0.4 3:23.59
734 0.0 0.4 3:23.59
734 5.0 0.4 3:23.60
734 0.0 0.4 3:23.61
734 5.6 0.4 3:23.66
734 0.0 0.4 3:23.67
734 0.0 0.4 3:23.69
734 0.0 0.4 3:23.69
734 0.0 0.4 3:23.69
734 0.0 0.4 3:23.69
734 0.0 0.4 3:23.69
734 0.0 0.4 3:23.69
734 0.0 0.4 3:23.69
734 0.0 0.4 3:23.69
KiB used, 481996 buff/cache
734 0.0 0.4 3:23.69
734 0.0 0.4 3:23.69
734 5.6 0.4 3:23.70
734 0.0 0.4 3:23.70
734 0.0 0.4 3:23.72
734 0.0 0.4 3:23.73
734 0.0 0.4 3:23.74
734 5.6 0.4 3:23.76
734 0.0 0.4 3:23.78
734 0.0 0.4 3:23.78
734 0.0 0.4 3:23.79
734 0.0 0.4 3:23.79
734 0.0 0.4 3:23.79
734 0.0 0.4 3:23.79
734 0.0 0.4 3:23.79
734 0.0 0.4 3:23.79
734 0.0 0.4 3:23.79
734 0.0 0.4 3:23.79
734 0.0 0.4 3:23.79
734 0.0 0.4 3:23.79
734 0.0 0.4 3:23.79
734 0.0 0.4 3:23.79
734 5.6 0.4 3:23.80
734 0.0 0.4 3:23.84
734 5.6 0.4 3:23.85
734 0.0 0.4 3:23.90
734 0.0 0.4 3:23.90
734 0.0 0.4 3:23.92
734 0.0 0.4 3:23.92
734 0.0 0.4 3:23.93
734 0.0 0.4 3:23.93
734 0.0 0.4 3:23.93
734 0.0 0.4 3:23.93
734 0.0 0.4 3:23.93
734 0.0 0.4 3:23.93
734 0.0 0.4 3:23.93
734 0.0 0.4 3:23.93
734 0.0 0.4 3:23.93
734 0.0 0.4 3:23.93
734 0.0 0.4 3:23.94
734 0.0 0.4 3:23.96
734 5.0 0.4 3:23.98
734 5.0 0.4 3:24.00
734 0.0 0.4 3:24.01
734 0.0 0.4 3:24.03
734 0.0 0.4 3:24.04
734 0.0 0.4 3:24.04
734 0.0 0.4 3:24.05
734 0.0 0.4 3:24.05
734 0.0 0.4 3:24.05
734 0.0 0.4 3:24.05
734 0.0 0.4 3:24.05
734 0.0 0.4 3:24.05
734 0.0 0.4 3:24.05
734 0.0 0.4 3:24.05
734 0.0 0.4 3:24.05
734 0.0 0.4 3:24.05
734 0.0 0.4 3:24.05
734 0.0 0.4 3:24.06
734 5.6 0.4 3:24.08
734 0.0 0.4 3:24.11
734 0.0 0.4 3:24.13
734 0.0 0.4 3:24.14
734 0.0 0.4 3:24.16
734 0.0 0.4 3:24.16
734 0.0 0.4 3:24.16
734 0.0 0.4 3:24.16
734 0.0 0.4 3:24.16
734 0.0 0.4 3:24.16
734 0.0 0.4 3:24.16
734 0.0 0.4 3:24.16
734 0.0 0.4 3:24.16
734 0.0 0.4 3:24.16
734 0.0 0.4 3:24.16
734 0.0 0.4 3:24.17
734 0.0 0.4 3:24.17
734 0.0 0.4 3:24.17
734 5.6 0.4 3:24.19
734 0.0 0.4 3:24.23
734 0.0 0.4 3:24.25
734 0.0 0.4 3:24.25
734 0.0 0.4 3:24.26
734 0.0 0.4 3:24.27
734 0.0 0.4 3:24.28
734 0.0 0.4 3:24.28
734 0.0 0.4 3:24.28
734 0.0 0.4 3:24.28
734 0.0 0.4 3:24.28
734 0.0 0.4 3:24.28
734 0.0 0.4 3:24.28
734 0.0 0.4 3:24.28
734 0.0 0.4 3:24.28
734 0.0 0.4 3:24.28
734 0.0 0.4 3:24.28
734 0.0 0.4 3:24.29
734 0.0 0.4 3:24.29
734 5.6 0.4 3:24.34
734 0.0 0.4 3:24.35
734 0.0 0.4 3:24.37
734 5.3 0.4 3:24.39
734 0.0 0.4 3:24.39
734 5.3 0.4 3:24.40
734 0.0 0.4 3:24.40
734 0.0 0.4 3:24.41
734 0.0 0.4 3:24.41
734 0.0 0.4 3:24.41
734 0.0 0.4 3:24.41
734 0.0 0.4 3:24.41
734 0.0 0.4 3:24.41
734 0.0 0.4 3:24.41
734 0.0 0.4 3:24.41
734 0.0 0.4 3:24.41
734 0.0 0.4 3:24.41
734 0.0 0.4 3:24.41
734 0.0 0.4 3:24.42
734 0.0 0.4 3:24.43
734 5.6 0.4 3:24.45
734 0.0 0.4 3:24.45
734 5.6 0.4 3:24.46
734 0.0 0.4 3:24.49
734 0.0 0.4 3:24.50
734 0.0 0.4 3:24.50
734 0.0 0.4 3:24.50
734 0.0 0.4 3:24.50
734 0.0 0.4 3:24.50
734 0.0 0.4 3:24.50
734 0.0 0.4 3:24.50
734 0.0 0.4 3:24.50
734 0.0 0.4 3:24.50
734 0.0 0.4 3:24.50
734 0.0 0.4 3:24.50
734 0.0 0.4 3:24.50
734 0.0 0.4 3:24.50
734 0.0 0.4 3:24.50
734 0.0 0.4 3:24.50
734 0.0 0.4 3:24.50
734 0.0 0.4 3:24.50
734 0.0 0.4 3:24.50
734 0.0 0.4 3:24.50
734 0.0 0.4 3:24.50
