735 11.1 0.4 4:05.58
735 0.0 0.4 4:05.62
735 0.0 0.4 4:05.66
735 0.0 0.4 4:05.70
735 5.6 0.4 4:05.74
735 0.0 0.4 4:05.78
735 11.1 0.4 4:05.83
735 5.0 0.4 4:05.87
735 5.3 0.4 4:05.91
735 0.0 0.4 4:05.94
735 5.3 0.4 4:05.99
735 0.0 0.4 4:06.03
735 5.3 0.4 4:06.07
735 0.0 0.4 4:06.11
735 5.6 0.4 4:06.15
735 5.6 0.4 4:06.19
735 5.3 0.4 4:06.22
735 11.1 0.4 4:06.26
735 0.0 0.4 4:06.29
735 5.9 0.4 4:06.33
735 5.6 0.4 4:06.37
735 5.0 0.4 4:06.41
735 5.6 0.4 4:06.45
735 11.1 0.4 4:06.49
735 5.6 0.4 4:06.53
735 5.6 0.4 4:06.57
735 0.0 0.4 4:06.60
735 0.0 0.4 4:06.64
735 0.0 0.4 4:06.67
735 0.0 0.4 4:06.71
735 0.0 0.4 4:06.75
735 0.0 0.4 4:06.79
735 5.3 0.4 4:06.83
735 5.3 0.4 4:06.86
735 5.3 0.4 4:06.90
735 0.0 0.4 4:06.94
735 11.1 0.4 4:06.99
735 0.0 0.4 4:07.01
735 4.8 0.4 4:07.05
735 10.5 0.4 4:07.10
735 5.3 0.4 4:07.13
735 5.3 0.4 4:07.17
735 5.3 0.4 4:07.22
735 4.8 0.4 4:07.26
735 5.6 0.4 4:07.30
735 0.0 0.4 4:07.34
735 5.6 0.4 4:07.38
735 5.0 0.4 4:07.42
735 5.3 0.4 4:07.47
735 0.0 0.4 4:07.51
735 5.0 0.4 4:07.55
735 5.0 0.4 4:07.59
735 0.0 0.4 4:07.63
735 5.3 0.4 4:07.67
735 5.3 0.4 4:07.71
735 5.6 0.4 4:07.75
735 0.0 0.4 4:07.78
735 5.6 0.4 4:07.82
735 0.0 0.4 4:07.86
735 5.3 0.4 4:07.90
735 11.1 0.4 4:07.95
735 5.6 0.4 4:08.00
735 11.1 0.4 4:08.05
735 0.0 0.4 4:08.08
735 11.1 0.4 4:08.13
735 4.5 0.4 4:08.17
735 0.0 0.4 4:08.21
735 5.6 0.4 4:08.25
735 10.5 0.4 4:08.30
735 5.9 0.4 4:08.34
735 5.3 0.4 4:08.38
735 5.3 0.4 4:08.42
735 5.3 0.4 4:08.46
735 5.0 0.4 4:08.50
735 5.3 0.4 4:08.54
735 5.3 0.4 4:08.60
735 5.6 0.4 4:08.63
735 5.6 0.4 4:08.67
735 11.1 0.4 4:08.72
735 0.0 0.4 4:08.74
735 0.0 0.4 4:08.75
735 0.0 0.4 4:08.75
735 0.0 0.4 4:08.75
735 0.0 0.4 4:08.75
735 0.0 0.4 4:08.75
735 0.0 0.4 4:08.75
735 0.0 0.4 4:08.75
735 0.0 0.4 4:08.75
735 0.0 0.4 4:08.75
735 0.0 0.4 4:08.75
735 0.0 0.4 4:08.75
735 0.0 0.4 4:08.75
735 0.0 0.4 4:08.75
735 0.0 0.4 4:08.75
735 0.0 0.4 4:08.75
735 0.0 0.4 4:08.75
735 0.0 0.4 4:08.75
735 0.0 0.4 4:08.75
735 0.0 0.4 4:08.75
735 0.0 0.4 4:08.75
735 0.0 0.4 4:08.75
735 0.0 0.4 4:08.75
