735 10.5 0.4 2:11.81
735 10.5 0.4 2:11.90
735 10.5 0.4 2:12.02
735 20.0 0.4 2:12.15
735 10.5 0.4 2:12.25
735 10.5 0.4 2:12.38
735 9.5 0.4 2:12.52
735 10.5 0.4 2:12.61
735 11.1 0.4 2:12.72
735 4.2 0.4 2:12.84
735 11.1 0.4 2:12.95
735 5.3 0.4 2:13.05
735 11.1 0.4 2:13.14
735 5.3 0.4 2:13.25
735 10.5 0.4 2:13.38
735 16.7 0.4 2:13.50
735 10.0 0.4 2:13.61
735 4.5 0.4 2:13.71
735 5.6 0.4 2:13.80
735 11.1 0.4 2:13.91
735 4.5 0.4 2:14.03
735 16.7 0.4 2:14.14
735 11.1 0.4 2:14.24
735 10.5 0.4 2:14.33
735 11.1 0.4 2:14.44
735 11.1 0.4 2:14.56
735 10.0 0.4 2:14.68
735 15.8 0.4 2:14.78
735 5.6 0.4 2:14.87
735 10.5 0.4 2:14.98
735 7.4 0.4 2:15.10
735 14.3 0.4 2:15.19
735 11.1 0.4 2:15.28
735 11.1 0.4 2:15.39
735 10.5 0.4 2:15.50
735 11.1 0.4 2:15.60
735 5.6 0.4 2:15.72
735 0.0 0.4 2:15.84
735 10.5 0.4 2:15.93
735 16.7 0.4 2:16.06
735 15.0 0.4 2:16.16
735 11.1 0.4 2:16.25
735 9.5 0.4 2:16.36
735 16.7 0.4 2:16.46
735 11.1 0.4 2:16.56
735 15.0 0.4 2:16.67
735 15.0 0.4 2:16.80
735 21.1 0.4 2:16.90
735 10.5 0.4 2:17.00
735 21.1 0.4 2:17.12
735 4.8 0.4 2:17.23
735 10.5 0.4 2:17.33
735 10.5 0.4 2:17.43
735 15.8 0.4 2:17.54
735 10.5 0.4 2:17.63
735 10.5 0.4 2:17.73
735 5.6 0.4 2:17.84
735 10.0 0.4 2:17.95
735 10.5 0.4 2:18.05
735 5.6 0.4 2:18.13
735 4.3 0.4 2:18.24
735 4.8 0.4 2:18.34
735 4.5 0.4 2:18.46
735 10.5 0.4 2:18.55
735 10.5 0.4 2:18.64
735 11.1 0.4 2:18.75
735 10.5 0.4 2:18.85
735 0.0 0.4 2:18.95
735 15.8 0.4 2:19.08
735 5.6 0.4 2:19.18
735 10.5 0.4 2:19.30
735 16.7 0.4 2:19.41
735 15.8 0.4 2:19.53
735 16.7 0.4 2:19.64
735 10.5 0.4 2:19.74
735 10.5 0.4 2:19.86
735 5.3 0.4 2:19.97
735 15.8 0.4 2:20.08
735 11.1 0.4 2:20.18
735 11.1 0.4 2:20.28
735 15.0 0.4 2:20.38
735 5.0 0.4 2:20.48
735 11.1 0.4 2:20.59
735 10.0 0.4 2:20.69
735 10.5 0.4 2:20.80
735 10.5 0.4 2:20.91
735 9.5 0.4 2:21.01
735 11.1 0.4 2:21.09
735 4.8 0.4 2:21.20
735 16.7 0.4 2:21.31
735 5.3 0.4 2:21.41
735 21.1 0.4 2:21.55
735 10.5 0.4 2:21.63
735 0.0 0.4 2:21.69
735 0.0 0.4 2:21.69
735 0.0 0.4 2:21.69
735 0.0 0.4 2:21.69
735 0.0 0.4 2:21.69
735 0.0 0.4 2:21.69
735 0.0 0.4 2:21.69
735 0.0 0.4 2:21.69
735 0.0 0.4 2:21.69
735 0.0 0.4 2:21.69
735 0.0 0.4 2:21.69
735 0.0 0.4 2:21.69
735 0.0 0.4 2:21.69
735 0.0 0.4 2:21.69
735 0.0 0.4 2:21.69
735 0.0 0.4 2:21.69
735 0.0 0.4 2:21.69
735 0.0 0.4 2:21.69
735 0.0 0.4 2:21.69
735 0.0 0.4 2:21.69
735 0.0 0.4 2:21.69
735 0.0 0.4 2:21.69
735 0.0 0.4 2:21.69
735 0.0 0.4 2:21.69
735 0.0 0.4 2:21.69
735 0.0 0.4 2:21.69
