735 11.1 0.4 4:33.13
735 0.0 0.4 4:33.16
735 5.3 0.4 4:33.19
735 0.0 0.4 4:33.22
735 5.6 0.4 4:33.26
735 4.8 0.4 4:33.30
735 5.6 0.4 4:33.33
735 5.6 0.4 4:33.37
735 10.5 0.4 4:33.41
735 5.6 0.4 4:33.43
735 5.6 0.4 4:33.47
735 5.3 0.4 4:33.50
735 5.6 0.4 4:33.54
735 4.8 0.4 4:33.57
735 10.5 0.4 4:33.62
735 5.3 0.4 4:33.64
735 0.0 0.4 4:33.67
735 0.0 0.4 4:33.70
735 5.3 0.4 4:33.74
735 5.0 0.4 4:33.77
735 5.6 0.4 4:33.80
735 5.6 0.4 4:33.84
735 5.6 0.4 4:33.87
735 5.6 0.4 4:33.91
735 5.0 0.4 4:33.94
735 11.1 0.4 4:33.99
735 0.0 0.4 4:34.02
735 0.0 0.4 4:34.05
735 5.6 0.4 4:34.09
735 5.6 0.4 4:34.12
735 0.0 0.4 4:34.15
735 5.6 0.4 4:34.19
735 0.0 0.4 4:34.22
735 0.0 0.4 4:34.26
735 0.0 0.4 4:34.29
735 5.6 0.4 4:34.33
735 0.0 0.4 4:34.36
735 5.6 0.4 4:34.40
735 0.0 0.4 4:34.44
735 0.0 0.4 4:34.48
735 0.0 0.4 4:34.51
735 5.6 0.4 4:34.54
735 0.0 0.4 4:34.57
735 5.6 0.4 4:34.61
735 0.0 0.4 4:34.64
735 5.3 0.4 4:34.67
735 5.3 0.4 4:34.71
735 0.0 0.4 4:34.74
735 4.8 0.4 4:34.79
735 5.6 0.4 4:34.83
735 5.6 0.4 4:34.87
735 4.8 0.4 4:34.90
735 5.9 0.4 4:34.94
735 0.0 0.4 4:34.98
735 0.0 0.4 4:35.01
735 5.6 0.4 4:35.05
735 5.6 0.4 4:35.10
735 11.1 0.4 4:35.14
735 5.0 0.4 4:35.18
735 5.3 0.4 4:35.22
735 5.6 0.4 4:35.26
735 0.0 0.4 4:35.29
735 5.3 0.4 4:35.33
735 5.6 0.4 4:35.37
735 0.0 0.4 4:35.40
735 10.5 0.4 4:35.45
735 5.3 0.4 4:35.47
735 5.6 0.4 4:35.51
735 0.0 0.4 4:35.55
735 10.5 0.4 4:35.60
735 5.9 0.4 4:35.62
735 0.0 0.4 4:35.65
735 5.3 0.4 4:35.69
735 0.0 0.4 4:35.72
735 5.9 0.4 4:35.76
735 5.3 0.4 4:35.80
735 5.6 0.4 4:35.84
735 0.0 0.4 4:35.87
735 0.0 0.4 4:35.91
735 5.6 0.4 4:35.94
735 0.0 0.4 4:35.94
735 0.0 0.4 4:35.94
735 0.0 0.4 4:35.94
735 0.0 0.4 4:35.94
735 0.0 0.4 4:35.94
735 0.0 0.4 4:35.94
735 0.0 0.4 4:35.94
735 0.0 0.4 4:35.94
735 0.0 0.4 4:35.94
735 0.0 0.4 4:35.94
735 0.0 0.4 4:35.94
735 0.0 0.4 4:35.94
735 0.0 0.4 4:35.94
735 0.0 0.4 4:35.94
735 0.0 0.4 4:35.94
735 0.0 0.4 4:35.94
735 0.0 0.4 4:35.94
735 0.0 0.4 4:35.94
