735 5.3 0.4 3:58.26
735 0.0 0.4 3:58.30
735 5.6 0.4 3:58.35
735 0.0 0.4 3:58.39
735 5.3 0.4 3:58.44
735 5.3 0.4 3:58.48
735 5.3 0.4 3:58.54
735 5.3 0.4 3:58.58
735 5.3 0.4 3:58.63
735 5.3 0.4 3:58.67
735 5.6 0.4 3:58.72
735 5.6 0.4 3:58.76
735 5.6 0.4 3:58.80
735 5.0 0.4 3:58.85
735 0.0 0.4 3:58.90
735 5.0 0.4 3:58.95
735 5.3 0.4 3:58.99
735 5.0 0.4 3:59.04
735 0.0 0.4 3:59.08
735 0.0 0.4 3:59.13
735 0.0 0.4 3:59.17
735 5.6 0.4 3:59.22
735 0.0 0.4 3:59.27
735 0.0 0.4 3:59.31
735 5.6 0.4 3:59.36
735 0.0 0.4 3:59.41
735 5.6 0.4 3:59.47
735 5.6 0.4 3:59.51
735 5.6 0.4 3:59.56
735 5.9 0.4 3:59.61
735 5.3 0.4 3:59.65
735 5.6 0.4 3:59.70
735 5.6 0.4 3:59.75
735 5.3 0.4 3:59.80
735 10.5 0.4 3:59.85
735 0.0 0.4 3:59.89
735 11.1 0.4 3:59.95
735 10.5 0.4 4:00.00
735 11.1 0.4 4:00.05
735 5.6 0.4 4:00.09
735 0.0 0.4 4:00.13
735 5.6 0.4 4:00.18
735 5.3 0.4 4:00.21
735 5.3 0.4 4:00.25
735 5.0 0.4 4:00.31
735 0.0 0.4 4:00.35
735 4.8 0.4 4:00.40
735 5.3 0.4 4:00.44
735 11.1 0.4 4:00.51
735 5.0 0.4 4:00.55
735 5.3 0.4 4:00.60
735 5.6 0.4 4:00.64
735 0.0 0.4 4:00.68
735 0.0 0.4 4:00.74
735 5.6 0.4 4:00.79
735 4.8 0.4 4:00.84
735 0.0 0.4 4:00.88
735 4.8 0.4 4:00.93
735 4.5 0.4 4:00.97
735 5.6 0.4 4:01.02
735 5.3 0.4 4:01.06
735 0.0 0.4 4:01.10
735 4.8 0.4 4:01.15
735 10.5 0.4 4:01.21
735 5.6 0.4 4:01.25
735 5.6 0.4 4:01.30
735 4.5 0.4 4:01.36
735 5.6 0.4 4:01.40
735 5.3 0.4 4:01.45
735 5.6 0.4 4:01.49
735 0.0 0.4 4:01.53
735 0.0 0.4 4:01.57
735 0.0 0.4 4:01.62
735 5.3 0.4 4:01.66
735 4.5 0.4 4:01.71
735 5.6 0.4 4:01.75
735 5.6 0.4 4:01.80
735 5.3 0.4 4:01.84
735 5.3 0.4 4:01.89
735 0.0 0.4 4:01.91
735 0.0 0.4 4:01.91
735 0.0 0.4 4:01.91
735 0.0 0.4 4:01.91
735 0.0 0.4 4:01.91
735 0.0 0.4 4:01.91
735 0.0 0.4 4:01.91
735 0.0 0.4 4:01.91
735 0.0 0.4 4:01.91
735 0.0 0.4 4:01.91
735 0.0 0.4 4:01.91
735 0.0 0.4 4:01.91
735 0.0 0.4 4:01.91
735 0.0 0.4 4:01.91
735 0.0 0.4 4:01.91
735 0.0 0.4 4:01.91
735 0.0 0.4 4:01.91
735 0.0 0.4 4:01.91
735 0.0 0.4 4:01.91
735 0.0 0.4 4:01.91
735 0.0 0.4 4:01.91
