735 16.7 0.4 4:42.85
735 0.0 0.4 4:42.88
735 5.6 0.4 4:42.91
735 5.6 0.4 4:42.94
735 5.6 0.4 4:42.98
735 5.3 0.4 4:43.02
735 0.0 0.4 4:43.05
735 5.9 0.4 4:43.06
735 0.0 0.4 4:43.06
735 0.0 0.4 4:43.06
735 0.0 0.4 4:43.06
735 0.0 0.4 4:43.06
735 0.0 0.4 4:43.06
735 0.0 0.4 4:43.06
735 0.0 0.4 4:43.06
735 0.0 0.4 4:43.06
735 0.0 0.4 4:43.06
735 0.0 0.4 4:43.06
735 0.0 0.4 4:43.07
735 0.0 0.4 4:43.10
735 5.6 0.4 4:43.14
735 10.5 0.4 4:43.19
735 5.6 0.4 4:43.22
735 0.0 0.4 4:43.23
735 0.0 0.4 4:43.28
735 0.0 0.4 4:43.28
735 0.0 0.4 4:43.28
735 0.0 0.4 4:43.28
735 0.0 0.4 4:43.28
735 0.0 0.4 4:43.28
735 0.0 0.4 4:43.28
735 0.0 0.4 4:43.28
735 0.0 0.4 4:43.28
735 0.0 0.4 4:43.28
735 0.0 0.4 4:43.28
735 0.0 0.4 4:43.29
735 5.3 0.4 4:43.31
735 5.0 0.4 4:43.33
735 5.6 0.4 4:43.36
735 5.6 0.4 4:43.39
735 5.6 0.4 4:43.43
735 0.0 0.4 4:43.46
735 0.0 0.4 4:43.48
735 0.0 0.4 4:43.48
735 0.0 0.4 4:43.48
735 0.0 0.4 4:43.48
735 0.0 0.4 4:43.48
735 0.0 0.4 4:43.48
735 0.0 0.4 4:43.48
735 0.0 0.4 4:43.48
735 0.0 0.4 4:43.48
735 0.0 0.4 4:43.48
735 0.0 0.4 4:43.48
735 0.0 0.4 4:43.49
735 0.0 0.4 4:43.49
735 5.6 0.4 4:43.50
735 5.6 0.4 4:43.53
735 10.5 0.4 4:43.57
735 0.0 0.4 4:43.59
735 0.0 0.4 4:43.62
735 5.6 0.4 4:43.66
735 5.6 0.4 4:43.68
735 0.0 0.4 4:43.68
735 0.0 0.4 4:43.68
735 0.0 0.4 4:43.68
735 0.0 0.4 4:43.68
735 0.0 0.4 4:43.68
735 0.0 0.4 4:43.68
735 0.0 0.4 4:43.68
735 5.3 0.4 4:43.69
735 0.0 0.4 4:43.69
735 5.6 0.4 4:43.71
735 0.0 0.4 4:43.71
735 0.0 0.4 4:43.72
735 0.0 0.4 4:43.73
735 0.0 0.4 4:43.76
735 0.0 0.4 4:43.78
735 5.6 0.4 4:43.81
735 5.6 0.4 4:43.86
735 5.6 0.4 4:43.88
735 0.0 0.4 4:43.89
735 0.0 0.4 4:43.89
735 0.0 0.4 4:43.89
735 0.0 0.4 4:43.89
735 0.0 0.4 4:43.89
735 0.0 0.4 4:43.90
735 0.0 0.4 4:43.90
735 0.0 0.4 4:43.90
735 0.0 0.4 4:43.90
735 0.0 0.4 4:43.90
735 0.0 0.4 4:43.91
735 0.0 0.4 4:43.91
735 10.5 0.4 4:43.93
735 5.0 0.4 4:43.94
735 0.0 0.4 4:43.97
735 0.0 0.4 4:43.99
735 0.0 0.4 4:44.01
735 5.9 0.4 4:44.03
735 0.0 0.4 4:44.05
735 0.0 0.4 4:44.06
735 0.0 0.4 4:44.06
735 0.0 0.4 4:44.06
735 0.0 0.4 4:44.06
735 0.0 0.4 4:44.06
735 0.0 0.4 4:44.06
735 0.0 0.4 4:44.06
735 0.0 0.4 4:44.08
735 5.6 0.4 4:44.09
735 0.0 0.4 4:44.09
735 5.6 0.4 4:44.11
735 0.0 0.4 4:44.12
735 0.0 0.4 4:44.13
735 5.6 0.4 4:44.15
735 0.0 0.4 4:44.18
735 0.0 0.4 4:44.21
735 0.0 0.4 4:44.24
735 5.3 0.4 4:44.26
735 0.0 0.4 4:44.26
735 0.0 0.4 4:44.26
735 0.0 0.4 4:44.26
735 0.0 0.4 4:44.26
735 0.0 0.4 4:44.26
735 0.0 0.4 4:44.26
735 0.0 0.4 4:44.26
735 0.0 0.4 4:44.27
735 0.0 0.4 4:44.27
735 0.0 0.4 4:44.28
735 0.0 0.4 4:44.28
735 0.0 0.4 4:44.28
735 0.0 0.4 4:44.29
735 0.0 0.4 4:44.31
735 0.0 0.4 4:44.33
735 5.6 0.4 4:44.35
735 5.6 0.4 4:44.40
735 0.0 0.4 4:44.41
735 0.0 0.4 4:44.42
17354 16.7 0.2 0:00.05
735 0.0 0.4 4:44.42
735 0.0 0.4 4:44.42
735 0.0 0.4 4:44.42
735 0.0 0.4 4:44.42
735 5.6 0.4 4:44.43
735 0.0 0.4 4:44.43
735 0.0 0.4 4:44.44
735 0.0 0.4 4:44.44
735 0.0 0.4 4:44.45
735 5.3 0.4 4:44.46
735 0.0 0.4 4:44.47
735 0.0 0.4 4:44.49
735 5.6 0.4 4:44.52
735 0.0 0.4 4:44.54
735 5.6 0.4 4:44.56
735 0.0 0.4 4:44.58
735 5.6 0.4 4:44.59
735 0.0 0.4 4:44.59
735 0.0 0.4 4:44.59
735 0.0 0.4 4:44.59
735 0.0 0.4 4:44.59
735 0.0 0.4 4:44.59
735 0.0 0.4 4:44.59
735 0.0 0.4 4:44.59
735 0.0 0.4 4:44.61
735 5.3 0.4 4:44.62
735 0.0 0.4 4:44.62
735 0.0 0.4 4:44.63
735 0.0 0.4 4:44.63
735 5.9 0.4 4:44.65
735 5.6 0.4 4:44.71
735 0.0 0.4 4:44.73
735 0.0 0.4 4:44.74
735 5.3 0.4 4:44.79
735 5.3 0.4 4:44.82
735 0.0 0.4 4:44.82
735 0.0 0.4 4:44.82
735 0.0 0.4 4:44.82
735 0.0 0.4 4:44.82
735 0.0 0.4 4:44.82
735 0.0 0.4 4:44.82
735 0.0 0.4 4:44.83
735 0.0 0.4 4:44.83
735 5.6 0.4 4:44.85
735 0.0 0.4 4:44.87
735 0.0 0.4 4:44.87
735 0.0 0.4 4:44.89
735 0.0 0.4 4:44.89
735 5.3 0.4 4:44.91
735 5.3 0.4 4:44.94
735 5.6 0.4 4:44.96
735 5.6 0.4 4:44.97
735 0.0 0.4 4:44.98
735 0.0 0.4 4:44.98
735 0.0 0.4 4:44.98
735 0.0 0.4 4:44.98
735 0.0 0.4 4:44.98
735 0.0 0.4 4:44.98
735 0.0 0.4 4:44.98
735 0.0 0.4 4:44.98
735 0.0 0.4 4:44.99
735 0.0 0.4 4:44.99
735 0.0 0.4 4:45.00
735 0.0 0.4 4:45.00
735 0.0 0.4 4:45.00
735 0.0 0.4 4:45.00
735 0.0 0.4 4:45.00
735 0.0 0.4 4:45.00
735 0.0 0.4 4:45.00
735 0.0 0.4 4:45.00
735 0.0 0.4 4:45.00
735 0.0 0.4 4:45.00
735 0.0 0.4 4:45.00
735 0.0 0.4 4:45.00
735 0.0 0.4 4:45.00
735 0.0 0.4 4:45.00
735 0.0 0.4 4:45.00
735 0.0 0.4 4:45.00
735 0.0 0.4 4:45.00
735 0.0 0.4 4:45.00
735 0.0 0.4 4:45.00
