736 17.6 0.4 1:28.68
736 5.3 0.4 1:28.74
736 11.1 0.4 1:28.84
736 5.6 0.4 1:28.92
736 5.6 0.4 1:29.01
736 11.1 0.4 1:29.12
736 5.6 0.4 1:29.20
736 0.0 0.4 1:29.25
736 11.1 0.4 1:29.33
736 8.0 0.4 1:29.40
736 11.1 0.4 1:29.47
736 4.0 0.4 1:29.54
736 3.7 0.4 1:29.63
736 11.1 0.4 1:29.71
736 9.1 0.4 1:29.80
736 5.9 0.4 1:29.85
736 4.3 0.4 1:29.92
736 5.6 0.4 1:29.99
736 0.0 0.4 1:30.07
736 8.3 0.4 1:30.14
736 5.6 0.4 1:30.19
736 9.1 0.4 1:30.28
736 5.6 0.4 1:30.33
736 5.6 0.4 1:30.40
736 0.0 0.4 1:30.47
736 0.0 0.4 1:30.53
736 5.6 0.4 1:30.61
736 5.6 0.4 1:30.67
736 5.6 0.4 1:30.75
736 4.3 0.4 1:30.83
736 11.1 0.4 1:30.89
736 5.0 0.4 1:30.96
736 11.1 0.4 1:31.03
736 5.9 0.4 1:31.09
736 10.5 0.4 1:31.18
736 11.1 0.4 1:31.26
736 16.7 0.4 1:31.33
736 5.6 0.4 1:31.39
736 10.0 0.4 1:31.47
736 11.1 0.4 1:31.54
736 11.1 0.4 1:31.61
736 5.6 0.4 1:31.67
736 4.0 0.4 1:31.74
736 9.1 0.4 1:31.81
736 5.0 0.4 1:31.88
10736 15.8 0.2 0:00.03
736 10.5 0.4 1:32.04
736 10.5 0.4 1:32.11
736 5.6 0.4 1:32.16
736 4.5 0.4 1:32.23
736 4.3 0.4 1:32.31
736 16.7 0.4 1:32.40
736 8.3 0.4 1:32.48
736 0.0 0.4 1:32.55
736 17.6 0.4 1:32.64
736 5.0 0.4 1:32.70
736 9.1 0.4 1:32.78
736 0.0 0.4 1:32.84
736 4.8 0.4 1:32.93
736 5.6 0.4 1:32.97
736 3.8 0.4 1:33.07
736 5.6 0.4 1:33.12
736 11.8 0.4 1:33.19
736 10.5 0.4 1:33.27
KiB used, 379908 buff/cache
736 5.0 0.4 1:33.43
736 11.1 0.4 1:33.50
736 5.0 0.4 1:33.58
736 4.8 0.4 1:33.65
736 9.1 0.4 1:33.72
736 15.8 0.4 1:33.80
736 5.6 0.4 1:33.87
736 10.5 0.4 1:33.96
736 5.3 0.4 1:34.04
736 5.6 0.4 1:34.09
736 16.7 0.4 1:34.19
KiB 1524736 avail Mem
736 5.6 0.4 1:34.35
736 11.1 0.4 1:34.43
736 5.9 0.4 1:34.52
736 17.6 0.4 1:34.60
736 5.6 0.4 1:34.67
736 5.9 0.4 1:34.74
736 5.6 0.4 1:34.82
736 10.5 0.4 1:34.92
736 11.1 0.4 1:34.98
736 0.0 0.4 1:35.06
736 11.1 0.4 1:35.14
736 11.1 0.4 1:35.21
736 5.0 0.4 1:35.28
736 11.1 0.4 1:35.35
736 11.8 0.4 1:35.43
736 5.0 0.4 1:35.52
736 11.1 0.4 1:35.60
736 4.5 0.4 1:35.68
736 0.0 0.4 1:35.69
736 0.0 0.4 1:35.69
736 0.0 0.4 1:35.69
736 0.0 0.4 1:35.69
736 0.0 0.4 1:35.69
736 0.0 0.4 1:35.69
736 0.0 0.4 1:35.69
736 0.0 0.4 1:35.69
736 0.0 0.4 1:35.69
736 0.0 0.4 1:35.69
736 0.0 0.4 1:35.69
736 0.0 0.4 1:35.69
736 0.0 0.4 1:35.69
KiB used, 381648 buff/cache
736 0.0 0.4 1:35.69
736 0.0 0.4 1:35.69
736 0.0 0.4 1:35.69
736 0.0 0.4 1:35.69
736 0.0 0.4 1:35.69
736 0.0 0.4 1:35.69
736 0.0 0.4 1:35.69
736 0.0 0.4 1:35.69
736 0.0 0.4 1:35.69
736 0.0 0.4 1:35.69
736 0.0 0.4 1:35.69
736 0.0 0.4 1:35.69
736 0.0 0.4 1:35.69
736 0.0 0.4 1:35.69
736 0.0 0.4 1:35.69
736 0.0 0.4 1:35.69
736 0.0 0.4 1:35.69
736 0.0 0.4 1:35.69
736 0.0 0.4 1:35.69
736 0.0 0.4 1:35.69
736 0.0 0.4 1:35.69
