736 735 734 733 732
736 735 734 733 732
736 735 734 733 732
736 735 734 733 732
736 735 734 733 732
736 735 734 733 732
736 735 734 733 732
736 735 734 733 732
736 735 734 733 732
736 735 734 733 732
736 735 734 733 732
736 735 734 733 732
736 735 734 733 732
736 735 734 733 732
736 735 734 733 732
736 735 734 733 732
736 735 734 733 732
736 735 734 733 732
736 735 734 733 732
736 735 734 733 732
736 735 734 733 732
736 735 734 733 732
736 735 734 733 732
736 735 734 733 732
736 735 734 733 732
736 735 734 733 732
736 735 734 733 732
736 735 734 733 732
736 735 734 733 732
736 735 734 733 732
736 735 734 733 732
736 735 734 733 732
736 735 734 733 732
736 735 734 733 732
736 735 734 733 732
736 735 734 733 732
736 735 734 733 732
736 735 734 733 732
736 735 734 733 732
736 735 734 733 732
736 735 734 733 732
736 735 734 733 732
736 735 734 733 732
736 735 734 733 732
736 735 734 733 732
736 735 734 733 732
736 735 734 733 732
736 735 734 733 732
736 735 734 733 732
736 735 734 733 732
