712 0.0 0.4 1:54.26
712 5.6 0.4 1:54.29
712 0.0 0.4 1:54.32
712 0.0 0.4 1:54.35
712 0.0 0.4 1:54.38
712 5.3 0.4 1:54.42
712 0.0 0.4 1:54.45
712 0.0 0.4 1:54.48
712 0.0 0.4 1:54.51
712 0.0 0.4 1:54.54
712 5.6 0.4 1:54.58
712 0.0 0.4 1:54.61
712 5.6 0.4 1:54.65
712 0.0 0.4 1:54.68
712 0.0 0.4 1:54.72
712 5.3 0.4 1:54.75
712 0.0 0.4 1:54.78
712 0.0 0.4 1:54.81
712 0.0 0.4 1:54.84
712 0.0 0.4 1:54.87
712 5.0 0.4 1:54.91
712 0.0 0.4 1:54.94
712 5.3 0.4 1:54.98
712 5.6 0.4 1:55.01
712 5.6 0.4 1:55.05
712 0.0 0.4 1:55.08
712 4.8 0.4 1:55.11
712 5.6 0.4 1:55.14
712 5.3 0.4 1:55.18
712 5.3 0.4 1:55.21
712 0.0 0.4 1:55.24
712 5.6 0.4 1:55.28
712 5.6 0.4 1:55.31
712 0.0 0.4 1:55.35
712 0.0 0.4 1:55.38
712 5.3 0.4 1:55.41
712 5.6 0.4 1:55.44
712 5.6 0.4 1:55.47
712 5.6 0.4 1:55.50
712 5.3 0.4 1:55.54
712 0.0 0.4 1:55.56
712 0.0 0.4 1:55.59
712 5.6 0.4 1:55.63
712 0.0 0.4 1:55.65
712 5.3 0.4 1:55.69
712 5.6 0.4 1:55.72
712 0.0 0.4 1:55.76
712 0.0 0.4 1:55.78
712 5.3 0.4 1:55.82
712 0.0 0.4 1:55.85
712 0.0 0.4 1:55.88
712 5.3 0.4 1:55.92
712 0.0 0.4 1:55.95
712 5.3 0.4 1:55.98
712 5.6 0.4 1:56.01
712 5.3 0.4 1:56.05
712 5.3 0.4 1:56.08
712 0.0 0.4 1:56.11
712 5.3 0.4 1:56.15
712 5.6 0.4 1:56.18
712 0.0 0.4 1:56.21
712 0.0 0.4 1:56.24
712 0.0 0.4 1:56.27
712 5.0 0.4 1:56.31
KiB used, 401312 buff/cache
712 0.0 0.4 1:56.37
712 0.0 0.4 1:56.41
712 0.0 0.4 1:56.43
712 5.3 0.4 1:56.46
712 5.6 0.4 1:56.49
712 5.6 0.4 1:56.52
712 5.3 0.4 1:56.55
712 5.0 0.4 1:56.58
712 0.0 0.4 1:56.61
712 0.0 0.4 1:56.65
712 5.6 0.4 1:56.68
712 0.0 0.4 1:56.71
712 0.0 0.4 1:56.74
712 5.3 0.4 1:56.77
712 0.0 0.4 1:56.77
712 0.0 0.4 1:56.77
712 0.0 0.4 1:56.77
712 0.0 0.4 1:56.77
712 0.0 0.4 1:56.77
712 0.0 0.4 1:56.77
712 0.0 0.4 1:56.77
712 0.0 0.4 1:56.77
712 0.0 0.4 1:56.77
712 0.0 0.4 1:56.77
712 0.0 0.4 1:56.77
712 0.0 0.4 1:56.77
712 0.0 0.4 1:56.77
712 0.0 0.4 1:56.77
712 0.0 0.4 1:56.77
712 0.0 0.4 1:56.77
712 0.0 0.4 1:56.77
712 0.0 0.4 1:56.77
712 0.0 0.4 1:56.77
