714 10.5 0.4 2:29.66
714 5.6 0.4 2:29.67
714 5.6 0.4 2:29.69
714 5.3 0.4 2:29.70
714 0.0 0.4 2:29.71
714 0.0 0.4 2:29.73
714 5.3 0.4 2:29.76
714 0.0 0.4 2:29.77
714 0.0 0.4 2:29.78
26714 5.6 0.2 0:00.03
714 0.0 0.4 2:29.78
714 0.0 0.4 2:29.78
714 0.0 0.4 2:29.78
714 0.0 0.4 2:29.78
714 0.0 0.4 2:29.78
714 0.0 0.4 2:29.78
714 0.0 0.4 2:29.78
714 0.0 0.4 2:29.78
714 0.0 0.4 2:29.79
714 5.0 0.4 2:29.81
714 5.3 0.4 2:29.83
714 5.3 0.4 2:29.85
714 5.3 0.4 2:29.87
714 0.0 0.4 2:29.88
714 5.3 0.4 2:29.91
714 0.0 0.4 2:29.92
714 0.0 0.4 2:29.92
714 0.0 0.4 2:29.92
714 0.0 0.4 2:29.92
714 0.0 0.4 2:29.92
714 0.0 0.4 2:29.92
714 0.0 0.4 2:29.92
714 0.0 0.4 2:29.92
714 0.0 0.4 2:29.92
714 0.0 0.4 2:29.92
714 0.0 0.4 2:29.92
714 0.0 0.4 2:29.92
714 10.0 0.4 2:29.98
714 0.0 0.4 2:29.99
714 0.0 0.4 2:30.01
714 0.0 0.4 2:30.02
714 0.0 0.4 2:30.04
714 5.6 0.4 2:30.06
714 0.0 0.4 2:30.08
714 0.0 0.4 2:30.08
714 0.0 0.4 2:30.08
714 0.0 0.4 2:30.08
714 0.0 0.4 2:30.08
714 0.0 0.4 2:30.08
714 0.0 0.4 2:30.08
714 0.0 0.4 2:30.08
714 0.0 0.4 2:30.08
714 0.0 0.4 2:30.08
714 0.0 0.4 2:30.09
714 0.0 0.4 2:30.09
714 0.0 0.4 2:30.10
714 5.3 0.4 2:30.12
714 5.6 0.4 2:30.14
714 0.0 0.4 2:30.15
714 5.6 0.4 2:30.17
714 0.0 0.4 2:30.18
714 0.0 0.4 2:30.20
714 0.0 0.4 2:30.20
714 0.0 0.4 2:30.21
714 0.0 0.4 2:30.21
714 0.0 0.4 2:30.21
714 0.0 0.4 2:30.21
714 0.0 0.4 2:30.21
714 0.0 0.4 2:30.21
714 0.0 0.4 2:30.21
714 0.0 0.4 2:30.21
714 0.0 0.4 2:30.21
714 0.0 0.4 2:30.21
714 0.0 0.4 2:30.23
714 0.0 0.4 2:30.25
714 0.0 0.4 2:30.25
714 5.6 0.4 2:30.28
714 0.0 0.4 2:30.29
714 5.3 0.4 2:30.31
714 0.0 0.4 2:30.32
714 0.0 0.4 2:30.33
714 0.0 0.4 2:30.33
714 0.0 0.4 2:30.33
714 0.0 0.4 2:30.33
714 0.0 0.4 2:30.33
714 0.0 0.4 2:30.33
714 0.0 0.4 2:30.33
714 0.0 0.4 2:30.33
714 0.0 0.4 2:30.33
714 0.0 0.4 2:30.34
714 0.0 0.4 2:30.34
714 0.0 0.4 2:30.35
714 0.0 0.4 2:30.36
714 0.0 0.4 2:30.38
714 0.0 0.4 2:30.40
714 0.0 0.4 2:30.41
714 5.0 0.4 2:30.42
714 0.0 0.4 2:30.43
714 0.0 0.4 2:30.45
714 0.0 0.4 2:30.45
714 0.0 0.4 2:30.45
714 0.0 0.4 2:30.45
714 0.0 0.4 2:30.45
714 0.0 0.4 2:30.45
714 0.0 0.4 2:30.45
714 0.0 0.4 2:30.45
714 0.0 0.4 2:30.46
714 0.0 0.4 2:30.46
714 0.0 0.4 2:30.46
714 5.6 0.4 2:30.47
714 0.0 0.4 2:30.51
714 0.0 0.4 2:30.52
714 0.0 0.4 2:30.54
714 0.0 0.4 2:30.56
714 0.0 0.4 2:30.58
714 0.0 0.4 2:30.58
714 5.3 0.4 2:30.60
714 0.0 0.4 2:30.60
714 0.0 0.4 2:30.60
714 0.0 0.4 2:30.60
714 0.0 0.4 2:30.60
714 0.0 0.4 2:30.60
714 0.0 0.4 2:30.60
714 0.0 0.4 2:30.60
714 0.0 0.4 2:30.60
714 0.0 0.4 2:30.61
714 0.0 0.4 2:30.61
714 0.0 0.4 2:30.62
714 0.0 0.4 2:30.62
714 0.0 0.4 2:30.64
714 0.0 0.4 2:30.66
714 0.0 0.4 2:30.69
714 0.0 0.4 2:30.70
714 0.0 0.4 2:30.71
714 0.0 0.4 2:30.75
714 0.0 0.4 2:30.75
714 0.0 0.4 2:30.75
714 0.0 0.4 2:30.75
714 0.0 0.4 2:30.75
714 0.0 0.4 2:30.75
714 0.0 0.4 2:30.76
714 0.0 0.4 2:30.76
714 0.0 0.4 2:30.76
714 0.0 0.4 2:30.76
714 0.0 0.4 2:30.77
714 10.5 0.4 2:30.79
714 0.0 0.4 2:30.80
714 0.0 0.4 2:30.82
714 0.0 0.4 2:30.84
714 0.0 0.4 2:30.85
714 0.0 0.4 2:30.87
714 0.0 0.4 2:30.88
714 0.0 0.4 2:30.88
714 0.0 0.4 2:30.88
714 0.0 0.4 2:30.89
714 0.0 0.4 2:30.89
714 0.0 0.4 2:30.89
714 0.0 0.4 2:30.89
714 0.0 0.4 2:30.89
714 0.0 0.4 2:30.89
714 0.0 0.4 2:30.89
714 0.0 0.4 2:30.89
714 0.0 0.4 2:30.89
714 0.0 0.4 2:30.90
714 0.0 0.4 2:30.90
714 0.0 0.4 2:30.92
714 0.0 0.4 2:30.95
714 0.0 0.4 2:30.95
714 5.6 0.4 2:30.97
714 5.3 0.4 2:30.98
714 0.0 0.4 2:30.99
714 0.0 0.4 2:31.00
714 0.0 0.4 2:31.00
714 0.0 0.4 2:31.00
714 0.0 0.4 2:31.00
714 0.0 0.4 2:31.00
714 0.0 0.4 2:31.00
714 0.0 0.4 2:31.00
714 0.0 0.4 2:31.00
714 0.0 0.4 2:31.00
714 0.0 0.4 2:31.00
714 0.0 0.4 2:31.00
714 0.0 0.4 2:31.00
714 0.0 0.4 2:31.00
714 0.0 0.4 2:31.00
714 0.0 0.4 2:31.00
714 0.0 0.4 2:31.00
714 0.0 0.4 2:31.00
714 0.0 0.4 2:31.00
714 0.0 0.4 2:31.00
714 0.0 0.4 2:31.00
