714 0.0 0.4 2:14.21
714 0.0 0.4 2:14.24
714 5.6 0.4 2:14.27
714 5.6 0.4 2:14.29
714 5.6 0.4 2:14.31
714 5.6 0.4 2:14.34
714 10.0 0.4 2:14.39
714 0.0 0.4 2:14.40
714 5.3 0.4 2:14.43
714 5.3 0.4 2:14.45
714 5.3 0.4 2:14.48
714 5.3 0.4 2:14.51
714 0.0 0.4 2:14.53
714 0.0 0.4 2:14.56
714 5.0 0.4 2:14.59
714 0.0 0.4 2:14.62
714 0.0 0.4 2:14.63
714 0.0 0.4 2:14.66
714 0.0 0.4 2:14.69
714 5.6 0.4 2:14.72
714 5.3 0.4 2:14.74
714 0.0 0.4 2:14.76
714 0.0 0.4 2:14.78
714 0.0 0.4 2:14.80
714 0.0 0.4 2:14.82
714 0.0 0.4 2:14.84
714 5.3 0.4 2:14.87
714 5.3 0.4 2:14.89
714 5.6 0.4 2:14.92
714 0.0 0.4 2:14.94
714 5.3 0.4 2:14.96
714 0.0 0.4 2:14.98
714 0.0 0.4 2:15.01
714 0.0 0.4 2:15.04
714 0.0 0.4 2:15.06
714 5.3 0.4 2:15.09
714 5.3 0.4 2:15.12
714 5.0 0.4 2:15.15
714 0.0 0.4 2:15.17
714 0.0 0.4 2:15.20
714 0.0 0.4 2:15.23
714 5.6 0.4 2:15.25
714 0.0 0.4 2:15.27
714 5.6 0.4 2:15.29
714 0.0 0.4 2:15.31
714 0.0 0.4 2:15.33
714 0.0 0.4 2:15.35
714 5.3 0.4 2:15.38
714 0.0 0.4 2:15.40
714 0.0 0.4 2:15.42
714 5.0 0.4 2:15.45
714 5.0 0.4 2:15.47
714 0.0 0.4 2:15.49
714 0.0 0.4 2:15.51
714 0.0 0.4 2:15.53
714 0.0 0.4 2:15.55
714 5.0 0.4 2:15.58
714 5.6 0.4 2:15.60
714 0.0 0.4 2:15.62
714 10.5 0.4 2:15.66
714 4.8 0.4 2:15.67
714 0.0 0.4 2:15.69
714 0.0 0.4 2:15.72
714 10.5 0.4 2:15.76
714 0.0 0.4 2:15.77
714 0.0 0.4 2:15.79
714 0.0 0.4 2:15.81
714 5.3 0.4 2:15.84
714 10.5 0.4 2:15.87
714 0.0 0.4 2:15.89
714 0.0 0.4 2:15.90
714 0.0 0.4 2:15.92
714 0.0 0.4 2:15.94
KiB used, 417144 buff/cache
714 5.0 0.4 2:16.01
714 5.6 0.4 2:16.04
714 5.6 0.4 2:16.06
714 0.0 0.4 2:16.08
714 0.0 0.4 2:16.10
714 0.0 0.4 2:16.11
714 0.0 0.4 2:16.11
714 0.0 0.4 2:16.11
714 0.0 0.4 2:16.11
714 0.0 0.4 2:16.11
714 0.0 0.4 2:16.11
714 0.0 0.4 2:16.11
714 0.0 0.4 2:16.11
714 0.0 0.4 2:16.11
714 0.0 0.4 2:16.11
714 0.0 0.4 2:16.11
