715 0.0 0.4 0:43.44
715 10.0 0.4 0:43.54
715 15.8 0.4 0:43.65
715 10.0 0.4 0:43.76
715 0.0 0.4 0:43.89
715 11.1 0.4 0:44.01
715 15.0 0.4 0:44.12
715 10.5 0.4 0:44.22
715 5.0 0.4 0:44.32
715 10.5 0.4 0:44.44
715 10.5 0.4 0:44.54
715 11.1 0.4 0:44.64
715 10.5 0.4 0:44.74
715 5.3 0.4 0:44.86
715 11.1 0.4 0:44.98
715 10.5 0.4 0:45.09
715 15.8 0.4 0:45.21
715 5.3 0.4 0:45.31
715 21.1 0.4 0:45.45
715 11.1 0.4 0:45.55
715 15.8 0.4 0:45.66
715 11.1 0.4 0:45.78
715 10.5 0.4 0:45.88
715 11.1 0.4 0:45.99
715 5.3 0.4 0:46.09
715 5.3 0.4 0:46.19
715 10.5 0.4 0:46.30
715 10.5 0.4 0:46.40
715 11.1 0.4 0:46.52
715 14.3 0.4 0:46.65
715 10.5 0.4 0:46.75
715 10.5 0.4 0:46.90
715 10.0 0.4 0:46.99
715 10.0 0.4 0:47.10
715 10.0 0.4 0:47.21
715 9.5 0.4 0:47.32
715 10.5 0.4 0:47.43
715 10.5 0.4 0:47.53
715 0.0 0.4 0:47.62
715 4.3 0.4 0:47.77
715 10.5 0.4 0:47.88
715 10.5 0.4 0:47.99
715 11.1 0.4 0:48.09
715 11.1 0.4 0:48.21
715 10.5 0.4 0:48.32
715 10.5 0.4 0:48.43
715 5.3 0.4 0:48.53
715 15.8 0.4 0:48.64
715 5.0 0.4 0:48.74
715 11.1 0.4 0:48.86
715 10.5 0.4 0:48.96
715 5.3 0.4 0:49.05
715 5.3 0.4 0:49.17
715 10.0 0.4 0:49.28
715 9.5 0.4 0:49.39
715 10.0 0.4 0:49.50
715 15.8 0.4 0:49.61
715 10.5 0.4 0:49.70
715 11.1 0.4 0:49.83
715 15.8 0.4 0:49.95
715 15.8 0.4 0:50.05
715 26.3 0.4 0:50.17
715 9.5 0.4 0:50.27
715 11.1 0.4 0:50.38
715 10.5 0.4 0:50.49
715 11.1 0.4 0:50.59
715 16.7 0.4 0:50.71
715 15.8 0.4 0:50.81
715 10.5 0.4 0:50.92
715 10.5 0.4 0:51.02
715 11.1 0.4 0:51.12
715 10.5 0.4 0:51.23
715 11.1 0.4 0:51.34
715 10.5 0.4 0:51.44
715 10.5 0.4 0:51.54
25715 15.8 0.2 0:00.03
715 10.0 0.4 0:51.80
715 9.5 0.4 0:51.91
715 15.8 0.4 0:52.02
715 0.0 0.4 0:52.12
715 16.7 0.4 0:52.24
715 10.0 0.4 0:52.36
715 10.5 0.4 0:52.47
715 10.5 0.4 0:52.58
715 10.0 0.4 0:52.69
715 10.5 0.4 0:52.80
715 33.3 0.4 0:52.95
715 16.7 0.4 0:53.08
715 15.0 0.4 0:53.20
715 15.8 0.4 0:53.32
715 11.1 0.4 0:53.42
715 11.1 0.4 0:53.56
715 15.8 0.4 0:53.68
715 5.6 0.4 0:53.76
715 5.3 0.4 0:53.79
715 0.0 0.4 0:53.80
715 0.0 0.4 0:53.80
715 0.0 0.4 0:53.80
715 0.0 0.4 0:53.80
715 0.0 0.4 0:53.80
715 0.0 0.4 0:53.80
715 0.0 0.4 0:53.80
715 0.0 0.4 0:53.80
715 0.0 0.4 0:53.80
715 0.0 0.4 0:53.80
715 0.0 0.4 0:53.80
715 0.0 0.4 0:53.80
715 0.0 0.4 0:53.80
715 0.0 0.4 0:53.80
715 0.0 0.4 0:53.80
27157 16.7 0.2 0:00.03
715 0.0 0.4 0:53.80
715 0.0 0.4 0:53.80
715 0.0 0.4 0:53.80
715 0.0 0.4 0:53.80
715 0.0 0.4 0:53.80
715 0.0 0.4 0:53.80
715 0.0 0.4 0:53.80
