716 8.3 0.4 0:00.09
716 5.0 0.4 0:00.09
716 7.5 0.4 0:00.14
716 7.1 0.4 0:00.15
716 6.9 0.4 0:00.15
716 8.4 0.4 0:00.20
716 9.1 0.4 0:00.20
716 5.6 0.4 0:00.27
716 16.7 0.4 0:00.39
716 5.6 0.4 0:00.48
716 5.0 0.4 0:00.57
716 10.0 0.4 0:00.68
716 11.1 0.4 0:00.78
716 15.0 0.4 0:00.90
716 10.5 0.4 0:01.01
716 10.0 0.4 0:01.10
716 11.1 0.4 0:01.19
716 10.0 0.4 0:01.28
716 11.1 0.4 0:01.38
716 10.0 0.4 0:01.48
716 5.6 0.4 0:01.58
716 10.5 0.4 0:01.69
716 5.3 0.4 0:01.79
716 11.1 0.4 0:01.90
716 5.3 0.4 0:01.99
716 10.0 0.4 0:02.11
KiB used, 259716 buff/cache
716 11.1 0.4 0:02.29
716 9.5 0.4 0:02.39
716 5.3 0.4 0:02.48
716 11.1 0.4 0:02.58
716 21.1 0.4 0:02.70
716 5.3 0.4 0:02.79
716 5.3 0.4 0:02.89
716 5.3 0.4 0:02.97
716 11.1 0.4 0:03.07
716 4.8 0.4 0:03.16
716 11.1 0.4 0:03.27
716 10.0 0.4 0:03.38
716 5.3 0.4 0:03.47
716 11.1 0.4 0:03.57
716 5.6 0.4 0:03.66
716 5.6 0.4 0:03.76
716 10.5 0.4 0:03.86
716 16.7 0.4 0:03.96
716 11.1 0.4 0:04.06
716 16.7 0.4 0:04.16
716 5.3 0.4 0:04.25
716 5.3 0.4 0:04.35
716 16.7 0.4 0:04.47
716 0.0 0.4 0:04.55
716 21.1 0.4 0:04.67
716 10.0 0.4 0:04.78
716 8.7 0.4 0:04.88
716 10.5 0.4 0:04.97
716 15.0 0.4 0:05.08
716 5.3 0.4 0:05.16
716 10.0 0.4 0:05.27
716 22.2 0.4 0:05.37
716 5.6 0.4 0:05.46
716 10.0 0.4 0:05.56
716 15.8 0.4 0:05.65
716 5.6 0.4 0:05.73
716 10.0 0.4 0:05.84
716 10.0 0.4 0:05.93
716 5.3 0.4 0:06.02
716 5.3 0.4 0:06.11
716 15.8 0.4 0:06.23
716 15.0 0.4 0:06.36
716 5.3 0.4 0:06.44
716 5.3 0.4 0:06.53
716 5.0 0.4 0:06.63
716 5.3 0.4 0:06.72
716 16.7 0.4 0:06.84
716 5.3 0.4 0:06.94
716 9.1 0.4 0:07.04
716 10.0 0.4 0:07.13
716 14.3 0.4 0:07.23
716 5.3 0.4 0:07.32
716 27.8 0.4 0:07.44
716 10.5 0.4 0:07.53
716 10.5 0.4 0:07.63
716 5.3 0.4 0:07.72
716 11.1 0.4 0:07.83
716 11.1 0.4 0:07.94
716 10.5 0.4 0:08.04
716 15.0 0.4 0:08.15
716 10.0 0.4 0:08.28
716 10.0 0.4 0:08.38
716 5.0 0.4 0:08.47
716 10.5 0.4 0:08.57
716 5.0 0.4 0:08.65
5029 22.2 0.1 0:00.04
716 11.8 0.4 0:08.85
716 5.6 0.4 0:08.94
716 5.6 0.4 0:09.03
716 15.8 0.4 0:09.13
716 10.0 0.4 0:09.22
716 0.0 0.4 0:09.24
716 0.0 0.4 0:09.25
716 0.0 0.4 0:09.25
716 0.0 0.4 0:09.26
716 0.0 0.4 0:09.26
716 0.0 0.4 0:09.26
716 0.0 0.4 0:09.26
716 0.0 0.4 0:09.26
716 0.0 0.4 0:09.26
716 0.0 0.4 0:09.26
716 0.0 0.4 0:09.26
716 0.0 0.4 0:09.26
716 0.0 0.4 0:09.26
716 0.0 0.4 0:09.26
716 0.0 0.4 0:09.26
716 0.0 0.4 0:09.26
716 0.0 0.4 0:09.26
716 0.0 0.4 0:09.26
716 0.0 0.4 0:09.26
716 0.0 0.4 0:09.26
716 0.0 0.4 0:09.26
716 0.0 0.4 0:09.26
716 0.0 0.4 0:09.26
716 0.0 0.4 0:09.26
716 0.0 0.4 0:09.26
716 0.0 0.4 0:09.26
716 0.0 0.4 0:09.26
716 0.0 0.4 0:09.26
716 0.0 0.4 0:09.26
716 0.0 0.4 0:09.26
716 0.0 0.4 0:09.26
716 0.0 0.4 0:09.26
