716 0.0 0.4 1:48.04
716 5.3 0.4 1:48.09
716 5.6 0.4 1:48.12
716 4.5 0.4 1:48.17
716 5.6 0.4 1:48.21
716 4.3 0.4 1:48.27
716 5.6 0.4 1:48.31
716 0.0 0.4 1:48.35
716 5.6 0.4 1:48.39
716 11.1 0.4 1:48.44
716 5.0 0.4 1:48.49
716 5.6 0.4 1:48.53
716 5.0 0.4 1:48.58
716 11.1 0.4 1:48.63
716 9.1 0.4 1:48.68
716 0.0 0.4 1:48.71
716 0.0 0.4 1:48.75
716 0.0 0.4 1:48.80
716 0.0 0.4 1:48.84
716 5.6 0.4 1:48.88
716 5.6 0.4 1:48.92
716 5.6 0.4 1:48.96
716 5.0 0.4 1:49.01
716 5.9 0.4 1:49.06
716 0.0 0.4 1:49.10
716 11.8 0.4 1:49.16
716 5.6 0.4 1:49.20
716 5.9 0.4 1:49.25
716 5.6 0.4 1:49.28
716 5.3 0.4 1:49.33
716 5.3 0.4 1:49.37
716 0.0 0.4 1:49.41
716 0.0 0.4 1:49.46
716 0.0 0.4 1:49.52
716 5.6 0.4 1:49.57
716 5.0 0.4 1:49.61
716 5.3 0.4 1:49.66
716 11.1 0.4 1:49.71
716 5.6 0.4 1:49.75
716 4.3 0.4 1:49.80
716 9.1 0.4 1:49.85
716 0.0 0.4 1:49.88
716 5.6 0.4 1:49.93
716 5.3 0.4 1:49.97
716 11.1 0.4 1:50.02
716 0.0 0.4 1:50.07
716 5.3 0.4 1:50.11
716 5.6 0.4 1:50.15
716 4.2 0.4 1:50.20
716 10.0 0.4 1:50.26
716 4.8 0.4 1:50.31
716 9.1 0.4 1:50.35
9716 5.6 0.2 0:00.04
716 5.6 0.4 1:50.43
716 0.0 0.4 1:50.46
716 5.3 0.4 1:50.50
716 5.6 0.4 1:50.54
716 0.0 0.4 1:50.57
716 5.0 0.4 1:50.63
716 5.9 0.4 1:50.67
716 11.1 0.4 1:50.72
716 5.3 0.4 1:50.76
716 5.0 0.4 1:50.80
716 11.1 0.4 1:50.87
716 0.0 0.4 1:50.91
716 5.3 0.4 1:50.96
716 11.1 0.4 1:51.01
716 4.5 0.4 1:51.05
716 0.0 0.4 1:51.08
716 0.0 0.4 1:51.13
716 5.6 0.4 1:51.16
716 5.6 0.4 1:51.21
716 4.8 0.4 1:51.27
716 4.8 0.4 1:51.31
716 4.8 0.4 1:51.35
716 0.0 0.4 1:51.38
716 4.3 0.4 1:51.42
716 5.9 0.4 1:51.46
716 0.0 0.4 1:51.47
716 0.0 0.4 1:51.47
716 0.0 0.4 1:51.47
716 0.0 0.4 1:51.47
716 0.0 0.4 1:51.47
716 0.0 0.4 1:51.47
716 0.0 0.4 1:51.47
716 0.0 0.4 1:51.47
716 0.0 0.4 1:51.47
716 0.0 0.4 1:51.47
716 0.0 0.4 1:51.47
716 0.0 0.4 1:51.47
