2926 0.0 0.0 0:00.00
2926 0.0 0.0 0:00.00
2926 0.0 0.0 0:00.00
2926 0.0 0.0 0:00.00
2926 0.0 0.0 0:00.00
2926 0.0 0.0 0:00.00
2926 0.0 0.0 0:00.00
2926 0.0 0.0 0:00.00
2926 0.0 0.0 0:00.00
2926 0.0 0.0 0:00.00
2926 0.0 0.0 0:00.00
2926 0.0 0.0 0:00.00
2926 0.0 0.0 0:00.00
2926 0.0 0.0 0:00.00
2926 0.0 0.0 0:00.00
2926 0.0 0.0 0:00.00
2926 0.0 0.0 0:00.00
2926 0.0 0.0 0:00.00
2926 0.0 0.0 0:00.00
2926 0.0 0.0 0:00.00
2926 0.0 0.0 0:00.00
2926 0.0 0.0 0:00.00
2926 0.0 0.0 0:00.00
2926 0.0 0.0 0:00.00
2926 0.0 0.0 0:00.00
2926 0.0 0.0 0:00.00
2926 0.0 0.0 0:00.00
2926 0.0 0.0 0:00.00
2926 0.0 0.0 0:00.00
2926 0.0 0.0 0:00.00
2926 0.0 0.0 0:00.00
2926 0.0 0.0 0:00.00
2926 0.0 0.0 0:00.00
2926 0.0 0.0 0:00.00
2926 0.0 0.0 0:00.00
2926 0.0 0.0 0:00.00
2926 0.0 0.0 0:00.00
2926 0.0 0.0 0:00.00
2926 0.0 0.0 0:00.00
2926 0.0 0.0 0:00.00
2926 0.0 0.0 0:00.00
2926 0.0 0.0 0:00.00
2926 0.0 0.0 0:00.00
2926 0.0 0.0 0:00.00
2926 0.0 0.0 0:00.00
2926 0.0 0.0 0:00.00
2926 0.0 0.0 0:00.00
2926 0.0 0.0 0:00.00
2926 0.0 0.0 0:00.00
2926 0.0 0.0 0:00.00
2926 0.0 0.0 0:00.00
2926 0.0 0.0 0:00.00
2926 0.0 0.0 0:00.00
2926 0.0 0.0 0:00.00
2926 0.0 0.0 0:00.00
2926 0.0 0.0 0:00.00
2926 0.0 0.0 0:00.00
2926 0.0 0.0 0:00.00
2926 0.0 0.0 0:00.00
2926 0.0 0.0 0:00.00
2926 0.0 0.0 0:00.00
2926 0.0 0.0 0:00.00
2926 0.0 0.0 0:00.00
2926 0.0 0.0 0:00.00
2926 0.0 0.0 0:00.00
2926 0.0 0.0 0:00.00
2926 0.0 0.0 0:00.00
2926 0.0 0.0 0:00.00
2926 0.0 0.0 0:00.00
2926 0.0 0.0 0:00.00
2926 0.0 0.0 0:00.00
2926 0.0 0.0 0:00.00
2926 0.0 0.0 0:00.00
2926 0.0 0.0 0:00.00
2926 0.0 0.0 0:00.00
2926 0.0 0.0 0:00.00
2926 0.0 0.0 0:00.00
2926 0.0 0.0 0:00.00
2926 0.0 0.0 0:00.00
2926 0.0 0.0 0:00.00
2926 0.0 0.0 0:00.00
2926 0.0 0.0 0:00.00
2926 0.0 0.0 0:00.00
2926 0.0 0.0 0:00.00
2926 0.0 0.0 0:00.00
2926 0.0 0.0 0:00.00
2926 0.0 0.0 0:00.00
2926 0.0 0.0 0:00.00
2926 0.0 0.0 0:00.00
2926 0.0 0.0 0:00.00
2926 0.0 0.0 0:00.00
2926 0.0 0.0 0:00.00
2926 0.0 0.0 0:00.00
2926 0.0 0.0 0:00.00
2926 0.0 0.0 0:00.00
2926 0.0 0.0 0:00.00
2926 0.0 0.0 0:00.00
2926 0.0 0.0 0:00.00
2926 0.0 0.0 0:00.00
2926 0.0 0.0 0:00.00
2926 0.0 0.0 0:00.00
2926 0.0 0.0 0:00.00
2926 0.0 0.0 0:00.00
2926 0.0 0.0 0:00.00
2926 0.0 0.0 0:00.00
2926 0.0 0.0 0:00.00
2926 0.0 0.0 0:00.00
2926 0.0 0.0 0:00.00
2926 0.0 0.0 0:00.00
2926 0.0 0.0 0:00.00
2926 0.0 0.0 0:00.00
2926 0.0 0.0 0:00.00
2926 0.0 0.0 0:00.00
2926 0.0 0.0 0:00.00
2926 0.0 0.0 0:00.00
2926 0.0 0.0 0:00.00
2926 0.0 0.0 0:00.00
2926 0.0 0.0 0:00.00
2926 0.0 0.0 0:00.00
2926 0.0 0.0 0:00.00
2926 0.0 0.0 0:00.00
2926 0.0 0.0 0:00.00
29260 0.0 0.0 0:00.00
29262 0.0 0.0 0:00.00
2926 0.0 0.0 0:00.00
2926 0.0 0.0 0:00.00
