2927 0.0 0.3 15:34.20
2927 5.6 0.3 15:34.25
2927 0.0 0.3 15:34.29
2927 15.8 0.3 15:34.46
2927 5.3 0.3 15:34.56
2927 10.0 0.3 15:34.68
2927 5.3 0.3 15:34.95
2927 0.0 0.3 15:35.01
2927 42.9 0.3 15:35.26
2927 10.5 0.3 15:35.40
2927 5.3 0.3 15:35.54
2927 5.3 0.3 15:35.72
2927 5.3 0.3 15:35.78
2927 5.3 0.3 15:35.92
2927 22.2 0.3 15:36.04
2927 5.0 0.3 15:36.17
2927 5.3 0.3 15:36.25
2927 11.1 0.3 15:36.32
2927 9.5 0.3 15:36.50
2927 5.0 0.3 15:36.61
2927 14.3 0.3 15:36.78
2927 38.9 0.3 15:36.93
2927 22.7 0.3 15:37.08
2927 5.3 0.3 15:37.16
2927 5.3 0.3 15:37.26
2927 10.5 0.3 15:37.48
2927 5.3 0.3 15:37.61
2927 15.0 0.3 15:37.78
2927 10.5 0.3 15:37.87
2927 11.1 0.3 15:37.98
2927 26.3 0.3 15:38.18
2927 10.5 0.3 15:38.29
2927 42.1 0.3 15:38.54
2927 22.2 0.3 15:38.67
2927 21.1 0.3 15:38.80
2927 10.5 0.4 15:38.99
2927 10.0 0.3 15:39.11
2927 16.7 0.3 15:39.28
2927 5.0 0.3 15:39.40
2927 20.0 0.3 15:39.53
2927 10.5 0.3 15:39.72
2927 15.8 0.3 15:39.85
2927 10.0 0.3 15:40.03
2927 10.5 0.3 15:40.15
2927 15.8 0.3 15:40.28
2927 5.3 0.3 15:40.44
2927 5.3 0.3 15:40.69
2927 22.2 0.3 15:40.87
2927 5.6 0.3 15:40.98
2927 15.8 0.3 15:41.13
2927 5.3 0.3 15:41.29
2927 5.3 0.3 15:41.39
2927 40.0 0.3 15:41.62
2927 15.8 0.3 15:41.77
2927 15.8 0.3 15:41.89
2927 5.3 0.3 15:42.06
2927 10.0 0.3 15:42.18
2927 19.0 0.3 15:42.39
2927 10.5 0.3 15:42.60
2927 15.8 0.3 15:42.75
2927 16.7 0.4 15:42.93
2927 15.0 0.4 15:43.03
2927 21.1 0.4 15:43.25
2927 22.2 0.4 15:43.40
2927 21.1 0.4 15:43.58
2927 5.6 0.4 15:43.70
2927 5.3 0.4 15:43.80
2927 10.5 0.4 15:44.02
2927 27.6 0.4 15:44.46
2927 8.6 0.4 15:44.63
2927 8.7 0.4 15:44.76
2927 17.4 0.4 15:44.99
2927 33.3 0.4 15:45.34
2927 9.5 0.4 15:45.56
2927 10.5 0.4 15:45.74
2927 13.6 0.4 15:45.90
2927 5.0 0.4 15:46.08
2927 10.5 0.4 15:46.21
2927 14.3 0.4 15:46.42
2927 10.5 0.4 15:46.61
2927 21.7 0.4 15:46.78
2927 10.5 0.4 15:46.96
2927 10.0 0.4 15:47.22
2927 15.0 0.4 15:47.40
2927 14.3 0.4 15:47.54
2927 13.6 0.4 15:47.71
2927 9.5 0.4 15:47.89
2927 13.6 0.4 15:48.07
2927 8.7 0.4 15:48.25
2927 10.0 0.4 15:48.38
2927 13.0 0.4 15:48.59
2927 10.5 0.4 15:48.73
2927 9.5 0.4 15:48.96
2927 10.7 0.4 15:49.16
2927 15.0 0.4 15:49.29
2927 18.2 0.4 15:49.51
2927 10.0 0.4 15:49.66
2927 14.3 0.4 15:49.87
2927 5.0 0.4 15:50.02
2927 9.5 0.4 15:50.24
2927 9.1 0.4 15:50.43
2927 10.0 0.4 15:50.58
2927 9.1 0.4 15:50.78
2927 11.1 0.4 15:50.95
2927 15.0 0.4 15:51.12
2927 10.0 0.4 15:51.29
2927 10.5 0.4 15:51.44
2927 10.5 0.4 15:51.64
2927 11.1 0.4 15:51.78
2927 16.7 0.4 15:51.95
2927 26.3 0.4 15:52.12
2927 10.0 0.4 15:52.34
2927 10.0 0.4 15:52.50
2927 11.1 0.4 15:52.67
2927 10.5 0.4 15:52.91
2927 10.0 0.4 15:53.07
2927 13.6 0.4 15:53.20
2927 16.7 0.4 15:53.40
2927 13.6 0.4 15:53.57
2927 15.0 0.4 15:53.76
2927 10.0 0.4 15:53.92
2927 10.0 0.4 15:54.09
2927 15.0 0.4 15:54.24
2927 15.8 0.4 15:54.37
2927 10.5 0.4 15:54.54
2927 9.5 0.4 15:54.68
2927 17.4 0.4 15:54.87
2927 25.0 0.4 15:55.07
2927 15.8 0.4 15:55.32
2927 4.3 0.4 15:55.51
2927 10.0 0.4 15:55.65
2927 8.3 0.4 15:55.83
2927 15.0 0.4 15:55.98
2927 20.0 0.4 15:56.15
2927 4.8 0.4 15:56.32
2927 13.6 0.4 15:56.48
2927 8.7 0.4 15:56.68
2927 18.2 0.4 15:56.85
2927 13.0 0.4 15:57.03
2927 5.0 0.4 15:57.16
2927 13.6 0.4 15:57.31
2927 11.5 0.4 15:57.50
2927 21.1 0.4 15:57.64
2927 18.2 0.4 15:57.83
2927 10.0 0.4 15:57.98
2927 14.3 0.4 15:58.16
2927 13.0 0.4 15:58.35
2927 14.3 0.4 15:58.49
2927 13.6 0.4 15:58.67
2927 26.3 0.4 15:58.84
2927 9.1 0.4 15:59.03
2927 9.1 0.4 15:59.26
2927 13.6 0.4 15:59.42
2927 9.1 0.4 15:59.59
2927 7.7 0.4 15:59.78
2927 12.0 0.4 15:59.95
2927 13.6 0.4 16:00.09
2927 21.1 0.4 16:00.29
2927 16.7 0.4 16:00.47
2927 21.1 0.4 16:00.66
2927 5.3 0.4 16:00.85
2927 10.5 0.4 16:00.96
2927 22.7 0.4 16:01.13
2927 15.0 0.4 16:01.31
2927 29.2 0.4 16:01.57
2927 21.1 0.4 16:01.79
2927 9.1 0.4 16:01.94
2927 10.0 0.4 16:02.16
2927 36.8 0.4 16:02.38
2927 21.1 0.4 16:02.54
2927 26.3 0.4 16:02.72
2927 9.1 0.4 16:02.92
2927 20.0 0.4 16:03.09
2927 20.0 0.4 16:03.23
2927 10.5 0.4 16:03.36
2927 20.0 0.4 16:03.52
2927 9.5 0.4 16:03.68
2927 16.7 0.4 16:03.84
2927 15.8 0.4 16:03.97
2927 15.8 0.4 16:04.12
2927 10.5 0.4 16:04.26
2927 15.8 0.4 16:04.41
2927 15.8 0.4 16:04.55
2927 21.1 0.4 16:04.69
2927 28.6 0.4 16:04.89
2927 26.3 0.4 16:05.07
2927 25.0 0.4 16:05.30
2927 23.8 0.4 16:05.53
2927 10.5 0.4 16:05.65
2927 10.0 0.4 16:05.84
2927 10.0 0.4 16:05.97
2927 5.3 0.4 16:06.12
2927 26.3 0.4 16:06.32
2927 19.0 0.4 16:06.48
2927 10.0 0.4 16:06.63
2927 10.5 0.4 16:06.78
2927 5.0 0.4 16:06.91
2927 9.5 0.4 16:07.06
2927 11.1 0.4 16:07.19
2927 15.0 0.4 16:07.38
2927 35.0 0.4 16:07.60
2927 15.0 0.4 16:07.80
2927 10.0 0.4 16:07.99
2927 10.5 0.4 16:08.12
2927 15.0 0.4 16:08.30
2927 20.0 0.4 16:08.45
2927 11.1 0.4 16:08.56
2927 15.0 0.4 16:08.72
2927 21.1 0.4 16:08.87
2927 10.5 0.4 16:09.01
2927 21.1 0.4 16:09.16
2927 10.5 0.4 16:09.32
2927 9.5 0.4 16:09.46
2927 5.3 0.4 16:09.64
2927 15.0 0.4 16:09.83
2927 5.3 0.4 16:09.97
2927 16.7 0.4 16:10.14
2927 30.4 0.4 16:10.40
2927 10.5 0.4 16:10.56
2927 31.6 0.4 16:10.80
2927 20.0 0.4 16:10.98
2927 10.5 0.4 16:11.13
2927 15.8 0.4 16:11.30
2927 20.0 0.4 16:11.48
2927 10.5 0.4 16:11.65
2927 5.0 0.4 16:11.82
2927 10.0 0.4 16:11.95
2927 10.5 0.4 16:12.13
2927 10.5 0.4 16:12.26
2927 10.0 0.4 16:12.43
2927 10.5 0.4 16:12.56
2927 5.0 0.4 16:12.72
2927 15.0 0.4 16:12.86
2927 15.0 0.4 16:13.00
2927 10.5 0.4 16:13.17
2927 33.3 0.4 16:13.35
2927 10.0 0.4 16:13.48
2927 26.3 0.4 16:13.66
2927 21.1 0.4 16:13.81
2927 10.5 0.4 16:13.96
2927 10.5 0.4 16:14.08
2927 15.8 0.4 16:14.20
2927 11.1 0.4 16:14.36
2927 10.0 0.4 16:14.47
2927 0.0 0.4 16:14.51
