2927 11.1 0.3 24:26.09
2927 21.1 0.3 24:26.25
2927 22.2 0.3 24:26.37
2927 10.5 0.3 24:26.48
2927 5.0 0.3 24:26.59
2927 15.8 0.3 24:26.75
2927 10.0 0.3 24:26.88
2927 10.5 0.3 24:27.02
2927 10.0 0.3 24:27.19
2927 5.3 0.3 24:27.31
2927 15.8 0.3 24:27.47
2927 5.6 0.3 24:27.63
2927 10.5 0.3 24:27.76
2927 5.3 0.3 24:27.92
2927 10.5 0.3 24:28.08
2927 10.5 0.3 24:28.21
2927 10.5 0.3 24:28.35
2927 15.0 0.3 24:28.48
2927 22.2 0.3 24:28.64
2927 10.5 0.3 24:28.81
2927 31.6 0.3 24:28.97
2927 5.6 0.3 24:29.07
2927 5.3 0.3 24:29.21
2927 31.6 0.3 24:29.40
2927 10.5 0.3 24:29.53
2927 11.1 0.3 24:29.68
2927 15.0 0.3 24:29.84
2927 10.5 0.3 24:30.01
2927 21.1 0.3 24:30.18
2927 25.0 0.3 24:30.35
2927 13.0 0.3 24:30.51
2927 9.5 0.3 24:30.66
2927 15.0 0.3 24:30.84
2927 15.0 0.3 24:30.97
2927 25.0 0.3 24:31.12
2927 10.5 0.3 24:31.23
2927 21.1 0.3 24:31.38
2927 5.3 0.3 24:31.53
2927 10.5 0.3 24:31.70
2927 10.5 0.3 24:31.91
2927 5.0 0.3 24:32.08
2927 21.1 0.3 24:32.27
2927 5.3 0.3 24:32.44
2927 15.8 0.3 24:32.61
2927 15.8 0.3 24:32.74
2927 16.7 0.3 24:32.86
2927 15.8 0.3 24:33.02
2927 20.0 0.3 24:33.24
2927 33.3 0.3 24:33.44
2927 21.1 0.3 24:33.64
2927 10.5 0.3 24:33.79
2927 15.0 0.3 24:33.95
2927 36.8 0.3 24:34.13
2927 10.5 0.3 24:34.27
2927 15.8 0.3 24:34.45
2927 42.1 0.3 24:34.65
2927 10.0 0.3 24:34.81
2927 45.0 0.3 24:35.02
2927 10.5 0.3 24:35.17
2927 10.0 0.3 24:35.31
2927 21.1 0.3 24:35.53
2927 15.8 0.3 24:35.70
2927 9.5 0.3 24:35.81
2927 22.2 0.3 24:35.94
2927 26.3 0.3 24:36.09
2927 10.5 0.3 24:36.24
2927 5.6 0.3 24:36.36
2927 10.5 0.3 24:36.57
2927 10.0 0.3 24:36.73
2927 15.0 0.3 24:36.91
2927 31.6 0.3 24:37.08
2927 30.0 0.3 24:37.32
2927 16.7 0.3 24:37.56
2927 15.8 0.3 24:37.69
2927 20.0 0.3 24:37.83
2927 15.8 0.3 24:37.95
2927 5.0 0.3 24:38.08
2927 19.0 0.3 24:38.24
2927 15.8 0.3 24:38.42
2927 11.1 0.3 24:38.58
2927 23.8 0.3 24:38.75
2927 52.4 0.3 24:38.98
2927 17.4 0.3 24:39.16
2927 10.5 0.3 24:39.33
2927 15.8 0.3 24:39.52
2927 15.8 0.3 24:39.69
2927 36.8 0.3 24:39.87
2927 5.0 0.3 24:40.08
2927 11.1 0.3 24:40.28
2927 20.0 0.3 24:40.43
2927 21.1 0.3 24:40.61
2927 15.8 0.3 24:40.78
2927 15.8 0.3 24:41.01
2927 26.3 0.3 24:41.17
2927 21.1 0.3 24:41.36
2927 11.1 0.3 24:41.48
2927 10.0 0.3 24:41.62
2927 11.1 0.3 24:41.76
2927 10.5 0.3 24:41.89
2927 10.0 0.3 24:42.03
2927 15.8 0.3 24:42.20
2927 42.1 0.3 24:42.39
2927 20.0 0.3 24:42.57
2927 21.1 0.3 24:42.73
2927 31.6 0.3 24:42.94
2927 10.5 0.3 24:43.06
2927 11.1 0.3 24:43.22
2927 5.0 0.3 24:43.33
