2927 5.3 0.3 25:00.24
2927 10.5 0.3 25:00.32
2927 10.0 0.3 25:00.42
2927 15.8 0.3 25:00.64
2927 10.5 0.3 25:00.73
2927 11.1 0.3 25:00.80
2927 15.0 0.3 25:00.95
2927 22.2 0.3 25:01.12
2927 10.5 0.3 25:01.27
2927 10.5 0.3 25:01.43
2927 33.3 0.3 25:01.62
2927 10.0 0.3 25:01.77
2927 36.8 0.3 25:01.96
2927 31.6 0.3 25:02.17
2927 10.0 0.3 25:02.37
2927 16.7 0.3 25:02.51
2927 31.6 0.3 25:02.67
2927 15.0 0.3 25:02.80
2927 20.0 0.3 25:02.93
2927 26.3 0.3 25:03.07
2927 31.6 0.3 25:03.25
2927 10.5 0.3 25:03.38
2927 20.0 0.3 25:03.62
2927 21.1 0.3 25:03.78
2927 10.5 0.3 25:03.94
2927 10.5 0.3 25:04.08
2927 10.5 0.3 25:04.20
2927 10.5 0.3 25:04.36
2927 11.1 0.3 25:04.52
2927 10.5 0.3 25:04.66
2927 16.7 0.3 25:04.80
2927 21.1 0.3 25:04.94
2927 9.5 0.3 25:05.08
2927 8.0 0.3 25:05.24
2927 6.2 0.3 25:05.45
2927 13.6 0.3 25:05.64
2927 10.0 0.3 25:05.81
2927 23.1 0.3 25:06.04
2927 10.5 0.3 25:06.16
2927 15.8 0.3 25:06.33
2927 27.8 0.3 25:06.48
2927 21.1 0.3 25:06.63
2927 15.8 0.3 25:06.79
2927 21.1 0.3 25:06.94
2927 5.0 0.3 25:07.06
2927 5.0 0.3 25:07.18
2927 10.0 0.3 25:07.30
2927 21.1 0.3 25:07.47
2927 10.5 0.3 25:07.59
2927 36.8 0.3 25:07.79
2927 15.8 0.3 25:07.98
2927 15.0 0.3 25:08.12
2927 9.5 0.3 25:08.33
2927 16.7 0.3 25:08.46
2927 16.7 0.3 25:08.61
2927 11.8 0.3 25:08.73
2927 15.8 0.3 25:08.86
2927 10.5 0.3 25:08.98
2927 26.3 0.3 25:09.15
2927 10.5 0.3 25:09.30
2927 31.6 0.3 25:09.49
2927 10.5 0.3 25:09.65
2927 10.5 0.3 25:09.77
2927 10.5 0.3 25:09.91
2927 26.3 0.3 25:10.11
2927 21.1 0.3 25:10.26
2927 10.5 0.3 25:10.48
2927 10.5 0.3 25:10.64
2927 10.0 0.3 25:10.77
2927 15.8 0.3 25:10.92
2927 10.5 0.3 25:11.05
2927 27.8 0.3 25:11.23
2927 10.5 0.3 25:11.37
2927 15.0 0.3 25:11.51
2927 15.8 0.3 25:11.68
2927 16.7 0.3 25:11.84
2927 5.3 0.3 25:12.02
2927 5.3 0.3 25:12.19
2927 21.1 0.3 25:12.34
2927 28.6 0.3 25:12.54
2927 21.1 0.3 25:12.73
2927 27.8 0.3 25:12.92
2927 22.2 0.3 25:13.09
2927 10.5 0.3 25:13.28
2927 10.5 0.3 25:13.45
2927 13.0 0.3 25:13.67
2927 10.0 0.3 25:13.80
2927 14.3 0.3 25:13.95
2927 5.3 0.3 25:14.11
2927 10.0 0.3 25:14.24
2927 22.2 0.3 25:14.39
2927 10.5 0.3 25:14.50
2927 16.7 0.3 25:14.64
2927 10.0 0.3 25:14.77
2927 11.1 0.3 25:14.92
2927 10.0 0.3 25:15.08
2927 10.5 0.3 25:15.25
2927 11.1 0.3 25:15.37
2927 15.0 0.3 25:15.53
2927 15.8 0.3 25:15.68
2927 15.8 0.3 25:15.90
2927 15.8 0.3 25:16.02
2927 10.5 0.3 25:16.23
2927 10.5 0.3 25:16.37
2927 10.0 0.3 25:16.51
2927 10.5 0.3 25:16.67
2927 10.5 0.3 25:16.79
