2927 5.3 0.2 29:06.43
2927 25.0 0.2 29:06.63
2927 15.8 0.2 29:06.77
2927 10.5 0.2 29:06.90
2927 15.8 0.2 29:07.04
2927 26.3 0.2 29:07.22
2927 27.8 0.2 29:07.38
2927 20.0 0.2 29:07.55
2927 8.7 0.2 29:07.70
2927 16.0 0.2 29:07.93
2927 38.9 0.2 29:08.17
2927 5.0 0.2 29:08.33
2927 10.5 0.2 29:08.48
2927 27.8 0.2 29:08.66
2927 31.6 0.2 29:08.86
2927 22.2 0.2 29:09.04
2927 22.2 0.2 29:09.22
2927 21.1 0.2 29:09.41
2927 10.5 0.2 29:09.59
2927 10.0 0.2 29:09.74
2927 45.0 0.2 29:09.94
2927 25.0 0.2 29:10.09
2927 20.0 0.2 29:10.24
2927 10.5 0.2 29:10.39
2927 10.5 0.2 29:10.54
2927 11.1 0.2 29:10.69
2927 10.5 0.2 29:10.84
2927 10.0 0.2 29:10.99
2927 15.0 0.2 29:11.17
2927 21.1 0.2 29:11.32
2927 10.5 0.2 29:11.45
2927 11.1 0.2 29:11.63
2927 30.0 0.2 29:11.82
2927 15.0 0.2 29:11.98
2927 5.3 0.2 29:12.11
2927 27.8 0.2 29:12.26
2927 21.1 0.2 29:12.45
2927 22.2 0.2 29:12.68
2927 20.0 0.2 29:12.86
2927 22.2 0.2 29:13.05
2927 15.8 0.2 29:13.23
2927 20.0 0.2 29:13.38
2927 5.0 0.2 29:13.53
2927 15.0 0.2 29:13.68
2927 33.3 0.2 29:13.84
2927 10.5 0.2 29:14.02
2927 21.1 0.2 29:14.16
2927 15.8 0.2 29:14.31
2927 21.1 0.2 29:14.48
2927 15.8 0.2 29:14.65
2927 20.0 0.2 29:14.83
2927 42.9 0.2 29:15.08
2927 15.8 0.2 29:15.27
2927 11.1 0.2 29:15.40
2927 42.1 0.2 29:15.60
2927 15.8 0.2 29:15.79
2927 11.1 0.2 29:15.91
2927 10.0 0.2 29:16.03
2927 22.2 0.2 29:16.20
2927 13.3 0.2 29:16.41
2927 25.0 0.2 29:16.61
2927 21.1 0.2 29:16.79
2927 35.0 0.2 29:17.00
2927 15.0 0.2 29:17.16
2927 15.0 0.2 29:17.33
2927 15.8 0.2 29:17.49
2927 15.8 0.2 29:17.66
2927 30.0 0.2 29:17.85
2927 10.5 0.2 29:18.05
2927 15.8 0.2 29:18.23
2927 11.1 0.2 29:18.36
2927 5.3 0.2 29:18.50
2927 11.1 0.2 29:18.66
2927 26.3 0.2 29:18.86
2927 22.2 0.2 29:19.02
