2927 45.0 0.4 5:57.18
2927 15.8 0.4 5:57.31
2927 26.3 0.4 5:57.43
2927 15.0 0.4 5:57.55
2927 0.0 0.4 5:57.61
2927 22.2 0.4 5:57.84
2927 21.1 0.4 5:58.00
2927 5.0 0.4 5:58.12
2927 15.0 0.4 5:58.25
2927 15.8 0.4 5:58.40
2927 15.8 0.4 5:58.57
2927 15.0 0.4 5:58.71
2927 16.7 0.4 5:58.86
2927 11.1 0.4 5:59.07
2927 15.0 0.4 5:59.21
2927 10.5 0.4 5:59.33
2927 15.8 0.4 5:59.47
2927 16.7 0.4 5:59.62
2927 15.0 0.4 5:59.76
2927 21.1 0.4 5:59.91
2927 11.1 0.4 6:00.03
2927 10.5 0.4 6:00.16
2927 21.1 0.4 6:00.31
2927 15.8 0.4 6:00.47
2927 16.7 0.4 6:00.63
2927 10.5 0.4 6:00.76
2927 15.8 0.4 6:00.91
2927 10.5 0.4 6:01.06
2927 10.5 0.4 6:01.19
2927 33.3 0.4 6:01.37
2927 26.3 0.4 6:01.54
2927 10.5 0.4 6:01.68
2927 5.0 0.4 6:01.85
2927 21.1 0.4 6:02.01
2927 27.8 0.4 6:02.16
2927 20.0 0.4 6:02.31
2927 25.0 0.4 6:02.48
2927 21.1 0.4 6:02.66
2927 15.8 0.4 6:02.79
2927 27.8 0.4 6:02.95
2927 10.0 0.4 6:03.08
2927 20.0 0.4 6:03.25
2927 27.8 0.4 6:03.45
2927 16.7 0.4 6:03.57
2927 15.8 0.4 6:03.76
2927 9.5 0.4 6:03.94
2927 9.5 0.4 6:04.13
2927 15.8 0.4 6:04.27
2927 14.3 0.4 6:04.44
2927 5.3 0.4 6:04.69
2927 31.6 0.4 6:04.86
2927 15.8 0.4 6:04.99
2927 21.1 0.4 6:05.20
2927 10.5 0.4 6:05.34
2927 21.1 0.4 6:05.49
2927 15.8 0.4 6:05.64
2927 15.0 0.4 6:05.78
2927 21.1 0.4 6:05.94
2927 22.2 0.4 6:06.11
2927 11.1 0.4 6:06.25
2927 15.8 0.4 6:06.44
2927 25.0 0.4 6:06.63
2927 15.0 0.4 6:06.77
2927 22.2 0.4 6:06.92
2927 11.1 0.4 6:07.06
2927 21.1 0.4 6:07.21
2927 10.0 0.4 6:07.36
2927 10.0 0.4 6:07.51
2927 27.8 0.4 6:07.66
2927 20.0 0.4 6:07.81
2927 10.0 0.4 6:08.01
2927 15.8 0.4 6:08.14
2927 15.8 0.4 6:08.29
2927 10.0 0.4 6:08.42
2927 15.0 0.4 6:08.58
2927 15.8 0.4 6:08.77
2927 10.0 0.4 6:08.91
12927 0.0 0.0 0:00.00
2927 15.8 0.4 6:09.22
2927 5.0 0.4 6:09.34
2927 11.1 0.4 6:09.47
2927 21.1 0.4 6:09.64
2927 15.0 0.4 6:09.79
2927 21.1 0.4 6:09.97
2927 10.5 0.4 6:10.11
2927 10.5 0.4 6:10.23
2927 26.3 0.4 6:10.41
2927 31.6 0.4 6:10.63
2927 15.8 0.4 6:10.77
2927 27.8 0.4 6:10.95
2927 5.3 0.4 6:11.09
2927 15.2 0.4 6:11.33
2927 13.3 0.4 6:11.55
2927 10.7 0.4 6:11.74
2927 15.8 0.4 6:11.94
2927 10.0 0.4 6:12.08
2927 9.5 0.4 6:12.25
2927 16.7 0.4 6:12.38
2927 15.0 0.4 6:12.58
2927 19.0 0.4 6:12.75
2927 15.0 0.4 6:12.93
2927 12.5 0.4 6:13.10
2927 9.5 0.4 6:13.25
2927 10.0 0.4 6:13.42
2927 10.0 0.4 6:13.57
2927 9.1 0.4 6:13.75
2927 14.3 0.4 6:13.92
2927 9.5 0.4 6:14.08
2927 19.0 0.4 6:14.27
2927 15.8 0.4 6:14.50
2927 26.3 0.4 6:14.66
2927 14.3 0.4 6:14.84
2927 8.7 0.4 6:15.00
2927 11.1 0.4 6:15.16
2927 15.8 0.4 6:15.34
2927 12.0 0.4 6:15.51
2927 8.7 0.4 6:15.67
2927 8.7 0.4 6:15.83
2927 11.1 0.4 6:16.02
2927 20.0 0.4 6:16.17
2927 10.5 0.4 6:16.32
2927 9.1 0.4 6:16.49
2927 15.0 0.4 6:16.65
2927 14.3 0.4 6:16.86
2927 9.5 0.4 6:17.01
2927 5.3 0.4 6:17.16
2927 9.5 0.4 6:17.31
2927 13.6 0.4 6:17.47
2927 13.6 0.4 6:17.64
2927 10.5 0.4 6:17.80
2927 17.4 0.4 6:17.98
2927 15.8 0.4 6:18.13
2927 10.5 0.4 6:18.27
2927 10.5 0.4 6:18.41
2927 20.0 0.4 6:18.65
2927 15.8 0.4 6:18.81
2927 10.0 0.4 6:18.97
2927 10.0 0.4 6:19.14
2927 21.1 0.4 6:19.28
2927 11.1 0.4 6:19.44
2927 9.1 0.4 6:19.60
2927 16.0 0.4 6:19.79
2927 10.5 0.4 6:19.99
2927 10.5 0.4 6:20.12
2927 26.3 0.4 6:20.35
2927 15.0 0.4 6:20.50
2927 15.8 0.4 6:20.66
2927 10.5 0.4 6:20.82
2927 15.0 0.4 6:20.97
2927 10.0 0.4 6:21.10
2927 13.6 0.4 6:21.26
2927 10.5 0.4 6:21.45
2927 21.1 0.4 6:21.62
2927 10.5 0.4 6:21.74
2927 30.0 0.4 6:21.92
2927 15.0 0.4 6:22.10
2927 15.8 0.4 6:22.29
2927 10.0 0.4 6:22.48
2927 10.7 0.4 6:22.65
2927 21.1 0.4 6:22.81
2927 14.3 0.4 6:22.98
2927 25.0 0.4 6:23.16
2927 12.5 0.4 6:23.32
2927 18.2 0.4 6:23.49
2927 14.3 0.4 6:23.63
2927 9.5 0.4 6:23.77
2927 15.8 0.4 6:23.93
2927 10.5 0.4 6:24.09
2927 9.5 0.4 6:24.26
2927 15.0 0.4 6:24.41
2927 15.0 0.4 6:24.60
2927 13.0 0.4 6:24.79
2927 14.3 0.4 6:24.96
2927 13.0 0.4 6:25.12
2927 13.0 0.4 6:25.28
2927 15.0 0.4 6:25.45
2927 13.6 0.4 6:25.62
2927 12.5 0.4 6:25.79
2927 15.0 0.4 6:25.95
2927 10.0 0.4 6:26.08
2927 15.0 0.4 6:26.25
2927 10.0 0.4 6:26.41
2927 9.1 0.4 6:26.58
2927 9.5 0.4 6:26.75
2927 13.0 0.4 6:26.91
2927 20.0 0.4 6:27.08
2927 10.0 0.4 6:27.24
2927 13.6 0.4 6:27.43
2927 11.8 0.4 6:27.62
2927 8.3 0.4 6:27.78
2927 8.3 0.4 6:27.96
2927 10.5 0.4 6:28.13
2927 15.8 0.4 6:28.30
2927 14.8 0.4 6:28.50
2927 13.6 0.4 6:28.64
2927 31.6 0.4 6:28.83
2927 10.5 0.4 6:28.98
2927 10.0 0.4 6:29.14
2927 11.1 0.4 6:29.26
2927 15.8 0.4 6:29.42
2927 10.0 0.4 6:29.57
2927 15.0 0.4 6:29.75
2927 13.0 0.4 6:29.93
2927 15.0 0.4 6:30.09
2927 15.0 0.4 6:30.23
2927 10.5 0.4 6:30.40
2927 15.8 0.4 6:30.55
2927 10.5 0.4 6:30.69
2927 10.5 0.4 6:30.82
2927 15.8 0.4 6:30.96
2927 21.1 0.4 6:31.12
2927 21.1 0.4 6:31.28
2927 9.5 0.4 6:31.42
2927 9.5 0.4 6:31.56
2927 10.0 0.4 6:31.72
2927 20.0 0.4 6:31.88
2927 15.0 0.4 6:32.08
2927 21.1 0.4 6:32.24
2927 22.2 0.4 6:32.40
2927 15.8 0.4 6:32.55
2927 11.1 0.4 6:32.69
2927 15.8 0.4 6:32.82
2927 26.3 0.4 6:32.98
2927 22.2 0.4 6:33.14
2927 21.1 0.4 6:33.29
2927 20.0 0.4 6:33.45
2927 10.5 0.4 6:33.58
2927 20.0 0.4 6:33.77
2927 30.0 0.4 6:33.94
2927 27.8 0.4 6:34.10
2927 16.7 0.4 6:34.27
2927 13.6 0.4 6:34.45
2927 10.0 0.4 6:34.58
2927 15.0 0.4 6:34.72
2927 21.1 0.4 6:34.92
2927 15.0 0.4 6:35.06
2927 5.6 0.4 6:35.20
2927 10.5 0.4 6:35.32
2927 10.5 0.4 6:35.45
2927 13.0 0.4 6:35.65
2927 13.6 0.4 6:35.84
2927 15.0 0.4 6:36.02
2927 15.8 0.4 6:36.17
2927 26.3 0.4 6:36.35
2927 10.0 0.4 6:36.48
2927 10.5 0.4 6:36.66
2927 35.0 0.4 6:36.89
2927 15.8 0.4 6:37.03
2927 20.0 0.4 6:37.19
2927 25.0 0.4 6:37.36
2927 15.0 0.4 6:37.50
2927 15.0 0.4 6:37.64
2927 15.8 0.4 6:37.85
2927 5.0 0.4 6:37.99
2927 10.0 0.4 6:38.14
2927 10.0 0.4 6:38.32
2927 10.5 0.4 6:38.47
2927 15.8 0.4 6:38.61
2927 11.1 0.4 6:38.73
2927 15.8 0.4 6:38.88
2927 26.3 0.4 6:39.05
2927 10.5 0.4 6:39.18
2927 20.0 0.4 6:39.34
2927 20.0 0.4 6:39.48
2927 19.0 0.4 6:39.64
2927 15.8 0.4 6:39.77
2927 10.5 0.4 6:39.91
2927 10.5 0.4 6:40.04
2927 15.0 0.4 6:40.18
2927 23.8 0.4 6:40.35
2927 23.8 0.4 6:40.51
2927 10.0 0.4 6:40.69
2927 10.0 0.4 6:40.86
2927 5.0 0.4 6:40.99
2927 21.1 0.4 6:41.13
2927 10.5 0.4 6:41.30
2927 21.1 0.4 6:41.46
2927 20.0 0.4 6:41.64
2927 10.0 0.4 6:41.77
2927 10.0 0.4 6:41.95
2927 25.0 0.4 6:42.14
2927 15.8 0.4 6:42.29
2927 20.0 0.4 6:42.44
2927 10.5 0.4 6:42.60
2927 15.8 0.4 6:42.78
2927 20.0 0.4 6:42.97
2927 10.0 0.4 6:43.13
2927 15.8 0.4 6:43.29
2927 15.8 0.4 6:43.43
2927 27.8 0.4 6:43.60
2927 13.6 0.4 6:43.76
2927 20.0 0.4 6:43.92
2927 10.5 0.4 6:44.10
2927 20.0 0.4 6:44.28
2927 21.1 0.4 6:44.48
2927 15.0 0.4 6:44.64
2927 15.8 0.4 6:44.79
2927 26.3 0.4 6:44.94
2927 10.5 0.4 6:45.08
2927 15.0 0.4 6:45.21
2927 10.5 0.4 6:45.37
2927 10.0 0.4 6:45.49
2927 15.8 0.4 6:45.65
2927 14.3 0.4 6:45.80
2927 10.5 0.4 6:45.93
2927 10.0 0.4 6:46.06
2927 10.5 0.4 6:46.19
2927 16.7 0.4 6:46.38
2927 10.5 0.4 6:46.51
2927 26.3 0.4 6:46.67
2927 10.0 0.4 6:46.81
2927 33.3 0.4 6:47.01
2927 26.3 0.4 6:47.18
2927 10.5 0.4 6:47.31
2927 26.3 0.4 6:47.51
2927 15.0 0.4 6:47.69
2927 20.0 0.4 6:47.83
2927 10.5 0.4 6:47.96
2927 25.0 0.4 6:48.16
2927 24.0 0.4 6:48.33
2927 5.3 0.4 6:48.47
2927 16.7 0.4 6:48.62
2927 15.0 0.4 6:48.78
2927 15.8 0.4 6:48.93
2927 10.5 0.4 6:49.06
2927 26.3 0.4 6:49.22
2927 15.0 0.4 6:49.39
2927 10.0 0.4 6:49.55
2927 21.1 0.4 6:49.70
2927 20.0 0.4 6:49.88
2927 10.5 0.4 6:50.02
2927 20.0 0.4 6:50.19
2927 22.2 0.4 6:50.43
2927 10.5 0.4 6:50.57
2927 15.8 0.4 6:50.71
2927 15.8 0.4 6:50.85
2927 15.8 0.4 6:50.99
2927 5.6 0.4 6:51.16
2927 21.1 0.4 6:51.33
2927 21.1 0.4 6:51.48
2927 20.0 0.4 6:51.63
2927 13.0 0.4 6:51.82
2927 10.0 0.4 6:51.96
2927 10.5 0.4 6:52.14
2927 10.5 0.4 6:52.29
2927 10.5 0.4 6:52.41
2927 10.0 0.4 6:52.59
2927 10.5 0.4 6:52.73
2927 20.0 0.4 6:52.97
2927 26.3 0.4 6:53.15
2927 15.8 0.4 6:53.32
2927 26.3 0.4 6:53.57
2927 10.0 0.4 6:53.69
2927 21.1 0.4 6:53.92
2927 10.0 0.4 6:54.06
2927 10.5 0.4 6:54.20
2927 21.1 0.4 6:54.36
2927 15.0 0.4 6:54.52
2927 20.0 0.4 6:54.69
2927 22.2 0.4 6:54.85
2927 15.0 0.4 6:55.01
2927 15.8 0.4 6:55.17
2927 28.6 0.4 6:55.36
2927 10.0 0.4 6:55.49
2927 21.1 0.4 6:55.64
2927 10.5 0.4 6:55.78
2927 22.2 0.4 6:55.93
2927 25.0 0.4 6:56.09
2927 15.0 0.4 6:56.26
2927 31.6 0.4 6:56.44
2927 15.8 0.4 6:56.59
2927 15.0 0.4 6:56.76
2927 10.5 0.4 6:56.92
2927 15.8 0.4 6:57.06
2927 20.0 0.4 6:57.21
2927 15.8 0.4 6:57.35
2927 31.6 0.4 6:57.53
2927 16.7 0.4 6:57.73
2927 15.0 0.4 6:57.86
2927 21.1 0.4 6:58.02
2927 15.8 0.4 6:58.15
2927 15.0 0.4 6:58.37
2927 10.5 0.4 6:58.51
2927 19.0 0.4 6:58.70
2927 15.0 0.4 6:58.84
2927 10.5 0.4 6:58.98
2927 15.0 0.4 6:59.13
2927 26.3 0.4 6:59.35
2927 10.5 0.4 6:59.55
2927 10.5 0.4 6:59.74
2927 20.0 0.4 6:59.88
2927 15.0 0.4 7:00.03
2927 13.8 0.4 7:00.23
2927 9.7 0.4 7:00.44
2927 5.3 0.4 7:00.61
2927 15.8 0.4 7:00.75
2927 20.0 0.4 7:00.90
2927 10.5 0.4 7:01.05
2927 11.1 0.4 7:01.22
2927 15.8 0.4 7:01.36
2927 15.0 0.4 7:01.51
2927 10.5 0.4 7:01.63
2927 25.0 0.4 7:01.79
2927 21.1 0.4 7:01.96
2927 15.8 0.4 7:02.09
2927 16.7 0.4 7:02.25
2927 16.7 0.4 7:02.40
2927 11.1 0.4 7:02.53
2927 10.0 0.4 7:02.68
2927 20.0 0.4 7:02.84
2927 10.5 0.4 7:02.97
2927 10.5 0.4 7:03.12
2927 10.5 0.4 7:03.25
2927 16.7 0.4 7:03.40
2927 15.8 0.4 7:03.60
2927 10.5 0.4 7:03.79
2927 21.1 0.4 7:03.93
2927 10.5 0.4 7:04.08
2927 26.3 0.4 7:04.25
2927 21.1 0.4 7:04.42
2927 10.5 0.4 7:04.55
2927 10.5 0.4 7:04.68
2927 5.3 0.4 7:04.80
2927 26.3 0.4 7:05.00
2927 10.0 0.4 7:05.18
2927 11.1 0.4 7:05.31
2927 10.0 0.4 7:05.46
2927 21.1 0.4 7:05.61
2927 42.1 0.4 7:05.85
2927 21.1 0.4 7:06.02
2927 21.1 0.4 7:06.20
2927 21.1 0.4 7:06.35
2927 20.0 0.4 7:06.52
2927 20.0 0.4 7:06.69
2927 10.5 0.4 7:06.82
2927 10.5 0.4 7:06.96
2927 15.8 0.4 7:07.11
2927 16.7 0.4 7:07.25
2927 10.5 0.4 7:07.39
2927 15.8 0.4 7:07.53
2927 9.5 0.4 7:07.66
2927 15.8 0.4 7:07.80
2927 15.0 0.4 7:07.95
2927 9.1 0.4 7:08.11
2927 19.0 0.4 7:08.28
2927 26.3 0.4 7:08.50
2927 26.3 0.4 7:08.68
2927 21.1 0.4 7:08.83
2927 10.0 0.4 7:08.98
2927 35.0 0.4 7:09.18
2927 15.8 0.4 7:09.31
2927 26.3 0.4 7:09.50
2927 10.0 0.4 7:09.62
2927 15.0 0.4 7:09.77
2927 26.3 0.4 7:09.94
2927 10.5 0.4 7:10.08
2927 16.7 0.4 7:10.23
2927 15.8 0.4 7:10.37
2927 22.2 0.4 7:10.52
2927 15.0 0.4 7:10.66
2927 10.5 0.4 7:10.79
2927 15.8 0.4 7:10.99
2927 5.3 0.4 7:11.13
2927 10.5 0.4 7:11.27
2927 10.5 0.4 7:11.41
2927 20.0 0.4 7:11.58
2927 21.1 0.4 7:11.73
2927 22.2 0.4 7:11.87
2927 15.8 0.4 7:12.03
2927 5.3 0.4 7:12.14
2927 11.1 0.4 7:12.28
2927 10.0 0.4 7:12.42
2927 21.1 0.4 7:12.59
2927 15.8 0.4 7:12.72
2927 10.5 0.4 7:12.87
2927 14.3 0.4 7:13.01
2927 15.8 0.4 7:13.16
2927 15.0 0.4 7:13.29
2927 30.0 0.4 7:13.48
2927 21.1 0.4 7:13.66
2927 14.3 0.4 7:13.81
2927 11.1 0.4 7:13.95
2927 22.2 0.4 7:14.14
2927 10.0 0.4 7:14.25
2927 25.0 0.4 7:14.44
2927 16.7 0.4 7:14.58
2927 5.3 0.4 7:14.72
2927 10.5 0.4 7:14.90
2927 15.8 0.4 7:15.04
2927 16.7 0.4 7:15.18
2927 16.7 0.4 7:15.32
2927 19.0 0.4 7:15.47
2927 15.0 0.4 7:15.65
2927 21.1 0.4 7:15.81
2927 10.5 0.4 7:15.98
2927 15.0 0.4 7:16.15
2927 26.3 0.4 7:16.33
2927 26.3 0.4 7:16.51
2927 15.8 0.4 7:16.64
2927 11.1 0.4 7:16.80
2927 20.0 0.4 7:16.97
2927 10.0 0.4 7:17.10
2927 15.8 0.4 7:17.27
2927 15.0 0.4 7:17.42
2927 11.1 0.4 7:17.54
2927 15.0 0.4 7:17.71
2927 10.5 0.4 7:17.84
2927 10.5 0.4 7:17.98
2927 5.0 0.4 7:18.12
2927 33.3 0.4 7:18.28
2927 21.1 0.4 7:18.45
2927 10.0 0.4 7:18.60
2927 15.8 0.4 7:18.75
2927 10.5 0.4 7:18.91
2927 15.8 0.4 7:19.05
2927 10.5 0.4 7:19.19
2927 10.0 0.4 7:19.33
2927 20.0 0.4 7:19.48
2927 10.5 0.4 7:19.66
2927 15.0 0.4 7:19.79
2927 15.8 0.4 7:19.97
2927 10.5 0.4 7:20.11
2927 10.0 0.4 7:20.26
2927 33.3 0.4 7:20.43
2927 22.2 0.4 7:20.58
2927 20.0 0.4 7:20.79
2927 5.3 0.4 7:20.91
2927 15.0 0.4 7:21.09
2927 15.8 0.4 7:21.27
2927 10.5 0.4 7:21.44
2927 10.5 0.4 7:21.58
2927 15.8 0.4 7:21.71
2927 22.2 0.4 7:21.86
2927 10.5 0.4 7:22.01
2927 10.0 0.4 7:22.16
2927 22.2 0.4 7:22.33
2927 14.3 0.4 7:22.47
2927 15.8 0.4 7:22.64
2927 23.8 0.4 7:22.80
2927 10.0 0.4 7:22.93
2927 11.1 0.4 7:23.06
2927 5.3 0.4 7:23.21
2927 10.5 0.4 7:23.36
2927 15.8 0.4 7:23.52
2927 5.3 0.4 7:23.66
2927 11.1 0.4 7:23.90
2927 5.6 0.4 7:24.14
2927 8.0 0.4 7:24.32
2927 15.8 0.4 7:24.49
2927 15.0 0.4 7:24.64
2927 5.3 0.4 7:24.80
2927 9.5 0.4 7:24.93
2927 16.7 0.4 7:25.08
2927 15.8 0.4 7:25.24
2927 10.5 0.4 7:25.37
2927 15.0 0.4 7:25.52
2927 20.0 0.4 7:25.68
2927 10.5 0.4 7:25.82
2927 26.3 0.4 7:26.02
2927 15.8 0.4 7:26.17
2927 16.7 0.4 7:26.31
2927 15.8 0.4 7:26.47
2927 10.5 0.4 7:26.65
2927 31.6 0.4 7:26.83
2927 10.0 0.4 7:27.01
2927 31.6 0.4 7:27.19
2927 5.0 0.4 7:27.32
2927 21.1 0.4 7:27.51
2927 10.5 0.4 7:27.63
2927 9.5 0.4 7:27.79
29275 5.6 0.0 0:00.01
2927 10.5 0.4 7:28.06
2927 15.8 0.4 7:28.21
2927 16.7 0.4 7:28.35
2927 15.0 0.4 7:28.53
2927 10.5 0.4 7:28.67
2927 15.0 0.4 7:28.83
2927 14.3 0.4 7:28.97
2927 15.0 0.4 7:29.15
2927 15.8 0.4 7:29.31
2927 16.7 0.4 7:29.49
2927 10.0 0.4 7:29.63
2927 15.8 0.4 7:29.78
2927 5.0 0.4 7:29.92
2927 15.8 0.4 7:30.08
2927 31.6 0.4 7:30.24
2927 10.5 0.4 7:30.41
2927 25.0 0.4 7:30.57
2927 10.5 0.4 7:30.71
2927 10.0 0.4 7:30.85
2927 25.0 0.4 7:31.04
2927 20.0 0.4 7:31.19
2927 15.8 0.4 7:31.34
2927 23.8 0.4 7:31.53
2927 15.8 0.4 7:31.66
2927 21.1 0.4 7:31.93
2927 14.3 0.4 7:32.11
2927 9.5 0.4 7:32.25
2927 15.8 0.4 7:32.41
2927 15.0 0.4 7:32.60
2927 11.1 0.4 7:32.74
2927 23.8 0.4 7:32.91
2927 25.0 0.4 7:33.09
2927 22.2 0.4 7:33.24
2927 22.2 0.4 7:33.43
2927 15.8 0.4 7:33.58
2927 14.3 0.4 7:33.72
2927 33.3 0.4 7:33.89
2927 26.3 0.4 7:34.06
2927 15.0 0.4 7:34.24
2927 15.8 0.4 7:34.37
2927 11.1 0.4 7:34.49
2927 21.1 0.4 7:34.68
2927 30.0 0.4 7:34.85
2927 15.8 0.4 7:34.98
2927 15.8 0.4 7:35.12
2927 21.1 0.4 7:35.31
2927 10.0 0.4 7:35.45
2927 10.5 0.4 7:35.61
2927 21.1 0.4 7:35.76
2927 38.9 0.4 7:35.94
2927 10.5 0.4 7:36.10
2927 10.5 0.4 7:36.25
2927 31.6 0.4 7:36.46
2927 10.5 0.4 7:36.59
2927 9.5 0.4 7:36.73
2927 10.5 0.4 7:36.91
2927 21.1 0.4 7:37.08
2927 15.0 0.4 7:37.26
2927 15.8 0.4 7:37.48
2927 11.1 0.4 7:37.62
2927 15.0 0.4 7:37.79
2927 10.5 0.4 7:37.96
2927 26.3 0.4 7:38.12
2927 15.8 0.4 7:38.25
2927 5.3 0.4 7:38.37
2927 11.1 0.4 7:38.54
2927 15.8 0.4 7:38.67
2927 15.0 0.4 7:38.82
2927 10.5 0.4 7:38.95
2927 15.0 0.4 7:39.12
2927 31.6 0.4 7:39.28
2927 16.7 0.4 7:39.41
2927 36.8 0.4 7:39.59
2927 16.7 0.4 7:39.71
2927 31.6 0.4 7:39.88
2927 5.3 0.4 7:40.02
2927 15.0 0.4 7:40.19
2927 9.5 0.4 7:40.33
2927 15.8 0.4 7:40.51
2927 30.0 0.4 7:40.70
2927 10.5 0.4 7:40.91
2927 20.0 0.4 7:41.12
2927 15.8 0.4 7:41.31
2927 15.0 0.4 7:41.44
2927 10.5 0.4 7:41.57
2927 35.0 0.4 7:41.83
2927 21.1 0.4 7:41.98
2927 21.1 0.4 7:42.14
2927 15.8 0.4 7:42.29
2927 21.1 0.4 7:42.48
2927 10.0 0.4 7:42.61
2927 15.8 0.4 7:42.78
2927 21.1 0.4 7:42.93
2927 20.0 0.4 7:43.09
2927 22.2 0.4 7:43.23
2927 26.3 0.4 7:43.40
2927 5.3 0.4 7:43.52
2927 20.0 0.4 7:43.69
2927 15.8 0.4 7:43.84
2927 30.0 0.4 7:44.05
2927 10.0 0.4 7:44.19
2927 15.8 0.4 7:44.35
2927 11.1 0.4 7:44.49
2927 15.0 0.4 7:44.66
2927 15.8 0.4 7:44.80
2927 10.5 0.4 7:44.95
2927 15.0 0.4 7:45.10
2927 15.8 0.4 7:45.27
2927 10.5 0.4 7:45.42
2927 30.0 0.4 7:45.60
2927 15.8 0.4 7:45.74
2927 15.8 0.4 7:45.88
2927 10.0 0.4 7:46.09
2927 15.0 0.4 7:46.21
2927 11.1 0.4 7:46.35
2927 15.8 0.4 7:46.50
2927 15.8 0.4 7:46.63
2927 11.1 0.4 7:46.79
2927 22.2 0.4 7:46.95
2927 15.8 0.4 7:47.13
2927 15.0 0.4 7:47.27
2927 10.0 0.4 7:47.40
2927 16.7 0.4 7:47.55
2927 22.2 0.4 7:47.71
2927 15.8 0.4 7:47.88
2927 5.6 0.4 7:48.03
2927 21.1 0.4 7:48.20
2927 10.3 0.4 7:48.40
2927 17.4 0.4 7:48.59
2927 18.2 0.4 7:48.84
2927 15.8 0.4 7:49.00
2927 20.0 0.4 7:49.14
2927 25.0 0.4 7:49.30
2927 21.1 0.4 7:49.49
2927 21.1 0.4 7:49.70
2927 10.5 0.4 7:49.90
2927 26.3 0.4 7:50.09
2927 15.0 0.4 7:50.26
2927 10.5 0.4 7:50.42
2927 5.6 0.4 7:50.55
2927 9.5 0.4 7:50.74
2927 10.5 0.4 7:50.87
2927 10.5 0.4 7:51.01
2927 10.5 0.4 7:51.17
2927 10.5 0.4 7:51.31
2927 25.0 0.4 7:51.50
2927 10.0 0.4 7:51.66
2927 10.0 0.4 7:51.80
2927 10.5 0.4 7:51.93
2927 10.5 0.4 7:52.11
2927 21.1 0.4 7:52.27
2927 15.8 0.4 7:52.44
2927 15.8 0.4 7:52.58
2927 11.1 0.4 7:52.71
2927 15.0 0.4 7:52.85
2927 10.5 0.4 7:52.99
2927 31.6 0.4 7:53.17
2927 9.1 0.4 7:53.33
2927 26.3 0.4 7:53.50
2927 10.0 0.4 7:53.66
2927 36.8 0.4 7:53.86
2927 11.1 0.4 7:54.04
2927 15.8 0.4 7:54.22
2927 10.5 0.4 7:54.36
2927 16.7 0.4 7:54.50
2927 31.6 0.4 7:54.71
2927 15.8 0.4 7:54.85
2927 10.5 0.4 7:54.99
2927 21.1 0.4 7:55.17
2927 16.7 0.4 7:55.32
2927 15.0 0.4 7:55.47
2927 10.5 0.4 7:55.61
2927 15.8 0.4 7:55.77
2927 10.5 0.4 7:55.89
2927 10.0 0.4 7:56.03
2927 15.8 0.4 7:56.13
2927 5.3 0.4 7:56.21
2927 5.6 0.4 7:56.28
2927 0.0 0.4 7:56.35
