2927 5.3 0.2 21:07.14
2927 0.0 0.2 21:07.20
2927 10.0 0.2 21:07.31
2927 10.5 0.2 21:07.48
2927 5.3 0.2 21:07.54
2927 5.3 0.2 21:07.67
2927 11.1 0.2 21:07.80
2927 0.0 0.2 21:07.86
2927 5.3 0.2 21:07.99
2927 55.6 0.3 21:08.21
2927 5.6 0.3 21:08.35
2927 16.7 0.3 21:08.56
2927 21.1 0.3 21:08.89
2927 10.5 0.3 21:09.00
2927 5.3 0.3 21:09.21
2927 21.1 0.3 21:09.39
2927 31.6 0.3 21:09.55
2927 10.5 0.3 21:09.72
2927 10.0 0.3 21:09.91
2927 10.5 0.3 21:10.00
2927 5.3 0.3 21:10.21
2927 10.5 0.3 21:10.33
2927 11.1 0.3 21:10.44
2927 5.3 0.3 21:10.61
2927 27.8 0.3 21:10.76
2927 10.0 0.3 21:10.87
2927 11.1 0.3 21:11.01
2927 15.0 0.3 21:11.14
2927 11.1 0.3 21:11.33
2927 55.6 0.3 21:11.56
2927 10.0 0.3 21:11.72
2927 15.8 0.3 21:11.92
2927 5.3 0.3 21:12.10
2927 10.5 0.3 21:12.28
2927 10.0 0.3 21:12.42
2927 26.3 0.3 21:12.61
2927 10.5 0.3 21:12.76
2927 15.8 0.3 21:12.92
2927 10.5 0.3 21:13.10
2927 22.2 0.3 21:13.24
2927 10.5 0.3 21:13.39
2927 16.7 0.3 21:13.54
2927 12.9 0.3 21:13.87
2927 7.7 0.3 21:14.13
2927 13.8 0.3 21:14.34
2927 15.0 0.3 21:14.52
2927 30.0 0.3 21:14.70
2927 28.6 0.3 21:14.90
2927 33.3 0.3 21:15.13
2927 13.0 0.3 21:15.29
2927 8.3 0.3 21:15.44
2927 10.0 0.3 21:15.58
2927 9.1 0.3 21:15.76
2927 8.0 0.3 21:15.93
2927 9.1 0.3 21:16.08
2927 9.1 0.3 21:16.27
2927 11.1 0.3 21:16.41
2927 18.2 0.3 21:16.63
2927 9.1 0.3 21:16.80
2927 10.0 0.3 21:16.97
2927 13.6 0.3 21:17.17
2927 15.0 0.3 21:17.32
2927 14.3 0.3 21:17.48
2927 14.3 0.3 21:17.65
2927 11.1 0.3 21:17.84
2927 30.0 0.3 21:18.06
2927 13.6 0.3 21:18.26
2927 10.5 0.3 21:18.43
2927 25.0 0.3 21:18.62
2927 9.5 0.3 21:18.77
2927 15.0 0.3 21:18.94
2927 13.0 0.3 21:19.11
2927 15.0 0.3 21:19.28
2927 9.5 0.3 21:19.44
2927 9.1 0.3 21:19.64
2927 21.1 0.3 21:19.83
2927 31.8 0.3 21:20.04
2927 35.0 0.3 21:20.27
2927 25.0 0.3 21:20.44
2927 10.5 0.3 21:20.57
2927 10.0 0.3 21:20.71
2927 20.0 0.3 21:20.90
2927 10.0 0.3 21:21.07
2927 10.5 0.3 21:21.23
2927 10.5 0.3 21:21.41
2927 11.1 0.3 21:21.57
2927 20.0 0.3 21:21.72
2927 15.0 0.3 21:21.87
2927 20.0 0.3 21:22.07
2927 26.3 0.3 21:22.31
2927 15.0 0.3 21:22.44
2927 8.7 0.3 21:22.59
2927 17.4 0.3 21:22.78
2927 8.7 0.3 21:22.94
2927 12.9 0.3 21:23.14
2927 15.0 0.2 21:23.33
2927 20.0 0.2 21:23.49
2927 15.8 0.2 21:23.67
2927 15.0 0.2 21:23.83
2927 14.3 0.2 21:23.99
2927 15.0 0.2 21:24.16
2927 14.3 0.2 21:24.31
2927 18.2 0.2 21:24.48
2927 8.7 0.2 21:24.63
2927 15.0 0.2 21:24.79
2927 15.8 0.2 21:24.94
2927 14.3 0.2 21:25.11
2927 10.5 0.2 21:25.27
2927 18.2 0.2 21:25.46
2927 10.5 0.2 21:25.61
2927 14.3 0.2 21:25.78
2927 14.3 0.2 21:25.95
2927 15.0 0.2 21:26.12
2927 13.0 0.2 21:26.29
2927 13.6 0.2 21:26.45
2927 8.7 0.2 21:26.60
2927 10.5 0.2 21:26.74
2927 14.3 0.2 21:26.92
2927 14.3 0.2 21:27.07
2927 20.0 0.2 21:27.28
2927 12.0 0.2 21:27.47
2927 16.7 0.2 21:27.66
2927 29.2 0.2 21:27.86
2927 13.0 0.2 21:28.02
2927 11.5 0.2 21:28.19
2927 15.0 0.2 21:28.35
2927 13.0 0.2 21:28.52
2927 15.0 0.2 21:28.72
2927 26.3 0.2 21:28.88
2927 10.0 0.2 21:29.02
2927 15.0 0.2 21:29.19
2927 15.0 0.2 21:29.34
2927 15.0 0.2 21:29.49
2927 5.0 0.2 21:29.61
2927 15.8 0.2 21:29.75
2927 10.5 0.2 21:29.88
2927 22.2 0.2 21:30.10
2927 10.5 0.2 21:30.25
2927 10.5 0.2 21:30.40
2927 11.5 0.2 21:30.59
2927 14.3 0.2 21:30.77
2927 12.5 0.2 21:30.96
2927 10.5 0.2 21:31.16
2927 5.3 0.2 21:31.32
2927 21.1 0.2 21:31.49
2927 10.0 0.2 21:31.68
