2928 15.8 0.3 25:43.18
2928 10.0 0.3 25:43.35
2928 25.0 0.3 25:43.46
2928 21.1 0.3 25:43.61
2928 16.7 0.3 25:43.76
2928 10.0 0.3 25:43.89
2928 10.0 0.3 25:44.14
2928 15.0 0.3 25:44.33
2928 10.5 0.3 25:44.59
2928 15.8 0.3 25:44.73
2928 11.1 0.3 25:44.86
2928 10.5 0.3 25:45.03
2928 5.3 0.3 25:45.16
2928 4.8 0.3 25:45.34
2928 10.5 0.3 25:45.53
2928 4.5 0.3 25:45.69
2928 4.8 0.3 25:45.83
2928 15.8 0.3 25:45.97
2928 16.7 0.3 25:46.12
2928 16.7 0.3 25:46.28
2928 21.1 0.3 25:46.54
2928 21.1 0.3 25:46.77
2928 25.0 0.3 25:46.92
2928 10.0 0.3 25:47.06
2928 10.0 0.3 25:47.26
2928 15.0 0.3 25:47.43
2928 10.0 0.3 25:47.72
2928 5.6 0.3 25:47.92
2928 5.3 0.3 25:48.03
2928 16.7 0.3 25:48.22
2928 10.5 0.3 25:48.40
2928 16.7 0.3 25:48.60
2928 23.8 0.3 25:48.81
2928 11.1 0.3 25:48.94
2928 22.2 0.3 25:49.10
2928 21.1 0.3 25:49.26
2928 10.5 0.3 25:49.40
2928 25.0 0.3 25:49.58
2928 13.6 0.3 25:49.71
2928 13.0 0.3 25:49.86
2928 31.6 0.3 25:50.04
2928 10.5 0.3 25:50.23
2928 26.3 0.3 25:50.41
2928 5.0 0.3 25:50.60
2928 19.0 0.3 25:50.74
2928 33.3 0.3 25:50.94
2928 10.5 0.3 25:51.09
2928 33.3 0.3 25:51.29
2928 10.0 0.3 25:51.43
2928 20.0 0.3 25:51.61
2928 15.8 0.3 25:51.76
2928 20.0 0.3 25:51.99
2928 15.8 0.3 25:52.12
2928 22.2 0.3 25:52.28
2928 14.3 0.3 25:52.42
2928 9.1 0.3 25:52.58
2928 14.3 0.3 25:52.71
2928 15.8 0.3 25:52.86
2928 10.5 0.3 25:53.01
2928 20.0 0.3 25:53.19
2928 10.5 0.3 25:53.34
2928 22.2 0.3 25:53.53
2928 15.0 0.3 25:53.66
2928 9.5 0.3 25:53.85
2928 16.7 0.3 25:54.00
2928 31.6 0.3 25:54.19
2928 9.5 0.3 25:54.33
2928 14.3 0.3 25:54.48
2928 9.5 0.3 25:54.69
2928 10.5 0.3 25:54.84
2928 35.0 0.3 25:55.03
2928 15.0 0.3 25:55.19
2928 10.5 0.3 25:55.36
2928 10.5 0.3 25:55.50
2928 10.5 0.3 25:55.65
2928 11.1 0.3 25:55.84
2928 16.7 0.3 25:56.10
2928 13.6 0.3 25:56.24
2928 10.0 0.3 25:56.38
2928 10.5 0.3 25:56.53
2928 15.8 0.3 25:56.68
2928 11.1 0.3 25:56.82
2928 15.8 0.3 25:56.97
2928 15.8 0.3 25:57.17
2928 10.0 0.2 25:57.31
2928 11.1 0.2 25:57.44
2928 10.5 0.2 25:57.58
2928 10.5 0.2 25:57.72
2928 12.5 0.2 25:57.94
2928 10.0 0.2 25:58.13
2928 12.0 0.2 25:58.34
2928 15.0 0.2 25:58.52
2928 15.0 0.2 25:58.70
2928 10.0 0.2 25:58.85
2928 10.5 0.2 25:58.99
2928 15.0 0.2 25:59.16
2928 16.7 0.2 25:59.28
2928 10.5 0.2 25:59.43
2928 10.5 0.2 25:59.59
2928 11.1 0.2 25:59.75
2928 20.0 0.2 25:59.93
2928 11.1 0.2 26:00.09
2928 10.5 0.2 26:00.24
2928 11.1 0.2 26:00.38
2928 10.0 0.2 26:00.56
2928 10.0 0.2 26:00.70
2928 5.3 0.2 26:00.84
