2928 10.5 0.4 10:54.21
2928 5.3 0.4 10:54.25
2928 5.6 0.4 10:54.28
2928 5.3 0.4 10:54.30
2928 15.8 0.4 10:54.44
2928 5.3 0.4 10:54.52
2928 10.5 0.4 10:54.61
2928 31.6 0.4 10:54.71
2928 26.3 0.4 10:54.85
2928 5.3 0.4 10:54.92
2928 5.6 0.4 10:55.17
2928 13.6 0.4 10:55.34
2928 10.5 0.4 10:55.45
2928 11.1 0.4 10:55.59
2928 21.1 0.4 10:55.69
2928 21.1 0.4 10:55.88
2928 20.0 0.4 10:56.02
2928 5.3 0.4 10:56.10
2928 26.3 0.4 10:56.23
2928 21.1 0.4 10:56.43
2928 5.6 0.4 10:56.57
2928 5.3 0.4 10:56.66
2928 30.0 0.4 10:56.85
2928 15.0 0.4 10:57.00
2928 5.3 0.4 10:57.14
2928 5.9 0.4 10:57.29
2928 8.6 0.4 10:57.57
2928 14.3 0.4 10:57.84
2928 10.5 0.4 10:57.94
2928 15.8 0.4 10:58.11
2928 5.3 0.4 10:58.29
2928 26.3 0.4 10:58.42
2928 21.1 0.4 10:58.54
2928 15.8 0.4 10:58.74
2928 20.0 0.4 10:58.92
2928 5.6 0.4 10:59.09
2928 11.1 0.4 10:59.18
2928 22.2 0.4 10:59.39
2928 10.5 0.4 10:59.54
2928 10.0 0.4 10:59.69
2928 19.0 0.4 10:59.82
2928 21.1 0.4 10:59.98
2928 10.5 0.4 11:00.10
2928 5.3 0.4 11:00.19
2928 20.0 0.4 11:00.37
2928 36.8 0.4 11:00.57
2928 36.8 0.4 11:00.80
2928 5.6 0.4 11:00.90
2928 10.0 0.4 11:01.06
2928 36.8 0.4 11:01.26
2928 5.3 0.4 11:01.37
2928 9.5 0.4 11:01.46
2928 10.5 0.4 11:01.66
2928 10.5 0.4 11:01.81
2928 16.7 0.4 11:01.92
2928 15.0 0.4 11:02.06
2928 15.8 0.4 11:02.23
2928 11.1 0.4 11:02.35
2928 5.6 0.4 11:02.45
2928 26.3 0.4 11:02.64
2928 26.3 0.4 11:02.85
2928 5.0 0.4 11:02.94
2928 5.3 0.4 11:03.25
2928 15.0 0.4 11:03.44
2928 5.0 0.4 11:03.63
2928 11.1 0.4 11:03.76
2928 26.3 0.4 11:03.88
2928 19.0 0.4 11:04.06
2928 36.8 0.4 11:04.27
2928 11.1 0.4 11:04.37
2928 22.7 0.4 11:04.56
2928 21.1 0.4 11:04.72
2928 10.0 0.4 11:04.84
2928 5.0 0.4 11:04.91
2928 21.1 0.4 11:05.11
2928 15.8 0.4 11:05.33
2928 5.0 0.4 11:05.45
2928 10.5 0.4 11:05.87
2928 15.8 0.4 11:06.06
2928 15.8 0.4 11:06.21
2928 11.1 0.4 11:06.31
2928 15.0 0.4 11:06.43
2928 30.0 0.4 11:06.64
2928 15.0 0.4 11:06.78
2928 5.3 0.4 11:06.88
2928 25.0 0.4 11:07.08
2928 15.8 0.4 11:07.28
2928 10.5 0.4 11:07.39
2928 5.0 0.4 11:07.47
2928 15.0 0.4 11:07.68
2928 10.0 0.4 11:07.83
2928 4.8 0.4 11:07.93
2928 20.0 0.4 11:08.05
2928 35.0 0.4 11:08.26
2928 10.0 0.4 11:08.44
2928 5.0 0.4 11:08.54
2928 28.6 0.4 11:08.72
2928 16.7 0.4 11:08.90
2928 0.0 0.4 11:08.99
2928 5.6 0.4 11:09.08
2928 31.6 0.4 11:09.32
2928 5.3 0.4 11:09.49
2928 15.0 0.4 11:09.61
2928 10.5 0.4 11:09.70
2928 10.5 0.4 11:09.88
2928 31.6 0.4 11:10.09
2928 10.5 0.3 11:10.20
2928 15.8 0.3 11:10.33
2928 10.0 0.3 11:10.51
2928 5.3 0.3 11:10.64
2928 5.0 0.3 11:10.74
2928 21.1 0.4 11:10.93
2928 26.3 0.4 11:11.12
2928 16.7 0.4 11:11.24
2928 5.3 0.4 11:11.53
2928 25.0 0.4 11:11.74
2928 15.0 0.4 11:11.95
2928 10.0 0.4 11:12.14
2928 28.6 0.4 11:12.29
2928 16.7 0.4 11:12.50
2928 10.0 0.4 11:12.63
2928 27.8 0.4 11:12.77
2928 10.0 0.4 11:12.90
2928 10.0 0.4 11:13.07
2928 9.5 0.4 11:13.17
2928 9.1 0.4 11:13.25
2928 15.0 0.3 11:13.43
2928 22.2 0.3 11:13.65
2928 27.8 0.3 11:13.91
2928 21.1 0.3 11:14.25
2928 22.2 0.3 11:14.48
2928 11.1 0.4 11:14.65
2928 10.0 0.4 11:14.75
2928 20.0 0.4 11:14.89
2928 15.8 0.4 11:15.11
2928 10.5 0.4 11:15.23
2928 5.3 0.3 11:15.37
2928 25.0 0.3 11:15.55
2928 15.8 0.3 11:15.72
2928 11.1 0.3 11:15.93
2928 16.7 0.3 11:16.03
2928 9.1 0.3 11:16.25
2928 10.5 0.4 11:16.41
2928 5.6 0.4 11:16.52
2928 15.0 0.4 11:16.63
2928 10.5 0.4 11:16.80
2928 10.0 0.4 11:16.95
2928 5.6 0.4 11:17.04
2928 31.6 0.4 11:17.20
2928 25.0 0.4 11:17.43
2928 5.6 0.4 11:17.55
2928 10.0 0.4 11:17.66
2928 20.0 0.4 11:17.80
2928 10.5 0.4 11:17.97
2928 11.1 0.4 11:18.10
2928 5.3 0.4 11:18.19
2928 9.1 0.4 11:18.34
2928 11.1 0.4 11:18.47
2928 10.0 0.4 11:18.74
2928 5.0 0.3 11:18.82
2928 16.7 0.3 11:18.98
2928 15.8 0.3 11:19.14
2928 10.5 0.3 11:19.27
2928 21.1 0.3 11:19.40
2928 33.3 0.3 11:19.60
2928 5.3 0.3 11:19.74
2928 10.5 0.3 11:19.84
2928 21.1 0.3 11:20.05
2928 15.8 0.3 11:20.22
2928 20.0 0.4 11:20.36
2928 11.1 0.4 11:20.53
2928 16.7 0.4 11:20.72
2928 10.5 0.4 11:20.88
2928 5.6 0.4 11:21.07
2928 10.5 0.4 11:21.30
2928 15.8 0.4 11:21.53
2928 11.1 0.4 11:21.70
2928 15.0 0.4 11:21.88
2928 17.9 0.4 11:22.18
2928 10.5 0.4 11:22.33
2928 15.8 0.4 11:22.47
2928 10.5 0.4 11:22.57
2928 10.5 0.4 11:22.76
2928 14.3 0.4 11:22.93
2928 15.8 0.4 11:23.06
2928 15.0 0.4 11:23.22
2928 9.5 0.4 11:23.40
2928 10.5 0.4 11:23.55
12928 0.0 0.1 0:00.00
2928 19.0 0.4 11:23.95
2928 28.6 0.4 11:24.15
2928 10.5 0.4 11:24.30
2928 5.3 0.4 11:24.39
2928 15.0 0.4 11:24.57
2928 10.5 0.4 11:24.79
2928 20.0 0.4 11:24.94
2928 5.3 0.4 11:25.03
2928 20.0 0.4 11:25.21
2928 16.7 0.4 11:25.43
2928 10.0 0.4 11:25.57
2928 14.3 0.4 11:25.71
2928 9.5 0.4 11:25.89
2928 21.1 0.4 11:26.03
2928 11.1 0.4 11:26.15
2928 25.0 0.4 11:26.32
2928 10.5 0.4 11:26.48
2928 10.5 0.4 11:26.62
2928 10.5 0.4 11:26.71
2928 5.0 0.4 11:26.85
2928 10.5 0.4 11:27.04
2928 9.5 0.4 11:27.14
2928 15.8 0.4 11:27.22
2928 20.0 0.4 11:27.43
2928 10.5 0.4 11:27.58
2928 11.1 0.4 11:27.69
2928 14.3 0.4 11:27.81
2928 15.0 0.4 11:27.99
2928 11.1 0.4 11:28.09
2928 5.6 0.4 11:28.17
2928 20.0 0.4 11:28.34
2928 10.5 0.4 11:28.53
2928 5.6 0.4 11:28.63
2928 5.0 0.4 11:28.71
2928 15.8 0.4 11:28.89
2928 10.5 0.4 11:29.10
2928 5.6 0.4 11:29.22
2928 20.0 0.4 11:29.34
2928 22.2 0.4 11:29.52
2928 11.1 0.4 11:29.68
2928 11.1 0.4 11:29.84
2928 20.0 0.4 11:30.01
2928 15.8 0.4 11:30.19
2928 15.8 0.4 11:30.45
2928 10.5 0.4 11:30.56
2928 10.0 0.4 11:30.71
2928 10.0 0.4 11:30.86
2928 10.5 0.4 11:31.02
2928 10.5 0.4 11:31.13
2928 20.0 0.4 11:31.33
2928 10.5 0.4 11:31.51
2928 10.0 0.4 11:31.62
2928 20.0 0.4 11:31.73
2928 33.3 0.4 11:31.99
2928 15.0 0.4 11:32.09
2928 11.1 0.4 11:32.20
2928 21.1 0.4 11:32.35
2928 10.0 0.4 11:32.54
2928 5.0 0.4 11:32.67
2928 10.0 0.4 11:32.78
2928 21.1 0.4 11:32.99
2928 10.5 0.4 11:33.17
2928 15.8 0.4 11:33.30
2928 15.8 0.4 11:33.45
2928 10.0 0.4 11:33.63
2928 10.5 0.4 11:33.79
2928 5.0 0.4 11:33.94
2928 14.3 0.4 11:34.07
2928 10.0 0.4 11:34.24
2928 15.8 0.4 11:34.37
2928 15.8 0.4 11:34.63
2928 15.0 0.4 11:34.78
2928 10.5 0.4 11:35.00
2928 29.4 0.4 11:35.16
2928 21.1 0.4 11:35.27
2928 21.1 0.4 11:35.47
2928 10.5 0.4 11:35.71
2928 5.6 0.4 11:35.80
2928 14.3 0.4 11:35.99
2928 20.0 0.4 11:36.18
2928 11.1 0.4 11:36.42
2928 10.5 0.4 11:36.50
2928 9.5 0.4 11:36.67
2928 10.5 0.4 11:36.81
2928 10.5 0.4 11:36.91
2928 10.5 0.4 11:37.10
2928 22.2 0.4 11:37.29
2928 10.5 0.4 11:37.48
2928 10.0 0.4 11:37.61
2928 15.8 0.4 11:37.73
2928 22.2 0.4 11:37.95
2928 15.0 0.4 11:38.17
2928 5.6 0.3 11:38.28
2928 20.0 0.3 11:38.46
2928 15.8 0.4 11:38.63
2928 5.3 0.4 11:38.73
2928 5.0 0.4 11:38.82
2928 15.8 0.4 11:39.00
2928 22.2 0.4 11:39.21
2928 15.8 0.4 11:39.41
2928 15.0 0.4 11:39.66
2928 10.0 0.4 11:39.85
2928 5.6 0.4 11:39.99
2928 16.7 0.4 11:40.10
2928 20.0 0.4 11:40.22
2928 15.0 0.4 11:40.47
2928 21.1 0.4 11:40.72
2928 0.0 0.4 11:40.90
2928 30.0 0.4 11:41.09
2928 10.5 0.4 11:41.27
2928 5.0 0.4 11:41.37
2928 5.3 0.4 11:41.46
2928 20.0 0.4 11:41.65
2928 42.1 0.4 11:41.91
2928 10.5 0.4 11:42.01
2928 15.0 0.4 11:42.12
2928 20.0 0.4 11:42.31
2928 10.5 0.4 11:42.46
2928 10.5 0.4 11:42.56
2928 23.8 0.4 11:42.70
2928 10.5 0.4 11:42.88
2928 47.4 0.4 11:43.13
2928 4.8 0.4 11:43.23
2928 15.0 0.4 11:43.43
2928 10.5 0.4 11:43.62
2928 11.1 0.4 11:43.73
2928 10.5 0.4 11:43.83
2928 15.0 0.4 11:44.03
2928 11.1 0.4 11:44.21
2928 4.8 0.4 11:44.64
2928 10.0 0.4 11:44.76
2928 19.0 0.4 11:44.99
2928 10.5 0.4 11:45.11
2928 5.6 0.4 11:45.25
2928 27.8 0.4 11:45.44
2928 10.5 0.4 11:45.63
2928 10.0 0.4 11:45.83
2928 5.6 0.4 11:46.00
2928 21.6 0.4 11:46.31
2928 10.5 0.4 11:46.47
2928 10.0 0.4 11:46.66
2928 25.0 0.4 11:46.86
2928 20.0 0.4 11:47.07
2928 4.0 0.4 11:47.21
2928 5.3 0.4 11:47.32
2928 18.2 0.4 11:47.49
2928 22.2 0.4 11:47.72
2928 16.7 0.4 11:47.95
2928 15.8 0.4 11:48.05
2928 21.1 0.4 11:48.31
2928 10.0 0.4 11:48.47
2928 22.2 0.4 11:48.62
2928 15.8 0.4 11:48.73
2928 10.5 0.4 11:48.90
2928 10.5 0.4 11:49.04
2928 5.6 0.4 11:49.13
2928 21.1 0.4 11:49.26
2928 16.7 0.4 11:49.48
2928 11.1 0.4 11:49.64
2928 10.5 0.4 11:49.74
2928 20.0 0.4 11:49.97
2928 15.8 0.4 11:50.13
2928 27.8 0.4 11:50.31
2928 5.6 0.4 11:50.39
2928 26.3 0.4 11:50.59
2928 15.0 0.4 11:50.79
2928 5.6 0.4 11:50.90
2928 10.0 0.4 11:51.11
2928 26.3 0.4 11:51.32
2928 44.4 0.4 11:51.51
2928 5.0 0.4 11:51.61
2928 23.8 0.4 11:51.86
2928 15.0 0.4 11:52.04
2928 10.5 0.4 11:52.16
2928 5.3 0.4 11:52.45
2928 13.6 0.4 11:52.58
2928 26.3 0.4 11:52.79
2928 10.5 0.4 11:53.09
2928 5.3 0.4 11:53.18
2928 15.8 0.4 11:53.34
2928 5.3 0.4 11:53.50
2928 10.5 0.4 11:53.65
2928 5.6 0.4 11:53.99
