2928 0.0 0.4 11:54.07
2928 4.5 0.4 11:54.15
2928 5.3 0.4 11:54.19
2928 5.3 0.4 11:54.27
2928 11.1 0.4 11:54.39
2928 5.3 0.4 11:54.45
2928 0.0 0.4 11:54.49
2928 5.3 0.4 11:54.53
2928 15.0 0.4 11:54.73
2928 11.1 0.4 11:54.83
2928 10.0 0.4 11:55.12
2928 25.0 0.4 11:55.21
2928 15.8 0.4 11:55.35
2928 5.0 0.4 11:55.45
2928 5.0 0.4 11:55.56
2928 21.1 0.4 11:55.70
2928 10.5 0.4 11:55.86
2928 10.5 0.4 11:55.94
2928 0.0 0.4 11:56.00
2928 35.0 0.4 11:56.22
2928 5.6 0.4 11:56.38
2928 10.0 0.4 11:56.50
2928 30.0 0.4 11:56.62
2928 26.3 0.4 11:56.82
2928 10.5 0.4 11:56.93
2928 10.0 0.3 11:57.03
2928 27.8 0.3 11:57.17
2928 5.6 0.3 11:57.30
2928 26.3 0.3 11:57.72
2928 21.1 0.3 11:57.99
2928 15.0 0.4 11:58.17
2928 15.8 0.4 11:58.32
2928 10.5 0.4 11:58.58
2928 15.8 0.4 11:58.67
2928 15.8 0.4 11:58.84
2928 10.0 0.4 11:58.96
2928 31.6 0.4 11:59.11
2928 9.5 0.4 11:59.24
2928 11.1 0.4 11:59.46
2928 16.7 0.4 11:59.60
2928 5.6 0.4 11:59.69
2928 36.8 0.4 11:59.92
2928 3.6 0.4 12:00.13
2928 21.1 0.4 12:00.24
2928 17.6 0.4 12:00.31
2928 10.5 0.4 12:00.49
2928 11.1 0.4 12:00.67
2928 0.0 0.4 12:00.76
2928 15.0 0.4 12:00.89
2928 10.5 0.4 12:01.07
2928 10.5 0.4 12:01.20
2928 5.3 0.4 12:01.29
2928 19.0 0.4 12:01.51
2928 15.8 0.4 12:01.72
2928 11.1 0.4 12:01.83
2928 15.8 0.4 12:01.92
2928 27.8 0.4 12:02.16
2928 30.0 0.4 12:02.42
2928 5.3 0.4 12:02.51
2928 27.8 0.4 12:02.63
2928 20.0 0.4 12:02.82
2928 15.8 0.4 12:02.97
2928 11.1 0.4 12:03.10
2928 25.0 0.4 12:03.30
2928 11.1 0.4 12:03.50
2928 11.1 0.4 12:03.69
2928 10.0 0.4 12:03.82
2928 9.5 0.4 12:03.99
2928 15.8 0.4 12:04.15
2928 10.5 0.4 12:04.38
2928 21.1 0.4 12:04.50
2928 15.0 0.4 12:04.68
2928 10.5 0.4 12:04.84
2928 10.0 0.4 12:04.94
2928 15.0 0.4 12:05.05
2928 13.6 0.4 12:05.23
2928 15.0 0.4 12:05.36
2928 5.3 0.4 12:05.47
2928 23.8 0.4 12:05.67
2928 10.5 0.4 12:05.87
2928 21.1 0.4 12:05.99
2928 5.3 0.4 12:06.12
2928 9.5 0.4 12:06.28
2928 5.0 0.4 12:06.45
2928 22.2 0.4 12:06.63
2928 15.0 0.4 12:06.71
2928 20.0 0.4 12:06.93
2928 10.5 0.4 12:07.09
2928 15.8 0.4 12:07.20
2928 22.7 0.4 12:07.44
2928 21.1 0.4 12:07.66
2928 24.3 0.4 12:07.93
2928 27.8 0.4 12:08.13
2928 22.2 0.4 12:08.31
2928 10.5 0.4 12:08.49
2928 10.5 0.4 12:08.60
2928 15.8 0.4 12:08.74
2928 22.2 0.4 12:08.92
2928 15.8 0.4 12:09.06
2928 5.3 0.4 12:09.15
2928 23.8 0.4 12:09.35
2928 16.7 0.4 12:09.53
2928 11.1 0.4 12:09.69
2928 15.0 0.4 12:09.80
2928 16.7 0.4 12:09.97
2928 11.1 0.4 12:10.18
2928 5.3 0.4 12:10.28
2928 21.1 0.4 12:10.50
2928 26.3 0.4 12:10.70
2928 16.7 0.4 12:10.84
2928 23.8 0.4 12:11.00
2928 25.0 0.4 12:11.18
2928 14.3 0.4 12:11.44
2928 5.0 0.4 12:11.68
2928 16.7 0.4 12:11.92
2928 9.1 0.4 12:12.08
2928 25.0 0.4 12:12.36
2928 4.8 0.4 12:12.53
2928 15.0 0.4 12:12.65
2928 19.0 0.4 12:12.84
2928 10.5 0.4 12:13.02
2928 5.3 0.4 12:13.12
2928 20.0 0.4 12:13.23
2928 10.0 0.4 12:13.40
2928 10.5 0.4 12:13.56
2928 5.0 0.4 12:13.87
2928 25.0 0.4 12:14.01
2928 5.0 0.4 12:14.15
2928 5.6 0.4 12:14.31
2928 5.3 0.3 12:14.40
2928 19.0 0.3 12:14.58
2928 15.0 0.3 12:14.86
22928 0.0 0.0 0:00.00
2928 10.5 0.3 12:15.26
2928 15.8 0.3 12:15.52
2928 21.1 0.3 12:15.69
2928 15.8 0.3 12:15.82
2928 13.6 0.3 12:16.14
2928 21.1 0.4 12:16.34
2928 10.5 0.4 12:16.49
2928 5.0 0.4 12:16.61
2928 13.8 0.4 12:16.92
2928 15.0 0.4 12:17.11
2928 15.0 0.4 12:17.26
2928 5.3 0.4 12:17.35
2928 21.1 0.4 12:17.56
2928 10.5 0.4 12:17.73
2928 10.5 0.4 12:17.86
2928 10.0 0.4 12:17.95
2928 10.5 0.4 12:18.19
2928 5.3 0.3 12:18.34
2928 21.1 0.3 12:18.46
2928 15.8 0.3 12:18.56
2928 15.8 0.3 12:18.76
2928 11.1 0.3 12:18.91
2928 5.3 0.3 12:18.99
2928 15.8 0.3 12:19.12
2928 11.1 0.3 12:19.31
2928 10.5 0.4 12:19.44
2928 5.6 0.4 12:19.56
2928 15.0 0.4 12:19.73
2928 10.0 0.4 12:19.91
2928 15.8 0.4 12:20.08
2928 15.0 0.4 12:20.19
2928 15.8 0.4 12:20.37
2928 10.5 0.4 12:20.54
2928 5.3 0.4 12:20.66
2928 26.3 0.4 12:20.82
2928 10.5 0.4 12:20.98
2928 10.5 0.4 12:21.10
2928 5.3 0.4 12:21.23
2928 25.0 0.4 12:21.47
2928 10.5 0.4 12:21.63
2928 15.8 0.4 12:21.76
2928 9.5 0.4 12:21.98
2928 14.3 0.4 12:22.16
2928 10.5 0.4 12:22.29
2928 5.0 0.4 12:22.43
2928 20.0 0.4 12:22.56
2928 23.8 0.4 12:22.75
2928 11.1 0.4 12:22.88
2928 5.6 0.4 12:22.98
2928 16.7 0.4 12:23.18
2928 36.8 0.4 12:23.42
2928 10.5 0.4 12:23.66
2928 10.0 0.4 12:23.76
2928 16.7 0.4 12:23.92
2928 15.8 0.4 12:24.12
2928 16.7 0.4 12:24.27
2928 30.0 0.4 12:24.42
2928 13.6 0.4 12:24.63
2928 10.0 0.4 12:24.78
2928 11.1 0.4 12:25.05
2928 16.7 0.4 12:25.24
2928 14.3 0.4 12:25.40
2928 15.8 0.4 12:25.50
2928 5.0 0.4 12:25.59
2928 15.8 0.4 12:25.77
2928 31.6 0.4 12:25.99
2928 10.5 0.4 12:26.14
2928 26.3 0.4 12:26.27
2928 20.0 0.4 12:26.46
2928 15.0 0.4 12:26.61
2928 5.3 0.4 12:26.77
2928 15.0 0.4 12:26.90
2928 15.0 0.4 12:27.10
2928 11.1 0.4 12:27.23
2928 5.3 0.4 12:27.33
2928 10.0 0.4 12:27.51
2928 11.1 0.4 12:27.69
2928 5.6 0.4 12:27.81
2928 16.7 0.4 12:28.12
2928 17.4 0.4 12:28.33
2928 4.5 0.4 12:28.48
2928 15.8 0.4 12:28.59
2928 15.0 0.4 12:28.75
2928 15.0 0.4 12:28.93
2928 5.0 0.4 12:29.03
2928 5.3 0.4 12:29.11
2928 21.1 0.4 12:29.25
2928 15.8 0.4 12:29.43
2928 5.3 0.4 12:29.68
2928 5.3 0.4 12:29.77
2928 22.2 0.4 12:29.95
2928 10.5 0.4 12:30.15
2928 10.5 0.4 12:30.29
2928 22.2 0.4 12:30.41
2928 9.1 0.4 12:30.59
2928 21.1 0.4 12:30.77
2928 5.3 0.4 12:30.98
2928 15.8 0.4 12:31.12
2928 25.0 0.4 12:31.33
2928 10.5 0.4 12:31.49
2928 23.8 0.4 12:31.65
2928 14.3 0.4 12:31.82
2928 15.8 0.4 12:32.07
2928 10.5 0.4 12:32.18
2928 5.6 0.4 12:32.27
2928 11.1 0.4 12:32.45
2928 5.3 0.4 12:32.72
2928 13.6 0.4 12:32.89
2928 16.7 0.4 12:33.06
2928 14.3 0.4 12:33.29
2928 11.1 0.4 12:33.47
2928 5.3 0.4 12:33.58
2928 21.1 0.4 12:33.75
2928 11.1 0.4 12:33.93
2928 5.0 0.4 12:34.04
2928 5.6 0.4 12:34.13
2928 28.6 0.4 12:34.39
2928 9.5 0.4 12:34.58
2928 10.5 0.4 12:34.76
2928 15.8 0.4 12:34.87
2928 15.8 0.4 12:35.10
2928 10.0 0.4 12:35.28
2928 4.8 0.4 12:35.37
2928 15.8 0.4 12:35.48
2928 10.0 0.4 12:35.66
2928 10.5 0.4 12:35.86
2928 5.6 0.3 12:35.95
2928 16.7 0.3 12:36.09
2928 10.5 0.3 12:36.24
2928 11.1 0.3 12:36.39
2928 5.6 0.3 12:36.47
2928 15.0 0.3 12:36.67
2928 15.8 0.3 12:36.82
2928 10.5 0.3 12:36.94
2928 10.5 0.3 12:37.21
2928 10.0 0.3 12:37.37
2928 9.5 0.4 12:37.53
2928 5.3 0.4 12:37.69
2928 15.8 0.4 12:37.80
2928 15.8 0.4 12:38.02
2928 19.0 0.4 12:38.18
2928 5.3 0.4 12:38.27
2928 15.8 0.4 12:38.43
2928 14.3 0.4 12:38.62
2928 5.3 0.4 12:38.89
2928 11.1 0.4 12:38.99
2928 21.1 0.4 12:39.16
2928 25.0 0.4 12:39.34
2928 22.2 0.4 12:39.58
2928 26.1 0.4 12:39.76
2928 15.8 0.4 12:39.93
2928 15.0 0.4 12:40.09
2928 5.3 0.4 12:40.18
2928 14.3 0.4 12:40.32
2928 14.3 0.4 12:40.49
2928 11.1 0.4 12:40.63
2928 11.1 0.4 12:40.76
2928 20.0 0.4 12:40.96
2928 22.2 0.4 12:41.17
2928 22.2 0.4 12:41.32
2928 15.0 0.4 12:41.54
2928 33.3 0.4 12:41.76
2928 10.0 0.4 12:41.97
2928 10.5 0.4 12:42.08
2928 10.0 0.4 12:42.24
2928 13.6 0.4 12:42.44
2928 33.3 0.4 12:42.65
2928 55.0 0.4 12:42.87
2928 19.0 0.4 12:43.10
2928 14.3 0.4 12:43.28
2928 10.5 0.4 12:43.43
2928 5.0 0.4 12:43.62
2928 25.0 0.4 12:43.80
2928 15.0 0.4 12:44.00
2928 15.0 0.4 12:44.25
2928 10.5 0.4 12:44.34
2928 15.8 0.4 12:44.50
2928 10.0 0.4 12:44.69
2928 10.5 0.4 12:44.81
2928 14.3 0.3 12:44.92
2928 15.0 0.3 12:45.12
2928 10.5 0.3 12:45.33
2928 5.3 0.3 12:45.56
2928 19.0 0.3 12:45.70
2928 21.1 0.3 12:45.90
2928 9.5 0.3 12:46.04
2928 5.0 0.3 12:46.13
2928 27.8 0.3 12:46.29
2928 9.5 0.3 12:46.53
2928 10.5 0.3 12:46.72
2928 10.5 0.3 12:46.99
2928 21.1 0.3 12:47.18
2928 15.8 0.4 12:47.38
2928 22.2 0.4 12:47.52
2928 21.1 0.4 12:47.66
2928 22.2 0.4 12:47.86
2928 11.1 0.4 12:48.00
2928 10.5 0.4 12:48.10
2928 15.0 0.4 12:48.25
2928 20.0 0.4 12:48.46
29283 5.0 0.0 0:00.01
2928 11.1 0.4 12:48.74
2928 10.5 0.4 12:48.91
2928 10.0 0.4 12:49.08
2928 4.8 0.4 12:49.23
2928 10.0 0.4 12:49.35
2928 15.8 0.4 12:49.52
2928 11.1 0.4 12:49.73
2928 10.5 0.4 12:49.86
2928 17.4 0.4 12:50.22
2928 13.8 0.4 12:50.43
2928 5.6 0.4 12:50.56
2928 21.1 0.4 12:50.69
2928 20.0 0.4 12:50.93
2928 9.5 0.3 12:51.09
2928 13.6 0.3 12:51.20
2928 21.1 0.3 12:51.35
2928 15.8 0.3 12:51.52
2928 10.0 0.3 12:51.70
2928 5.6 0.3 12:51.79
2928 15.8 0.3 12:51.94
2928 22.2 0.3 12:52.12
2928 11.1 0.3 12:52.24
2928 10.5 0.3 12:52.33
2928 15.0 0.3 12:52.50
2928 15.8 0.4 12:52.69
2928 10.5 0.4 12:52.87
2928 15.8 0.4 12:53.08
2928 27.8 0.4 12:53.27
2928 16.7 0.4 12:53.43
2928 15.8 0.4 12:53.60
2928 27.8 0.4 12:53.83
2928 14.3 0.4 12:54.03
2928 10.5 0.4 12:54.14
2928 5.3 0.4 12:54.23
2928 25.0 0.4 12:54.41
2928 15.8 0.4 12:54.60
2928 10.0 0.4 12:54.71
2928 11.1 0.4 12:54.80
2928 0.0 0.4 12:54.82
