2928 5.0 0.3 21:37.39
2928 5.3 0.3 21:37.44
2928 15.0 0.3 21:37.57
2928 15.8 0.3 21:37.68
2928 10.5 0.3 21:37.75
2928 5.3 0.3 21:37.85
2928 17.4 0.3 21:37.96
2928 5.0 0.3 21:38.05
2928 26.3 0.3 21:38.22
2928 35.0 0.3 21:38.37
2928 5.3 0.3 21:38.48
2928 14.3 0.3 21:38.65
2928 25.0 0.3 21:38.83
2928 10.0 0.3 21:39.01
2928 27.8 0.3 21:39.16
2928 10.5 0.3 21:39.30
2928 21.1 0.3 21:39.47
2928 10.5 0.3 21:39.66
2928 15.8 0.3 21:39.82
2928 14.3 0.3 21:39.93
2928 4.8 0.3 21:40.08
2928 15.8 0.3 21:40.24
2928 10.5 0.3 21:40.36
2928 11.1 0.3 21:40.50
2928 19.0 0.3 21:40.68
2928 15.0 0.3 21:40.81
2928 16.0 0.3 21:40.99
2928 12.0 0.3 21:41.15
2928 16.7 0.3 21:41.42
2928 10.0 0.3 21:41.58
2928 10.5 0.3 21:41.75
2928 15.8 0.3 21:41.87
2928 10.0 0.3 21:42.01
2928 30.0 0.3 21:42.20
2928 22.2 0.3 21:42.34
2928 10.0 0.3 21:42.47
2928 15.0 0.3 21:42.63
2928 14.3 0.3 21:42.75
2928 10.0 0.3 21:42.89
2928 25.0 0.3 21:43.13
2928 10.0 0.3 21:43.25
2928 10.5 0.3 21:43.38
2928 10.0 0.3 21:43.57
2928 21.1 0.3 21:43.71
2928 20.0 0.3 21:43.90
2928 4.5 0.3 21:44.05
2928 10.5 0.3 21:44.18
2928 10.5 0.3 21:44.35
2928 10.0 0.3 21:44.52
2928 21.1 0.3 21:44.68
2928 10.0 0.3 21:44.86
2928 18.2 0.3 21:45.02
2928 15.8 0.3 21:45.15
2928 14.3 0.3 21:45.34
2928 15.0 0.3 21:45.49
2928 26.3 0.3 21:45.73
2928 19.0 0.3 21:45.88
2928 15.0 0.3 21:46.04
2928 10.0 0.3 21:46.18
2928 10.5 0.3 21:46.39
2928 10.5 0.3 21:46.53
2928 21.1 0.3 21:46.70
2928 23.8 0.3 21:46.93
2928 10.0 0.3 21:47.10
2928 9.5 0.3 21:47.24
2928 15.0 0.3 21:47.40
2928 13.6 0.3 21:47.60
2928 10.0 0.3 21:47.75
2928 21.1 0.3 21:47.91
2928 25.0 0.3 21:48.12
2928 15.8 0.3 21:48.28
2928 9.5 0.3 21:48.43
2928 11.1 0.3 21:48.60
2928 10.5 0.3 21:48.79
2928 13.6 0.3 21:48.97
2928 16.7 0.3 21:49.09
2928 21.1 0.3 21:49.27
2928 13.6 0.3 21:49.44
2928 15.8 0.3 21:49.62
2928 10.0 0.3 21:49.86
2928 8.3 0.3 21:50.02
2928 10.5 0.3 21:50.20
2928 16.7 0.3 21:50.35
2928 21.1 0.3 21:50.51
2928 9.5 0.3 21:50.65
2928 20.0 0.3 21:50.82
2928 10.5 0.3 21:51.01
2928 9.5 0.3 21:51.13
2928 14.3 0.3 21:51.28
2928 45.5 0.3 21:51.55
2928 10.0 0.3 21:51.68
2928 20.0 0.3 21:51.83
2928 10.0 0.3 21:51.98
2928 10.0 0.3 21:52.18
2928 15.0 0.3 21:52.36
2928 15.8 0.3 21:52.54
2928 10.0 0.3 21:52.67
2928 13.6 0.3 21:52.82
2928 10.0 0.3 21:52.97
2928 19.0 0.3 21:53.14
2928 10.5 0.3 21:53.28
2928 5.0 0.3 21:53.49
2928 20.0 0.3 21:53.66
2928 10.0 0.3 21:53.80
2928 10.5 0.3 21:53.95
2928 9.5 0.3 21:54.15
2928 20.0 0.3 21:54.33
2928 31.6 0.3 21:54.50
2928 14.3 0.3 21:54.70
2928 5.3 0.3 21:54.87
2928 10.0 0.3 21:55.02
2928 16.7 0.3 21:55.20
2928 10.5 0.3 21:55.34
2928 10.0 0.3 21:55.51
2928 16.7 0.3 21:55.65
2928 27.3 0.3 21:55.88
2928 16.7 0.3 21:56.04
2928 16.7 0.3 21:56.20
2928 10.0 0.3 21:56.34
2928 15.8 0.3 21:56.49
2928 9.5 0.3 21:56.67
2928 25.0 0.3 21:56.88
2928 15.8 0.3 21:57.05
2928 10.0 0.3 21:57.25
2928 20.0 0.3 21:57.43
2928 10.5 0.3 21:57.60
2928 20.0 0.3 21:57.78
2928 19.0 0.3 21:57.92
2928 13.6 0.3 21:58.06
2928 17.4 0.3 21:58.25
2928 10.5 0.3 21:58.38
2928 22.7 0.3 21:58.55
2928 10.0 0.3 21:58.73
2928 20.0 0.3 21:58.87
2928 10.0 0.3 21:59.00
2928 25.0 0.3 21:59.17
2928 15.0 0.3 21:59.36
2928 10.0 0.3 21:59.49
2928 16.7 0.3 21:59.68
2928 16.7 0.3 21:59.87
2928 22.2 0.3 22:00.05
2928 9.5 0.3 22:00.20
2928 11.1 0.3 22:00.34
2928 13.6 0.3 22:00.52
2928 23.8 0.3 22:00.73
2928 23.8 0.3 22:00.90
2928 10.5 0.3 22:01.08
2928 14.3 0.3 22:01.22
2928 10.0 0.3 22:01.36
2928 5.0 0.3 22:01.48
