2929 5.0 0.3 2:58.78
2929 0.0 0.3 2:58.91
2929 0.0 0.3 2:58.94
2929 5.3 0.3 2:58.98
2929 0.0 0.3 2:59.06
2929 5.0 0.3 2:59.10
2929 5.6 0.3 2:59.13
2929 0.0 0.3 2:59.14
2929 0.0 0.3 2:59.18
2929 27.3 0.3 2:59.27
2929 4.8 0.3 2:59.37
2929 5.0 0.3 2:59.46
2929 5.0 0.3 2:59.49
2929 5.3 0.3 2:59.51
2929 0.0 0.3 2:59.54
2929 0.0 0.3 2:59.55
2929 0.0 0.3 2:59.55
2929 0.0 0.3 2:59.55
2929 0.0 0.3 2:59.57
2929 0.0 0.3 2:59.57
2929 0.0 0.3 2:59.57
2929 0.0 0.3 2:59.58
2929 0.0 0.3 2:59.60
2929 5.3 0.3 2:59.65
2929 0.0 0.3 2:59.67
2929 0.0 0.3 2:59.68
2929 0.0 0.3 2:59.68
2929 0.0 0.3 2:59.69
2929 0.0 0.3 2:59.70
2929 0.0 0.3 2:59.70
2929 0.0 0.3 2:59.71
2929 0.0 0.3 2:59.72
2929 0.0 0.3 2:59.73
2929 0.0 0.3 2:59.78
2929 0.0 0.3 2:59.80
2929 0.0 0.3 2:59.80
2929 4.5 0.3 2:59.81
2929 0.0 0.3 2:59.83
2929 0.0 0.3 2:59.84
2929 0.0 0.3 2:59.85
2929 0.0 0.3 2:59.85
2929 0.0 0.3 2:59.85
2929 0.0 0.3 2:59.86
2929 0.0 0.3 2:59.88
2929 0.0 0.3 2:59.91
2929 0.0 0.3 2:59.91
2929 0.0 0.3 2:59.92
2929 0.0 0.3 2:59.92
2929 5.3 0.3 2:59.94
2929 0.0 0.3 2:59.94
2929 0.0 0.3 2:59.94
2929 0.0 0.3 2:59.95
2929 5.3 0.3 2:59.97
2929 0.0 0.3 3:00.01
2929 0.0 0.3 3:00.02
2929 0.0 0.3 3:00.02
2929 0.0 0.3 3:00.03
2929 0.0 0.3 3:00.03
2929 0.0 0.3 3:00.05
2929 4.5 0.3 3:00.07
2929 0.0 0.3 3:00.09
2929 0.0 0.3 3:00.12
2929 8.0 0.3 3:00.17
2929 0.0 0.3 3:00.20
2929 0.0 0.3 3:00.21
2929 0.0 0.3 3:00.22
2929 0.0 0.3 3:00.23
2929 0.0 0.3 3:00.24
2929 0.0 0.3 3:00.33
2929 0.0 0.3 3:00.33
2929 4.3 0.3 3:00.34
2929 0.0 0.3 3:00.36
2929 0.0 0.3 3:00.38
2929 0.0 0.3 3:00.40
2929 0.0 0.3 3:00.42
2929 0.0 0.3 3:00.43
2929 3.6 0.3 3:00.46
2929 0.0 0.3 3:00.47
2929 4.8 0.3 3:00.50
2929 5.0 0.3 3:00.54
2929 0.0 0.3 3:00.55
2929 5.6 0.3 3:00.58
2929 0.0 0.3 3:00.62
2929 5.0 0.3 3:00.64
2929 0.0 0.3 3:00.71
2929 0.0 0.3 3:00.72
2929 4.8 0.3 3:00.74
2929 0.0 0.3 3:00.75
2929 0.0 0.3 3:00.77
2929 0.0 0.3 3:00.79
2929 5.3 0.3 3:00.81
2929 0.0 0.3 3:00.82
2929 4.0 0.3 3:00.84
2929 4.5 0.3 3:00.86
2929 0.0 0.3 3:00.90
2929 5.3 0.3 3:00.91
2929 5.6 0.3 3:00.94
2929 4.8 0.3 3:01.00
2929 4.2 0.3 3:01.02
2929 0.0 0.3 3:01.04
2929 0.0 0.3 3:01.05
2929 0.0 0.3 3:01.07
2929 0.0 0.3 3:01.07
2929 5.0 0.3 3:01.08
2929 0.0 0.3 3:01.09
2929 0.0 0.3 3:01.10
2929 0.0 0.3 3:01.10
2929 3.8 0.3 3:01.11
2929 4.2 0.3 3:01.12
2929 0.0 0.3 3:01.13
2929 0.0 0.3 3:01.16
2929 4.0 0.3 3:01.20
2929 3.7 0.3 3:01.22
2929 0.0 0.3 3:01.23
2929 0.0 0.3 3:01.23
2929 0.0 0.3 3:01.24
2929 0.0 0.3 3:01.26
2929 0.0 0.3 3:01.27
2929 5.0 0.3 3:01.29
2929 4.3 0.3 3:01.32
2929 0.0 0.3 3:01.38
2929 0.0 0.3 3:01.38
2929 0.0 0.3 3:01.38
