2929 0.0 0.3 1:57.49
2929 5.3 0.3 1:57.55
2929 11.1 0.3 1:57.60
2929 0.0 0.3 1:57.72
2929 11.1 0.3 1:57.80
2929 0.0 0.3 1:57.88
2929 5.3 0.3 1:58.05
2929 15.0 0.3 1:58.09
2929 5.3 0.3 1:58.14
2929 0.0 0.3 1:58.23
2929 0.0 0.3 1:58.27
2929 10.5 0.3 1:58.31
2929 0.0 0.3 1:58.36
2929 5.3 0.3 1:58.39
2929 5.3 0.3 1:58.41
2929 0.0 0.3 1:58.45
2929 5.6 0.3 1:58.50
2929 4.8 0.3 1:58.54
2929 5.3 0.3 1:58.59
2929 9.5 0.3 1:58.63
2929 5.3 0.3 1:58.65
2929 5.6 0.3 1:58.67
2929 10.0 0.3 1:58.72
2929 0.0 0.3 1:58.74
2929 0.0 0.3 1:58.78
2929 0.0 0.3 1:58.80
2929 0.0 0.3 1:58.83
2929 0.0 0.3 1:58.86
2929 5.0 0.3 1:58.89
2929 5.0 0.3 1:58.91
2929 5.6 0.3 1:58.94
2929 0.0 0.3 1:58.97
2929 0.0 0.3 1:58.99
2929 10.0 0.3 1:59.03
2929 0.0 0.3 1:59.05
2929 0.0 0.3 1:59.08
2929 5.3 0.3 1:59.10
2929 0.0 0.3 1:59.11
2929 0.0 0.3 1:59.11
2929 0.0 0.3 1:59.11
2929 0.0 0.3 1:59.12
2929 0.0 0.3 1:59.15
2929 0.0 0.3 1:59.17
2929 4.3 0.3 1:59.18
2929 5.3 0.3 1:59.19
2929 0.0 0.3 1:59.20
2929 0.0 0.3 1:59.21
2929 0.0 0.3 1:59.22
2929 0.0 0.3 1:59.23
2929 5.3 0.3 1:59.25
2929 5.0 0.3 1:59.26
2929 0.0 0.3 1:59.26
2929 0.0 0.3 1:59.29
2929 4.0 0.3 1:59.33
2929 5.3 0.3 1:59.35
2929 0.0 0.3 1:59.36
2929 5.0 0.3 1:59.38
2929 0.0 0.3 1:59.39
2929 5.3 0.3 1:59.41
2929 0.0 0.3 1:59.42
2929 5.3 0.3 1:59.44
2929 0.0 0.3 1:59.44
2929 0.0 0.3 1:59.45
2929 5.0 0.3 1:59.47
2929 0.0 0.3 1:59.49
2929 5.6 0.3 1:59.51
2929 4.0 0.3 1:59.53
2929 0.0 0.3 1:59.56
2929 5.0 0.3 1:59.60
2929 0.0 0.3 1:59.62
2929 4.3 0.3 1:59.65
2929 5.6 0.3 1:59.67
2929 0.0 0.3 1:59.69
12929 0.0 0.0 0:00.00
2929 0.0 0.3 1:59.73
2929 0.0 0.3 1:59.74
2929 0.0 0.3 1:59.75
2929 0.0 0.3 1:59.77
2929 0.0 0.3 1:59.78
2929 0.0 0.3 1:59.81
2929 0.0 0.3 1:59.81
2929 0.0 0.3 1:59.82
2929 0.0 0.3 1:59.83
2929 0.0 0.3 1:59.84
2929 5.6 0.3 1:59.86
2929 0.0 0.3 1:59.87
2929 0.0 0.3 1:59.88
2929 0.0 0.3 1:59.89
2929 0.0 0.3 1:59.89
2929 0.0 0.3 1:59.91
2929 5.6 0.3 1:59.93
2929 0.0 0.3 1:59.94
2929 5.6 0.3 1:59.95
2929 0.0 0.3 1:59.96
2929 5.3 0.3 1:59.99
2929 0.0 0.3 2:00.00
2929 5.0 0.3 2:00.02
2929 0.0 0.3 2:00.04
2929 5.3 0.3 2:00.06
2929 5.3 0.3 2:00.09
2929 0.0 0.3 2:00.10
2929 0.0 0.3 2:00.11
2929 0.0 0.3 2:00.12
2929 0.0 0.3 2:00.13
2929 0.0 0.3 2:00.15
2929 0.0 0.3 2:00.16
2929 5.3 0.3 2:00.17
2929 0.0 0.3 2:00.18
2929 0.0 0.3 2:00.19
2929 5.3 0.3 2:00.21
2929 0.0 0.3 2:00.22
2929 0.0 0.3 2:00.23
2929 0.0 0.3 2:00.24
2929 0.0 0.3 2:00.25
2929 0.0 0.3 2:00.26
2929 4.2 0.3 2:00.28
2929 0.0 0.3 2:00.29
2929 0.0 0.3 2:00.30
2929 0.0 0.3 2:00.32
2929 0.0 0.3 2:00.34
2929 0.0 0.3 2:00.35
2929 5.0 0.3 2:00.37
2929 0.0 0.3 2:00.37
2929 0.0 0.3 2:00.38
2929 5.3 0.3 2:00.39
2929 0.0 0.3 2:00.39
2929 4.5 0.3 2:00.41
2929 0.0 0.3 2:00.42
2929 5.6 0.3 2:00.44
2929 5.0 0.3 2:00.45
2929 10.5 0.3 2:00.48
2929 0.0 0.3 2:00.48
2929 0.0 0.3 2:00.49
2929 5.3 0.3 2:00.51
2929 5.0 0.3 2:00.52
2929 0.0 0.3 2:00.53
2929 0.0 0.3 2:00.54
2929 0.0 0.3 2:00.56
2929 5.0 0.3 2:00.59
2929 5.6 0.3 2:00.60
2929 0.0 0.3 2:00.60
2929 0.0 0.3 2:00.61
2929 0.0 0.3 2:00.61
2929 0.0 0.3 2:00.61
2929 0.0 0.3 2:00.62
2929 0.0 0.3 2:00.64
2929 0.0 0.3 2:00.67
2929 0.0 0.3 2:00.68
2929 0.0 0.3 2:00.70
2929 5.3 0.3 2:00.73
2929 5.6 0.3 2:00.74
2929 0.0 0.3 2:00.76
2929 0.0 0.3 2:00.78
2929 5.6 0.3 2:00.80
2929 0.0 0.3 2:00.81
2929 0.0 0.3 2:00.82
2929 0.0 0.3 2:00.83
2929 0.0 0.3 2:00.84
2929 0.0 0.3 2:00.84
2929 0.0 0.3 2:00.85
2929 5.3 0.3 2:00.86
2929 5.6 0.3 2:00.87
2929 0.0 0.3 2:00.87
2929 5.3 0.3 2:00.90
2929 0.0 0.3 2:00.92
2929 4.8 0.3 2:00.99
2929 0.0 0.3 2:01.00
2929 0.0 0.3 2:01.02
2929 5.6 0.3 2:01.05
2929 5.3 0.3 2:01.06
2929 0.0 0.3 2:01.07
2929 0.0 0.3 2:01.09
2929 0.0 0.3 2:01.11
2929 0.0 0.3 2:01.13
2929 0.0 0.3 2:01.15
2929 0.0 0.3 2:01.15
2929 0.0 0.3 2:01.16
2929 0.0 0.3 2:01.16
2929 0.0 0.3 2:01.18
2929 5.6 0.3 2:01.21
2929 0.0 0.3 2:01.22
2929 0.0 0.3 2:01.24
2929 0.0 0.3 2:01.26
2929 0.0 0.3 2:01.26
2929 0.0 0.3 2:01.27
2929 4.8 0.3 2:01.29
2929 0.0 0.3 2:01.30
2929 0.0 0.3 2:01.32
2929 0.0 0.3 2:01.33
2929 0.0 0.3 2:01.34
2929 5.3 0.3 2:01.36
2929 0.0 0.3 2:01.36
2929 5.3 0.3 2:01.38
2929 0.0 0.3 2:01.41
2929 0.0 0.3 2:01.45
2929 0.0 0.3 2:01.46
2929 0.0 0.3 2:01.47
2929 5.3 0.3 2:01.52
2929 0.0 0.3 2:01.53
2929 0.0 0.3 2:01.54
2929 5.0 0.3 2:01.57
2929 0.0 0.3 2:01.58
2929 11.1 0.3 2:01.62
2929 0.0 0.3 2:01.65
2929 0.0 0.3 2:01.66
2929 0.0 0.3 2:01.67
2929 0.0 0.3 2:01.67
2929 0.0 0.3 2:01.67
2929 0.0 0.3 2:01.68
2929 0.0 0.3 2:01.70
2929 0.0 0.3 2:01.71
2929 0.0 0.3 2:01.72
2929 0.0 0.3 2:01.73
2929 0.0 0.3 2:01.75
2929 0.0 0.3 2:01.75
2929 0.0 0.3 2:01.77
2929 3.3 0.3 2:01.78
2929 0.0 0.3 2:01.78
2929 0.0 0.3 2:01.79
2929 0.0 0.3 2:01.85
2929 0.0 0.3 2:01.87
2929 0.0 0.3 2:01.89
2929 0.0 0.3 2:01.90
2929 5.6 0.3 2:01.91
2929 0.0 0.3 2:01.91
2929 0.0 0.3 2:01.92
2929 0.0 0.3 2:01.92
2929 0.0 0.3 2:01.92
2929 0.0 0.3 2:01.93
2929 0.0 0.3 2:01.93
2929 0.0 0.3 2:01.96
2929 0.0 0.3 2:01.97
2929 5.3 0.3 2:01.99
2929 0.0 0.3 2:01.99
2929 5.3 0.3 2:02.00
2929 0.0 0.3 2:02.00
2929 0.0 0.3 2:02.01
2929 5.6 0.3 2:02.02
2929 0.0 0.3 2:02.03
2929 5.6 0.3 2:02.05
2929 0.0 0.3 2:02.05
2929 0.0 0.3 2:02.07
2929 0.0 0.3 2:02.08
2929 0.0 0.3 2:02.10
2929 0.0 0.3 2:02.11
2929 0.0 0.3 2:02.12
2929 0.0 0.3 2:02.14
2929 0.0 0.3 2:02.15
2929 0.0 0.3 2:02.15
2929 4.5 0.3 2:02.17
2929 0.0 0.3 2:02.18
2929 0.0 0.3 2:02.18
2929 0.0 0.3 2:02.19
2929 0.0 0.3 2:02.22
2929 0.0 0.3 2:02.24
2929 0.0 0.3 2:02.25
2929 0.0 0.3 2:02.26
2929 9.1 0.3 2:02.30
2929 5.3 0.3 2:02.31
2929 0.0 0.3 2:02.32
2929 5.3 0.3 2:02.34
2929 5.6 0.3 2:02.36
2929 0.0 0.3 2:02.37
2929 0.0 0.3 2:02.37
2929 0.0 0.3 2:02.40
2929 0.0 0.3 2:02.41
2929 0.0 0.3 2:02.41
2929 0.0 0.3 2:02.42
2929 5.6 0.3 2:02.46
2929 5.6 0.3 2:02.48
2929 0.0 0.3 2:02.49
2929 5.0 0.3 2:02.52
2929 0.0 0.3 2:02.53
2929 0.0 0.3 2:02.54
2929 0.0 0.3 2:02.55
2929 0.0 0.3 2:02.56
2929 0.0 0.3 2:02.59
2929 0.0 0.3 2:02.60
2929 0.0 0.3 2:02.61
2929 0.0 0.3 2:02.62
2929 0.0 0.3 2:02.63
2929 0.0 0.3 2:02.64
2929 0.0 0.3 2:02.65
2929 5.0 0.3 2:02.66
2929 0.0 0.3 2:02.67
2929 0.0 0.3 2:02.67
2929 0.0 0.3 2:02.69
2929 0.0 0.3 2:02.71
2929 0.0 0.3 2:02.71
2929 0.0 0.3 2:02.72
2929 0.0 0.3 2:02.75
2929 5.0 0.3 2:02.78
2929 0.0 0.3 2:02.79
2929 0.0 0.3 2:02.80
2929 0.0 0.3 2:02.81
2929 0.0 0.3 2:02.82
2929 0.0 0.3 2:02.82
2929 0.0 0.3 2:02.83
2929 0.0 0.3 2:02.84
2929 0.0 0.3 2:02.85
2929 0.0 0.3 2:02.86
2929 5.6 0.3 2:02.87
2929 0.0 0.3 2:02.88
2929 0.0 0.3 2:02.88
2929 5.0 0.3 2:02.89
2929 5.3 0.3 2:02.91
2929 0.0 0.3 2:02.92
2929 0.0 0.3 2:02.92
2929 4.8 0.3 2:02.94
2929 0.0 0.3 2:02.95
2929 5.3 0.3 2:02.97
2929 0.0 0.3 2:02.98
2929 0.0 0.3 2:02.99
2929 0.0 0.3 2:03.00
2929 0.0 0.3 2:03.02
2929 0.0 0.3 2:03.02
2929 0.0 0.3 2:03.03
2929 4.5 0.3 2:03.04
2929 0.0 0.3 2:03.04
2929 0.0 0.3 2:03.04
2929 0.0 0.3 2:03.06
2929 0.0 0.3 2:03.07
2929 0.0 0.3 2:03.09
2929 5.3 0.3 2:03.10
2929 0.0 0.3 2:03.11
2929 5.3 0.3 2:03.12
2929 0.0 0.3 2:03.12
2929 5.3 0.3 2:03.16
2929 5.0 0.3 2:03.17
2929 0.0 0.3 2:03.17
2929 5.6 0.3 2:03.18
2929 0.0 0.3 2:03.19
2929 0.0 0.3 2:03.20
2929 0.0 0.3 2:03.20
2929 0.0 0.3 2:03.21
2929 5.6 0.3 2:03.23
2929 0.0 0.3 2:03.27
2929 0.0 0.3 2:03.28
2929 5.6 0.3 2:03.30
2929 0.0 0.3 2:03.31
2929 5.3 0.3 2:03.33
2929 0.0 0.3 2:03.33
2929 0.0 0.3 2:03.34
2929 0.0 0.3 2:03.35
2929 0.0 0.3 2:03.36
2929 0.0 0.3 2:03.36
2929 0.0 0.3 2:03.37
2929 0.0 0.3 2:03.38
2929 0.0 0.3 2:03.39
2929 0.0 0.3 2:03.40
2929 5.3 0.3 2:03.42
2929 0.0 0.3 2:03.43
2929 0.0 0.3 2:03.44
2929 5.6 0.3 2:03.47
2929 5.0 0.3 2:03.49
2929 0.0 0.3 2:03.52
2929 0.0 0.3 2:03.53
2929 5.6 0.3 2:03.54
2929 0.0 0.3 2:03.54
2929 0.0 0.3 2:03.55
2929 0.0 0.3 2:03.56
2929 0.0 0.3 2:03.58
2929 5.3 0.3 2:03.60
2929 0.0 0.3 2:03.61
2929 0.0 0.3 2:03.62
2929 0.0 0.3 2:03.62
2929 0.0 0.3 2:03.63
2929 0.0 0.3 2:03.63
2929 0.0 0.3 2:03.64
2929 0.0 0.3 2:03.66
2929 0.0 0.3 2:03.68
2929 0.0 0.3 2:03.68
