2929 38.1 0.3 0:17.08
2929 5.6 0.3 0:17.20
2929 5.3 0.3 0:17.26
2929 5.0 0.3 0:17.33
2929 4.8 0.3 0:17.56
2929 10.0 0.3 0:17.63
2929 4.8 0.3 0:17.70
2929 0.0 0.3 0:17.76
2929 4.3 0.3 0:17.83
2929 5.0 0.3 0:17.86
2929 5.3 0.3 0:17.89
2929 5.6 0.3 0:17.91
2929 0.0 0.3 0:17.93
2929 5.3 0.3 0:17.96
2929 5.3 0.3 0:17.99
2929 5.3 0.3 0:18.03
2929 0.0 0.3 0:18.07
2929 0.0 0.3 0:18.11
2929 10.5 0.3 0:18.16
2929 5.3 0.3 0:18.23
2929 0.0 0.3 0:18.25
2929 5.0 0.3 0:18.30
2929 0.0 0.3 0:18.33
2929 0.0 0.3 0:18.34
2929 5.3 0.3 0:18.37
2929 0.0 0.3 0:18.39
2929 5.0 0.3 0:18.42
2929 0.0 0.3 0:18.44
2929 5.6 0.3 0:18.47
2929 4.8 0.3 0:18.50
2929 0.0 0.3 0:18.51
2929 0.0 0.3 0:18.52
2929 5.6 0.3 0:18.55
2929 5.3 0.3 0:18.57
2929 5.0 0.3 0:18.59
2929 0.0 0.3 0:18.60
2929 0.0 0.3 0:18.61
2929 0.0 0.3 0:18.62
2929 0.0 0.3 0:18.64
2929 5.0 0.3 0:18.66
2929 0.0 0.3 0:18.67
2929 0.0 0.3 0:18.69
2929 4.8 0.3 0:18.71
2929 0.0 0.3 0:18.72
2929 4.8 0.3 0:18.74
2929 4.8 0.3 0:18.76
2929 0.0 0.3 0:18.79
2929 0.0 0.3 0:18.80
2929 0.0 0.3 0:18.81
2929 0.0 0.3 0:18.83
2929 0.0 0.3 0:18.85
2929 4.8 0.3 0:18.87
2929 0.0 0.3 0:18.88
2929 5.0 0.3 0:18.90
2929 0.0 0.3 0:18.92
2929 0.0 0.3 0:18.94
2929 0.0 0.3 0:18.99
2929 5.3 0.3 0:19.03
2929 5.3 0.3 0:19.05
2929 0.0 0.3 0:19.08
2929 0.0 0.3 0:19.10
2929 5.0 0.3 0:19.14
2929 5.6 0.3 0:19.17
2929 0.0 0.3 0:19.18
2929 5.3 0.3 0:19.21
2929 0.0 0.3 0:19.23
2929 0.0 0.3 0:19.25
2929 5.6 0.3 0:19.28
2929 0.0 0.3 0:19.30
2929 0.0 0.3 0:19.32
2929 0.0 0.3 0:19.33
2929 0.0 0.3 0:19.35
2929 0.0 0.3 0:19.37
2929 0.0 0.3 0:19.38
2929 0.0 0.3 0:19.40
2929 0.0 0.3 0:19.41
2929 0.0 0.3 0:19.44
29290 0.0 0.0 0:00.00
2929 0.0 0.3 0:19.47
2929 0.0 0.3 0:19.48
2929 5.3 0.3 0:19.50
2929 0.0 0.3 0:19.51
2929 4.8 0.3 0:19.53
2929 0.0 0.3 0:19.54
2929 0.0 0.3 0:19.56
2929 0.0 0.3 0:19.58
2929 4.8 0.3 0:19.60
2929 10.5 0.3 0:19.63
2929 0.0 0.3 0:19.65
2929 0.0 0.3 0:19.67
2929 0.0 0.3 0:19.69
2929 0.0 0.3 0:19.70
2929 0.0 0.3 0:19.71
2929 0.0 0.3 0:19.72
2929 4.8 0.3 0:19.74
2929 0.0 0.3 0:19.75
2929 5.3 0.3 0:19.77
2929 5.6 0.3 0:19.79
2929 0.0 0.3 0:19.83
2929 0.0 0.3 0:19.85
2929 0.0 0.3 0:19.86
2929 0.0 0.3 0:19.88
2929 0.0 0.3 0:19.90
2929 0.0 0.3 0:19.94
2929 0.0 0.3 0:19.96
2929 0.0 0.3 0:19.99
2929 0.0 0.3 0:20.01
2929 8.7 0.3 0:20.05
2929 0.0 0.3 0:20.07
2929 0.0 0.3 0:20.09
2929 0.0 0.3 0:20.12
2929 0.0 0.3 0:20.18
2929 0.0 0.3 0:20.21
2929 4.3 0.3 0:20.25
2929 0.0 0.3 0:20.29
2929 0.0 0.3 0:20.32
2929 5.3 0.3 0:20.36
2929 0.0 0.3 0:20.38
2929 0.0 0.3 0:20.42
2929 0.0 0.3 0:20.45
2929 3.7 0.3 0:20.49
2929 0.0 0.3 0:20.52
2929 5.3 0.3 0:20.55
2929 4.3 0.3 0:20.59
2929 5.0 0.3 0:20.63
2929 5.3 0.3 0:20.67
2929 0.0 0.3 0:20.70
2929 5.6 0.3 0:20.75
2929 4.0 0.3 0:20.80
2929 3.6 0.3 0:20.85
2929 0.0 0.3 0:20.87
2929 9.1 0.3 0:20.90
2929 10.0 0.3 0:20.92
2929 4.5 0.3 0:20.95
2929 0.0 0.3 0:20.97
2929 4.0 0.3 0:21.00
2929 4.8 0.3 0:21.03
2929 0.0 0.3 0:21.06
2929 4.8 0.3 0:21.10
2929 4.0 0.3 0:21.17
2929 5.0 0.3 0:21.20
2929 4.3 0.3 0:21.24
2929 0.0 0.3 0:21.26
2929 0.0 0.3 0:21.29
2929 3.1 0.3 0:21.33
2929 0.0 0.3 0:21.34
2929 0.0 0.3 0:21.37
2929 5.0 0.3 0:21.39
2929 5.0 0.3 0:21.42
2929 5.6 0.3 0:21.44
2929 3.8 0.3 0:21.46
2929 0.0 0.3 0:21.48
2929 5.0 0.3 0:21.51
2929 0.0 0.3 0:21.52
2929 8.3 0.3 0:21.57
2929 5.0 0.3 0:21.60
2929 0.0 0.3 0:21.66
2929 4.0 0.3 0:21.72
2929 5.0 0.3 0:21.74
2929 0.0 0.3 0:21.76
2929 0.0 0.3 0:21.80
2929 0.0 0.3 0:21.82
2929 0.0 0.3 0:21.84
2929 5.3 0.3 0:21.87
2929 0.0 0.3 0:21.89
2929 4.8 0.3 0:21.91
2929 0.0 0.3 0:21.93
2929 0.0 0.3 0:21.95
2929 0.0 0.3 0:21.97
2929 4.0 0.3 0:22.01
2929 4.8 0.3 0:22.04
2929 5.6 0.3 0:22.07
2929 10.5 0.3 0:22.10
2929 4.2 0.3 0:22.13
2929 4.2 0.3 0:22.19
2929 4.8 0.3 0:22.24
2929 10.0 0.3 0:22.27
2929 3.6 0.3 0:22.31
2929 4.5 0.3 0:22.34
2929 9.5 0.3 0:22.38
2929 0.0 0.3 0:22.41
2929 0.0 0.3 0:22.44
2929 0.0 0.3 0:22.46
2929 5.0 0.3 0:22.51
2929 5.3 0.3 0:22.53
2929 0.0 0.3 0:22.55
2929 5.0 0.3 0:22.58
2929 4.8 0.3 0:22.60
2929 0.0 0.3 0:22.65
2929 3.8 0.3 0:22.68
2929 5.6 0.3 0:22.71
2929 4.3 0.3 0:22.74
2929 3.7 0.3 0:22.77
2929 4.8 0.3 0:22.79
2929 4.3 0.3 0:22.82
2929 4.8 0.3 0:22.85
2929 0.0 0.3 0:22.87
2929 5.6 0.3 0:22.89
2929 0.0 0.3 0:22.91
2929 0.0 0.3 0:22.94
2929 0.0 0.3 0:22.96
2929 5.3 0.3 0:22.99
2929 5.0 0.3 0:23.02
2929 3.6 0.3 0:23.06
2929 0.0 0.3 0:23.10
2929 9.5 0.3 0:23.14
2929 8.7 0.3 0:23.17
2929 4.8 0.3 0:23.22
2929 0.0 0.3 0:23.25
2929 5.3 0.3 0:23.29
2929 3.7 0.3 0:23.33
2929 0.0 0.3 0:23.38
2929 0.0 0.3 0:23.41
2929 0.0 0.3 0:23.43
2929 0.0 0.3 0:23.45
2929 5.6 0.3 0:23.48
2929 0.0 0.3 0:23.49
2929 4.8 0.3 0:23.51
2929 0.0 0.3 0:23.52
2929 0.0 0.3 0:23.54
2929 0.0 0.3 0:23.56
2929 5.6 0.3 0:23.59
2929 5.0 0.3 0:23.62
2929 5.6 0.3 0:23.64
2929 4.8 0.3 0:23.66
2929 9.5 0.3 0:23.68
2929 5.3 0.3 0:23.69
2929 0.0 0.3 0:23.70
2929 5.0 0.3 0:23.73
2929 5.6 0.3 0:23.75
2929 5.3 0.3 0:23.78
2929 0.0 0.3 0:23.79
2929 0.0 0.3 0:23.83
2929 0.0 0.3 0:23.85
2929 5.3 0.3 0:23.90
2929 5.3 0.3 0:23.92
2929 5.6 0.3 0:23.94
2929 0.0 0.3 0:23.95
2929 0.0 0.3 0:23.97
2929 5.0 0.3 0:23.99
2929 0.0 0.3 0:24.00
2929 0.0 0.3 0:24.01
2929 0.0 0.3 0:24.02
2929 0.0 0.3 0:24.04
2929 0.0 0.3 0:24.06
2929 5.3 0.3 0:24.08
2929 4.8 0.3 0:24.11
2929 0.0 0.3 0:24.14
2929 5.3 0.3 0:24.16
2929 0.0 0.3 0:24.18
2929 0.0 0.3 0:24.20
2929 0.0 0.3 0:24.21
2929 5.0 0.3 0:24.24
2929 0.0 0.3 0:24.26
2929 0.0 0.3 0:24.30
2929 0.0 0.3 0:24.33
2929 0.0 0.3 0:24.35
2929 0.0 0.3 0:24.37
2929 0.0 0.3 0:24.39
2929 5.3 0.3 0:24.43
2929 0.0 0.3 0:24.46
2929 4.3 0.3 0:24.49
2929 0.0 0.3 0:24.56
2929 5.6 0.3 0:24.59
2929 5.6 0.3 0:24.61
2929 0.0 0.3 0:24.63
2929 0.0 0.3 0:24.65
2929 5.0 0.3 0:24.68
2929 0.0 0.3 0:24.70
2929 5.3 0.3 0:24.72
2929 5.6 0.3 0:24.75
2929 5.0 0.3 0:24.81
2929 4.8 0.3 0:24.83
2929 0.0 0.3 0:24.86
2929 0.0 0.3 0:24.88
2929 5.0 0.3 0:24.90
2929 0.0 0.3 0:24.92
2929 0.0 0.3 0:24.95
2929 0.0 0.3 0:24.97
2929 5.0 0.3 0:25.00
2929 0.0 0.3 0:25.02
2929 0.0 0.3 0:25.04
2929 0.0 0.3 0:25.05
2929 5.6 0.3 0:25.08
2929 0.0 0.3 0:25.09
2929 10.5 0.3 0:25.12
2929 5.3 0.3 0:25.13
2929 0.0 0.3 0:25.15
2929 0.0 0.3 0:25.17
2929 5.3 0.3 0:25.19
2929 5.6 0.3 0:25.21
2929 0.0 0.3 0:25.23
2929 0.0 0.3 0:25.25
2929 5.3 0.3 0:25.28
2929 5.0 0.3 0:25.30
2929 0.0 0.3 0:25.33
2929 0.0 0.3 0:25.37
2929 5.6 0.3 0:25.39
2929 0.0 0.3 0:25.40
2929 5.6 0.3 0:25.43
2929 0.0 0.3 0:25.47
2929 0.0 0.3 0:25.49
2929 0.0 0.3 0:25.50
2929 5.3 0.3 0:25.52
2929 0.0 0.3 0:25.55
2929 5.0 0.3 0:25.59
2929 0.0 0.3 0:25.62
2929 0.0 0.3 0:25.64
2929 10.5 0.3 0:25.67
2929 0.0 0.3 0:25.69
2929 11.1 0.3 0:25.73
2929 5.3 0.3 0:25.78
2929 0.0 0.3 0:25.79
2929 0.0 0.3 0:25.81
2929 0.0 0.3 0:25.83
2929 0.0 0.3 0:25.87
2929 5.3 0.3 0:25.90
2929 5.3 0.3 0:25.93
2929 10.5 0.3 0:25.97
2929 0.0 0.3 0:25.98
2929 5.3 0.3 0:25.99
2929 0.0 0.3 0:26.00
2929 5.0 0.3 0:26.03
2929 0.0 0.3 0:26.05
2929 0.0 0.3 0:26.07
2929 0.0 0.3 0:26.09
2929 0.0 0.3 0:26.11
2929 0.0 0.3 0:26.13
2929 0.0 0.3 0:26.14
2929 5.6 0.3 0:26.16
2929 0.0 0.3 0:26.18
2929 5.3 0.3 0:26.20
2929 0.0 0.3 0:26.21
2929 0.0 0.3 0:26.23
2929 4.8 0.3 0:26.27
2929 0.0 0.3 0:26.31
2929 0.0 0.3 0:26.32
2929 0.0 0.3 0:26.35
2929 5.0 0.3 0:26.37
2929 5.0 0.3 0:26.39
2929 0.0 0.3 0:26.41
2929 0.0 0.3 0:26.44
2929 5.0 0.3 0:26.47
2929 0.0 0.3 0:26.49
2929 0.0 0.3 0:26.53
2929 5.6 0.3 0:26.58
2929 5.6 0.3 0:26.61
2929 0.0 0.3 0:26.64
2929 0.0 0.3 0:26.67
2929 5.0 0.3 0:26.71
2929 0.0 0.3 0:26.72
2929 5.3 0.3 0:26.74
2929 0.0 0.3 0:26.76
2929 0.0 0.3 0:26.78
2929 5.6 0.3 0:26.80
2929 5.0 0.3 0:26.82
2929 4.5 0.3 0:26.84
2929 5.0 0.3 0:26.87
2929 0.0 0.3 0:26.89
2929 0.0 0.3 0:26.90
2929 0.0 0.3 0:26.92
2929 5.3 0.3 0:26.97
2929 4.5 0.3 0:26.98
2929 5.0 0.3 0:27.01
2929 4.2 0.3 0:27.04
2929 0.0 0.3 0:27.06
2929 5.0 0.3 0:27.11
2929 5.0 0.3 0:27.14
2929 5.0 0.3 0:27.17
2929 4.8 0.3 0:27.22
2929 0.0 0.3 0:27.24
2929 0.0 0.3 0:27.26
2929 0.0 0.3 0:27.28
2929 0.0 0.3 0:27.30
2929 5.3 0.3 0:27.32
2929 0.0 0.3 0:27.34
2929 0.0 0.3 0:27.36
2929 0.0 0.3 0:27.37
2929 0.0 0.3 0:27.39
2929 0.0 0.3 0:27.41
2929 10.0 0.3 0:27.45
2929 5.0 0.3 0:27.47
2929 0.0 0.3 0:27.48
2929 4.8 0.3 0:27.50
2929 0.0 0.3 0:27.54
2929 0.0 0.3 0:27.56
2929 0.0 0.3 0:27.59
2929 5.3 0.3 0:27.62
2929 5.6 0.3 0:27.65
2929 0.0 0.3 0:27.70
2929 5.0 0.3 0:27.73
2929 5.0 0.3 0:27.76
2929 0.0 0.3 0:27.78
2929 0.0 0.3 0:27.79
2929 0.0 0.3 0:27.82
2929 5.0 0.3 0:27.85
2929 5.0 0.3 0:27.87
2929 0.0 0.3 0:27.89
2929 5.6 0.3 0:27.91
2929 5.3 0.3 0:27.93
2929 0.0 0.3 0:27.96
2929 4.3 0.3 0:27.98
2929 0.0 0.3 0:28.00
2929 0.0 0.3 0:28.02
2929 0.0 0.3 0:28.06
2929 5.3 0.3 0:28.08
2929 3.7 0.3 0:28.11
2929 0.0 0.3 0:28.14
2929 0.0 0.3 0:28.18
2929 0.0 0.3 0:28.21
2929 5.3 0.3 0:28.27
2929 0.0 0.3 0:28.29
2929 0.0 0.3 0:28.32
2929 0.0 0.3 0:28.36
2929 5.3 0.3 0:28.40
2929 5.3 0.3 0:28.42
2929 0.0 0.3 0:28.44
2929 5.0 0.3 0:28.47
2929 5.3 0.3 0:28.49
2929 5.3 0.3 0:28.51
2929 0.0 0.3 0:28.54
2929 5.0 0.3 0:28.56
2929 0.0 0.3 0:28.57
2929 0.0 0.3 0:28.60
2929 5.3 0.3 0:28.62
2929 0.0 0.3 0:28.63
2929 5.6 0.3 0:28.65
2929 5.3 0.3 0:28.67
2929 0.0 0.3 0:28.68
2929 0.0 0.3 0:28.69
2929 4.5 0.3 0:28.74
2929 0.0 0.3 0:28.76
2929 4.8 0.3 0:28.78
2929 5.0 0.3 0:28.80
2929 0.0 0.3 0:28.81
2929 0.0 0.3 0:28.85
2929 0.0 0.3 0:28.87
2929 5.0 0.3 0:28.90
2929 0.0 0.3 0:28.92
2929 5.3 0.3 0:28.95
2929 0.0 0.3 0:28.97
2929 0.0 0.3 0:29.00
2929 5.0 0.3 0:29.02
2929 0.0 0.3 0:29.04
2929 5.0 0.3 0:29.07
2929 4.8 0.3 0:29.10
2929 0.0 0.3 0:29.12
2929 0.0 0.3 0:29.14
2929 5.6 0.3 0:29.16
2929 0.0 0.3 0:29.18
2929 0.0 0.3 0:29.19
2929 0.0 0.3 0:29.21
2929 0.0 0.3 0:29.23
2929 5.6 0.3 0:29.24
2929 0.0 0.3 0:29.26
2929 0.0 0.3 0:29.28
2929 0.0 0.3 0:29.30
2929 10.0 0.3 0:29.34
2929 0.0 0.3 0:29.36
2929 0.0 0.3 0:29.39
2929 0.0 0.3 0:29.41
2929 5.3 0.3 0:29.44
2929 0.0 0.3 0:29.46
2929 5.3 0.3 0:29.49
2929 5.3 0.3 0:29.52
2929 0.0 0.3 0:29.55
2929 0.0 0.3 0:29.60
2929 0.0 0.3 0:29.62
2929 5.3 0.3 0:29.65
2929 5.3 0.3 0:29.66
2929 0.0 0.3 0:29.67
2929 5.6 0.3 0:29.69
2929 0.0 0.3 0:29.70
2929 0.0 0.3 0:29.72
2929 0.0 0.3 0:29.73
2929 0.0 0.3 0:29.74
2929 4.8 0.3 0:29.77
2929 0.0 0.3 0:29.78
2929 5.3 0.3 0:29.81
2929 0.0 0.3 0:29.82
2929 0.0 0.3 0:29.84
2929 0.0 0.3 0:29.85
2929 0.0 0.3 0:29.87
2929 4.8 0.3 0:29.89
2929 0.0 0.3 0:29.90
2929 0.0 0.3 0:29.92
2929 5.3 0.3 0:29.94
2929 5.6 0.3 0:29.96
2929 0.0 0.3 0:29.98
2929 0.0 0.3 0:29.99
2929 0.0 0.3 0:30.00
2929 5.6 0.3 0:30.01
2929 0.0 0.3 0:30.02
2929 0.0 0.3 0:30.03
2929 0.0 0.3 0:30.04
2929 4.5 0.3 0:30.07
2929 4.8 0.3 0:30.09
2929 0.0 0.3 0:30.10
2929 5.0 0.3 0:30.13
2929 0.0 0.3 0:30.14
2929 4.8 0.3 0:30.16
2929 0.0 0.3 0:30.17
2929 0.0 0.3 0:30.19
2929 0.0 0.3 0:30.20
2929 5.3 0.3 0:30.22
2929 0.0 0.3 0:30.23
2929 0.0 0.3 0:30.26
2929 0.0 0.3 0:30.27
2929 4.5 0.3 0:30.29
2929 0.0 0.3 0:30.31
2929 0.0 0.3 0:30.35
2929 0.0 0.3 0:30.37
2929 0.0 0.3 0:30.39
2929 5.3 0.3 0:30.42
2929 4.5 0.3 0:30.44
2929 5.0 0.3 0:30.46
2929 5.6 0.3 0:30.48
2929 0.0 0.3 0:30.49
2929 5.0 0.3 0:30.51
2929 0.0 0.3 0:30.53
2929 0.0 0.3 0:30.55
2929 0.0 0.3 0:30.57
2929 0.0 0.3 0:30.59
2929 5.0 0.3 0:30.61
2929 0.0 0.3 0:30.62
2929 5.0 0.3 0:30.65
2929 5.0 0.3 0:30.67
2929 0.0 0.3 0:30.68
2929 0.0 0.3 0:30.70
2929 5.6 0.3 0:30.72
2929 0.0 0.3 0:30.73
2929 0.0 0.3 0:30.74
2929 0.0 0.3 0:30.75
2929 0.0 0.3 0:30.77
2929 3.7 0.3 0:30.80
2929 0.0 0.3 0:30.84
2929 0.0 0.3 0:30.86
2929 0.0 0.3 0:30.87
2929 5.3 0.3 0:30.89
2929 4.5 0.3 0:30.91
2929 5.0 0.3 0:30.93
2929 5.6 0.3 0:30.96
2929 0.0 0.3 0:30.99
2929 0.0 0.3 0:31.02
2929 5.0 0.3 0:31.05
2929 5.0 0.3 0:31.07
2929 0.0 0.3 0:31.09
2929 0.0 0.3 0:31.11
2929 0.0 0.3 0:31.13
2929 0.0 0.3 0:31.16
2929 0.0 0.3 0:31.17
2929 0.0 0.3 0:31.19
2929 0.0 0.3 0:31.21
2929 0.0 0.3 0:31.23
2929 0.0 0.3 0:31.25
2929 0.0 0.3 0:31.28
2929 5.6 0.3 0:31.30
2929 0.0 0.3 0:31.31
2929 5.3 0.3 0:31.34
2929 3.8 0.3 0:31.38
12929 0.0 0.0 0:00.00
2929 0.0 0.3 0:31.45
2929 4.8 0.3 0:31.49
2929 5.3 0.3 0:31.53
2929 0.0 0.3 0:31.57
2929 5.3 0.3 0:31.59
2929 0.0 0.3 0:31.61
2929 0.0 0.3 0:31.63
2929 4.5 0.3 0:31.65
2929 0.0 0.3 0:31.66
2929 5.3 0.3 0:31.69
2929 0.0 0.3 0:31.69
2929 0.0 0.3 0:31.71
2929 0.0 0.3 0:31.72
2929 0.0 0.3 0:31.73
2929 0.0 0.3 0:31.75
2929 5.6 0.3 0:31.78
2929 5.0 0.3 0:31.80
2929 0.0 0.3 0:31.82
2929 4.8 0.3 0:31.85
2929 0.0 0.3 0:31.88
2929 10.5 0.3 0:31.93
2929 0.0 0.3 0:31.95
2929 0.0 0.3 0:31.97
2929 0.0 0.3 0:31.99
2929 0.0 0.3 0:32.00
2929 5.3 0.3 0:32.02
2929 5.6 0.3 0:32.04
2929 0.0 0.3 0:32.05
2929 0.0 0.3 0:32.07
2929 0.0 0.3 0:32.08
2929 0.0 0.3 0:32.10
2929 0.0 0.3 0:32.11
2929 5.0 0.3 0:32.16
2929 5.6 0.3 0:32.18
2929 5.0 0.3 0:32.21
2929 5.0 0.3 0:32.24
2929 0.0 0.3 0:32.25
2929 5.6 0.3 0:32.29
2929 0.0 0.3 0:32.30
2929 0.0 0.3 0:32.33
2929 5.3 0.3 0:32.37
2929 4.8 0.3 0:32.41
2929 0.0 0.3 0:32.46
2929 11.1 0.3 0:32.51
2929 0.0 0.3 0:32.54
2929 5.3 0.3 0:32.58
2929 0.0 0.3 0:32.60
2929 5.0 0.3 0:32.63
2929 0.0 0.3 0:32.66
2929 0.0 0.3 0:32.69
2929 0.0 0.3 0:32.72
2929 4.5 0.3 0:32.76
2929 0.0 0.3 0:32.78
2929 5.3 0.3 0:32.83
2929 0.0 0.3 0:32.86
2929 5.6 0.3 0:32.88
2929 0.0 0.3 0:32.89
2929 0.0 0.3 0:32.90
2929 0.0 0.3 0:32.92
2929 0.0 0.3 0:32.95
2929 0.0 0.3 0:32.97
2929 0.0 0.3 0:32.99
2929 5.3 0.3 0:33.01
2929 0.0 0.3 0:33.02
2929 0.0 0.3 0:33.04
2929 0.0 0.3 0:33.06
2929 0.0 0.3 0:33.08
2929 0.0 0.3 0:33.10
2929 0.0 0.3 0:33.11
2929 5.0 0.3 0:33.14
2929 5.0 0.3 0:33.16
2929 5.6 0.3 0:33.17
2929 0.0 0.3 0:33.18
2929 5.3 0.3 0:33.20
2929 5.3 0.3 0:33.22
2929 0.0 0.3 0:33.24
2929 10.0 0.3 0:33.28
2929 0.0 0.3 0:33.31
2929 0.0 0.3 0:33.34
2929 0.0 0.3 0:33.36
2929 5.6 0.3 0:33.40
2929 0.0 0.3 0:33.44
2929 5.3 0.3 0:33.47
2929 0.0 0.3 0:33.48
2929 0.0 0.3 0:33.51
2929 5.3 0.3 0:33.54
2929 0.0 0.3 0:33.56
2929 10.5 0.3 0:33.59
2929 5.3 0.3 0:33.61
2929 0.0 0.3 0:33.63
2929 0.0 0.3 0:33.66
2929 5.6 0.3 0:33.73
2929 0.0 0.3 0:33.75
2929 5.0 0.3 0:33.78
2929 5.6 0.3 0:33.80
2929 0.0 0.3 0:33.84
2929 0.0 0.3 0:33.86
2929 0.0 0.3 0:33.87
2929 5.3 0.3 0:33.88
2929 5.3 0.3 0:33.90
2929 4.3 0.3 0:33.92
2929 0.0 0.3 0:33.94
2929 0.0 0.3 0:33.99
2929 0.0 0.3 0:34.01
2929 0.0 0.3 0:34.03
2929 0.0 0.3 0:34.05
2929 0.0 0.3 0:34.07
2929 0.0 0.3 0:34.09
2929 5.0 0.3 0:34.11
2929 0.0 0.3 0:34.14
2929 5.3 0.3 0:34.16
2929 5.3 0.3 0:34.20
2929 0.0 0.3 0:34.22
2929 0.0 0.3 0:34.25
2929 0.0 0.3 0:34.29
2929 5.3 0.3 0:34.31
2929 5.0 0.3 0:34.32
2929 0.0 0.3 0:34.33
2929 4.2 0.3 0:34.35
2929 5.6 0.3 0:34.37
2929 5.0 0.3 0:34.38
2929 0.0 0.3 0:34.39
2929 5.6 0.3 0:34.41
2929 0.0 0.3 0:34.43
2929 5.3 0.3 0:34.45
2929 5.0 0.3 0:34.47
2929 0.0 0.3 0:34.49
2929 0.0 0.3 0:34.52
2929 4.8 0.3 0:34.53
2929 5.3 0.3 0:34.56
2929 5.6 0.3 0:34.58
2929 0.0 0.3 0:34.62
2929 0.0 0.3 0:34.65
2929 0.0 0.3 0:34.67
2929 0.0 0.3 0:34.69
2929 5.3 0.3 0:34.72
2929 0.0 0.3 0:34.73
2929 0.0 0.3 0:34.75
2929 0.0 0.3 0:34.77
2929 5.6 0.3 0:34.80
2929 0.0 0.3 0:34.81
2929 5.6 0.3 0:34.83
2929 0.0 0.3 0:34.84
2929 0.0 0.3 0:34.85
2929 4.8 0.3 0:34.88
2929 0.0 0.3 0:34.89
2929 0.0 0.3 0:34.90
2929 5.3 0.3 0:34.95
2929 0.0 0.3 0:34.96
2929 5.3 0.3 0:34.99
2929 0.0 0.3 0:35.00
2929 4.0 0.3 0:35.03
2929 2.3 0.3 0:35.08
2929 5.0 0.3 0:35.11
2929 5.6 0.3 0:35.14
2929 5.3 0.3 0:35.18
2929 5.3 0.3 0:35.24
2929 0.0 0.3 0:35.26
2929 5.3 0.3 0:35.29
2929 0.0 0.3 0:35.32
2929 5.3 0.3 0:35.35
2929 5.3 0.3 0:35.37
2929 5.3 0.3 0:35.39
2929 5.3 0.3 0:35.41
2929 5.3 0.3 0:35.43
2929 5.3 0.3 0:35.49
2929 5.3 0.3 0:35.51
2929 5.6 0.3 0:35.55
2929 5.3 0.3 0:35.57
2929 0.0 0.3 0:35.59
2929 0.0 0.3 0:35.61
2929 5.0 0.3 0:35.63
2929 0.0 0.3 0:35.65
2929 0.0 0.3 0:35.67
2929 5.6 0.3 0:35.70
2929 0.0 0.3 0:35.71
2929 4.8 0.3 0:35.74
2929 0.0 0.3 0:35.77
2929 5.0 0.3 0:35.81
2929 5.3 0.3 0:35.84
2929 5.6 0.3 0:35.87
2929 5.3 0.3 0:35.89
2929 0.0 0.3 0:35.94
2929 0.0 0.3 0:35.95
2929 0.0 0.3 0:35.97
2929 0.0 0.3 0:36.00
2929 0.0 0.3 0:36.01
2929 0.0 0.3 0:36.02
2929 0.0 0.3 0:36.02
