2929 26.3 0.3 1:43.24
2929 11.1 0.3 1:43.31
2929 5.3 0.3 1:43.35
2929 0.0 0.3 1:43.38
2929 4.8 0.3 1:43.46
2929 10.5 0.3 1:43.54
2929 5.3 0.3 1:43.58
2929 0.0 0.3 1:43.61
2929 5.3 0.3 1:43.67
2929 5.3 0.3 1:43.71
2929 5.0 0.3 1:43.74
2929 5.6 0.3 1:43.77
2929 0.0 0.3 1:43.79
2929 0.0 0.3 1:43.81
2929 0.0 0.3 1:43.83
2929 5.0 0.3 1:43.87
2929 0.0 0.3 1:43.91
2929 0.0 0.3 1:43.94
2929 0.0 0.3 1:43.96
2929 5.3 0.3 1:43.98
2929 0.0 0.3 1:44.00
2929 0.0 0.3 1:44.01
2929 4.5 0.3 1:44.03
2929 5.0 0.3 1:44.06
2929 0.0 0.3 1:44.10
2929 0.0 0.3 1:44.11
2929 5.6 0.3 1:44.13
2929 0.0 0.3 1:44.16
2929 5.3 0.3 1:44.18
2929 0.0 0.3 1:44.20
2929 4.5 0.3 1:44.22
2929 0.0 0.3 1:44.23
2929 0.0 0.3 1:44.23
2929 5.6 0.3 1:44.24
2929 5.3 0.3 1:44.26
2929 0.0 0.3 1:44.31
2929 0.0 0.3 1:44.31
2929 0.0 0.3 1:44.33
2929 0.0 0.3 1:44.36
2929 5.0 0.3 1:44.39
2929 5.6 0.3 1:44.41
2929 5.3 0.3 1:44.46
2929 5.0 0.3 1:44.49
2929 0.0 0.3 1:44.51
2929 5.3 0.3 1:44.53
2929 0.0 0.3 1:44.56
2929 5.0 0.3 1:44.59
2929 0.0 0.3 1:44.61
2929 5.3 0.3 1:44.63
2929 0.0 0.3 1:44.65
2929 5.6 0.3 1:44.67
2929 0.0 0.3 1:44.68
2929 0.0 0.3 1:44.69
2929 5.6 0.3 1:44.72
2929 5.3 0.3 1:44.73
2929 0.0 0.3 1:44.77
2929 5.6 0.3 1:44.80
2929 0.0 0.3 1:44.83
2929 0.0 0.3 1:44.84
2929 5.6 0.3 1:44.86
2929 10.5 0.3 1:44.89
2929 0.0 0.3 1:44.90
2929 5.3 0.3 1:44.94
2929 5.0 0.3 1:44.95
2929 0.0 0.3 1:44.97
2929 0.0 0.3 1:44.99
2929 0.0 0.3 1:45.01
2929 0.0 0.3 1:45.02
2929 5.3 0.3 1:45.04
2929 0.0 0.3 1:45.04
2929 0.0 0.3 1:45.04
2929 0.0 0.3 1:45.07
2929 0.0 0.3 1:45.08
2929 0.0 0.3 1:45.09
2929 0.0 0.3 1:45.09
2929 0.0 0.3 1:45.10
2929 0.0 0.3 1:45.10
2929 0.0 0.3 1:45.11
2929 5.0 0.3 1:45.12
2929 0.0 0.3 1:45.13
2929 0.0 0.3 1:45.18
2929 0.0 0.3 1:45.19
2929 0.0 0.3 1:45.19
2929 0.0 0.3 1:45.19
2929 0.0 0.3 1:45.20
2929 0.0 0.3 1:45.20
2929 5.3 0.3 1:45.22
2929 0.0 0.3 1:45.24
2929 4.8 0.3 1:45.26
2929 0.0 0.3 1:45.28
2929 0.0 0.3 1:45.31
2929 0.0 0.3 1:45.34
2929 5.6 0.3 1:45.36
2929 4.8 0.3 1:45.38
2929 0.0 0.3 1:45.39
2929 5.6 0.3 1:45.41
2929 5.6 0.3 1:45.43
2929 0.0 0.3 1:45.43
2929 0.0 0.3 1:45.44
2929 0.0 0.3 1:45.44
2929 0.0 0.3 1:45.44
2929 0.0 0.3 1:45.45
2929 0.0 0.3 1:45.45
2929 0.0 0.3 1:45.46
2929 0.0 0.3 1:45.47
2929 5.0 0.3 1:45.51
2929 0.0 0.3 1:45.52
2929 5.0 0.3 1:45.54
2929 0.0 0.3 1:45.55
2929 0.0 0.3 1:45.56
2929 0.0 0.3 1:45.57
2929 5.0 0.3 1:45.58
2929 5.0 0.3 1:45.62
2929 5.3 0.3 1:45.65
2929 5.6 0.3 1:45.67
2929 0.0 0.3 1:45.69
2929 0.0 0.3 1:45.70
2929 0.0 0.3 1:45.71
2929 4.8 0.3 1:45.72
2929 0.0 0.3 1:45.73
2929 0.0 0.3 1:45.75
2929 16.7 0.3 1:45.80
2929 0.0 0.3 1:45.81
2929 0.0 0.3 1:45.83
2929 0.0 0.3 1:45.84
2929 0.0 0.3 1:45.85
2929 5.6 0.3 1:45.86
2929 5.0 0.3 1:45.87
2929 0.0 0.3 1:45.90
2929 0.0 0.3 1:45.91
2929 5.0 0.3 1:45.93
2929 0.0 0.3 1:45.96
22929 16.7 0.1 0:00.04
2929 0.0 0.3 1:45.99
2929 5.6 0.3 1:46.04
2929 0.0 0.3 1:46.05
2929 0.0 0.3 1:46.08
2929 0.0 0.3 1:46.09
2929 5.0 0.3 1:46.11
2929 0.0 0.3 1:46.12
2929 0.0 0.3 1:46.13
2929 3.4 0.3 1:46.18
2929 4.5 0.3 1:46.21
2929 5.3 0.3 1:46.23
2929 0.0 0.3 1:46.28
2929 0.0 0.3 1:46.29
2929 0.0 0.3 1:46.31
2929 0.0 0.3 1:46.32
2929 0.0 0.3 1:46.32
2929 0.0 0.3 1:46.35
2929 0.0 0.3 1:46.38
2929 0.0 0.3 1:46.39
2929 0.0 0.3 1:46.41
2929 0.0 0.3 1:46.42
2929 0.0 0.3 1:46.43
2929 0.0 0.3 1:46.44
2929 0.0 0.3 1:46.44
2929 4.8 0.3 1:46.48
2929 5.6 0.3 1:46.49
2929 5.6 0.3 1:46.50
2929 4.8 0.3 1:46.51
2929 0.0 0.3 1:46.52
2929 0.0 0.3 1:46.52
2929 0.0 0.3 1:46.53
2929 0.0 0.3 1:46.53
2929 0.0 0.3 1:46.54
2929 0.0 0.3 1:46.54
2929 0.0 0.3 1:46.55
2929 0.0 0.3 1:46.56
2929 0.0 0.3 1:46.59
2929 0.0 0.3 1:46.59
2929 0.0 0.3 1:46.61
2929 0.0 0.3 1:46.63
2929 5.3 0.3 1:46.65
2929 0.0 0.3 1:46.65
2929 0.0 0.3 1:46.66
2929 0.0 0.3 1:46.66
2929 0.0 0.3 1:46.67
2929 0.0 0.3 1:46.67
2929 0.0 0.3 1:46.68
2929 0.0 0.3 1:46.69
2929 0.0 0.3 1:46.70
2929 0.0 0.3 1:46.71
2929 0.0 0.3 1:46.72
2929 0.0 0.3 1:46.74
2929 5.6 0.3 1:46.78
2929 0.0 0.3 1:46.79
2929 0.0 0.3 1:46.80
2929 0.0 0.3 1:46.80
2929 5.0 0.3 1:46.81
2929 4.3 0.3 1:46.84
2929 0.0 0.3 1:46.85
2929 0.0 0.3 1:46.91
2929 3.8 0.3 1:46.93
2929 0.0 0.3 1:46.94
2929 5.3 0.3 1:46.95
2929 0.0 0.3 1:46.96
2929 0.0 0.3 1:46.96
2929 5.0 0.3 1:46.98
2929 5.3 0.3 1:46.99
2929 5.3 0.3 1:47.04
2929 0.0 0.3 1:47.04
2929 11.1 0.3 1:47.10
2929 0.0 0.3 1:47.11
2929 0.0 0.3 1:47.11
2929 0.0 0.3 1:47.14
2929 0.0 0.3 1:47.15
2929 0.0 0.3 1:47.16
2929 5.3 0.3 1:47.17
2929 5.3 0.3 1:47.19
2929 0.0 0.3 1:47.20
2929 0.0 0.3 1:47.20
2929 8.0 0.3 1:47.23
2929 0.0 0.3 1:47.25
2929 0.0 0.3 1:47.26
2929 0.0 0.3 1:47.28
2929 0.0 0.3 1:47.30
2929 0.0 0.3 1:47.31
2929 0.0 0.3 1:47.32
2929 5.6 0.3 1:47.33
2929 0.0 0.3 1:47.33
2929 0.0 0.3 1:47.34
2929 0.0 0.3 1:47.35
2929 0.0 0.3 1:47.35
2929 0.0 0.3 1:47.36
2929 0.0 0.3 1:47.38
2929 5.3 0.3 1:47.39
2929 0.0 0.3 1:47.39
2929 0.0 0.3 1:47.42
2929 0.0 0.3 1:47.43
2929 0.0 0.3 1:47.44
2929 5.3 0.3 1:47.46
2929 0.0 0.3 1:47.47
2929 0.0 0.3 1:47.48
2929 5.0 0.3 1:47.50
2929 0.0 0.3 1:47.52
2929 5.6 0.3 1:47.54
2929 5.3 0.3 1:47.55
2929 0.0 0.3 1:47.56
2929 0.0 0.3 1:47.58
2929 5.0 0.3 1:47.61
2929 4.8 0.3 1:47.63
2929 0.0 0.3 1:47.67
2929 5.6 0.3 1:47.71
2929 0.0 0.3 1:47.73
2929 3.7 0.3 1:47.76
2929 0.0 0.3 1:47.77
2929 0.0 0.3 1:47.80
2929 0.0 0.3 1:47.81
2929 0.0 0.3 1:47.82
2929 0.0 0.3 1:47.85
2929 5.3 0.3 1:47.91
2929 5.6 0.3 1:47.93
2929 5.6 0.3 1:47.96
2929 0.0 0.3 1:47.98
2929 0.0 0.3 1:48.00
2929 0.0 0.3 1:48.01
2929 0.0 0.3 1:48.02
2929 5.3 0.3 1:48.04
2929 0.0 0.3 1:48.04
2929 0.0 0.3 1:48.05
2929 0.0 0.3 1:48.06
2929 0.0 0.3 1:48.06
2929 0.0 0.3 1:48.07
2929 5.0 0.3 1:48.09
2929 0.0 0.3 1:48.10
2929 0.0 0.3 1:48.12
2929 0.0 0.3 1:48.14
2929 0.0 0.3 1:48.15
2929 0.0 0.3 1:48.16
2929 0.0 0.3 1:48.17
2929 0.0 0.3 1:48.17
2929 5.0 0.3 1:48.20
2929 5.6 0.3 1:48.23
2929 0.0 0.3 1:48.24
2929 0.0 0.3 1:48.28
2929 0.0 0.3 1:48.30
2929 5.3 0.3 1:48.32
2929 0.0 0.3 1:48.32
2929 0.0 0.3 1:48.34
2929 0.0 0.3 1:48.34
2929 0.0 0.3 1:48.35
2929 0.0 0.3 1:48.35
2929 5.3 0.3 1:48.39
2929 0.0 0.3 1:48.40
2929 0.0 0.3 1:48.41
2929 0.0 0.3 1:48.42
2929 0.0 0.3 1:48.43
2929 0.0 0.3 1:48.43
2929 0.0 0.3 1:48.43
2929 5.6 0.3 1:48.45
2929 4.8 0.3 1:48.48
2929 0.0 0.3 1:48.49
2929 0.0 0.3 1:48.50
2929 5.0 0.3 1:48.54
2929 5.0 0.3 1:48.57
2929 0.0 0.3 1:48.64
2929 0.0 0.3 1:48.64
2929 0.0 0.3 1:48.67
2929 5.3 0.3 1:48.69
2929 0.0 0.3 1:48.69
2929 0.0 0.3 1:48.71
2929 4.8 0.3 1:48.73
2929 5.6 0.3 1:48.75
2929 0.0 0.3 1:48.75
2929 0.0 0.3 1:48.76
2929 5.0 0.3 1:48.80
2929 0.0 0.3 1:48.81
2929 5.0 0.3 1:48.83
2929 0.0 0.3 1:48.83
2929 4.3 0.3 1:48.85
2929 0.0 0.3 1:48.85
2929 0.0 0.3 1:48.86
2929 0.0 0.3 1:48.87
2929 0.0 0.3 1:48.88
2929 5.6 0.3 1:48.89
2929 0.0 0.3 1:48.89
2929 0.0 0.3 1:48.90
2929 5.0 0.3 1:48.93
2929 4.8 0.3 1:48.94
2929 5.0 0.3 1:48.95
2929 0.0 0.3 1:48.96
2929 0.0 0.3 1:48.98
2929 0.0 0.3 1:48.99
2929 0.0 0.3 1:49.00
2929 0.0 0.3 1:49.02
2929 0.0 0.3 1:49.03
2929 0.0 0.3 1:49.04
2929 0.0 0.3 1:49.06
2929 0.0 0.3 1:49.08
2929 0.0 0.3 1:49.10
2929 0.0 0.3 1:49.11
2929 5.0 0.3 1:49.14
29291 16.7 0.1 0:00.03
2929 0.0 0.3 1:49.17
2929 0.0 0.3 1:49.18
2929 0.0 0.3 1:49.18
2929 0.0 0.3 1:49.19
2929 0.0 0.3 1:49.19
2929 0.0 0.3 1:49.20
2929 0.0 0.3 1:49.21
2929 0.0 0.3 1:49.22
2929 5.0 0.3 1:49.25
2929 5.0 0.3 1:49.28
2929 5.3 0.3 1:49.33
2929 0.0 0.3 1:49.35
2929 5.0 0.3 1:49.38
2929 0.0 0.3 1:49.41
2929 5.6 0.3 1:49.43
2929 0.0 0.3 1:49.44
2929 0.0 0.3 1:49.45
2929 0.0 0.3 1:49.46
2929 0.0 0.3 1:49.47
2929 0.0 0.3 1:49.48
2929 5.0 0.3 1:49.50
2929 0.0 0.3 1:49.52
2929 0.0 0.3 1:49.54
2929 0.0 0.3 1:49.56
2929 0.0 0.3 1:49.56
2929 0.0 0.3 1:49.56
2929 5.0 0.3 1:49.57
2929 0.0 0.3 1:49.57
2929 0.0 0.3 1:49.58
2929 0.0 0.3 1:49.59
2929 0.0 0.3 1:49.60
2929 0.0 0.3 1:49.62
2929 0.0 0.3 1:49.64
2929 0.0 0.3 1:49.65
2929 0.0 0.3 1:49.66
2929 0.0 0.3 1:49.67
2929 0.0 0.3 1:49.68
2929 0.0 0.3 1:49.74
2929 0.0 0.3 1:49.74
