2929 5.3 0.3 3:06.03
2929 5.6 0.3 3:06.08
2929 9.5 0.3 3:06.12
2929 5.6 0.3 3:06.17
2929 5.3 0.3 3:06.20
2929 0.0 0.3 3:06.25
2929 0.0 0.3 3:06.26
2929 0.0 0.3 3:06.26
2929 0.0 0.3 3:06.28
2929 0.0 0.3 3:06.28
2929 0.0 0.3 3:06.29
2929 0.0 0.3 3:06.29
2929 0.0 0.3 3:06.29
2929 0.0 0.3 3:06.30
2929 5.3 0.3 3:06.31
2929 5.6 0.3 3:06.32
2929 5.3 0.3 3:06.33
2929 0.0 0.3 3:06.37
2929 0.0 0.3 3:06.40
2929 0.0 0.3 3:06.41
2929 0.0 0.3 3:06.41
2929 4.8 0.3 3:06.42
2929 0.0 0.3 3:06.43
2929 0.0 0.3 3:06.46
2929 0.0 0.3 3:06.48
2929 0.0 0.3 3:06.48
2929 0.0 0.3 3:06.48
2929 0.0 0.3 3:06.48
2929 5.6 0.3 3:06.52
2929 0.0 0.3 3:06.53
2929 0.0 0.3 3:06.53
2929 0.0 0.3 3:06.53
2929 4.8 0.3 3:06.54
2929 3.4 0.3 3:06.55
2929 0.0 0.3 3:06.57
2929 0.0 0.3 3:06.60
2929 0.0 0.3 3:06.64
2929 4.5 0.3 3:06.67
2929 0.0 0.3 3:06.69
2929 5.0 0.3 3:06.72
2929 0.0 0.3 3:06.72
2929 0.0 0.3 3:06.73
2929 0.0 0.3 3:06.74
2929 5.3 0.3 3:06.75
2929 0.0 0.3 3:06.75
2929 0.0 0.3 3:06.84
2929 0.0 0.3 3:06.84
2929 0.0 0.3 3:06.86
2929 0.0 0.3 3:06.87
2929 0.0 0.3 3:06.88
2929 0.0 0.3 3:06.89
2929 0.0 0.3 3:06.90
2929 0.0 0.3 3:06.92
2929 0.0 0.3 3:06.93
2929 5.3 0.3 3:06.96
2929 5.0 0.3 3:06.97
2929 0.0 0.3 3:06.98
2929 0.0 0.3 3:06.99
2929 0.0 0.3 3:07.02
2929 5.6 0.3 3:07.03
2929 0.0 0.3 3:07.03
2929 0.0 0.3 3:07.03
2929 5.3 0.3 3:07.04
2929 0.0 0.3 3:07.04
2929 5.6 0.3 3:07.06
2929 0.0 0.3 3:07.07
2929 0.0 0.3 3:07.08
2929 5.3 0.3 3:07.12
2929 0.0 0.3 3:07.13
2929 0.0 0.3 3:07.15
2929 0.0 0.3 3:07.16
2929 5.3 0.3 3:07.18
2929 0.0 0.3 3:07.18
2929 0.0 0.3 3:07.19
2929 0.0 0.3 3:07.19
2929 0.0 0.3 3:07.19
2929 5.6 0.3 3:07.21
2929 5.0 0.3 3:07.22
2929 0.0 0.3 3:07.23
2929 0.0 0.3 3:07.24
2929 5.6 0.3 3:07.28
2929 5.0 0.3 3:07.29
2929 0.0 0.3 3:07.29
2929 0.0 0.3 3:07.30
2929 0.0 0.3 3:07.31
2929 0.0 0.3 3:07.32
2929 0.0 0.3 3:07.33
2929 0.0 0.3 3:07.35
2929 0.0 0.3 3:07.37
2929 0.0 0.3 3:07.38
2929 5.3 0.3 3:07.40
2929 0.0 0.3 3:07.43
2929 0.0 0.3 3:07.44
2929 0.0 0.3 3:07.45
2929 0.0 0.3 3:07.48
2929 5.6 0.3 3:07.50
2929 0.0 0.3 3:07.51
2929 0.0 0.3 3:07.53
2929 0.0 0.3 3:07.54
2929 0.0 0.3 3:07.54
2929 0.0 0.3 3:07.56
2929 0.0 0.3 3:07.56
2929 5.3 0.3 3:07.57
2929 0.0 0.3 3:07.60
2929 5.0 0.3 3:07.62
2929 0.0 0.3 3:07.63
2929 0.0 0.3 3:07.64
