2929 5.6 0.3 2:50.59
2929 5.3 0.3 2:50.64
2929 5.3 0.3 2:50.69
2929 11.1 0.3 2:50.73
2929 5.6 0.3 2:50.76
2929 0.0 0.3 2:50.77
2929 0.0 0.3 2:50.79
2929 4.8 0.3 2:50.82
2929 0.0 0.3 2:50.82
2929 0.0 0.3 2:50.82
2929 0.0 0.3 2:50.82
2929 0.0 0.3 2:50.84
2929 0.0 0.3 2:50.85
2929 0.0 0.3 2:50.86
2929 5.3 0.3 2:50.88
2929 0.0 0.3 2:50.89
2929 0.0 0.3 2:50.90
2929 5.6 0.3 2:50.92
2929 5.0 0.3 2:50.93
2929 0.0 0.3 2:50.93
2929 5.6 0.3 2:50.94
2929 0.0 0.3 2:50.94
2929 0.0 0.3 2:50.94
2929 0.0 0.3 2:50.96
2929 0.0 0.3 2:50.96
2929 0.0 0.3 2:50.98
2929 0.0 0.3 2:50.98
2929 0.0 0.3 2:50.99
2929 0.0 0.3 2:51.00
2929 0.0 0.3 2:51.00
2929 0.0 0.3 2:51.01
2929 0.0 0.3 2:51.02
2929 4.8 0.3 2:51.04
2929 0.0 0.3 2:51.05
2929 0.0 0.3 2:51.05
2929 0.0 0.3 2:51.05
2929 0.0 0.3 2:51.08
2929 0.0 0.3 2:51.10
2929 0.0 0.3 2:51.11
2929 0.0 0.3 2:51.15
2929 0.0 0.3 2:51.15
2929 0.0 0.3 2:51.15
2929 0.0 0.3 2:51.15
2929 0.0 0.3 2:51.17
2929 0.0 0.3 2:51.18
2929 0.0 0.3 2:51.18
2929 4.2 0.3 2:51.19
2929 0.0 0.3 2:51.29
2929 5.3 0.3 2:51.31
2929 5.3 0.3 2:51.33
2929 5.3 0.3 2:51.35
2929 0.0 0.3 2:51.36
2929 0.0 0.3 2:51.37
2929 0.0 0.3 2:51.38
2929 0.0 0.3 2:51.38
2929 0.0 0.3 2:51.40
2929 5.6 0.3 2:51.42
2929 5.3 0.3 2:51.43
2929 0.0 0.3 2:51.44
2929 0.0 0.3 2:51.45
2929 0.0 0.3 2:51.46
2929 5.3 0.3 2:51.47
2929 5.6 0.3 2:51.49
2929 0.0 0.3 2:51.50
2929 0.0 0.3 2:51.50
2929 5.6 0.3 2:51.51
2929 0.0 0.3 2:51.51
2929 5.3 0.3 2:51.53
2929 0.0 0.3 2:51.56
2929 5.6 0.3 2:51.58
2929 5.3 0.3 2:51.60
2929 0.0 0.3 2:51.62
2929 0.0 0.3 2:51.63
2929 5.0 0.3 2:51.65
2929 4.8 0.3 2:51.67
2929 0.0 0.3 2:51.68
2929 0.0 0.3 2:51.69
2929 0.0 0.3 2:51.69
2929 4.8 0.3 2:51.70
2929 0.0 0.3 2:51.71
2929 5.3 0.3 2:51.73
2929 4.8 0.3 2:51.74
2929 0.0 0.3 2:51.75
2929 0.0 0.3 2:51.76
2929 10.5 0.3 2:51.79
2929 0.0 0.3 2:51.80
2929 0.0 0.3 2:51.80
2929 5.3 0.3 2:51.81
2929 4.5 0.3 2:51.84
2929 0.0 0.3 2:51.87
2929 0.0 0.3 2:51.88
2929 5.0 0.3 2:51.90
2929 5.3 0.3 2:51.95
2929 0.0 0.3 2:51.97
2929 0.0 0.3 2:51.98
2929 0.0 0.3 2:51.99
2929 0.0 0.3 2:51.99
2929 0.0 0.3 2:52.00
2929 0.0 0.3 2:52.01
2929 5.0 0.3 2:52.03
2929 0.0 0.3 2:52.04
2929 5.3 0.3 2:52.06
2929 0.0 0.3 2:52.06
2929 0.0 0.3 2:52.06
2929 0.0 0.3 2:52.07
2929 0.0 0.3 2:52.08
2929 0.0 0.3 2:52.10
2929 0.0 0.3 2:52.11
2929 0.0 0.3 2:52.11
2929 0.0 0.3 2:52.12
2929 5.3 0.3 2:52.14
2929 0.0 0.3 2:52.15
2929 5.6 0.3 2:52.17
2929 0.0 0.3 2:52.17
2929 0.0 0.3 2:52.18
2929 5.6 0.3 2:52.21
2929 5.0 0.3 2:52.23
2929 5.3 0.3 2:52.24
2929 0.0 0.3 2:52.25
2929 0.0 0.3 2:52.27
2929 5.3 0.3 2:52.29
2929 5.0 0.3 2:52.30
2929 0.0 0.3 2:52.31
2929 0.0 0.3 2:52.32
2929 0.0 0.3 2:52.33
2929 0.0 0.3 2:52.35
2929 0.0 0.3 2:52.36
2929 0.0 0.3 2:52.37
2929 0.0 0.3 2:52.38
2929 5.3 0.3 2:52.40
2929 0.0 0.3 2:52.41
2929 11.1 0.3 2:52.43
2929 5.3 0.3 2:52.46
2929 0.0 0.3 2:52.47
2929 0.0 0.3 2:52.48
2929 0.0 0.3 2:52.49
2929 0.0 0.3 2:52.50
2929 0.0 0.3 2:52.51
2929 0.0 0.3 2:52.52
2929 0.0 0.3 2:52.52
2929 0.0 0.3 2:52.56
2929 0.0 0.3 2:52.57
2929 5.0 0.3 2:52.59
2929 0.0 0.3 2:52.62
2929 0.0 0.3 2:52.65
2929 0.0 0.3 2:52.66
2929 5.6 0.3 2:52.68
2929 0.0 0.3 2:52.69
2929 0.0 0.3 2:52.71
2929 0.0 0.3 2:52.73
