2929 0.0 0.3 2:03.73
2929 0.0 0.3 2:03.77
2929 5.3 0.3 2:03.80
2929 0.0 0.3 2:03.84
2929 0.0 0.3 2:03.94
2929 5.6 0.3 2:03.97
2929 5.3 0.3 2:03.99
2929 0.0 0.3 2:04.00
2929 0.0 0.3 2:04.05
22929 0.0 0.0 0:00.00
2929 5.6 0.3 2:04.10
2929 0.0 0.3 2:04.11
2929 10.5 0.3 2:04.13
2929 0.0 0.3 2:04.16
2929 0.0 0.3 2:04.18
2929 0.0 0.3 2:04.22
2929 5.6 0.3 2:04.25
2929 5.3 0.3 2:04.30
2929 0.0 0.3 2:04.33
2929 0.0 0.3 2:04.35
2929 5.3 0.3 2:04.39
2929 0.0 0.3 2:04.42
2929 4.8 0.3 2:04.45
2929 0.0 0.3 2:04.50
2929 0.0 0.3 2:04.52
2929 0.0 0.3 2:04.53
2929 0.0 0.3 2:04.53
2929 5.3 0.3 2:04.56
2929 0.0 0.3 2:04.62
2929 0.0 0.3 2:04.64
2929 0.0 0.3 2:04.65
2929 0.0 0.3 2:04.65
2929 3.7 0.3 2:04.68
2929 0.0 0.3 2:04.71
2929 0.0 0.3 2:04.75
2929 5.0 0.3 2:04.77
2929 0.0 0.3 2:04.78
2929 0.0 0.3 2:04.79
2929 0.0 0.3 2:04.79
2929 5.3 0.3 2:04.80
2929 5.0 0.3 2:04.81
2929 0.0 0.3 2:04.81
2929 0.0 0.3 2:04.82
2929 0.0 0.3 2:04.83
2929 0.0 0.3 2:04.84
2929 0.0 0.3 2:04.84
2929 0.0 0.3 2:04.84
2929 0.0 0.3 2:04.86
2929 0.0 0.3 2:04.86
2929 4.5 0.3 2:04.87
2929 0.0 0.3 2:04.88
2929 0.0 0.3 2:04.91
2929 5.6 0.3 2:04.93
2929 0.0 0.3 2:04.93
2929 0.0 0.3 2:04.95
2929 0.0 0.3 2:04.97
2929 5.6 0.3 2:04.98
2929 0.0 0.3 2:04.99
2929 0.0 0.3 2:05.00
2929 0.0 0.3 2:05.00
2929 0.0 0.3 2:05.04
2929 0.0 0.3 2:05.05
2929 5.6 0.3 2:05.06
2929 0.0 0.3 2:05.06
2929 5.6 0.3 2:05.08
2929 0.0 0.3 2:05.09
2929 5.3 0.3 2:05.11
2929 5.0 0.3 2:05.13
2929 0.0 0.3 2:05.13
2929 0.0 0.3 2:05.14
2929 0.0 0.3 2:05.15
2929 0.0 0.3 2:05.16
2929 5.3 0.3 2:05.18
2929 5.6 0.3 2:05.19
2929 5.6 0.3 2:05.20
2929 0.0 0.3 2:05.20
2929 0.0 0.3 2:05.20
2929 0.0 0.3 2:05.21
2929 0.0 0.3 2:05.22
2929 5.6 0.3 2:05.23
2929 4.8 0.3 2:05.25
2929 0.0 0.3 2:05.26
2929 3.4 0.3 2:05.30
2929 9.5 0.3 2:05.34
2929 4.3 0.3 2:05.36
2929 0.0 0.3 2:05.37
2929 0.0 0.3 2:05.38
2929 0.0 0.3 2:05.41
2929 5.3 0.3 2:05.43
2929 0.0 0.3 2:05.44
2929 0.0 0.3 2:05.45
2929 0.0 0.3 2:05.49
2929 0.0 0.3 2:05.49
2929 0.0 0.3 2:05.50
2929 0.0 0.3 2:05.51
2929 0.0 0.3 2:05.52
2929 0.0 0.3 2:05.53
2929 0.0 0.3 2:05.54
2929 0.0 0.3 2:05.55
2929 5.3 0.3 2:05.58
2929 5.6 0.3 2:05.61
2929 0.0 0.3 2:05.63
2929 5.6 0.3 2:05.66
2929 0.0 0.3 2:05.67
2929 0.0 0.3 2:05.67
2929 0.0 0.3 2:05.70
2929 0.0 0.3 2:05.72
2929 0.0 0.3 2:05.74
2929 0.0 0.3 2:05.75
2929 0.0 0.3 2:05.76
2929 0.0 0.3 2:05.77
2929 0.0 0.3 2:05.78
2929 0.0 0.3 2:05.79
2929 0.0 0.3 2:05.80
2929 0.0 0.3 2:05.82
2929 0.0 0.3 2:05.83
2929 0.0 0.3 2:05.83
2929 0.0 0.3 2:05.84
2929 0.0 0.3 2:05.84
2929 0.0 0.3 2:05.85
2929 0.0 0.3 2:05.86
2929 0.0 0.3 2:05.87
2929 0.0 0.3 2:05.88
2929 5.3 0.3 2:05.91
2929 0.0 0.3 2:05.91
2929 0.0 0.3 2:05.92
2929 0.0 0.3 2:05.92
2929 0.0 0.3 2:05.93
2929 0.0 0.3 2:05.94
2929 0.0 0.3 2:05.96
2929 0.0 0.3 2:06.00
2929 0.0 0.3 2:06.03
2929 0.0 0.3 2:06.04
2929 0.0 0.3 2:06.05
2929 0.0 0.3 2:06.06
2929 0.0 0.3 2:06.07
2929 0.0 0.3 2:06.08
2929 0.0 0.3 2:06.09
2929 0.0 0.3 2:06.10
2929 0.0 0.3 2:06.11
2929 0.0 0.3 2:06.11
2929 5.3 0.3 2:06.12
2929 0.0 0.3 2:06.13
2929 0.0 0.3 2:06.15
2929 0.0 0.3 2:06.16
2929 0.0 0.3 2:06.17
2929 0.0 0.3 2:06.19
2929 0.0 0.3 2:06.19
2929 0.0 0.3 2:06.20
2929 0.0 0.3 2:06.20
2929 0.0 0.3 2:06.21
2929 0.0 0.3 2:06.21
2929 0.0 0.3 2:06.22
2929 0.0 0.3 2:06.23
2929 0.0 0.3 2:06.24
2929 0.0 0.3 2:06.24
2929 5.0 0.3 2:06.25
2929 0.0 0.3 2:06.25
2929 0.0 0.3 2:06.26
2929 0.0 0.3 2:06.26
2929 0.0 0.3 2:06.29
2929 5.3 0.3 2:06.31
2929 0.0 0.3 2:06.33
2929 0.0 0.3 2:06.34
2929 0.0 0.3 2:06.35
2929 5.3 0.3 2:06.37
2929 0.0 0.3 2:06.37
2929 0.0 0.3 2:06.38
2929 0.0 0.3 2:06.38
2929 0.0 0.3 2:06.39
2929 0.0 0.3 2:06.39
2929 0.0 0.3 2:06.40
2929 0.0 0.3 2:06.41
2929 0.0 0.3 2:06.42
2929 0.0 0.3 2:06.43
2929 0.0 0.3 2:06.45
2929 0.0 0.3 2:06.46
2929 0.0 0.3 2:06.47
2929 0.0 0.3 2:06.47
2929 0.0 0.3 2:06.49
2929 5.9 0.3 2:06.51
2929 0.0 0.3 2:06.52
2929 0.0 0.3 2:06.53
2929 0.0 0.3 2:06.54
2929 3.8 0.3 2:06.56
2929 0.0 0.3 2:06.58
2929 0.0 0.3 2:06.60
2929 0.0 0.3 2:06.63
2929 0.0 0.3 2:06.64
2929 0.0 0.3 2:06.66
2929 0.0 0.3 2:06.66
2929 0.0 0.3 2:06.67
2929 0.0 0.3 2:06.68
2929 0.0 0.3 2:06.69
2929 5.0 0.3 2:06.71
2929 0.0 0.3 2:06.72
2929 0.0 0.3 2:06.73
2929 5.3 0.3 2:06.75
2929 0.0 0.3 2:06.76
2929 0.0 0.3 2:06.77
2929 5.3 0.3 2:06.80
2929 5.3 0.3 2:06.82
2929 0.0 0.3 2:06.84
2929 0.0 0.3 2:06.86
2929 0.0 0.3 2:06.87
2929 0.0 0.3 2:06.88
2929 0.0 0.3 2:06.89
2929 5.6 0.3 2:06.93
2929 10.0 0.3 2:07.00
2929 0.0 0.3 2:07.01
29291 0.0 0.0 0:00.00
2929 0.0 0.3 2:07.01
2929 0.0 0.3 2:07.01
2929 0.0 0.3 2:07.02
2929 0.0 0.3 2:07.03
2929 10.0 0.3 2:07.08
2929 0.0 0.3 2:07.09
2929 5.3 0.3 2:07.10
2929 0.0 0.3 2:07.10
2929 0.0 0.3 2:07.10
2929 0.0 0.3 2:07.11
2929 5.3 0.3 2:07.12
2929 0.0 0.3 2:07.12
2929 0.0 0.3 2:07.13
2929 0.0 0.3 2:07.13
2929 0.0 0.3 2:07.14
2929 0.0 0.3 2:07.18
2929 5.0 0.3 2:07.19
2929 0.0 0.3 2:07.20
2929 0.0 0.3 2:07.20
2929 0.0 0.3 2:07.21
2929 0.0 0.3 2:07.21
2929 0.0 0.3 2:07.21
2929 5.6 0.3 2:07.22
2929 0.0 0.3 2:07.23
2929 0.0 0.3 2:07.27
2929 4.2 0.3 2:07.29
2929 0.0 0.3 2:07.31
2929 0.0 0.3 2:07.33
2929 0.0 0.3 2:07.35
2929 4.8 0.3 2:07.37
2929 5.3 0.3 2:07.38
2929 0.0 0.3 2:07.38
2929 0.0 0.3 2:07.39
2929 0.0 0.3 2:07.40
2929 0.0 0.3 2:07.41
2929 0.0 0.3 2:07.41
2929 0.0 0.3 2:07.42
2929 5.3 0.3 2:07.43
