2929 5.0 0.3 3:13.44
2929 5.3 0.3 3:13.49
2929 0.0 0.3 3:13.53
2929 0.0 0.3 3:13.54
2929 0.0 0.3 3:13.54
2929 0.0 0.3 3:13.54
2929 0.0 0.3 3:13.54
2929 0.0 0.3 3:13.55
2929 0.0 0.3 3:13.56
2929 0.0 0.3 3:13.56
2929 0.0 0.3 3:13.56
2929 0.0 0.3 3:13.57
2929 0.0 0.3 3:13.57
2929 0.0 0.3 3:13.58
2929 0.0 0.3 3:13.60
2929 5.0 0.3 3:13.63
2929 5.6 0.3 3:13.65
2929 0.0 0.3 3:13.65
2929 0.0 0.3 3:13.67
2929 0.0 0.3 3:13.67
2929 0.0 0.3 3:13.67
2929 0.0 0.3 3:13.67
2929 0.0 0.3 3:13.67
2929 5.6 0.3 3:13.68
2929 0.0 0.3 3:13.70
2929 4.8 0.3 3:13.72
2929 0.0 0.3 3:13.72
2929 5.0 0.3 3:13.74
2929 0.0 0.3 3:13.76
2929 0.0 0.3 3:13.76
2929 5.3 0.3 3:13.78
2929 0.0 0.3 3:13.79
2929 5.3 0.3 3:13.80
2929 0.0 0.3 3:13.82
2929 0.0 0.3 3:13.82
2929 0.0 0.3 3:13.83
2929 0.0 0.3 3:13.84
2929 0.0 0.3 3:13.85
2929 0.0 0.3 3:13.85
2929 0.0 0.3 3:13.86
2929 0.0 0.3 3:13.87
2929 0.0 0.3 3:13.87
2929 5.0 0.3 3:13.89
2929 5.6 0.3 3:13.92
2929 5.0 0.3 3:13.94
2929 0.0 0.3 3:13.95
2929 0.0 0.3 3:13.98
2929 5.6 0.3 3:13.99
2929 0.0 0.3 3:14.00
2929 0.0 0.3 3:14.00
2929 5.0 0.3 3:14.03
2929 5.3 0.3 3:14.04
2929 0.0 0.3 3:14.07
2929 0.0 0.3 3:14.08
2929 5.3 0.3 3:14.09
2929 5.3 0.3 3:14.11
2929 0.0 0.3 3:14.13
2929 5.3 0.3 3:14.15
2929 0.0 0.3 3:14.15
2929 0.0 0.3 3:14.16
2929 0.0 0.3 3:14.19
2929 0.0 0.3 3:14.19
2929 5.3 0.3 3:14.20
2929 0.0 0.3 3:14.21
2929 0.0 0.3 3:14.22
2929 0.0 0.3 3:14.22
2929 5.0 0.3 3:14.24
2929 0.0 0.3 3:14.24
2929 5.0 0.3 3:14.26
2929 0.0 0.3 3:14.26
2929 0.0 0.3 3:14.26
2929 0.0 0.3 3:14.27
2929 5.3 0.3 3:14.29
2929 0.0 0.3 3:14.30
2929 0.0 0.3 3:14.31
2929 0.0 0.3 3:14.34
2929 8.3 0.3 3:14.39
2929 0.0 0.3 3:14.39
2929 4.2 0.3 3:14.41
2929 0.0 0.3 3:14.42
2929 4.2 0.3 3:14.43
2929 0.0 0.3 3:14.44
2929 0.0 0.3 3:14.47
2929 0.0 0.3 3:14.47
2929 0.0 0.3 3:14.48
2929 0.0 0.3 3:14.49
2929 0.0 0.3 3:14.50
2929 0.0 0.3 3:14.51
2929 0.0 0.3 3:14.52
2929 0.0 0.3 3:14.52
2929 0.0 0.3 3:14.55
2929 0.0 0.3 3:14.57
2929 5.0 0.3 3:14.58
2929 0.0 0.3 3:14.59
2929 0.0 0.3 3:14.59
