2929 4.8 0.3 3:21.00
2929 0.0 0.3 3:21.01
2929 0.0 0.3 3:21.02
2929 0.0 0.3 3:21.02
2929 5.3 0.3 3:21.05
2929 0.0 0.3 3:21.07
2929 5.3 0.3 3:21.11
2929 0.0 0.3 3:21.11
2929 0.0 0.3 3:21.12
2929 0.0 0.3 3:21.13
2929 0.0 0.3 3:21.14
2929 0.0 0.3 3:21.16
2929 0.0 0.3 3:21.19
2929 0.0 0.3 3:21.21
2929 0.0 0.3 3:21.23
2929 0.0 0.3 3:21.23
2929 0.0 0.3 3:21.24
2929 0.0 0.3 3:21.27
2929 0.0 0.3 3:21.28
2929 0.0 0.3 3:21.28
2929 11.1 0.3 3:21.33
2929 0.0 0.3 3:21.33
2929 0.0 0.3 3:21.34
2929 0.0 0.3 3:21.35
2929 5.3 0.3 3:21.39
2929 0.0 0.3 3:21.40
2929 0.0 0.3 3:21.41
2929 0.0 0.3 3:21.41
2929 0.0 0.3 3:21.41
2929 0.0 0.3 3:21.43
2929 5.6 0.3 3:21.44
2929 0.0 0.3 3:21.45
2929 5.3 0.3 3:21.49
2929 0.0 0.3 3:21.50
2929 0.0 0.3 3:21.50
2929 0.0 0.3 3:21.51
2929 0.0 0.3 3:21.51
2929 0.0 0.3 3:21.53
2929 0.0 0.3 3:21.53
2929 0.0 0.3 3:21.55
2929 0.0 0.3 3:21.56
2929 0.0 0.3 3:21.56
2929 5.3 0.3 3:21.57
2929 0.0 0.3 3:21.57
2929 0.0 0.3 3:21.58
2929 5.3 0.3 3:21.60
2929 0.0 0.3 3:21.63
2929 0.0 0.3 3:21.63
2929 5.3 0.3 3:21.66
2929 0.0 0.3 3:21.67
2929 5.0 0.3 3:21.68
2929 0.0 0.3 3:21.69
2929 0.0 0.3 3:21.70
2929 0.0 0.3 3:21.70
2929 0.0 0.3 3:21.72
2929 0.0 0.3 3:21.72
2929 0.0 0.3 3:21.72
2929 0.0 0.3 3:21.73
2929 0.0 0.3 3:21.74
2929 0.0 0.3 3:21.74
2929 0.0 0.3 3:21.74
2929 0.0 0.3 3:21.75
2929 0.0 0.3 3:21.77
2929 0.0 0.3 3:21.78
2929 0.0 0.3 3:21.79
2929 0.0 0.3 3:21.79
2929 0.0 0.3 3:21.81
2929 5.6 0.3 3:21.82
2929 0.0 0.3 3:21.83
2929 0.0 0.3 3:21.86
2929 5.3 0.3 3:21.87
2929 0.0 0.3 3:21.88
2929 0.0 0.3 3:21.88
2929 0.0 0.3 3:21.89
2929 5.0 0.3 3:21.91
2929 0.0 0.3 3:21.91
2929 0.0 0.3 3:21.92
2929 0.0 0.3 3:21.93
2929 0.0 0.3 3:21.94
2929 0.0 0.3 3:21.95
2929 0.0 0.3 3:21.96
2929 0.0 0.3 3:21.97
2929 0.0 0.3 3:21.97
2929 0.0 0.3 3:21.98
