2929 5.3 0.3 3:07.68
2929 5.3 0.3 3:07.71
2929 0.0 0.3 3:07.72
2929 10.0 0.3 3:07.76
2929 0.0 0.3 3:07.78
2929 0.0 0.3 3:07.79
2929 4.0 0.3 3:07.80
2929 0.0 0.3 3:07.82
2929 0.0 0.3 3:07.82
2929 0.0 0.3 3:07.83
2929 0.0 0.3 3:07.83
2929 0.0 0.3 3:07.85
2929 0.0 0.3 3:07.88
2929 0.0 0.3 3:07.90
2929 5.3 0.3 3:07.92
2929 0.0 0.3 3:07.92
2929 0.0 0.3 3:07.93
2929 0.0 0.3 3:07.93
2929 0.0 0.3 3:07.94
2929 0.0 0.3 3:07.95
2929 5.3 0.3 3:07.99
2929 0.0 0.3 3:08.02
2929 0.0 0.3 3:08.03
2929 0.0 0.3 3:08.03
2929 0.0 0.3 3:08.03
2929 5.3 0.3 3:08.07
2929 0.0 0.3 3:08.09
2929 5.6 0.3 3:08.10
2929 0.0 0.3 3:08.10
2929 0.0 0.3 3:08.10
2929 0.0 0.3 3:08.10
2929 0.0 0.3 3:08.11
2929 0.0 0.3 3:08.12
2929 0.0 0.3 3:08.12
2929 0.0 0.3 3:08.14
2929 5.0 0.3 3:08.16
2929 0.0 0.3 3:08.17
2929 0.0 0.3 3:08.18
2929 0.0 0.3 3:08.18
2929 0.0 0.3 3:08.19
2929 0.0 0.3 3:08.20
2929 0.0 0.3 3:08.22
2929 0.0 0.3 3:08.24
2929 0.0 0.3 3:08.25
2929 0.0 0.3 3:08.26
2929 0.0 0.3 3:08.28
2929 0.0 0.3 3:08.29
2929 5.6 0.3 3:08.30
2929 10.5 0.3 3:08.32
2929 0.0 0.3 3:08.33
2929 0.0 0.3 3:08.34
2929 0.0 0.3 3:08.35
2929 0.0 0.3 3:08.37
2929 0.0 0.3 3:08.38
2929 0.0 0.3 3:08.39
2929 0.0 0.3 3:08.39
2929 0.0 0.3 3:08.39
2929 0.0 0.3 3:08.39
2929 0.0 0.3 3:08.41
2929 0.0 0.3 3:08.41
2929 0.0 0.3 3:08.41
2929 4.2 0.3 3:08.43
2929 0.0 0.3 3:08.44
2929 0.0 0.3 3:08.46
2929 0.0 0.3 3:08.47
2929 0.0 0.3 3:08.48
2929 0.0 0.3 3:08.50
2929 0.0 0.3 3:08.52
2929 0.0 0.3 3:08.54
2929 0.0 0.3 3:08.55
2929 0.0 0.3 3:08.56
2929 0.0 0.3 3:08.56
2929 0.0 0.3 3:08.57
2929 5.0 0.3 3:08.58
2929 0.0 0.3 3:08.58
2929 0.0 0.3 3:08.60
2929 5.3 0.3 3:08.61
2929 0.0 0.3 3:08.61
2929 5.3 0.3 3:08.63
2929 4.8 0.3 3:08.66
2929 0.0 0.3 3:08.67
2929 0.0 0.3 3:08.70
2929 0.0 0.3 3:08.70
2929 0.0 0.3 3:08.71
2929 0.0 0.3 3:08.71
2929 0.0 0.3 3:08.72
2929 0.0 0.3 3:08.79
2929 0.0 0.3 3:08.79
2929 0.0 0.3 3:08.80
2929 0.0 0.3 3:08.81
2929 0.0 0.3 3:08.81
2929 0.0 0.3 3:08.83
2929 0.0 0.3 3:08.84
2929 4.8 0.3 3:08.85
2929 4.3 0.3 3:08.87
2929 0.0 0.3 3:08.88
2929 5.3 0.3 3:08.90
2929 0.0 0.3 3:08.91
2929 0.0 0.3 3:08.91
2929 0.0 0.3 3:08.92
2929 0.0 0.3 3:08.92
2929 0.0 0.3 3:08.94
2929 0.0 0.3 3:08.94
2929 5.6 0.3 3:08.97
2929 0.0 0.3 3:08.98
2929 0.0 0.3 3:08.98
2929 0.0 0.3 3:09.01
2929 0.0 0.3 3:09.02
