2930 0.0 0.2 0:17.80
2930 0.0 0.2 0:17.80
2930 0.0 0.2 0:17.80
2930 0.0 0.2 0:17.80
2930 0.0 0.2 0:17.80
2930 0.0 0.2 0:17.80
2930 0.0 0.2 0:17.80
2930 0.0 0.2 0:17.80
2930 0.0 0.2 0:17.80
2930 0.0 0.2 0:17.80
2930 0.0 0.2 0:17.80
2930 0.0 0.2 0:17.80
2930 5.3 0.2 0:17.81
2930 0.0 0.2 0:17.81
2930 0.0 0.2 0:17.81
2930 0.0 0.2 0:17.81
2930 0.0 0.2 0:17.81
2930 0.0 0.2 0:17.81
2930 0.0 0.2 0:17.81
2930 0.0 0.2 0:17.81
2930 0.0 0.2 0:17.81
2930 0.0 0.2 0:17.81
2930 0.0 0.2 0:17.81
2930 0.0 0.2 0:17.81
2930 0.0 0.2 0:17.81
2930 0.0 0.2 0:17.81
2930 0.0 0.2 0:17.81
2930 0.0 0.2 0:17.81
2930 0.0 0.2 0:17.81
2930 0.0 0.2 0:17.81
2930 0.0 0.2 0:17.81
2930 0.0 0.2 0:17.81
2930 0.0 0.2 0:17.81
2930 0.0 0.2 0:17.81
2930 0.0 0.2 0:17.81
2930 0.0 0.2 0:17.81
2930 0.0 0.2 0:17.81
2930 0.0 0.2 0:17.81
2930 0.0 0.2 0:17.81
2930 0.0 0.2 0:17.81
2930 0.0 0.2 0:17.81
2930 0.0 0.2 0:17.81
2930 0.0 0.2 0:17.81
2930 0.0 0.2 0:17.81
2930 0.0 0.2 0:17.81
2930 0.0 0.2 0:17.81
2930 0.0 0.2 0:17.81
2930 0.0 0.2 0:17.81
2930 0.0 0.2 0:17.81
2930 0.0 0.2 0:17.81
2930 0.0 0.2 0:17.81
2930 0.0 0.2 0:17.81
2930 0.0 0.2 0:17.81
2930 0.0 0.2 0:17.81
2930 0.0 0.2 0:17.81
2930 0.0 0.2 0:17.81
2930 0.0 0.2 0:17.81
2930 0.0 0.2 0:17.81
2930 0.0 0.2 0:17.81
2930 0.0 0.2 0:17.81
2930 0.0 0.2 0:17.81
2930 0.0 0.2 0:17.81
2930 0.0 0.2 0:17.81
2930 0.0 0.2 0:17.81
2930 0.0 0.2 0:17.81
2930 0.0 0.2 0:17.81
2930 0.0 0.2 0:17.81
2930 0.0 0.2 0:17.81
2930 0.0 0.2 0:17.81
2930 0.0 0.2 0:17.81
2930 0.0 0.2 0:17.81
2930 0.0 0.2 0:17.81
2930 0.0 0.2 0:17.81
2930 0.0 0.2 0:17.81
2930 0.0 0.2 0:17.81
2930 0.0 0.2 0:17.81
