2930 5.3 0.2 0:17.87
2930 0.0 0.2 0:17.87
2930 0.0 0.2 0:17.87
2930 0.0 0.2 0:17.87
2930 0.0 0.2 0:17.87
2930 0.0 0.2 0:17.87
2930 0.0 0.2 0:17.87
2930 0.0 0.2 0:17.87
2930 0.0 0.2 0:17.87
2930 0.0 0.2 0:17.87
2930 0.0 0.2 0:17.87
2930 0.0 0.2 0:17.87
2930 0.0 0.2 0:17.87
2930 0.0 0.2 0:17.87
2930 0.0 0.2 0:17.87
2930 0.0 0.2 0:17.87
2930 0.0 0.2 0:17.87
2930 0.0 0.2 0:17.87
2930 0.0 0.2 0:17.87
2930 0.0 0.2 0:17.87
2930 0.0 0.2 0:17.87
2930 0.0 0.2 0:17.87
2930 0.0 0.2 0:17.87
2930 0.0 0.2 0:17.87
2930 0.0 0.2 0:17.87
2930 0.0 0.2 0:17.87
2930 0.0 0.2 0:17.87
2930 0.0 0.2 0:17.87
2930 0.0 0.2 0:17.87
2930 0.0 0.2 0:17.87
2930 0.0 0.2 0:17.87
2930 0.0 0.2 0:17.87
2930 0.0 0.2 0:17.87
2930 0.0 0.2 0:17.87
2930 0.0 0.2 0:17.87
2930 0.0 0.2 0:17.87
2930 0.0 0.2 0:17.87
2930 0.0 0.2 0:17.87
2930 0.0 0.2 0:17.87
2930 0.0 0.2 0:17.87
2930 0.0 0.2 0:17.88
2930 0.0 0.2 0:17.88
2930 0.0 0.2 0:17.88
2930 0.0 0.2 0:17.88
2930 0.0 0.2 0:17.88
2930 0.0 0.2 0:17.88
2930 0.0 0.2 0:17.88
2930 0.0 0.2 0:17.88
2930 0.0 0.2 0:17.88
2930 0.0 0.2 0:17.88
2930 0.0 0.2 0:17.88
2930 0.0 0.2 0:17.88
2930 0.0 0.2 0:17.88
2930 0.0 0.2 0:17.88
2930 0.0 0.2 0:17.88
2930 0.0 0.2 0:17.88
2930 0.0 0.2 0:17.88
2930 0.0 0.2 0:17.88
2930 0.0 0.2 0:17.88
2930 0.0 0.2 0:17.88
2930 0.0 0.2 0:17.88
2930 0.0 0.2 0:17.88
2930 0.0 0.2 0:17.88
2930 0.0 0.2 0:17.88
2930 0.0 0.2 0:17.88
2930 0.0 0.2 0:17.88
2930 0.0 0.2 0:17.88
2930 0.0 0.2 0:17.88
2930 0.0 0.2 0:17.88
2930 0.0 0.2 0:17.88
2930 0.0 0.2 0:17.88
2930 0.0 0.2 0:17.88
2930 0.0 0.2 0:17.88
2930 0.0 0.2 0:17.88
2930 0.0 0.2 0:17.88
