2930 5.0 0.2 0:17.44
2930 0.0 0.2 0:17.46
2930 0.0 0.2 0:17.46
2930 0.0 0.2 0:17.46
2930 0.0 0.2 0:17.46
2930 0.0 0.2 0:17.46
2930 0.0 0.2 0:17.46
2930 0.0 0.2 0:17.46
2930 0.0 0.2 0:17.46
2930 0.0 0.2 0:17.46
2930 0.0 0.2 0:17.46
2930 0.0 0.2 0:17.46
2930 0.0 0.2 0:17.46
2930 0.0 0.2 0:17.46
2930 0.0 0.2 0:17.46
2930 0.0 0.2 0:17.46
2930 0.0 0.2 0:17.46
2930 0.0 0.2 0:17.46
2930 0.0 0.2 0:17.46
2930 0.0 0.2 0:17.46
2930 0.0 0.2 0:17.46
2930 0.0 0.2 0:17.46
2930 0.0 0.2 0:17.46
2930 0.0 0.2 0:17.46
2930 0.0 0.2 0:17.46
2930 0.0 0.2 0:17.46
2930 0.0 0.2 0:17.46
2930 0.0 0.2 0:17.46
2930 0.0 0.2 0:17.46
2930 0.0 0.2 0:17.46
2930 0.0 0.2 0:17.46
2930 0.0 0.2 0:17.46
2930 0.0 0.2 0:17.46
2930 0.0 0.2 0:17.46
2930 0.0 0.2 0:17.46
2930 0.0 0.2 0:17.46
2930 0.0 0.2 0:17.46
2930 0.0 0.2 0:17.46
2930 0.0 0.2 0:17.46
2930 0.0 0.2 0:17.46
2930 0.0 0.2 0:17.46
2930 0.0 0.2 0:17.46
2930 0.0 0.2 0:17.46
2930 0.0 0.2 0:17.46
2930 0.0 0.2 0:17.46
2930 0.0 0.2 0:17.46
2930 0.0 0.2 0:17.46
2930 0.0 0.2 0:17.46
2930 0.0 0.2 0:17.46
2930 0.0 0.2 0:17.46
2930 0.0 0.2 0:17.46
2930 0.0 0.2 0:17.46
2930 0.0 0.2 0:17.46
2930 0.0 0.2 0:17.46
2930 0.0 0.2 0:17.46
2930 0.0 0.2 0:17.46
2930 0.0 0.2 0:17.46
2930 0.0 0.2 0:17.46
2930 0.0 0.2 0:17.46
2930 0.0 0.2 0:17.46
2930 0.0 0.2 0:17.46
2930 0.0 0.2 0:17.46
2930 0.0 0.2 0:17.46
2930 0.0 0.2 0:17.46
2930 0.0 0.2 0:17.46
2930 0.0 0.2 0:17.46
2930 0.0 0.2 0:17.46
2930 0.0 0.2 0:17.46
2930 0.0 0.2 0:17.46
2930 0.0 0.2 0:17.46
2930 0.0 0.2 0:17.46
2930 0.0 0.2 0:17.46
2930 0.0 0.2 0:17.46
2930 0.0 0.2 0:17.46
2930 0.0 0.2 0:17.46
2930 0.0 0.2 0:17.46
2930 0.0 0.2 0:17.46
2930 0.0 0.2 0:17.46
2930 0.0 0.2 0:17.46
2930 0.0 0.2 0:17.46
2930 0.0 0.2 0:17.46
2930 0.0 0.2 0:17.46
2930 0.0 0.2 0:17.46
2930 0.0 0.2 0:17.46
2930 0.0 0.2 0:17.46
2930 0.0 0.2 0:17.46
2930 0.0 0.2 0:17.46
2930 0.0 0.2 0:17.46
2930 0.0 0.2 0:17.46
2930 0.0 0.2 0:17.46
2930 0.0 0.2 0:17.47
2930 0.0 0.2 0:17.47
2930 0.0 0.2 0:17.47
2930 0.0 0.2 0:17.47
2930 0.0 0.2 0:17.47
