2930 5.6 0.2 0:16.11
2930 0.0 0.2 0:16.14
2930 0.0 0.2 0:16.15
2930 0.0 0.2 0:16.17
2930 5.6 0.2 0:16.19
2930 5.6 0.2 0:16.20
2930 4.8 0.2 0:16.24
2930 0.0 0.2 0:16.24
2930 0.0 0.2 0:16.24
2930 0.0 0.2 0:16.24
2930 0.0 0.2 0:16.24
2930 0.0 0.2 0:16.25
2930 0.0 0.2 0:16.25
2930 0.0 0.2 0:16.25
2930 0.0 0.2 0:16.25
2930 0.0 0.2 0:16.25
2930 0.0 0.2 0:16.25
2930 0.0 0.2 0:16.25
2930 0.0 0.2 0:16.25
2930 0.0 0.2 0:16.25
2930 0.0 0.2 0:16.25
2930 0.0 0.2 0:16.25
2930 0.0 0.2 0:16.25
2930 0.0 0.2 0:16.25
2930 0.0 0.2 0:16.25
2930 0.0 0.2 0:16.25
2930 0.0 0.2 0:16.25
2930 0.0 0.2 0:16.25
2930 0.0 0.2 0:16.25
2930 0.0 0.2 0:16.25
2930 0.0 0.2 0:16.25
2930 0.0 0.2 0:16.25
2930 0.0 0.2 0:16.25
2930 0.0 0.2 0:16.25
2930 0.0 0.2 0:16.25
2930 0.0 0.2 0:16.25
2930 0.0 0.2 0:16.25
2930 0.0 0.2 0:16.25
2930 0.0 0.2 0:16.25
2930 0.0 0.2 0:16.25
2930 0.0 0.2 0:16.25
2930 0.0 0.2 0:16.25
2930 0.0 0.2 0:16.25
2930 0.0 0.2 0:16.25
2930 0.0 0.2 0:16.25
2930 0.0 0.2 0:16.25
2930 0.0 0.2 0:16.25
2930 0.0 0.2 0:16.25
2930 0.0 0.2 0:16.25
2930 0.0 0.2 0:16.25
2930 0.0 0.2 0:16.25
2930 0.0 0.2 0:16.25
2930 0.0 0.2 0:16.25
2930 0.0 0.2 0:16.25
2930 0.0 0.2 0:16.25
2930 0.0 0.2 0:16.25
2930 0.0 0.2 0:16.25
2930 0.0 0.2 0:16.25
2930 0.0 0.2 0:16.25
2930 0.0 0.2 0:16.25
2930 0.0 0.2 0:16.25
2930 0.0 0.2 0:16.25
2930 0.0 0.2 0:16.25
2930 0.0 0.2 0:16.25
2930 0.0 0.2 0:16.25
2930 0.0 0.2 0:16.25
2930 0.0 0.2 0:16.25
2930 0.0 0.2 0:16.25
2930 0.0 0.2 0:16.25
2930 0.0 0.2 0:16.25
2930 0.0 0.2 0:16.25
2930 0.0 0.2 0:16.25
2930 0.0 0.2 0:16.25
2930 0.0 0.2 0:16.25
2930 0.0 0.2 0:16.25
2930 0.0 0.2 0:16.25
2930 0.0 0.2 0:16.25
2930 0.0 0.2 0:16.26
2930 0.0 0.2 0:16.26
2930 0.0 0.2 0:16.26
2930 0.0 0.2 0:16.26
2930 0.0 0.2 0:16.26
2930 0.0 0.2 0:16.26
2930 0.0 0.2 0:16.26
2930 0.0 0.2 0:16.26
2930 0.0 0.2 0:16.26
2930 0.0 0.2 0:16.26
2930 0.0 0.2 0:16.26
2930 0.0 0.2 0:16.26
2930 0.0 0.2 0:16.26
2930 0.0 0.2 0:16.26
2930 0.0 0.2 0:16.26
2930 0.0 0.2 0:16.26
2930 0.0 0.2 0:16.26
2930 0.0 0.2 0:16.26
2930 0.0 0.2 0:16.26
2930 0.0 0.2 0:16.26
2930 0.0 0.2 0:16.26
2930 0.0 0.2 0:16.26
2930 0.0 0.2 0:16.26
2930 0.0 0.2 0:16.26
2930 0.0 0.2 0:16.26
2930 0.0 0.2 0:16.26
2930 0.0 0.2 0:16.26
2930 0.0 0.2 0:16.26
2930 0.0 0.2 0:16.26
2930 0.0 0.2 0:16.26
2930 0.0 0.2 0:16.26
2930 0.0 0.2 0:16.26
2930 0.0 0.2 0:16.26
2930 0.0 0.2 0:16.26
2930 0.0 0.2 0:16.26
2930 0.0 0.2 0:16.26
2930 0.0 0.2 0:16.26
2930 0.0 0.2 0:16.26
2930 0.0 0.2 0:16.26
2930 0.0 0.2 0:16.26
2930 0.0 0.2 0:16.26
2930 0.0 0.2 0:16.26
2930 0.0 0.2 0:16.26
2930 0.0 0.2 0:16.26
2930 0.0 0.2 0:16.26
2930 0.0 0.2 0:16.26
2930 0.0 0.2 0:16.26
29301 22.2 0.1 0:00.04
2930 0.0 0.2 0:16.26
