2916 20.0 0.1 1:08.65
2916 36.8 0.1 1:08.95
2916 26.3 0.1 1:09.28
2916 31.6 0.1 1:09.62
2916 33.3 0.1 1:09.96
2916 27.8 0.1 1:10.27
2916 31.6 0.1 1:10.60
2916 31.6 0.1 1:10.97
2916 36.8 0.1 1:11.34
2916 31.6 0.1 1:11.71
2916 26.3 0.1 1:12.08
2916 31.6 0.1 1:12.43
2916 21.1 0.1 1:12.77
2916 31.8 0.1 1:13.13
2916 30.0 0.1 1:13.49
2916 31.6 0.1 1:13.86
2916 27.8 0.1 1:14.21
2916 26.3 0.1 1:14.55
2916 27.8 0.1 1:14.90
2916 26.3 0.1 1:15.27
2916 21.1 0.1 1:15.58
2916 22.2 0.1 1:15.91
2916 30.0 0.1 1:16.26
2916 33.3 0.1 1:16.60
2916 26.3 0.1 1:16.94
2916 35.0 0.1 1:17.31
2916 26.3 0.1 1:17.64
2916 23.8 0.1 1:17.98
2916 21.1 0.1 1:18.31
2916 31.6 0.1 1:18.69
2916 27.8 0.1 1:19.05
2916 26.3 0.1 1:19.41
2916 25.0 0.1 1:19.75
2916 25.0 0.1 1:20.09
2916 27.8 0.1 1:20.41
2916 26.3 0.1 1:20.76
2916 26.3 0.1 1:21.10
2916 27.8 0.1 1:21.43
2916 19.0 0.1 1:21.78
2916 30.0 0.1 1:22.14
2916 27.8 0.1 1:22.48
2916 22.2 0.1 1:22.82
2916 33.3 0.1 1:23.18
2916 31.6 0.1 1:23.56
2916 26.3 0.1 1:23.90
2916 31.6 0.1 1:24.26
2916 28.6 0.1 1:24.61
2916 26.3 0.1 1:24.90
2916 26.3 0.1 1:25.24
2916 11.1 0.1 1:25.45
2916 0.0 0.1 1:25.49
