2917 5.0 0.1 0:39.05
2917 5.3 0.1 0:39.16
2917 4.5 0.1 0:39.23
2917 5.0 0.1 0:39.28
2917 5.3 0.1 0:39.36
2917 4.8 0.1 0:39.41
2917 10.5 0.1 0:39.48
2917 5.0 0.1 0:39.56
2917 4.8 0.1 0:39.62
2917 5.3 0.1 0:39.70
2917 21.1 0.1 0:39.86
2917 10.5 0.1 0:40.01
2917 8.3 0.1 0:40.20
2917 15.0 0.1 0:40.29
2917 5.0 0.1 0:40.38
2917 10.5 0.1 0:40.46
2917 10.5 0.1 0:40.53
2917 5.6 0.1 0:40.59
2917 5.6 0.1 0:40.65
2917 5.0 0.1 0:40.72
2917 5.6 0.1 0:40.77
2917 9.1 0.1 0:40.84
2917 5.3 0.1 0:40.89
2917 5.6 0.1 0:40.95
2917 0.0 0.1 0:40.99
