2917 0.0 0.1 0:44.43
2917 10.5 0.1 0:44.55
2917 0.0 0.1 0:44.66
2917 10.5 0.1 0:44.75
2917 5.3 0.1 0:44.81
2917 5.3 0.1 0:44.86
2917 10.5 0.1 0:44.94
2917 10.5 0.1 0:45.00
2917 4.8 0.1 0:45.06
2917 10.5 0.1 0:45.13
2917 10.5 0.1 0:45.18
2917 10.5 0.1 0:45.26
2917 10.5 0.1 0:45.33
2917 10.5 0.1 0:45.39
2917 10.0 0.1 0:45.47
2917 10.0 0.1 0:45.53
2917 5.6 0.1 0:45.58
2917 5.0 0.1 0:45.64
2917 5.0 0.1 0:45.70
2917 5.6 0.1 0:45.75
2917 4.5 0.1 0:45.83
2917 0.0 0.1 0:45.89
2917 10.0 0.1 0:45.97
2917 11.1 0.1 0:46.02
2917 4.8 0.1 0:46.08
2917 0.0 0.1 0:46.08
