2918 0.0 0.1 0:02.04
2918 0.0 0.1 0:02.05
2918 0.0 0.1 0:02.05
2918 5.0 0.1 0:02.06
2918 0.0 0.1 0:02.06
2918 0.0 0.1 0:02.06
2918 0.0 0.1 0:02.06
2918 0.0 0.1 0:02.06
2918 0.0 0.1 0:02.06
2918 0.0 0.1 0:02.06
2918 0.0 0.1 0:02.06
2918 0.0 0.1 0:02.06
2918 0.0 0.1 0:02.06
2918 0.0 0.1 0:02.06
2918 0.0 0.1 0:02.06
2918 0.0 0.1 0:02.06
2918 0.0 0.1 0:02.06
2918 0.0 0.1 0:02.06
2918 0.0 0.1 0:02.06
2918 0.0 0.1 0:02.06
2918 0.0 0.1 0:02.06
2918 0.0 0.1 0:02.06
2918 0.0 0.1 0:02.06
2918 0.0 0.1 0:02.06
2918 0.0 0.1 0:02.06
2918 0.0 0.1 0:02.06
