2919 13.6 0.1 0:02.62
2919 0.0 0.1 0:02.65
2919 0.0 0.1 0:02.68
2919 4.8 0.1 0:02.73
2919 5.3 0.1 0:02.75
2919 10.5 0.1 0:02.78
2919 0.0 0.1 0:02.80
2919 0.0 0.1 0:02.82
2919 0.0 0.1 0:02.84
2919 0.0 0.1 0:02.85
2919 0.0 0.1 0:02.87
2919 0.0 0.1 0:02.89
2919 5.0 0.1 0:02.90
2919 5.0 0.1 0:02.92
2919 0.0 0.1 0:02.93
2919 0.0 0.1 0:02.94
2919 0.0 0.1 0:02.95
2919 0.0 0.1 0:02.96
2919 0.0 0.1 0:02.96
2919 0.0 0.1 0:02.96
2919 0.0 0.1 0:02.98
2919 0.0 0.1 0:02.99
2919 5.0 0.1 0:03.01
2919 0.0 0.1 0:03.01
2919 0.0 0.1 0:03.02
2919 0.0 0.1 0:03.03
2919 0.0 0.1 0:03.05
2919 0.0 0.1 0:03.06
2919 0.0 0.1 0:03.07
2919 4.8 0.1 0:03.08
2919 0.0 0.1 0:03.08
2919 0.0 0.1 0:03.10
2919 0.0 0.1 0:03.11
2919 0.0 0.1 0:03.13
2919 0.0 0.1 0:03.15
2919 5.3 0.1 0:03.18
2919 0.0 0.1 0:03.20
2919 0.0 0.1 0:03.22
2919 0.0 0.1 0:03.23
2919 0.0 0.1 0:03.25
2919 0.0 0.1 0:03.27
2919 0.0 0.1 0:03.29
2919 0.0 0.1 0:03.32
2919 5.6 0.1 0:03.33
2919 0.0 0.1 0:03.35
2919 4.8 0.1 0:03.37
2919 0.0 0.1 0:03.38
2919 0.0 0.1 0:03.40
2919 0.0 0.1 0:03.43
2919 0.0 0.1 0:03.45
2919 0.0 0.1 0:03.45
