2930 4.5 0.1 0:10.25
2930 8.3 0.1 0:10.39
2930 15.0 0.1 0:10.51
2930 10.0 0.1 0:10.60
2930 3.8 0.1 0:10.68
2930 15.8 0.1 0:10.75
2930 5.6 0.1 0:10.79
2930 0.0 0.1 0:10.79
2930 0.0 0.1 0:10.79
2930 0.0 0.1 0:10.79
2930 0.0 0.1 0:10.79
2930 0.0 0.1 0:10.79
2930 0.0 0.1 0:10.79
2930 0.0 0.1 0:10.79
2930 0.0 0.1 0:10.79
2930 0.0 0.1 0:10.79
2930 0.0 0.1 0:10.79
2930 0.0 0.1 0:10.79
2930 0.0 0.1 0:10.79
2930 0.0 0.1 0:10.79
2930 0.0 0.1 0:10.79
2930 0.0 0.1 0:10.79
2930 0.0 0.1 0:10.79
2930 0.0 0.1 0:10.79
2930 0.0 0.1 0:10.79
2930 0.0 0.1 0:10.79
2930 0.0 0.1 0:10.79
2930 0.0 0.1 0:10.79
2930 0.0 0.1 0:10.79
2930 0.0 0.1 0:10.79
2930 0.0 0.1 0:10.79
2930 0.0 0.1 0:10.79
2930 0.0 0.1 0:10.79
2930 0.0 0.1 0:10.79
2930 0.0 0.1 0:10.79
2930 0.0 0.1 0:10.79
2930 0.0 0.1 0:10.79
2930 0.0 0.1 0:10.79
2930 0.0 0.1 0:10.79
2930 0.0 0.1 0:10.79
2930 0.0 0.1 0:10.79
2930 0.0 0.1 0:10.79
2930 0.0 0.1 0:10.79
2930 0.0 0.1 0:10.79
2930 0.0 0.1 0:10.79
2930 0.0 0.1 0:10.79
2930 0.0 0.1 0:10.79
2930 0.0 0.1 0:10.79
2930 0.0 0.1 0:10.79
2930 0.0 0.1 0:10.79
2930 0.0 0.1 0:10.79
