2811 0.0 0.2 0:02.05
2811 0.0 0.2 0:02.05
2811 0.0 0.2 0:02.05
2811 0.0 0.2 0:02.05
2811 0.0 0.2 0:02.05
2811 0.0 0.2 0:02.05
2811 0.0 0.2 0:02.05
2811 0.0 0.2 0:02.05
2811 0.0 0.2 0:02.05
2811 0.0 0.2 0:02.05
2811 0.0 0.2 0:02.05
2811 0.0 0.2 0:02.05
2811 0.0 0.2 0:02.05
2811 0.0 0.2 0:02.05
2811 0.0 0.2 0:02.05
2811 0.0 0.2 0:02.05
2811 0.0 0.2 0:02.05
2811 0.0 0.2 0:02.05
2811 0.0 0.2 0:02.05
2811 0.0 0.2 0:02.05
2811 0.0 0.2 0:02.05
2811 0.0 0.2 0:02.05
2811 0.0 0.2 0:02.05
2811 0.0 0.2 0:02.05
2811 0.0 0.2 0:02.05
2811 0.0 0.2 0:02.05
2811 0.0 0.2 0:02.05
2811 0.0 0.2 0:02.05
2811 0.0 0.2 0:02.05
2811 0.0 0.2 0:02.05
2811 0.0 0.2 0:02.05
2811 0.0 0.2 0:02.05
2811 0.0 0.2 0:02.05
2811 0.0 0.2 0:02.05
2811 0.0 0.2 0:02.05
2811 0.0 0.2 0:02.05
2811 0.0 0.2 0:02.05
2811 0.0 0.2 0:02.05
2811 0.0 0.2 0:02.05
2811 0.0 0.2 0:02.05
2811 0.0 0.2 0:02.05
2811 0.0 0.2 0:02.05
2811 0.0 0.2 0:02.05
2811 0.0 0.2 0:02.05
2811 0.0 0.2 0:02.05
2811 0.0 0.2 0:02.05
2811 0.0 0.2 0:02.05
2811 0.0 0.2 0:02.05
2811 0.0 0.2 0:02.05
2811 0.0 0.2 0:02.05
2811 0.0 0.2 0:02.05
2811 0.0 0.2 0:02.05
2811 0.0 0.2 0:02.05
2811 0.0 0.2 0:02.05
2811 0.0 0.2 0:02.05
2811 0.0 0.2 0:02.05
2811 0.0 0.2 0:02.05
2811 0.0 0.2 0:02.05
2811 0.0 0.2 0:02.05
2811 0.0 0.2 0:02.05
2811 0.0 0.2 0:02.05
2811 0.0 0.2 0:02.05
2811 0.0 0.2 0:02.05
2811 0.0 0.2 0:02.05
2811 0.0 0.2 0:02.05
2811 0.0 0.2 0:02.05
2811 0.0 0.2 0:02.05
2811 0.0 0.2 0:02.05
2811 0.0 0.2 0:02.05
2811 0.0 0.2 0:02.05
2811 0.0 0.2 0:02.05
2811 0.0 0.2 0:02.05
2811 0.0 0.2 0:02.05
2811 0.0 0.2 0:02.05
2811 0.0 0.2 0:02.05
