2811 11.1 0.2 0:00.31
2811 0.0 0.2 0:00.33
2811 0.0 0.2 0:00.35
2811 0.0 0.2 0:00.35
2811 0.0 0.2 0:00.35
2811 0.0 0.2 0:00.35
2811 0.0 0.2 0:00.35
2811 0.0 0.2 0:00.35
12811 0.0 0.2 0:00.01
12811 0.0 0.2 0:00.01
12811 0.0 0.2 0:00.03
12811 0.0 0.2 0:00.03
12811 47.4 0.4 0:00.12
12811 0.0 0.4 0:00.19
2811 0.0 0.2 0:00.35
2811 0.0 0.2 0:00.35
2811 0.0 0.2 0:00.35
2811 0.0 0.2 0:00.35
2811 0.0 0.2 0:00.35
2811 0.0 0.2 0:00.35
2811 0.0 0.2 0:00.35
2811 0.0 0.2 0:00.35
2811 0.0 0.2 0:00.36
2811 0.0 0.2 0:00.36
2811 0.0 0.2 0:00.36
2811 0.0 0.2 0:00.36
2811 0.0 0.2 0:00.36
2811 0.0 0.2 0:00.36
2811 0.0 0.2 0:00.36
2811 0.0 0.2 0:00.36
2811 0.0 0.2 0:00.36
2811 0.0 0.2 0:00.36
2811 0.0 0.2 0:00.36
2811 0.0 0.2 0:00.36
2811 0.0 0.2 0:00.36
2811 0.0 0.2 0:00.36
2811 0.0 0.2 0:00.36
2811 0.0 0.2 0:00.36
2811 0.0 0.2 0:00.36
2811 0.0 0.2 0:00.36
2811 0.0 0.2 0:00.36
2811 0.0 0.2 0:00.36
2811 0.0 0.2 0:00.36
2811 0.0 0.2 0:00.36
2811 0.0 0.2 0:00.36
2811 0.0 0.2 0:00.36
2811 0.0 0.2 0:00.37
2811 0.0 0.2 0:00.38
2811 0.0 0.2 0:00.38
2811 0.0 0.2 0:00.38
2811 0.0 0.2 0:00.38
2811 0.0 0.2 0:00.38
2811 0.0 0.2 0:00.38
2811 0.0 0.2 0:00.38
2811 0.0 0.2 0:00.38
2811 0.0 0.2 0:00.39
2811 0.0 0.2 0:00.39
2811 0.0 0.2 0:00.40
2811 0.0 0.2 0:00.40
2811 0.0 0.2 0:00.40
2811 0.0 0.2 0:00.40
2811 0.0 0.2 0:00.40
2811 0.0 0.2 0:00.40
2811 0.0 0.2 0:00.40
2811 0.0 0.2 0:00.40
2811 0.0 0.2 0:00.40
2811 0.0 0.2 0:00.40
2811 0.0 0.2 0:00.40
2811 0.0 0.2 0:00.40
2811 0.0 0.2 0:00.40
2811 0.0 0.2 0:00.40
2811 0.0 0.2 0:00.40
2811 0.0 0.2 0:00.40
2811 0.0 0.2 0:00.40
2811 0.0 0.2 0:00.40
2811 0.0 0.2 0:00.40
2811 0.0 0.2 0:00.40
2811 0.0 0.2 0:00.40
2811 0.0 0.2 0:00.40
2811 0.0 0.2 0:00.40
2811 0.0 0.2 0:00.40
2811 0.0 0.2 0:00.40
2811 0.0 0.2 0:00.40
2811 0.0 0.2 0:00.40
2811 0.0 0.2 0:00.40
2811 0.0 0.2 0:00.40
2811 0.0 0.2 0:00.40
2811 0.0 0.2 0:00.40
2811 0.0 0.2 0:00.40
2811 0.0 0.2 0:00.40
2811 0.0 0.2 0:00.40
2811 0.0 0.2 0:00.40
2811 0.0 0.2 0:00.40
2811 0.0 0.2 0:00.40
2811 0.0 0.2 0:00.40
2811 0.0 0.2 0:00.41
2811 0.0 0.2 0:00.41
2811 0.0 0.2 0:00.41
2811 0.0 0.2 0:00.41
2811 0.0 0.2 0:00.41
2811 0.0 0.2 0:00.41
2811 0.0 0.2 0:00.41
2811 0.0 0.2 0:00.41
2811 0.0 0.2 0:00.41
2811 0.0 0.2 0:00.41
2811 0.0 0.2 0:00.41
2811 0.0 0.2 0:00.41
2811 0.0 0.2 0:00.41
2811 0.0 0.2 0:00.41
2811 0.0 0.2 0:00.41
2811 0.0 0.2 0:00.41
2811 0.0 0.2 0:00.42
2811 0.0 0.2 0:00.42
2811 0.0 0.2 0:00.42
2811 0.0 0.2 0:00.42
2811 0.0 0.2 0:00.42
2811 0.0 0.2 0:00.42
2811 0.0 0.2 0:00.42
2811 0.0 0.2 0:00.42
2811 0.0 0.2 0:00.42
2811 0.0 0.2 0:00.42
2811 0.0 0.2 0:00.42
2811 0.0 0.2 0:00.42
2811 0.0 0.2 0:00.42
2811 0.0 0.2 0:00.42
2811 0.0 0.2 0:00.42
2811 0.0 0.2 0:00.42
2811 0.0 0.2 0:00.42
2811 0.0 0.2 0:00.42
2811 0.0 0.2 0:00.43
2811 0.0 0.2 0:00.43
2811 0.0 0.2 0:00.43
2811 0.0 0.2 0:00.43
2811 0.0 0.2 0:00.43
2811 0.0 0.2 0:00.43
2811 0.0 0.2 0:00.43
2811 0.0 0.2 0:00.44
2811 0.0 0.2 0:00.44
2811 0.0 0.2 0:00.44
2811 0.0 0.2 0:00.44
2811 0.0 0.2 0:00.44
2811 0.0 0.2 0:00.45
2811 0.0 0.2 0:00.45
2811 0.0 0.2 0:00.45
2811 0.0 0.2 0:00.45
2811 0.0 0.2 0:00.45
2811 0.0 0.2 0:00.45
2811 0.0 0.2 0:00.45
2811 0.0 0.2 0:00.45
2811 0.0 0.2 0:00.45
2811 0.0 0.2 0:00.45
2811 0.0 0.2 0:00.45
2811 0.0 0.2 0:00.46
2811 0.0 0.2 0:00.46
2811 0.0 0.2 0:00.46
2811 0.0 0.2 0:00.46
2811 0.0 0.2 0:00.46
2811 0.0 0.2 0:00.46
2811 0.0 0.2 0:00.46
2811 0.0 0.2 0:00.46
2811 0.0 0.2 0:00.46
2811 0.0 0.2 0:00.46
2811 0.0 0.2 0:00.46
2811 0.0 0.2 0:00.46
2811 0.0 0.2 0:00.46
2811 0.0 0.2 0:00.46
2811 0.0 0.2 0:00.47
2811 0.0 0.2 0:00.47
2811 0.0 0.2 0:00.47
2811 0.0 0.2 0:00.47
2811 0.0 0.2 0:00.47
2811 0.0 0.2 0:00.47
2811 0.0 0.2 0:00.47
2811 0.0 0.2 0:00.47
2811 0.0 0.2 0:00.47
2811 0.0 0.2 0:00.47
2811 0.0 0.2 0:00.47
2811 0.0 0.2 0:00.47
2811 0.0 0.2 0:00.47
2811 0.0 0.2 0:00.47
2811 0.0 0.2 0:00.47
2811 0.0 0.2 0:00.47
2811 0.0 0.2 0:00.47
2811 0.0 0.2 0:00.47
2811 0.0 0.2 0:00.47
2811 0.0 0.2 0:00.48
2811 0.0 0.2 0:00.48
2811 0.0 0.2 0:00.48
2811 0.0 0.2 0:00.48
2811 0.0 0.2 0:00.48
2811 0.0 0.2 0:00.48
2811 0.0 0.2 0:00.48
2811 0.0 0.2 0:00.48
2811 0.0 0.2 0:00.48
2811 0.0 0.2 0:00.48
2811 0.0 0.2 0:00.48
2811 0.0 0.2 0:00.48
2811 0.0 0.2 0:00.48
2811 0.0 0.2 0:00.48
2811 0.0 0.2 0:00.48
2811 0.0 0.2 0:00.48
2811 0.0 0.2 0:00.48
2811 0.0 0.2 0:00.48
2811 0.0 0.2 0:00.48
2811 0.0 0.2 0:00.48
2811 0.0 0.2 0:00.48
2811 0.0 0.2 0:00.48
2811 0.0 0.2 0:00.48
2811 0.0 0.2 0:00.48
2811 0.0 0.2 0:00.48
2811 0.0 0.2 0:00.48
2811 0.0 0.2 0:00.48
2811 0.0 0.2 0:00.50
2811 0.0 0.2 0:00.50
2811 0.0 0.2 0:00.50
2811 0.0 0.2 0:00.50
2811 0.0 0.2 0:00.50
2811 0.0 0.2 0:00.50
2811 0.0 0.2 0:00.50
2811 0.0 0.2 0:00.50
2811 0.0 0.2 0:00.50
2811 0.0 0.2 0:00.50
2811 0.0 0.2 0:00.51
2811 0.0 0.2 0:00.51
2811 0.0 0.2 0:00.51
2811 0.0 0.2 0:00.51
2811 0.0 0.2 0:00.51
2811 0.0 0.2 0:00.51
2811 0.0 0.2 0:00.51
2811 0.0 0.2 0:00.51
2811 0.0 0.2 0:00.51
2811 0.0 0.2 0:00.51
2811 0.0 0.2 0:00.51
2811 0.0 0.2 0:00.51
2811 0.0 0.2 0:00.51
2811 0.0 0.2 0:00.51
2811 0.0 0.2 0:00.51
2811 0.0 0.2 0:00.51
2811 0.0 0.2 0:00.51
2811 0.0 0.2 0:00.51
2811 0.0 0.2 0:00.51
2811 0.0 0.2 0:00.51
2811 0.0 0.2 0:00.51
2811 0.0 0.2 0:00.51
2811 0.0 0.2 0:00.51
2811 0.0 0.2 0:00.51
2811 0.0 0.2 0:00.51
2811 0.0 0.2 0:00.51
2811 0.0 0.2 0:00.51
2811 0.0 0.2 0:00.51
2811 0.0 0.2 0:00.51
2811 0.0 0.2 0:00.51
2811 0.0 0.2 0:00.51
2811 0.0 0.2 0:00.51
2811 0.0 0.2 0:00.51
2811 0.0 0.2 0:00.51
2811 0.0 0.2 0:00.51
2811 5.3 0.2 0:00.52
2811 0.0 0.2 0:00.52
2811 0.0 0.2 0:00.52
2811 0.0 0.2 0:00.52
2811 0.0 0.2 0:00.52
2811 0.0 0.2 0:00.52
2811 0.0 0.2 0:00.52
2811 0.0 0.2 0:00.52
2811 0.0 0.2 0:00.52
2811 0.0 0.2 0:00.52
2811 0.0 0.2 0:00.52
2811 0.0 0.2 0:00.52
2811 0.0 0.2 0:00.52
2811 0.0 0.2 0:00.52
2811 0.0 0.2 0:00.52
2811 0.0 0.2 0:00.52
2811 0.0 0.2 0:00.52
2811 0.0 0.2 0:00.52
2811 0.0 0.2 0:00.52
2811 0.0 0.2 0:00.52
2811 0.0 0.2 0:00.52
2811 0.0 0.2 0:00.52
2811 0.0 0.2 0:00.52
2811 0.0 0.2 0:00.52
2811 0.0 0.2 0:00.52
2811 0.0 0.2 0:00.52
2811 0.0 0.2 0:00.52
2811 0.0 0.2 0:00.52
2811 0.0 0.2 0:00.52
2811 0.0 0.2 0:00.52
2811 0.0 0.2 0:00.52
2811 0.0 0.2 0:00.52
2811 0.0 0.2 0:00.52
2811 0.0 0.2 0:00.52
2811 0.0 0.2 0:00.52
2811 0.0 0.2 0:00.52
2811 0.0 0.2 0:00.52
2811 0.0 0.2 0:00.52
2811 0.0 0.2 0:00.52
2811 0.0 0.2 0:00.52
2811 0.0 0.2 0:00.52
2811 0.0 0.2 0:00.52
2811 0.0 0.2 0:00.52
2811 0.0 0.2 0:00.52
2811 0.0 0.2 0:00.52
2811 0.0 0.2 0:00.52
2811 0.0 0.2 0:00.52
2811 0.0 0.2 0:00.52
