2811 15.8 0.2 0:00.06
2811 5.3 0.2 0:00.09
2811 0.0 0.2 0:00.09
2811 0.0 0.2 0:00.10
2811 0.0 0.2 0:00.10
2811 0.0 0.2 0:00.10
2811 0.0 0.2 0:00.10
2811 0.0 0.2 0:00.10
2811 0.0 0.2 0:00.10
2811 0.0 0.2 0:00.10
2811 0.0 0.2 0:00.10
2811 0.0 0.2 0:00.10
2811 0.0 0.2 0:00.10
2811 0.0 0.2 0:00.10
2811 0.0 0.2 0:00.10
2811 0.0 0.2 0:00.10
2811 0.0 0.2 0:00.10
2811 0.0 0.2 0:00.10
2811 0.0 0.2 0:00.10
2811 0.0 0.2 0:00.10
2811 0.0 0.2 0:00.10
2811 0.0 0.2 0:00.10
2811 0.0 0.2 0:00.10
2811 0.0 0.2 0:00.10
2811 0.0 0.2 0:00.10
2811 0.0 0.2 0:00.10
2811 0.0 0.2 0:00.10
2811 0.0 0.2 0:00.10
2811 0.0 0.2 0:00.10
2811 0.0 0.2 0:00.10
2811 0.0 0.2 0:00.10
2811 0.0 0.2 0:00.10
2811 0.0 0.2 0:00.10
2811 0.0 0.2 0:00.10
2811 0.0 0.2 0:00.10
2811 0.0 0.2 0:00.10
2811 5.3 0.2 0:00.11
2811 0.0 0.2 0:00.11
2811 0.0 0.2 0:00.11
2811 0.0 0.2 0:00.11
2811 0.0 0.2 0:00.11
2811 0.0 0.2 0:00.11
2811 0.0 0.2 0:00.11
2811 0.0 0.2 0:00.11
2811 0.0 0.2 0:00.11
2811 0.0 0.2 0:00.11
2811 0.0 0.2 0:00.11
2811 0.0 0.2 0:00.11
2811 0.0 0.2 0:00.11
2811 0.0 0.2 0:00.11
2811 0.0 0.2 0:00.11
2811 0.0 0.2 0:00.12
2811 0.0 0.2 0:00.12
2811 0.0 0.2 0:00.12
2811 0.0 0.2 0:00.12
2811 0.0 0.2 0:00.12
2811 0.0 0.2 0:00.12
2811 0.0 0.2 0:00.12
2811 0.0 0.2 0:00.12
2811 0.0 0.2 0:00.12
2811 0.0 0.2 0:00.12
2811 0.0 0.2 0:00.12
2811 0.0 0.2 0:00.12
2811 0.0 0.2 0:00.12
2811 0.0 0.2 0:00.12
2811 0.0 0.2 0:00.12
2811 0.0 0.2 0:00.12
2811 0.0 0.2 0:00.12
2811 0.0 0.2 0:00.12
2811 5.6 0.2 0:00.13
2811 0.0 0.2 0:00.13
2811 0.0 0.2 0:00.13
2811 0.0 0.2 0:00.13
2811 0.0 0.2 0:00.13
2811 0.0 0.2 0:00.14
2811 0.0 0.2 0:00.14
2811 0.0 0.2 0:00.14
2811 0.0 0.2 0:00.14
2811 0.0 0.2 0:00.14
2811 0.0 0.2 0:00.14
2811 0.0 0.2 0:00.14
2811 0.0 0.2 0:00.14
2811 0.0 0.2 0:00.14
2811 0.0 0.2 0:00.14
2811 0.0 0.2 0:00.14
2811 0.0 0.2 0:00.14
2811 0.0 0.2 0:00.14
2811 0.0 0.2 0:00.14
2811 0.0 0.2 0:00.14
2811 0.0 0.2 0:00.14
2811 0.0 0.2 0:00.14
2811 0.0 0.2 0:00.14
2811 0.0 0.2 0:00.14
2811 0.0 0.2 0:00.14
2811 0.0 0.2 0:00.14
2811 0.0 0.2 0:00.14
2811 0.0 0.2 0:00.14
2811 0.0 0.2 0:00.14
2811 0.0 0.2 0:00.14
2811 0.0 0.2 0:00.14
2811 0.0 0.2 0:00.14
2811 0.0 0.2 0:00.15
2811 0.0 0.2 0:00.15
2811 0.0 0.2 0:00.15
2811 0.0 0.2 0:00.15
2811 0.0 0.2 0:00.15
2811 0.0 0.2 0:00.15
2811 0.0 0.2 0:00.15
2811 0.0 0.2 0:00.15
2811 0.0 0.2 0:00.15
2811 0.0 0.2 0:00.15
2811 0.0 0.2 0:00.15
2811 0.0 0.2 0:00.15
2811 0.0 0.2 0:00.15
2811 0.0 0.2 0:00.15
2811 0.0 0.2 0:00.15
2811 0.0 0.2 0:00.15
2811 0.0 0.2 0:00.15
2811 0.0 0.2 0:00.15
2811 0.0 0.2 0:00.16
2811 0.0 0.2 0:00.16
2811 0.0 0.2 0:00.16
2811 0.0 0.2 0:00.16
2811 0.0 0.2 0:00.16
2811 0.0 0.2 0:00.16
2811 0.0 0.2 0:00.16
2811 0.0 0.2 0:00.16
2811 0.0 0.2 0:00.16
2811 0.0 0.2 0:00.16
2811 0.0 0.2 0:00.16
2811 0.0 0.2 0:00.16
2811 0.0 0.2 0:00.16
2811 0.0 0.2 0:00.16
2811 0.0 0.2 0:00.16
2811 0.0 0.2 0:00.16
2811 0.0 0.2 0:00.16
2811 0.0 0.2 0:00.16
2811 0.0 0.2 0:00.16
2811 0.0 0.2 0:00.16
2811 0.0 0.2 0:00.16
2811 0.0 0.2 0:00.16
2811 0.0 0.2 0:00.16
2811 0.0 0.2 0:00.16
2811 0.0 0.2 0:00.16
2811 0.0 0.2 0:00.16
2811 0.0 0.2 0:00.16
2811 0.0 0.2 0:00.16
2811 0.0 0.2 0:00.16
2811 0.0 0.2 0:00.16
2811 0.0 0.2 0:00.16
2811 0.0 0.2 0:00.16
2811 0.0 0.2 0:00.16
2811 0.0 0.2 0:00.17
2811 0.0 0.2 0:00.17
2811 0.0 0.2 0:00.17
2811 0.0 0.2 0:00.17
2811 0.0 0.2 0:00.17
2811 0.0 0.2 0:00.17
2811 0.0 0.2 0:00.17
2811 0.0 0.2 0:00.17
2811 0.0 0.2 0:00.17
2811 0.0 0.2 0:00.17
2811 0.0 0.2 0:00.17
2811 0.0 0.2 0:00.17
2811 0.0 0.2 0:00.17
2811 0.0 0.2 0:00.17
2811 0.0 0.2 0:00.17
2811 0.0 0.2 0:00.17
2811 0.0 0.2 0:00.17
2811 0.0 0.2 0:00.17
2811 0.0 0.2 0:00.17
2811 0.0 0.2 0:00.17
2811 0.0 0.2 0:00.17
2811 0.0 0.2 0:00.17
2811 0.0 0.2 0:00.18
2811 0.0 0.2 0:00.18
2811 0.0 0.2 0:00.18
2811 0.0 0.2 0:00.18
2811 0.0 0.2 0:00.18
2811 5.0 0.2 0:00.19
2811 0.0 0.2 0:00.19
2811 0.0 0.2 0:00.19
2811 0.0 0.2 0:00.19
2811 0.0 0.2 0:00.19
2811 0.0 0.2 0:00.19
2811 0.0 0.2 0:00.19
2811 0.0 0.2 0:00.19
2811 0.0 0.2 0:00.19
2811 0.0 0.2 0:00.19
2811 0.0 0.2 0:00.19
2811 0.0 0.2 0:00.19
2811 0.0 0.2 0:00.20
2811 0.0 0.2 0:00.20
2811 0.0 0.2 0:00.20
2811 0.0 0.2 0:00.20
2811 0.0 0.2 0:00.20
2811 0.0 0.2 0:00.20
2811 0.0 0.2 0:00.20
2811 0.0 0.2 0:00.20
2811 0.0 0.2 0:00.20
2811 0.0 0.2 0:00.20
2811 0.0 0.2 0:00.20
2811 0.0 0.2 0:00.20
2811 0.0 0.2 0:00.20
2811 0.0 0.2 0:00.20
2811 0.0 0.2 0:00.20
2811 0.0 0.2 0:00.20
2811 0.0 0.2 0:00.20
2811 0.0 0.2 0:00.20
2811 0.0 0.2 0:00.20
2811 0.0 0.2 0:00.20
2811 0.0 0.2 0:00.20
2811 0.0 0.2 0:00.20
2811 0.0 0.2 0:00.20
2811 0.0 0.2 0:00.20
2811 0.0 0.2 0:00.20
2811 0.0 0.2 0:00.20
2811 0.0 0.2 0:00.20
2811 0.0 0.2 0:00.20
2811 0.0 0.2 0:00.21
2811 0.0 0.2 0:00.21
2811 0.0 0.2 0:00.21
2811 0.0 0.2 0:00.21
2811 0.0 0.2 0:00.21
2811 0.0 0.2 0:00.21
2811 0.0 0.2 0:00.21
2811 0.0 0.2 0:00.21
2811 0.0 0.2 0:00.21
2811 0.0 0.2 0:00.21
2811 0.0 0.2 0:00.21
2811 0.0 0.2 0:00.21
2811 0.0 0.2 0:00.21
2811 0.0 0.2 0:00.21
2811 0.0 0.2 0:00.21
2811 0.0 0.2 0:00.21
2811 0.0 0.2 0:00.21
2811 0.0 0.2 0:00.21
2811 0.0 0.2 0:00.21
2811 0.0 0.2 0:00.21
2811 0.0 0.2 0:00.21
2811 0.0 0.2 0:00.21
2811 0.0 0.2 0:00.21
2811 0.0 0.2 0:00.21
2811 5.6 0.2 0:00.22
2811 0.0 0.2 0:00.22
2811 0.0 0.2 0:00.22
2811 0.0 0.2 0:00.22
2811 0.0 0.2 0:00.22
2811 0.0 0.2 0:00.22
2811 0.0 0.2 0:00.22
2811 0.0 0.2 0:00.22
2811 0.0 0.2 0:00.22
2811 0.0 0.2 0:00.22
2811 0.0 0.2 0:00.22
2811 0.0 0.2 0:00.22
2811 0.0 0.2 0:00.22
2811 0.0 0.2 0:00.22
2811 0.0 0.2 0:00.22
2811 0.0 0.2 0:00.22
2811 0.0 0.2 0:00.22
2811 0.0 0.2 0:00.22
2811 0.0 0.2 0:00.22
2811 0.0 0.2 0:00.22
2811 0.0 0.2 0:00.22
2811 0.0 0.2 0:00.22
2811 0.0 0.2 0:00.22
2811 0.0 0.2 0:00.22
2811 0.0 0.2 0:00.22
2811 0.0 0.2 0:00.22
2811 0.0 0.2 0:00.23
2811 0.0 0.2 0:00.23
2811 0.0 0.2 0:00.23
2811 0.0 0.2 0:00.23
2811 0.0 0.2 0:00.23
2811 0.0 0.2 0:00.23
2811 16.7 0.2 0:00.26
2811 0.0 0.2 0:00.26
2811 0.0 0.2 0:00.26
2811 0.0 0.2 0:00.26
2811 0.0 0.2 0:00.27
2811 0.0 0.2 0:00.27
2811 0.0 0.2 0:00.27
2811 0.0 0.2 0:00.27
2811 0.0 0.2 0:00.27
2811 0.0 0.2 0:00.27
2811 0.0 0.2 0:00.27
2811 0.0 0.2 0:00.27
2811 0.0 0.2 0:00.27
2811 0.0 0.2 0:00.27
2811 0.0 0.2 0:00.27
2811 0.0 0.2 0:00.27
2811 0.0 0.2 0:00.27
2811 5.3 0.2 0:00.28
2811 0.0 0.2 0:00.28
2811 0.0 0.2 0:00.28
2811 0.0 0.2 0:00.28
2811 0.0 0.2 0:00.28
2811 0.0 0.2 0:00.28
2811 0.0 0.2 0:00.28
2811 0.0 0.2 0:00.28
2811 0.0 0.2 0:00.28
2811 0.0 0.2 0:00.28
2811 0.0 0.2 0:00.28
2811 0.0 0.2 0:00.28
2811 0.0 0.2 0:00.28
