2812 0.0 0.2 0:06.82
2812 0.0 0.2 0:06.85
2812 0.0 0.2 0:06.88
2812 5.3 0.2 0:06.90
2812 0.0 0.2 0:06.90
2812 0.0 0.2 0:06.90
2812 0.0 0.2 0:06.91
2812 0.0 0.2 0:06.91
2812 5.6 0.2 0:06.92
2812 0.0 0.2 0:06.92
2812 0.0 0.2 0:06.92
2812 0.0 0.2 0:06.92
2812 0.0 0.2 0:06.93
2812 0.0 0.2 0:06.93
2812 0.0 0.2 0:06.93
2812 0.0 0.2 0:06.93
2812 0.0 0.2 0:06.93
2812 0.0 0.2 0:06.93
2812 0.0 0.2 0:06.93
2812 0.0 0.2 0:06.93
2812 0.0 0.2 0:06.93
2812 0.0 0.2 0:06.93
2812 0.0 0.2 0:06.93
2812 0.0 0.2 0:06.93
2812 0.0 0.2 0:06.93
2812 0.0 0.2 0:06.93
2812 0.0 0.2 0:06.93
2812 0.0 0.2 0:06.93
2812 0.0 0.2 0:06.93
2812 0.0 0.2 0:06.93
2812 0.0 0.2 0:06.93
2812 0.0 0.2 0:06.93
2812 0.0 0.2 0:06.93
2812 0.0 0.2 0:06.93
2812 0.0 0.2 0:06.93
2812 0.0 0.2 0:06.93
2812 0.0 0.2 0:06.93
2812 0.0 0.2 0:06.93
2812 0.0 0.2 0:06.93
2812 0.0 0.2 0:06.93
2812 0.0 0.2 0:06.93
2812 0.0 0.2 0:06.93
2812 0.0 0.2 0:06.93
2812 0.0 0.2 0:06.93
2812 0.0 0.2 0:06.93
2812 0.0 0.2 0:06.93
2812 0.0 0.2 0:06.93
2812 0.0 0.2 0:06.93
2812 0.0 0.2 0:06.93
2812 0.0 0.2 0:06.93
2812 0.0 0.2 0:06.93
2812 0.0 0.2 0:06.93
2812 0.0 0.2 0:06.93
2812 0.0 0.2 0:06.93
2812 0.0 0.2 0:06.93
2812 0.0 0.2 0:06.93
2812 0.0 0.2 0:06.93
2812 0.0 0.2 0:06.93
2812 0.0 0.2 0:06.93
2812 0.0 0.2 0:06.93
2812 0.0 0.2 0:06.93
2812 0.0 0.2 0:06.93
2812 0.0 0.2 0:06.93
2812 0.0 0.2 0:06.93
2812 0.0 0.2 0:06.93
2812 0.0 0.2 0:06.93
2812 0.0 0.2 0:06.93
2812 0.0 0.2 0:06.93
2812 0.0 0.2 0:06.93
2812 0.0 0.2 0:06.93
2812 0.0 0.2 0:06.93
2812 0.0 0.2 0:06.93
2812 0.0 0.2 0:06.93
2812 0.0 0.2 0:06.93
2812 0.0 0.2 0:06.93
2812 0.0 0.2 0:06.93
2812 0.0 0.2 0:06.93
2812 0.0 0.2 0:06.93
2812 0.0 0.2 0:06.93
2812 0.0 0.2 0:06.93
2812 0.0 0.2 0:06.93
2812 0.0 0.2 0:06.93
2812 0.0 0.2 0:06.93
2812 0.0 0.2 0:06.93
2812 0.0 0.2 0:06.93
2812 0.0 0.2 0:06.93
2812 0.0 0.2 0:06.93
2812 0.0 0.2 0:06.93
2812 0.0 0.2 0:06.93
2812 0.0 0.2 0:06.93
2812 0.0 0.2 0:06.93
2812 0.0 0.2 0:06.93
2812 0.0 0.2 0:06.93
2812 0.0 0.2 0:06.93
2812 0.0 0.2 0:06.93
2812 0.0 0.2 0:06.93
2812 0.0 0.2 0:06.93
2812 0.0 0.2 0:06.93
2812 0.0 0.2 0:06.93
2812 0.0 0.2 0:06.93
2812 0.0 0.2 0:06.93
2812 0.0 0.2 0:06.93
2812 0.0 0.2 0:06.93
2812 0.0 0.2 0:06.93
2812 0.0 0.2 0:06.93
2812 0.0 0.2 0:06.93
2812 0.0 0.2 0:06.93
2812 0.0 0.2 0:06.93
2812 0.0 0.2 0:06.93
