2812 0.0 0.2 0:06.30
2812 5.6 0.2 0:06.32
2812 0.0 0.2 0:06.33
2812 0.0 0.2 0:06.36
2812 5.0 0.2 0:06.39
2812 0.0 0.2 0:06.39
2812 0.0 0.2 0:06.39
2812 0.0 0.2 0:06.39
2812 0.0 0.2 0:06.39
2812 0.0 0.2 0:06.40
2812 0.0 0.2 0:06.40
2812 0.0 0.2 0:06.40
2812 0.0 0.2 0:06.41
2812 0.0 0.2 0:06.41
2812 0.0 0.2 0:06.41
2812 0.0 0.2 0:06.41
2812 0.0 0.2 0:06.41
2812 0.0 0.2 0:06.41
2812 0.0 0.2 0:06.41
2812 0.0 0.2 0:06.41
2812 0.0 0.2 0:06.41
2812 0.0 0.2 0:06.41
2812 0.0 0.2 0:06.41
2812 0.0 0.2 0:06.41
2812 0.0 0.2 0:06.41
2812 0.0 0.2 0:06.41
2812 0.0 0.2 0:06.41
2812 0.0 0.2 0:06.41
2812 0.0 0.2 0:06.41
2812 0.0 0.2 0:06.41
2812 0.0 0.2 0:06.41
2812 0.0 0.2 0:06.41
2812 0.0 0.2 0:06.41
2812 0.0 0.2 0:06.41
2812 0.0 0.2 0:06.41
2812 0.0 0.2 0:06.41
2812 0.0 0.2 0:06.41
2812 0.0 0.2 0:06.41
2812 0.0 0.2 0:06.41
2812 0.0 0.2 0:06.41
2812 0.0 0.2 0:06.41
2812 0.0 0.2 0:06.41
2812 0.0 0.2 0:06.41
2812 0.0 0.2 0:06.41
2812 0.0 0.2 0:06.41
2812 0.0 0.2 0:06.41
2812 0.0 0.2 0:06.41
2812 0.0 0.2 0:06.41
2812 0.0 0.2 0:06.41
2812 0.0 0.2 0:06.41
2812 0.0 0.2 0:06.41
2812 0.0 0.2 0:06.41
2812 0.0 0.2 0:06.41
2812 0.0 0.2 0:06.41
2812 0.0 0.2 0:06.41
2812 0.0 0.2 0:06.41
2812 0.0 0.2 0:06.41
2812 0.0 0.2 0:06.41
2812 0.0 0.2 0:06.42
2812 0.0 0.2 0:06.42
2812 0.0 0.2 0:06.42
2812 0.0 0.2 0:06.42
2812 0.0 0.2 0:06.42
2812 0.0 0.2 0:06.42
2812 0.0 0.2 0:06.42
2812 0.0 0.2 0:06.42
2812 0.0 0.2 0:06.42
2812 0.0 0.2 0:06.42
2812 0.0 0.2 0:06.42
2812 0.0 0.2 0:06.42
2812 0.0 0.2 0:06.42
2812 0.0 0.2 0:06.42
2812 0.0 0.2 0:06.42
2812 0.0 0.2 0:06.42
2812 0.0 0.2 0:06.42
2812 0.0 0.2 0:06.42
2812 0.0 0.2 0:06.42
2812 0.0 0.2 0:06.42
2812 0.0 0.2 0:06.42
2812 0.0 0.2 0:06.42
2812 0.0 0.2 0:06.42
2812 0.0 0.2 0:06.42
2812 0.0 0.2 0:06.42
2812 0.0 0.2 0:06.42
2812 0.0 0.2 0:06.42
2812 0.0 0.2 0:06.42
2812 0.0 0.2 0:06.42
2812 0.0 0.2 0:06.42
2812 0.0 0.2 0:06.42
2812 0.0 0.2 0:06.42
2812 0.0 0.2 0:06.42
2812 0.0 0.2 0:06.42
2812 0.0 0.2 0:06.42
2812 0.0 0.2 0:06.42
2812 0.0 0.2 0:06.42
2812 0.0 0.2 0:06.42
2812 0.0 0.2 0:06.42
2812 0.0 0.2 0:06.42
2812 0.0 0.2 0:06.42
2812 0.0 0.2 0:06.42
2812 0.0 0.2 0:06.42
2812 0.0 0.2 0:06.42
2812 0.0 0.2 0:06.42
2812 0.0 0.2 0:06.42
2812 0.0 0.2 0:06.42
2812 0.0 0.2 0:06.42
2812 0.0 0.2 0:06.42
2812 0.0 0.2 0:06.42
2812 0.0 0.2 0:06.42
2812 0.0 0.2 0:06.42
2812 0.0 0.2 0:06.42
2812 0.0 0.2 0:06.42
2812 0.0 0.2 0:06.42
2812 0.0 0.2 0:06.42
2812 0.0 0.2 0:06.42
2812 0.0 0.2 0:06.42
2812 0.0 0.2 0:06.42
2812 0.0 0.2 0:06.42
2812 0.0 0.2 0:06.42
2812 0.0 0.2 0:06.42
2812 0.0 0.2 0:06.42
2812 0.0 0.2 0:06.42
2812 0.0 0.2 0:06.42
2812 0.0 0.2 0:06.42
2812 0.0 0.2 0:06.42
2812 0.0 0.2 0:06.42
2812 0.0 0.2 0:06.42
2812 0.0 0.2 0:06.42
2812 0.0 0.2 0:06.42
2812 0.0 0.2 0:06.42
2812 0.0 0.2 0:06.42
2812 0.0 0.2 0:06.42
2812 0.0 0.2 0:06.42
