2813 0.0 0.3 0:53.36
2813 0.0 0.3 0:53.38
2813 0.0 0.3 0:53.39
2813 0.0 0.3 0:53.40
2813 0.0 0.3 0:53.41
2813 0.0 0.3 0:53.43
2813 0.0 0.3 0:53.44
2813 0.0 0.3 0:53.46
2813 0.0 0.3 0:53.46
2813 0.0 0.3 0:53.48
2813 0.0 0.3 0:53.49
2813 0.0 0.3 0:53.49
2813 0.0 0.3 0:53.49
2813 10.0 0.3 0:53.51
2813 0.0 0.3 0:53.51
2813 0.0 0.3 0:53.52
2813 0.0 0.3 0:53.53
2813 0.0 0.3 0:53.54
2813 0.0 0.3 0:53.54
2813 0.0 0.3 0:53.56
2813 0.0 0.3 0:53.57
2813 0.0 0.3 0:53.58
2813 0.0 0.3 0:53.58
2813 0.0 0.3 0:53.59
2813 0.0 0.3 0:53.60
2813 5.6 0.3 0:53.61
2813 0.0 0.3 0:53.61
2813 0.0 0.3 0:53.63
2813 0.0 0.3 0:53.63
2813 5.0 0.3 0:53.64
2813 0.0 0.3 0:53.64
2813 0.0 0.3 0:53.64
2813 0.0 0.3 0:53.64
2813 0.0 0.3 0:53.66
2813 0.0 0.3 0:53.66
2813 0.0 0.3 0:53.67
2813 0.0 0.3 0:53.67
2813 4.8 0.3 0:53.69
2813 0.0 0.3 0:53.69
2813 0.0 0.3 0:53.71
2813 5.3 0.3 0:53.72
2813 0.0 0.3 0:53.73
2813 0.0 0.3 0:53.74
2813 0.0 0.3 0:53.75
2813 0.0 0.3 0:53.76
2813 0.0 0.3 0:53.76
2813 0.0 0.3 0:53.78
2813 0.0 0.3 0:53.78
2813 4.5 0.3 0:53.80
2813 0.0 0.3 0:53.81
2813 0.0 0.3 0:53.81
2813 0.0 0.3 0:53.82
2813 0.0 0.3 0:53.83
2813 0.0 0.3 0:53.83
2813 0.0 0.3 0:53.85
2813 0.0 0.3 0:53.85
2813 0.0 0.3 0:53.85
2813 0.0 0.3 0:53.85
2813 0.0 0.3 0:53.86
2813 0.0 0.3 0:53.87
2813 0.0 0.3 0:53.87
2813 0.0 0.3 0:53.88
2813 0.0 0.3 0:53.89
2813 0.0 0.3 0:53.90
2813 0.0 0.3 0:53.90
2813 0.0 0.3 0:53.90
2813 5.0 0.3 0:53.91
2813 0.0 0.3 0:53.92
2813 0.0 0.3 0:53.93
2813 0.0 0.3 0:53.94
2813 0.0 0.3 0:53.95
2813 11.1 0.3 0:53.97
2813 0.0 0.3 0:53.97
2813 0.0 0.3 0:53.97
2813 0.0 0.3 0:53.98
2813 0.0 0.3 0:53.99
2813 0.0 0.3 0:54.00
2813 0.0 0.3 0:54.00
2813 0.0 0.3 0:54.00
2813 0.0 0.3 0:54.01
2813 0.0 0.3 0:54.02
2813 0.0 0.3 0:54.03
2813 0.0 0.3 0:54.03
2813 0.0 0.3 0:54.05
2813 0.0 0.3 0:54.05
2813 0.0 0.3 0:54.06
2813 0.0 0.3 0:54.06
2813 0.0 0.3 0:54.06
