706 0.0 0.1 0:00.00
706 0.0 0.1 0:00.00
706 0.0 0.1 0:00.00
706 0.0 0.1 0:00.00
706 0.0 0.1 0:00.00
706 0.0 0.1 0:00.00
706 0.0 0.1 0:00.00
706 0.0 0.1 0:00.00
706 0.0 0.1 0:00.00
706 0.0 0.1 0:00.00
706 0.0 0.1 0:00.00
706 0.0 0.1 0:00.00
706 0.0 0.1 0:00.00
706 0.0 0.1 0:00.00
706 0.0 0.1 0:00.00
706 0.0 0.1 0:00.00
706 0.0 0.1 0:00.00
706 0.0 0.1 0:00.00
706 0.0 0.1 0:00.00
706 0.0 0.1 0:00.00
706 0.0 0.1 0:00.00
706 0.0 0.1 0:00.00
706 0.0 0.1 0:00.00
706 0.0 0.1 0:00.00
706 0.0 0.1 0:00.00
706 0.0 0.1 0:00.00
706 0.0 0.1 0:00.00
706 0.0 0.1 0:00.00
706 0.0 0.1 0:00.00
706 0.0 0.1 0:00.00
706 0.0 0.1 0:00.00
706 0.0 0.1 0:00.00
706 0.0 0.1 0:00.00
706 0.0 0.1 0:00.00
706 0.0 0.1 0:00.00
706 0.0 0.1 0:00.00
706 0.0 0.1 0:00.00
706 0.0 0.1 0:00.00
706 0.0 0.1 0:00.00
706 0.0 0.1 0:00.00
706 0.0 0.1 0:00.00
706 0.0 0.1 0:00.00
706 0.0 0.1 0:00.00
706 0.0 0.1 0:00.00
KiB used, 416900 buff/cache
706 0.0 0.1 0:00.00
706 0.0 0.1 0:00.00
706 0.0 0.1 0:00.00
706 0.0 0.1 0:00.00
706 0.0 0.1 0:00.00
706 0.0 0.1 0:00.00
706 0.0 0.1 0:00.00
706 0.0 0.1 0:00.00
KiB used, 417064 buff/cache
706 0.0 0.1 0:00.00
706 0.0 0.1 0:00.00
706 0.0 0.1 0:00.00
706 0.0 0.1 0:00.00
706 0.0 0.1 0:00.00
706 0.0 0.1 0:00.00
706 0.0 0.1 0:00.00
706 0.0 0.1 0:00.00
706 0.0 0.1 0:00.00
706 0.0 0.1 0:00.00
KiB used, 417280 buff/cache
706 0.0 0.1 0:00.00
706 0.0 0.1 0:00.00
706 0.0 0.1 0:00.00
706 0.0 0.1 0:00.00
706 0.0 0.1 0:00.00
706 0.0 0.1 0:00.00
706 0.0 0.1 0:00.00
706 0.0 0.1 0:00.00
706 0.0 0.1 0:00.00
706 0.0 0.1 0:00.00
706 0.0 0.1 0:00.00
706 0.0 0.1 0:00.00
706 0.0 0.1 0:00.00
706 0.0 0.1 0:00.00
706 0.0 0.1 0:00.00
706 0.0 0.1 0:00.00
706 0.0 0.1 0:00.00
706 0.0 0.1 0:00.00
19706 11.1 0.2 0:00.05
706 0.0 0.1 0:00.00
706 0.0 0.1 0:00.00
706 0.0 0.1 0:00.00
706 0.0 0.1 0:00.00
706 0.0 0.1 0:00.00
706 0.0 0.1 0:00.00
706 0.0 0.1 0:00.00
706 0.0 0.1 0:00.00
706 0.0 0.1 0:00.00
706 0.0 0.1 0:00.00
706 0.0 0.1 0:00.00
