708 11.1 0.4 1:00.95
706 0.0 0.1 0:00.00
KiB 1537068 avail Mem
706 0.0 0.1 0:00.00
706 0.0 0.1 0:00.00
706 0.0 0.1 0:00.00
706 0.0 0.1 0:00.00
706 0.0 0.1 0:00.00
706 0.0 0.1 0:00.00
706 0.0 0.1 0:00.00
706 0.0 0.1 0:00.00
706 0.0 0.1 0:00.00
706 0.0 0.1 0:00.00
706 0.0 0.1 0:00.00
706 0.0 0.1 0:00.00
706 0.0 0.1 0:00.00
706 0.0 0.1 0:00.00
706 0.0 0.1 0:00.00
706 0.0 0.1 0:00.00
706 0.0 0.1 0:00.00
706 0.0 0.1 0:00.00
706 0.0 0.1 0:00.00
706 0.0 0.1 0:00.00
706 0.0 0.1 0:00.00
706 0.0 0.1 0:00.00
706 0.0 0.1 0:00.00
706 0.0 0.1 0:00.00
706 0.0 0.1 0:00.00
706 0.0 0.1 0:00.00
706 0.0 0.1 0:00.00
706 0.0 0.1 0:00.00
706 0.0 0.1 0:00.00
706 0.0 0.1 0:00.00
706 0.0 0.1 0:00.00
706 0.0 0.1 0:00.00
706 0.0 0.1 0:00.00
706 0.0 0.1 0:00.00
706 0.0 0.1 0:00.00
706 0.0 0.1 0:00.00
706 0.0 0.1 0:00.00
706 0.0 0.1 0:00.00
706 0.0 0.1 0:00.00
706 0.0 0.1 0:00.00
706 0.0 0.1 0:00.00
706 0.0 0.1 0:00.00
706 0.0 0.1 0:00.00
706 0.0 0.1 0:00.00
706 0.0 0.1 0:00.00
706 0.0 0.1 0:00.00
706 0.0 0.1 0:00.00
706 0.0 0.1 0:00.00
706 0.0 0.1 0:00.00
706 0.0 0.1 0:00.00
706 0.0 0.1 0:00.00
706 0.0 0.1 0:00.00
706 0.0 0.1 0:00.00
706 0.0 0.1 0:00.00
706 0.0 0.1 0:00.00
706 0.0 0.1 0:00.00
706 0.0 0.1 0:00.00
706 0.0 0.1 0:00.00
706 0.0 0.1 0:00.00
706 0.0 0.1 0:00.00
706 0.0 0.1 0:00.00
706 0.0 0.1 0:00.00
706 0.0 0.1 0:00.00
706 0.0 0.1 0:00.00
KiB used, 376128 buff/cache
706 0.0 0.1 0:00.00
706 0.0 0.1 0:00.00
706 0.0 0.1 0:00.00
706 0.0 0.1 0:00.00
706 0.0 0.1 0:00.00
706 0.0 0.1 0:00.00
706 0.0 0.1 0:00.00
706 0.0 0.1 0:00.00
706 0.0 0.1 0:00.00
706 0.0 0.1 0:00.00
706 0.0 0.1 0:00.00
706 0.0 0.1 0:00.00
706 0.0 0.1 0:00.00
706 0.0 0.1 0:00.00
706 0.0 0.1 0:00.00
706 0.0 0.1 0:00.00
706 0.0 0.1 0:00.00
706 0.0 0.1 0:00.00
706 0.0 0.1 0:00.00
706 0.0 0.1 0:00.00
706 0.0 0.1 0:00.00
706 0.0 0.1 0:00.00
706 0.0 0.1 0:00.00
706 0.0 0.1 0:00.00
706 0.0 0.1 0:00.00
706 0.0 0.1 0:00.00
706 0.0 0.1 0:00.00
706 0.0 0.1 0:00.00
706 0.0 0.1 0:00.00
706 0.0 0.1 0:00.00
706 0.0 0.1 0:00.00
706 0.0 0.1 0:00.00
706 0.0 0.1 0:00.00
706 0.0 0.1 0:00.00
706 0.0 0.1 0:00.00
706 0.0 0.1 0:00.00
706 0.0 0.1 0:00.00
706 0.0 0.1 0:00.00
706 0.0 0.1 0:00.00
706 0.0 0.1 0:00.00
706 0.0 0.1 0:00.00
706 0.0 0.1 0:00.00
