707 5.3 0.4 1:55.69
707 0.0 0.4 1:55.71
707 0.0 0.4 1:55.74
707 5.3 0.4 1:55.77
707 0.0 0.4 1:55.79
707 0.0 0.4 1:55.82
707 0.0 0.4 1:55.85
707 0.0 0.4 1:55.87
707 0.0 0.4 1:55.90
707 0.0 0.4 1:55.93
707 0.0 0.4 1:55.96
707 0.0 0.4 1:55.99
707 0.0 0.4 1:56.02
707 5.3 0.4 1:56.05
707 0.0 0.4 1:56.07
707 0.0 0.4 1:56.10
707 5.3 0.4 1:56.13
707 0.0 0.4 1:56.15
707 0.0 0.4 1:56.18
707 5.3 0.4 1:56.21
707 0.0 0.4 1:56.23
707 5.3 0.4 1:56.26
707 5.3 0.4 1:56.28
707 0.0 0.4 1:56.31
707 5.3 0.4 1:56.34
707 5.3 0.4 1:56.37
707 0.0 0.4 1:56.39
707 0.0 0.4 1:56.42
707 0.0 0.4 1:56.45
707 5.3 0.4 1:56.48
707 5.3 0.4 1:56.51
707 0.0 0.4 1:56.53
707 5.6 0.4 1:56.56
707 0.0 0.4 1:56.58
707 0.0 0.4 1:56.61
707 0.0 0.4 1:56.64
707 0.0 0.4 1:56.67
707 5.6 0.4 1:56.70
707 5.6 0.4 1:56.73
707 0.0 0.4 1:56.75
707 5.6 0.4 1:56.78
707 0.0 0.4 1:56.80
707 5.3 0.4 1:56.83
707 0.0 0.4 1:56.85
707 0.0 0.4 1:56.88
707 5.3 0.4 1:56.91
707 5.3 0.4 1:56.94
707 0.0 0.4 1:56.96
707 5.6 0.4 1:57.00
707 0.0 0.4 1:57.03
707 0.0 0.4 1:57.06
707 0.0 0.4 1:57.09
707 0.0 0.4 1:57.12
707 5.6 0.4 1:57.15
707 0.0 0.4 1:57.17
707 0.0 0.4 1:57.20
707 5.6 0.4 1:57.23
707 5.0 0.4 1:57.25
707 0.0 0.4 1:57.27
707 0.0 0.4 1:57.30
707 0.0 0.4 1:57.33
707 5.6 0.4 1:57.36
707 0.0 0.4 1:57.38
707 5.6 0.4 1:57.41
707 0.0 0.4 1:57.43
707 5.3 0.4 1:57.46
707 5.3 0.4 1:57.49
707 0.0 0.4 1:57.51
707 0.0 0.4 1:57.54
707 5.3 0.4 1:57.57
707 5.3 0.4 1:57.60
707 0.0 0.4 1:57.62
707 5.3 0.4 1:57.65
707 11.1 0.4 1:57.69
707 0.0 0.4 1:57.70
707 5.3 0.4 1:57.73
707 0.0 0.4 1:57.76
707 0.0 0.4 1:57.78
707 0.0 0.4 1:57.80
707 0.0 0.4 1:57.81
707 0.0 0.4 1:57.81
707 0.0 0.4 1:57.81
707 0.0 0.4 1:57.81
707 0.0 0.4 1:57.81
707 0.0 0.4 1:57.81
707 0.0 0.4 1:57.81
707 0.0 0.4 1:57.81
707 0.0 0.4 1:57.81
707 0.0 0.4 1:57.81
707 0.0 0.4 1:57.81
707 0.0 0.4 1:57.81
707 0.0 0.4 1:57.81
707 0.0 0.4 1:57.81
707 0.0 0.4 1:57.81
707 0.0 0.4 1:57.81
