707 4.8 0.4 0:00.04
707 11.1 0.4 0:00.11
707 10.0 0.4 0:00.20
707 11.1 0.4 0:00.30
707 10.5 0.4 0:00.41
707 10.0 0.4 0:00.50
707 5.3 0.4 0:00.61
707 5.3 0.4 0:00.70
707 5.6 0.4 0:00.77
707 10.5 0.4 0:00.86
707 5.0 0.4 0:00.92
707 5.0 0.4 0:00.99
707 5.3 0.4 0:01.06
707 10.0 0.4 0:01.14
707 5.6 0.4 0:01.20
707 5.3 0.4 0:01.26
707 5.3 0.4 0:01.35
707 11.1 0.4 0:01.42
707 4.8 0.4 0:01.49
707 10.0 0.4 0:01.56
707 10.5 0.4 0:01.63
707 5.3 0.4 0:01.70
707 5.3 0.4 0:01.78
707 10.5 0.4 0:01.86
707 10.0 0.4 0:01.94
707 10.5 0.4 0:02.02
707 0.0 0.4 0:02.08
707 5.3 0.4 0:02.14
707 0.0 0.4 0:02.21
707 10.0 0.4 0:02.27
707 5.3 0.4 0:02.32
707 5.6 0.4 0:02.39
707 10.5 0.4 0:02.45
707 5.3 0.4 0:02.53
707 5.3 0.4 0:02.61
707 5.6 0.4 0:02.67
707 5.3 0.4 0:02.74
707 4.8 0.4 0:02.83
707 9.5 0.4 0:02.90
707 11.1 0.4 0:02.96
707 5.3 0.4 0:03.03
707 11.1 0.4 0:03.13
707 10.5 0.4 0:03.20
707 5.6 0.4 0:03.27
707 5.0 0.4 0:03.33
707 5.3 0.4 0:03.40
707 10.5 0.4 0:03.48
707 4.3 0.4 0:03.55
707 0.0 0.4 0:03.63
707 0.0 0.4 0:03.70
707 5.6 0.4 0:03.76
707 5.6 0.4 0:03.84
707 5.3 0.4 0:03.92
707 10.5 0.4 0:04.01
707 5.6 0.4 0:04.07
707 5.3 0.4 0:04.13
707 5.3 0.4 0:04.21
707 5.6 0.4 0:04.28
707 5.0 0.4 0:04.35
707 11.1 0.4 0:04.41
707 15.8 0.4 0:04.48
707 5.3 0.4 0:04.56
707 5.3 0.4 0:04.66
707 10.5 0.4 0:04.75
707 10.5 0.4 0:04.83
707 0.0 0.4 0:04.90
707 10.0 0.4 0:04.99
707 5.3 0.4 0:05.05
707 11.1 0.4 0:05.12
707 5.6 0.4 0:05.22
707 11.1 0.4 0:05.30
707 10.5 0.4 0:05.39
707 10.5 0.4 0:05.47
707 10.0 0.4 0:05.56
707 5.3 0.4 0:05.62
KiB used, 267072 buff/cache
707 16.7 0.4 0:05.79
707 5.3 0.4 0:05.85
707 6.9 0.4 0:05.94
707 3.8 0.4 0:06.01
707 11.1 0.4 0:06.08
707 11.1 0.4 0:06.17
707 5.6 0.4 0:06.24
707 5.0 0.4 0:06.31
707 5.3 0.4 0:06.39
707 0.0 0.4 0:06.46
707 0.0 0.4 0:06.46
707 0.0 0.4 0:06.46
707 0.0 0.4 0:06.46
707 0.0 0.4 0:06.46
707 0.0 0.4 0:06.46
707 0.0 0.4 0:06.46
707 0.0 0.4 0:06.46
707 0.0 0.4 0:06.46
707 0.0 0.4 0:06.46
707 0.0 0.4 0:06.46
707 0.0 0.4 0:06.46
707 0.0 0.4 0:06.46
707 0.0 0.4 0:06.46
707 0.0 0.4 0:06.46
707 0.0 0.4 0:06.46
707 0.0 0.4 0:06.46
707 0.0 0.4 0:06.46
707 0.0 0.4 0:06.46
707 0.0 0.4 0:06.46
707 0.0 0.4 0:06.46
707 0.0 0.4 0:06.46
707 0.0 0.4 0:06.46
707 0.0 0.4 0:06.46
707 0.0 0.4 0:06.46
707 0.0 0.4 0:06.46
707 0.0 0.4 0:06.46
