707 0.0 0.4 2:05.95
707 0.0 0.4 2:05.98
707 5.3 0.4 2:06.01
707 0.0 0.4 2:06.03
707 0.0 0.4 2:06.05
707 5.3 0.4 2:06.08
707 0.0 0.4 2:06.10
707 0.0 0.4 2:06.13
707 0.0 0.4 2:06.15
707 0.0 0.4 2:06.17
707 0.0 0.4 2:06.20
707 5.0 0.4 2:06.23
707 5.6 0.4 2:06.25
707 0.0 0.4 2:06.28
707 0.0 0.4 2:06.30
707 0.0 0.4 2:06.32
707 5.3 0.4 2:06.35
707 0.0 0.4 2:06.37
707 0.0 0.4 2:06.40
707 0.0 0.4 2:06.42
707 5.6 0.4 2:06.45
707 0.0 0.4 2:06.47
707 0.0 0.4 2:06.50
707 5.6 0.4 2:06.54
707 5.9 0.4 2:06.56
707 0.0 0.4 2:06.58
707 5.3 0.4 2:06.62
707 0.0 0.4 2:06.64
707 0.0 0.4 2:06.67
707 11.1 0.4 2:06.70
707 0.0 0.4 2:06.71
707 0.0 0.4 2:06.73
707 0.0 0.4 2:06.75
707 5.6 0.4 2:06.78
707 5.0 0.4 2:06.80
707 0.0 0.4 2:06.82
707 0.0 0.4 2:06.85
707 0.0 0.4 2:06.87
707 0.0 0.4 2:06.89
707 5.3 0.4 2:06.92
707 5.3 0.4 2:06.95
707 0.0 0.4 2:06.97
707 0.0 0.4 2:06.99
707 5.6 0.4 2:07.02
707 0.0 0.4 2:07.04
707 5.6 0.4 2:07.07
707 0.0 0.4 2:07.09
707 0.0 0.4 2:07.11
707 0.0 0.4 2:07.13
707 0.0 0.4 2:07.15
707 5.0 0.4 2:07.18
707 0.0 0.4 2:07.20
707 0.0 0.4 2:07.22
707 0.0 0.4 2:07.25
707 0.0 0.4 2:07.26
707 0.0 0.4 2:07.28
707 0.0 0.4 2:07.30
707 0.0 0.4 2:07.32
707 5.6 0.4 2:07.35
707 0.0 0.4 2:07.37
707 5.6 0.4 2:07.40
707 5.3 0.4 2:07.43
707 5.3 0.4 2:07.46
707 5.0 0.4 2:07.48
707 0.0 0.4 2:07.50
707 0.0 0.4 2:07.52
707 0.0 0.4 2:07.54
707 5.3 0.4 2:07.57
707 0.0 0.4 2:07.59
707 5.3 0.4 2:07.62
707 5.3 0.4 2:07.65
707 5.6 0.4 2:07.67
707 0.0 0.4 2:07.70
707 0.0 0.4 2:07.72
707 0.0 0.4 2:07.75
707 0.0 0.4 2:07.77
707 5.6 0.4 2:07.80
707 0.0 0.4 2:07.82
707 5.3 0.4 2:07.84
707 0.0 0.4 2:07.86
707 0.0 0.4 2:07.86
707 0.0 0.4 2:07.86
707 0.0 0.4 2:07.86
707 0.0 0.4 2:07.86
707 0.0 0.4 2:07.86
707 0.0 0.4 2:07.86
707 0.0 0.4 2:07.86
707 0.0 0.4 2:07.86
707 0.0 0.4 2:07.86
707 0.0 0.4 2:07.86
707 0.0 0.4 2:07.86
707 0.0 0.4 2:07.86
707 0.0 0.4 2:07.86
707 0.0 0.4 2:07.86
707 0.0 0.4 2:07.86
707 0.0 0.4 2:07.86
707 0.0 0.4 2:07.86
