708 0.0 0.4 2:12.68
708 0.0 0.4 2:12.71
708 0.0 0.4 2:12.72
708 5.3 0.4 2:12.74
708 0.0 0.4 2:12.75
708 0.0 0.4 2:12.77
708 5.6 0.4 2:12.79
708 0.0 0.4 2:12.80
708 5.3 0.4 2:12.82
708 0.0 0.4 2:12.85
708 0.0 0.4 2:12.85
708 5.6 0.4 2:12.87
708 0.0 0.4 2:12.89
708 5.0 0.4 2:12.90
KiB used, 435680 buff/cache
708 0.0 0.4 2:12.93
708 0.0 0.4 2:12.95
708 0.0 0.4 2:12.97
708 0.0 0.4 2:12.99
708 0.0 0.4 2:13.01
708 0.0 0.4 2:13.02
708 0.0 0.4 2:13.04
708 0.0 0.4 2:13.06
708 5.3 0.4 2:13.08
708 0.0 0.4 2:13.09
708 5.6 0.4 2:13.11
708 5.3 0.4 2:13.13
708 0.0 0.4 2:13.15
708 0.0 0.4 2:13.17
708 0.0 0.4 2:13.19
708 5.3 0.4 2:13.22
708 5.6 0.4 2:13.25
708 11.1 0.4 2:13.28
708 5.6 0.4 2:13.29
708 0.0 0.4 2:13.30
708 0.0 0.4 2:13.32
708 5.0 0.4 2:13.34
708 5.3 0.4 2:13.36
708 5.3 0.4 2:13.38
708 0.0 0.4 2:13.39
708 0.0 0.4 2:13.41
708 0.0 0.4 2:13.43
708 0.0 0.4 2:13.45
708 0.0 0.4 2:13.46
708 0.0 0.4 2:13.48
708 5.3 0.4 2:13.51
708 5.6 0.4 2:13.53
708 0.0 0.4 2:13.55
708 0.0 0.4 2:13.57
708 0.0 0.4 2:13.58
708 5.3 0.4 2:13.60
708 5.0 0.4 2:13.62
708 0.0 0.4 2:13.64
708 0.0 0.4 2:13.66
708 5.6 0.4 2:13.68
708 0.0 0.4 2:13.69
708 0.0 0.4 2:13.71
KiB used, 436248 buff/cache
708 0.0 0.4 2:13.75
708 0.0 0.4 2:13.77
708 0.0 0.4 2:13.78
708 0.0 0.4 2:13.80
708 0.0 0.4 2:13.82
708 5.0 0.4 2:13.84
708 5.3 0.4 2:13.86
708 0.0 0.4 2:13.87
708 5.3 0.4 2:13.89
708 0.0 0.4 2:13.91
708 5.6 0.4 2:13.93
708 0.0 0.4 2:13.94
708 0.0 0.4 2:13.96
708 5.6 0.4 2:13.98
708 0.0 0.4 2:13.99
708 0.0 0.4 2:14.01
708 0.0 0.4 2:14.03
708 5.6 0.4 2:14.06
708 4.8 0.4 2:14.08
708 5.3 0.4 2:14.10
708 0.0 0.4 2:14.11
708 0.0 0.4 2:14.13
708 0.0 0.4 2:14.14
708 0.0 0.4 2:14.14
708 0.0 0.4 2:14.14
708 0.0 0.4 2:14.14
708 0.0 0.4 2:14.14
708 0.0 0.4 2:14.14
708 0.0 0.4 2:14.14
