708 0.0 0.4 1:36.36
708 0.0 0.4 1:36.39
708 0.0 0.4 1:36.42
708 0.0 0.4 1:36.45
708 0.0 0.4 1:36.48
708 5.6 0.4 1:36.52
708 5.3 0.4 1:36.55
708 5.6 0.4 1:36.58
708 0.0 0.4 1:36.60
708 5.6 0.4 1:36.63
708 5.6 0.4 1:36.66
708 5.6 0.4 1:36.69
708 5.3 0.4 1:36.72
708 0.0 0.4 1:36.74
708 0.0 0.4 1:36.77
708 0.0 0.4 1:36.81
708 0.0 0.4 1:36.84
708 0.0 0.4 1:36.87
708 5.6 0.4 1:36.91
708 0.0 0.4 1:36.93
708 5.3 0.4 1:36.97
708 5.6 0.4 1:37.00
708 0.0 0.4 1:37.03
708 5.3 0.4 1:37.07
708 0.0 0.4 1:37.10
708 0.0 0.4 1:37.13
708 5.3 0.4 1:37.16
708 5.9 0.4 1:37.19
708 5.6 0.4 1:37.22
708 5.3 0.4 1:37.25
708 0.0 0.4 1:37.28
708 0.0 0.4 1:37.30
708 0.0 0.4 1:37.33
708 0.0 0.4 1:37.36
708 0.0 0.4 1:37.39
708 0.0 0.4 1:37.42
KiB used, 405012 buff/cache
708 5.3 0.4 1:37.49
708 0.0 0.4 1:37.52
708 5.6 0.4 1:37.56
708 5.6 0.4 1:37.59
708 0.0 0.4 1:37.62
708 11.1 0.4 1:37.67
708 0.0 0.4 1:37.68
708 5.6 0.4 1:37.71
708 4.8 0.4 1:37.74
25708 10.0 0.2 0:00.06
708 0.0 0.4 1:37.79
708 0.0 0.4 1:37.82
708 0.0 0.4 1:37.85
708 0.0 0.4 1:37.87
708 5.6 0.4 1:37.90
708 5.0 0.4 1:37.93
708 9.5 0.4 1:37.97
708 0.0 0.4 1:37.98
708 0.0 0.4 1:38.01
708 0.0 0.4 1:38.04
708 0.0 0.4 1:38.07
708 0.0 0.4 1:38.10
KiB used, 405512 buff/cache
708 5.6 0.4 1:38.17
708 0.0 0.4 1:38.19
708 0.0 0.4 1:38.22
708 5.3 0.4 1:38.25
708 0.0 0.4 1:38.28
708 0.0 0.4 1:38.31
708 5.0 0.4 1:38.35
708 4.8 0.4 1:38.38
KiB used, 405708 buff/cache
708 5.6 0.4 1:38.43
26708 16.7 0.2 0:00.03
708 0.0 0.4 1:38.49
708 0.0 0.4 1:38.51
708 5.3 0.4 1:38.55
708 5.6 0.4 1:38.58
708 0.0 0.4 1:38.60
708 0.0 0.4 1:38.63
708 0.0 0.4 1:38.66
708 5.6 0.4 1:38.70
708 0.0 0.4 1:38.71
708 0.0 0.4 1:38.71
708 0.0 0.4 1:38.71
708 0.0 0.4 1:38.71
708 0.0 0.4 1:38.71
708 0.0 0.4 1:38.71
708 0.0 0.4 1:38.71
708 0.0 0.4 1:38.71
708 0.0 0.4 1:38.71
708 0.0 0.4 1:38.71
708 0.0 0.4 1:38.71
708 0.0 0.4 1:38.71
708 0.0 0.4 1:38.71
708 0.0 0.4 1:38.71
708 0.0 0.4 1:38.71
708 0.0 0.4 1:38.71
708 0.0 0.4 1:38.71
708 0.0 0.4 1:38.71
708 0.0 0.4 1:38.71
708 0.0 0.4 1:38.71
