708 0.0 0.4 0:22.04
16346 10.0 0.5 0:18.90
708 10.0 0.4 0:22.22
708 5.0 0.4 0:22.31
708 5.0 0.4 0:22.41
708 10.5 0.4 0:22.51
708 5.0 0.4 0:22.60
708 5.3 0.4 0:22.69
708 11.1 0.4 0:22.79
708 5.0 0.4 0:22.88
708 5.3 0.4 0:22.97
708 10.5 0.4 0:23.08
708 15.8 0.4 0:23.18
708 10.0 0.4 0:23.26
708 0.0 0.4 0:23.33
708 10.0 0.4 0:23.44
708 10.0 0.4 0:23.53
17086 15.8 0.2 0:00.03
708 5.0 0.4 0:23.69
708 5.3 0.4 0:23.77
708 5.6 0.4 0:23.83
708 5.0 0.4 0:23.91
708 10.0 0.4 0:23.98
708 10.5 0.4 0:24.04
708 10.5 0.4 0:24.13
708 15.8 0.4 0:24.20
708 5.3 0.4 0:24.25
708 11.1 0.4 0:24.33
708 10.0 0.4 0:24.39
708 11.1 0.4 0:24.46
708 10.5 0.4 0:24.52
708 15.8 0.4 0:24.61
708 5.3 0.4 0:24.67
708 5.6 0.4 0:24.74
708 5.0 0.4 0:24.81
708 11.1 0.4 0:24.89
708 5.0 0.4 0:24.96
708 5.3 0.4 0:25.04
708 5.3 0.4 0:25.12
708 10.5 0.4 0:25.19
708 5.3 0.4 0:25.25
708 5.3 0.4 0:25.32
708 0.0 0.4 0:25.38
708 5.6 0.4 0:25.45
708 5.6 0.4 0:25.51
708 10.5 0.4 0:25.60
708 15.8 0.4 0:25.68
708 11.1 0.4 0:25.75
708 5.3 0.4 0:25.81
708 0.0 0.4 0:25.87
708 5.3 0.4 0:25.94
708 0.0 0.4 0:26.04
708 10.5 0.4 0:26.10
708 5.3 0.4 0:26.18
708 5.6 0.4 0:26.25
708 21.1 0.4 0:26.34
708 9.1 0.4 0:26.42
708 5.3 0.4 0:26.48
708 4.5 0.4 0:26.55
708 5.6 0.4 0:26.62
708 5.6 0.4 0:26.69
708 0.0 0.4 0:26.76
708 11.1 0.4 0:26.85
708 5.0 0.4 0:26.89
708 5.0 0.4 0:26.95
708 10.5 0.4 0:27.02
708 5.6 0.4 0:27.08
708 5.6 0.4 0:27.16
708 10.5 0.4 0:27.23
708 5.6 0.4 0:27.30
708 5.3 0.4 0:27.35
708 5.6 0.4 0:27.45
708 10.5 0.4 0:27.52
708 11.1 0.4 0:27.59
708 11.1 0.4 0:27.66
708 10.5 0.4 0:27.74
708 15.8 0.4 0:27.82
708 5.6 0.4 0:27.87
708 10.5 0.4 0:27.95
KiB used, 344588 buff/cache
708 5.6 0.4 0:28.07
708 5.9 0.4 0:28.14
708 9.5 0.4 0:28.20
708 15.8 0.4 0:28.29
708 5.3 0.4 0:28.35
708 0.0 0.4 0:28.39
708 0.0 0.4 0:28.39
708 0.0 0.4 0:28.39
708 0.0 0.4 0:28.39
708 0.0 0.4 0:28.39
708 0.0 0.4 0:28.39
708 0.0 0.4 0:28.39
708 0.0 0.4 0:28.39
708 0.0 0.4 0:28.39
708 0.0 0.4 0:28.39
708 0.0 0.4 0:28.39
708 0.0 0.4 0:28.39
708 0.0 0.4 0:28.39
708 0.0 0.4 0:28.39
708 0.0 0.4 0:28.39
708 0.0 0.4 0:28.39
KiB used, 344972 buff/cache
708 0.0 0.4 0:28.39
708 0.0 0.4 0:28.39
708 0.0 0.4 0:28.39
708 0.0 0.4 0:28.39
708 0.0 0.4 0:28.39
708 0.0 0.4 0:28.39
708 0.0 0.4 0:28.39
708 0.0 0.4 0:28.39
708 0.0 0.4 0:28.39
708 0.0 0.4 0:28.39
