709 4.8 0.4 1:10.85
709 5.6 0.4 1:10.93
709 10.0 0.4 1:11.02
709 5.6 0.4 1:11.11
709 10.0 0.4 1:11.21
709 16.7 0.4 1:11.31
709 11.1 0.4 1:11.40
709 5.0 0.4 1:11.50
709 11.1 0.4 1:11.59
709 10.0 0.4 1:11.68
709 10.5 0.4 1:11.77
709 10.5 0.4 1:11.86
709 11.1 0.4 1:11.96
709 10.0 0.4 1:12.07
709 10.5 0.4 1:12.16
709 11.8 0.4 1:12.25
709 10.0 0.4 1:12.34
709 11.1 0.4 1:12.43
709 10.5 0.4 1:12.51
709 5.6 0.4 1:12.60
709 10.5 0.4 1:12.69
709 4.2 0.4 1:12.78
709 5.6 0.4 1:12.86
709 11.1 0.4 1:12.96
709 8.3 0.4 1:13.06
709 11.1 0.4 1:13.14
709 5.3 0.4 1:13.22
709 10.5 0.4 1:13.30
709 11.1 0.4 1:13.40
709 5.6 0.4 1:13.49
709 4.8 0.4 1:13.57
709 11.1 0.4 1:13.67
709 15.8 0.4 1:13.77
709 5.0 0.4 1:13.85
709 5.3 0.4 1:13.94
KiB used, 367096 buff/cache
709 5.3 0.4 1:14.13
709 11.8 0.4 1:14.24
709 11.1 0.4 1:14.33
709 10.5 0.4 1:14.42
709 10.5 0.4 1:14.52
709 5.6 0.4 1:14.62
709 11.1 0.4 1:14.71
709 11.1 0.4 1:14.80
709 11.1 0.4 1:14.90
709 15.8 0.4 1:15.01
709 21.1 0.4 1:15.13
709 4.5 0.4 1:15.23
709 11.1 0.4 1:15.32
709 9.5 0.4 1:15.42
709 16.7 0.4 1:15.52
709 5.3 0.4 1:15.60
709 11.1 0.4 1:15.69
709 5.3 0.4 1:15.80
709 11.1 0.4 1:15.88
709 11.1 0.4 1:15.96
709 5.6 0.4 1:16.04
709 5.3 0.4 1:16.13
709 11.1 0.4 1:16.23
709 10.5 0.4 1:16.32
709 10.5 0.4 1:16.43
709 10.5 0.4 1:16.51
709 16.7 0.4 1:16.62
709 11.1 0.4 1:16.71
709 10.5 0.4 1:16.80
709 11.1 0.4 1:16.90
709 9.5 0.4 1:17.00
709 10.5 0.4 1:17.11
709 11.1 0.4 1:17.19
709 11.8 0.4 1:17.29
709 11.1 0.4 1:17.38
709 11.1 0.4 1:17.47
709 10.5 0.4 1:17.56
709 5.6 0.4 1:17.65
709 5.3 0.4 1:17.73
709 11.1 0.4 1:17.83
709 5.6 0.4 1:17.91
709 0.0 0.4 1:17.92
709 0.0 0.4 1:17.92
