709 5.3 0.4 3:14.54
709 0.0 0.4 3:14.57
KiB used, 434236 buff/cache
709 0.0 0.4 3:14.63
709 5.6 0.4 3:14.66
709 5.3 0.4 3:14.69
709 5.6 0.4 3:14.72
709 5.0 0.4 3:14.75
709 5.6 0.4 3:14.78
709 5.6 0.4 3:14.81
709 5.6 0.4 3:14.84
709 0.0 0.4 3:14.87
709 0.0 0.4 3:14.90
709 0.0 0.4 3:14.93
709 11.1 0.4 3:14.97
709 0.0 0.4 3:14.99
709 0.0 0.4 3:15.02
709 5.3 0.4 3:15.06
709 0.0 0.4 3:15.08
709 5.6 0.4 3:15.11
709 5.0 0.4 3:15.15
709 5.3 0.4 3:15.18
709 5.0 0.4 3:15.21
709 0.0 0.4 3:15.24
709 5.6 0.4 3:15.27
709 0.0 0.4 3:15.29
709 5.6 0.4 3:15.33
709 5.6 0.4 3:15.36
709 10.0 0.4 3:15.40
709 4.8 0.4 3:15.42
709 10.5 0.4 3:15.46
709 0.0 0.4 3:15.48
709 0.0 0.4 3:15.51
709 5.9 0.4 3:15.55
709 0.0 0.4 3:15.58
709 5.3 0.4 3:15.61
KiB used, 434724 buff/cache
709 0.0 0.4 3:15.68
709 0.0 0.4 3:15.72
709 0.0 0.4 3:15.75
709 5.6 0.4 3:15.78
709 0.0 0.4 3:15.80
709 4.8 0.4 3:15.84
709 0.0 0.4 3:15.87
709 0.0 0.4 3:15.90
709 0.0 0.4 3:15.93
709 0.0 0.4 3:15.96
709 0.0 0.4 3:15.99
709 5.6 0.4 3:16.02
709 0.0 0.4 3:16.05
709 5.6 0.4 3:16.09
709 5.3 0.4 3:16.12
709 5.3 0.4 3:16.15
709 4.8 0.4 3:16.18
709 5.3 0.4 3:16.21
709 5.6 0.4 3:16.24
709 5.9 0.4 3:16.27
709 5.0 0.4 3:16.30
709 5.6 0.4 3:16.33
709 9.5 0.4 3:16.38
709 0.0 0.4 3:16.39
709 5.6 0.4 3:16.43
709 5.6 0.4 3:16.46
709 0.0 0.4 3:16.49
709 5.6 0.4 3:16.53
709 11.1 0.4 3:16.57
709 0.0 0.4 3:16.60
709 0.0 0.4 3:16.64
709 0.0 0.4 3:16.66
709 5.6 0.4 3:16.69
709 0.0 0.4 3:16.72
709 5.3 0.4 3:16.76
709 11.8 0.4 3:16.80
709 0.0 0.4 3:16.82
709 5.6 0.4 3:16.86
709 0.0 0.4 3:16.88
709 0.0 0.4 3:16.91
709 5.6 0.4 3:16.94
709 11.1 0.4 3:16.98
709 0.0 0.4 3:17.00
709 0.0 0.4 3:17.00
709 0.0 0.4 3:17.00
709 0.0 0.4 3:17.00
709 0.0 0.4 3:17.00
709 0.0 0.4 3:17.00
709 0.0 0.4 3:17.00
709 0.0 0.4 3:17.00
709 0.0 0.4 3:17.00
709 0.0 0.4 3:17.00
709 0.0 0.4 3:17.00
709 0.0 0.4 3:17.00
709 0.0 0.4 3:17.00
709 0.0 0.4 3:17.00
709 0.0 0.4 3:17.00
709 0.0 0.4 3:17.00
709 0.0 0.4 3:17.00
709 0.0 0.4 3:17.00
709 0.0 0.4 3:17.00
709 0.0 0.4 3:17.00
709 0.0 0.4 3:17.00
709 0.0 0.4 3:17.00
