710 10.5 0.4 0:07.45
710 5.3 0.4 0:07.53
710 5.3 0.4 0:07.63
710 5.3 0.4 0:07.74
710 11.1 0.4 0:07.84
710 16.7 0.4 0:07.96
710 11.1 0.4 0:08.06
710 11.1 0.4 0:08.16
710 5.0 0.4 0:08.25
710 10.5 0.4 0:08.36
710 11.1 0.4 0:08.49
710 10.0 0.4 0:08.59
710 5.3 0.4 0:08.69
710 15.8 0.4 0:08.82
710 10.5 0.4 0:08.92
710 5.3 0.4 0:09.02
710 5.3 0.4 0:09.13
710 9.5 0.4 0:09.25
710 10.5 0.4 0:09.34
710 10.5 0.4 0:09.45
710 5.0 0.4 0:09.54
710 10.0 0.4 0:09.66
710 10.5 0.4 0:09.77
710 5.6 0.4 0:09.87
710 5.0 0.4 0:09.96
710 11.1 0.4 0:10.07
710 11.1 0.4 0:10.17
710 5.3 0.4 0:10.26
7100 15.0 0.2 0:00.03
710 15.8 0.4 0:10.49
710 5.3 0.4 0:10.58
710 10.5 0.4 0:10.70
710 5.6 0.4 0:10.78
710 4.5 0.4 0:10.87
710 5.6 0.4 0:10.96
710 5.3 0.4 0:11.07
710 10.5 0.4 0:11.17
710 5.3 0.4 0:11.26
710 10.5 0.4 0:11.36
710 4.8 0.4 0:11.45
KiB used, 271032 buff/cache
KiB used, 271096 buff/cache
710 5.3 0.4 0:11.76
710 10.5 0.4 0:11.87
710 11.1 0.4 0:11.97
710 5.6 0.4 0:12.07
710 5.6 0.4 0:12.17
710 5.0 0.4 0:12.26
710 11.1 0.4 0:12.36
710 10.5 0.4 0:12.46
710 10.5 0.4 0:12.55
710 10.5 0.4 0:12.65
710 11.1 0.4 0:12.76
710 10.0 0.4 0:12.87
710 5.3 0.4 0:12.97
710 10.5 0.4 0:13.09
710 5.3 0.4 0:13.19
710 15.8 0.4 0:13.30
710 10.5 0.4 0:13.40
710 10.5 0.4 0:13.50
710 5.0 0.4 0:13.59
532 0.0 0.9 0:00.48
710 10.5 0.4 0:13.79
710 5.3 0.4 0:13.89
710 10.5 0.4 0:14.00
710 10.5 0.4 0:14.11
710 5.3 0.4 0:14.20
710 14.3 0.4 0:14.32
710 5.0 0.4 0:14.42
710 11.8 0.4 0:14.53
710 11.1 0.4 0:14.62
710 5.0 0.4 0:14.73
710 10.5 0.4 0:14.84
710 11.1 0.4 0:14.95
710 5.6 0.4 0:15.05
710 15.8 0.4 0:15.18
710 5.3 0.4 0:15.28
710 10.0 0.4 0:15.41
710 10.5 0.4 0:15.54
710 10.5 0.4 0:15.65
710 10.5 0.4 0:15.76
710 5.3 0.4 0:15.86
710 11.1 0.4 0:15.98
710 10.0 0.4 0:16.10
532 0.0 0.9 0:00.48
710 9.1 0.4 0:16.32
710 5.3 0.4 0:16.44
710 5.6 0.4 0:16.49
532 0.0 0.9 0:00.48
532 0.0 0.9 0:00.48
532 0.0 0.9 0:00.48
532 0.0 0.9 0:00.48
532 0.0 0.9 0:00.48
532 0.0 0.9 0:00.48
532 0.0 0.9 0:00.48
532 0.0 0.9 0:00.48
532 0.0 0.9 0:00.48
532 0.0 0.9 0:00.48
532 0.0 0.9 0:00.48
532 0.0 0.9 0:00.48
532 0.0 0.9 0:00.48
532 0.0 0.9 0:00.48
532 0.0 0.9 0:00.48
532 0.0 0.9 0:00.48
532 0.0 0.9 0:00.48
532 0.0 0.9 0:00.48
532 0.0 0.9 0:00.48
532 0.0 0.9 0:00.48
532 0.0 0.9 0:00.48
532 0.0 0.9 0:00.48
532 0.0 0.9 0:00.48
532 0.0 0.9 0:00.48
532 0.0 0.9 0:00.48
532 0.0 0.9 0:00.48
532 0.0 0.9 0:00.48
532 0.0 0.9 0:00.48
532 0.0 0.9 0:00.48
532 0.0 0.9 0:00.48
532 0.0 0.9 0:00.48
532 0.0 0.9 0:00.48
532 0.0 0.9 0:00.48
532 0.0 0.9 0:00.48
532 0.0 0.9 0:00.48
532 0.0 0.9 0:00.48
532 0.0 0.9 0:00.48
532 0.0 0.9 0:00.48
532 0.0 0.9 0:00.48
532 0.0 0.9 0:00.48
532 0.0 0.9 0:00.48
