710 5.6 0.4 1:50.19
532 0.0 0.9 0:00.48
532 0.0 0.9 0:00.48
532 0.0 0.9 0:00.48
532 0.0 0.9 0:00.48
532 0.0 0.9 0:00.48
532 0.0 0.9 0:00.48
532 0.0 0.9 0:00.48
532 0.0 0.9 0:00.48
532 0.0 0.9 0:00.48
710 5.6 0.4 1:50.39
532 0.0 0.9 0:00.48
532 0.0 0.9 0:00.48
710 5.3 0.4 1:50.48
710 5.6 0.4 1:50.52
710 5.0 0.4 1:50.56
532 0.0 0.9 0:00.48
710 5.0 0.4 1:50.62
532 0.0 0.9 0:00.48
710 5.3 0.4 1:50.69
532 0.0 0.9 0:00.48
532 0.0 0.9 0:00.48
532 0.0 0.9 0:00.48
532 0.0 0.9 0:00.48
710 5.6 0.4 1:50.88
532 0.0 0.9 0:00.48
532 0.0 0.9 0:00.48
710 5.3 0.4 1:50.99
710 5.3 0.4 1:51.03
710 5.6 0.4 1:51.07
532 0.0 0.9 0:00.48
710 5.6 0.4 1:51.13
532 0.0 0.9 0:00.48
532 0.0 0.9 0:00.48
532 0.0 0.9 0:00.48
710 5.3 0.4 1:51.27
532 0.0 0.9 0:00.48
710 5.0 0.4 1:51.35
710 5.6 0.4 1:51.39
710 5.6 0.4 1:51.42
710 5.3 0.4 1:51.45
710 5.6 0.4 1:51.49
710 5.3 0.4 1:51.52
710 5.6 0.4 1:51.56
710 5.6 0.4 1:51.60
710 11.1 0.4 1:51.65
532 0.0 0.9 0:00.48
710 11.1 0.4 1:51.72
532 0.0 0.9 0:00.48
710 5.3 0.4 1:51.77
532 0.0 0.9 0:00.48
710 5.6 0.4 1:51.85
532 0.0 0.9 0:00.48
710 5.6 0.4 1:51.92
532 0.0 0.9 0:00.48
710 4.5 0.4 1:51.99
710 5.6 0.4 1:52.02
710 5.6 0.4 1:52.05
532 0.0 0.9 0:00.48
532 0.0 0.9 0:00.48
710 5.3 0.4 1:52.16
710 5.9 0.4 1:52.19
532 0.0 0.9 0:00.48
532 0.0 0.9 0:00.48
532 0.0 0.9 0:00.48
710 4.5 0.4 1:52.34
710 5.6 0.4 1:52.38
710 5.6 0.4 1:52.41
710 5.0 0.4 1:52.45
532 0.0 0.9 0:00.48
532 0.0 0.9 0:00.48
710 4.8 0.4 1:52.56
532 0.0 0.9 0:00.48
710 5.6 0.4 1:52.63
532 0.0 0.9 0:00.48
532 0.0 0.9 0:00.48
710 4.5 0.4 1:52.74
710 5.6 0.4 1:52.77
710 5.6 0.4 1:52.81
710 5.6 0.4 1:52.85
710 5.6 0.4 1:52.89
532 0.0 0.9 0:00.48
532 0.0 0.9 0:00.48
532 0.0 0.9 0:00.48
532 0.0 0.9 0:00.48
532 0.0 0.9 0:00.48
532 0.0 0.9 0:00.48
532 0.0 0.9 0:00.48
532 0.0 0.9 0:00.48
532 0.0 0.9 0:00.48
532 0.0 0.9 0:00.48
532 0.0 0.9 0:00.48
532 0.0 0.9 0:00.48
532 0.0 0.9 0:00.48
532 0.0 0.9 0:00.48
532 0.0 0.9 0:00.48
532 0.0 0.9 0:00.48
532 0.0 0.9 0:00.48
532 0.0 0.9 0:00.48
