2939 8.7 0.3 10:16.57
2939 4.8 0.3 10:16.67
2939 21.7 0.3 10:16.84
2939 9.5 0.3 10:16.99
2939 5.3 0.3 10:17.14
2939 22.2 0.3 10:17.34
2939 10.5 0.3 10:17.47
2939 10.0 0.3 10:17.61
2939 11.1 0.3 10:17.76
2939 9.5 0.3 10:17.93
2939 16.7 0.3 10:18.09
2939 9.1 0.3 10:18.25
2939 15.8 0.3 10:18.42
2939 10.5 0.3 10:18.57
2939 15.0 0.3 10:18.72
2939 15.0 0.2 10:18.87
2939 15.0 0.2 10:19.02
2939 10.0 0.2 10:19.17
2939 10.0 0.2 10:19.32
2939 10.5 0.2 10:19.47
2939 10.5 0.2 10:19.63
2939 10.5 0.2 10:19.77
2939 5.6 0.2 10:19.93
2939 10.0 0.2 10:20.10
2939 15.8 0.2 10:20.28
2939 10.5 0.2 10:20.46
2939 12.1 0.2 10:20.69
2939 15.8 0.2 10:20.87
2939 15.8 0.2 10:21.06
2939 18.2 0.2 10:21.25
2939 14.3 0.2 10:21.43
2939 10.0 0.2 10:21.59
2939 10.0 0.2 10:21.77
2939 15.0 0.2 10:21.95
2939 9.5 0.2 10:22.13
2939 9.1 0.2 10:22.31
2939 13.6 0.2 10:22.50
2939 10.0 0.2 10:22.68
2939 13.6 0.2 10:22.87
2939 15.8 0.2 10:23.03
2939 10.0 0.2 10:23.19
2939 15.0 0.2 10:23.37
2939 15.0 0.2 10:23.55
2939 15.0 0.2 10:23.74
2939 9.5 0.2 10:23.92
2939 14.3 0.2 10:24.10
2939 16.7 0.2 10:24.27
2939 13.0 0.2 10:24.46
2939 15.8 0.2 10:24.62
2939 10.5 0.2 10:24.80
2939 13.6 0.2 10:24.99
2939 15.0 0.2 10:25.17
2939 15.0 0.2 10:25.34
2939 9.5 0.2 10:25.52
2939 13.6 0.2 10:25.71
2939 14.3 0.2 10:25.87
2939 9.1 0.2 10:26.05
2939 9.1 0.2 10:26.21
2939 13.6 0.2 10:26.40
2939 13.6 0.2 10:26.58
2939 14.3 0.2 10:26.75
2939 22.2 0.2 10:26.93
2939 10.0 0.2 10:27.09
2939 15.0 0.2 10:27.24
2939 11.1 0.2 10:27.38
2939 10.5 0.2 10:27.52
2939 14.3 0.2 10:27.71
2939 10.0 0.2 10:27.87
2939 15.0 0.2 10:28.02
2939 15.0 0.2 10:28.16
2939 20.0 0.2 10:28.31
2939 10.0 0.2 10:28.45
2939 10.5 0.2 10:28.59
