2939 10.5 0.3 9:08.35
2939 0.0 0.3 9:08.42
2939 5.3 0.3 9:08.53
2939 5.3 0.3 9:08.68
2939 10.5 0.3 9:08.80
2939 0.0 0.3 9:08.91
2939 9.5 0.3 9:09.08
2939 10.5 0.3 9:09.22
2939 10.5 0.3 9:09.36
2939 21.1 0.3 9:09.53
2939 10.5 0.3 9:09.67
2939 10.5 0.3 9:09.84
2939 27.8 0.3 9:10.04
2939 11.1 0.3 9:10.20
2939 15.0 0.3 9:10.38
2939 15.8 0.2 9:10.53
2939 11.5 0.2 9:10.74
2939 9.5 0.2 9:10.93
2939 10.5 0.2 9:11.12
2939 15.8 0.2 9:11.30
2939 16.7 0.2 9:11.47
2939 26.3 0.2 9:11.64
2939 15.8 0.2 9:11.80
2939 22.2 0.2 9:11.97
2939 10.5 0.2 9:12.12
2939 16.7 0.2 9:12.28
2939 16.7 0.2 9:12.44
2939 15.8 0.2 9:12.61
2939 21.1 0.2 9:12.80
2939 10.5 0.2 9:12.95
2939 10.0 0.2 9:13.11
2939 21.1 0.2 9:13.28
2939 16.7 0.2 9:13.43
2939 11.1 0.2 9:13.58
2939 16.7 0.2 9:13.77
2939 26.3 0.2 9:13.94
2939 10.5 0.2 9:14.08
2939 10.5 0.2 9:14.24
2939 26.3 0.2 9:14.42
2939 15.8 0.2 9:14.58
12939 5.3 0.0 0:00.01
2939 10.5 0.2 9:14.90
2939 10.5 0.2 9:15.07
2939 10.5 0.2 9:15.23
2939 15.8 0.2 9:15.39
2939 15.8 0.2 9:15.56
2939 15.8 0.2 9:15.73
2939 10.5 0.2 9:15.90
2939 11.1 0.2 9:16.05
2939 15.8 0.2 9:16.22
2939 10.0 0.2 9:16.37
2939 11.1 0.2 9:16.52
2939 15.8 0.2 9:16.68
2939 21.1 0.2 9:16.85
2939 15.0 0.2 9:17.01
2939 15.0 0.2 9:17.17
2939 10.5 0.2 9:17.32
2939 10.0 0.2 9:17.50
2939 15.8 0.2 9:17.68
2939 10.5 0.2 9:17.82
2939 11.1 0.2 9:17.99
2939 20.0 0.2 9:18.17
2939 15.8 0.2 9:18.32
2939 16.7 0.2 9:18.47
2939 11.1 0.2 9:18.63
2939 16.7 0.2 9:18.79
2939 10.5 0.2 9:18.95
2939 13.6 0.2 9:19.15
2939 25.0 0.2 9:19.35
2939 11.1 0.2 9:19.51
2939 15.8 0.2 9:19.68
2939 10.5 0.2 9:19.84
2939 15.8 0.2 9:20.00
2939 15.8 0.2 9:20.15
2939 21.1 0.2 9:20.31
2939 0.0 0.2 9:20.37
