2939 0.0 0.3 8:32.71
2939 29.4 0.3 8:32.85
2939 11.1 0.3 8:32.98
2939 5.3 0.3 8:33.10
2939 5.6 0.3 8:33.23
2939 5.3 0.3 8:33.41
2939 5.3 0.3 8:33.57
2939 15.8 0.3 8:33.72
2939 10.5 0.3 8:33.88
2939 16.7 0.3 8:34.04
2939 10.0 0.3 8:34.19
2939 15.0 0.3 8:34.34
2939 10.5 0.3 8:34.49
2939 11.1 0.3 8:34.65
2939 15.8 0.2 8:34.81
2939 15.8 0.2 8:34.96
2939 16.7 0.2 8:35.11
2939 10.5 0.2 8:35.26
2939 10.5 0.2 8:35.42
2939 10.5 0.2 8:35.58
2939 15.8 0.2 8:35.74
2939 16.7 0.2 8:35.90
2939 15.8 0.2 8:36.06
2939 15.0 0.2 8:36.22
2939 10.0 0.2 8:36.38
2939 15.8 0.2 8:36.54
2939 16.7 0.2 8:36.70
2939 10.5 0.2 8:36.85
2939 4.8 0.2 8:37.03
2939 15.8 0.2 8:37.19
2939 15.8 0.2 8:37.35
2939 10.0 0.2 8:37.50
2939 15.8 0.2 8:37.66
2939 11.1 0.2 8:37.81
2939 15.8 0.2 8:37.97
2939 11.1 0.2 8:38.12
2939 11.1 0.2 8:38.27
2939 15.0 0.2 8:38.43
2939 21.1 0.2 8:38.58
2939 13.6 0.2 8:38.75
2939 15.0 0.2 8:38.93
2939 13.6 0.2 8:39.12
2939 18.2 0.2 8:39.29
2939 11.1 0.2 8:39.45
2939 15.0 0.2 8:39.60
2939 10.0 0.2 8:39.75
2939 15.8 0.2 8:39.92
2939 5.3 0.2 8:40.06
2939 22.2 0.2 8:40.23
2939 15.8 0.2 8:40.39
2939 15.8 0.2 8:40.55
2939 15.8 0.2 8:40.70
2939 15.8 0.2 8:40.86
2939 10.0 0.2 8:41.01
2939 15.8 0.2 8:41.17
2939 10.5 0.2 8:41.32
2939 15.8 0.2 8:41.48
2939 15.8 0.2 8:41.64
2939 10.5 0.2 8:41.80
2939 10.5 0.2 8:41.94
2939 26.3 0.2 8:42.12
2939 15.0 0.2 8:42.27
2939 15.8 0.2 8:42.42
2939 16.7 0.2 8:42.57
2939 15.8 0.2 8:42.74
2939 10.5 0.2 8:42.89
2939 16.7 0.2 8:43.05
2939 10.5 0.2 8:43.19
2939 10.5 0.2 8:43.35
2939 10.0 0.2 8:43.50
2939 15.0 0.2 8:43.66
2939 25.0 0.2 8:43.84
2939 10.5 0.2 8:43.98
2939 10.5 0.2 8:44.13
2939 10.5 0.2 8:44.29
2939 0.0 0.2 8:44.31
