2939 0.0 0.3 0:28.69
2939 0.0 0.3 0:28.72
2939 10.5 0.3 0:28.85
2939 5.3 0.3 0:28.89
2939 5.3 0.3 0:29.05
2939 31.6 0.3 0:29.19
2939 10.5 0.3 0:29.30
2939 21.1 0.3 0:29.46
2939 10.5 0.3 0:29.52
2939 5.3 0.3 0:29.69
2939 22.2 0.3 0:29.77
2939 11.1 0.3 0:29.92
2939 15.8 0.3 0:30.05
2939 5.3 0.3 0:30.15
2939 9.5 0.3 0:30.31
2939 5.6 0.3 0:30.38
2939 11.1 0.3 0:30.56
2939 44.4 0.3 0:30.71
2939 11.1 0.3 0:30.83
2939 15.8 0.3 0:31.01
2939 5.6 0.3 0:31.09
2939 5.3 0.3 0:31.29
2939 15.8 0.3 0:31.39
2939 10.5 0.3 0:31.58
2939 21.1 0.3 0:31.76
2939 10.5 0.3 0:31.87
2939 10.0 0.3 0:32.06
2939 5.3 0.3 0:32.13
2939 5.3 0.3 0:32.33
2939 36.8 0.3 0:32.48
2939 5.3 0.3 0:32.63
2939 21.1 0.3 0:32.82
2939 0.0 0.3 0:32.91
2939 10.5 0.3 0:33.13
2939 10.5 0.3 0:33.22
2939 10.5 0.3 0:33.43
2939 31.6 0.3 0:33.60
2939 10.0 0.3 0:33.73
2939 25.0 0.3 0:33.94
2939 5.3 0.3 0:34.03
2939 15.8 0.3 0:34.25
2939 22.2 0.3 0:34.35
2939 10.0 0.3 0:34.55
2939 30.0 0.3 0:34.72
2939 11.1 0.3 0:34.86
2939 14.3 0.3 0:35.08
2939 9.1 0.3 0:35.21
2939 15.8 0.3 0:35.43
2939 22.2 0.3 0:35.54
2939 15.0 0.3 0:35.75
2939 26.3 0.3 0:35.90
2939 5.3 0.3 0:36.05
2939 22.2 0.3 0:36.25
2939 5.6 0.3 0:36.36
2939 15.0 0.3 0:36.58
2939 20.0 0.3 0:36.69
2939 10.5 0.3 0:36.89
2939 27.8 0.3 0:37.05
2939 10.0 0.3 0:37.21
2939 21.1 0.3 0:37.41
2939 10.5 0.3 0:37.52
2939 5.6 0.3 0:37.72
2939 21.1 0.3 0:37.86
2939 5.6 0.3 0:38.04
2939 22.2 0.3 0:38.21
2939 5.3 0.3 0:38.36
2939 22.2 0.3 0:38.57
2939 5.3 0.3 0:38.67
2939 16.7 0.3 0:38.89
2939 11.1 0.3 0:39.01
2939 10.5 0.3 0:39.20
2939 26.3 0.3 0:39.36
2939 5.3 0.3 0:39.51
2939 20.0 0.3 0:39.72
2939 10.0 0.3 0:39.84
2939 15.8 0.3 0:40.04
2939 16.7 0.3 0:40.17
2939 5.0 0.3 0:40.37
2939 20.0 0.3 0:40.54
2939 11.1 0.3 0:40.70
2939 22.2 0.3 0:40.90
2939 11.1 0.3 0:41.03
2939 15.8 0.3 0:41.24
2939 15.8 0.3 0:41.37
2939 21.1 0.3 0:41.57
2939 21.1 0.3 0:41.73
2939 21.1 0.3 0:41.90
2939 15.8 0.3 0:42.07
2939 10.5 0.3 0:42.22
2939 16.7 0.3 0:42.42
2939 21.1 0.3 0:42.57
2939 10.5 0.3 0:42.75
2939 21.1 0.3 0:42.92
2939 10.5 0.3 0:43.08
2939 21.1 0.3 0:43.27
2939 15.0 0.3 0:43.43
2939 20.0 0.3 0:43.64
2939 13.6 0.3 0:43.82
2939 20.0 0.3 0:44.04
2939 13.6 0.3 0:44.21
2939 13.6 0.3 0:44.39
2939 15.8 0.3 0:44.56
2939 15.8 0.3 0:44.74
2939 15.8 0.3 0:44.91
2939 21.1 0.3 0:45.08
2939 15.8 0.3 0:45.26
2939 16.7 0.3 0:45.42
2939 15.8 0.3 0:45.59
2939 21.1 0.3 0:45.77
2939 10.5 0.3 0:45.92
2939 21.1 0.3 0:46.10
2939 10.0 0.3 0:46.26
2939 15.8 0.3 0:46.44
2939 22.2 0.3 0:46.61
2939 21.1 0.3 0:46.79
2939 15.8 0.3 0:46.95
2939 15.8 0.3 0:47.12
2939 15.8 0.3 0:47.30
2939 10.5 0.3 0:47.46
2939 15.8 0.3 0:47.64
2939 15.8 0.3 0:47.81
2939 15.8 0.3 0:47.98
2939 11.1 0.3 0:48.14
2939 15.0 0.3 0:48.32
2939 15.8 0.3 0:48.49
2939 15.8 0.3 0:48.66
2939 15.8 0.3 0:48.83
2939 15.8 0.3 0:49.01
2939 15.0 0.3 0:49.17
2939 15.8 0.3 0:49.34
2939 16.7 0.3 0:49.52
2939 16.7 0.3 0:49.69
2939 15.8 0.3 0:49.86
2939 16.7 0.3 0:50.03
2939 21.1 0.3 0:50.21
2939 11.1 0.3 0:50.37
2939 15.8 0.3 0:50.54
2939 20.0 0.2 0:50.73
2939 15.8 0.2 0:50.90
2939 10.5 0.2 0:51.07
2939 11.1 0.2 0:51.24
2939 15.8 0.2 0:51.42
2939 15.8 0.2 0:51.59
2939 16.7 0.2 0:51.78
2939 21.1 0.2 0:51.95
2939 15.8 0.2 0:52.12
2939 15.8 0.2 0:52.29
2939 16.7 0.2 0:52.46
2939 18.2 0.2 0:52.68
2939 10.0 0.2 0:52.89
2939 15.0 0.2 0:53.07
2939 9.5 0.2 0:53.24
2939 10.0 0.2 0:53.41
2939 15.8 0.2 0:53.59
2939 10.5 0.2 0:53.75
2939 15.8 0.2 0:53.92
2939 10.5 0.2 0:54.08
2939 16.7 0.2 0:54.27
2939 15.8 0.2 0:54.44
2939 15.8 0.2 0:54.60
2939 16.7 0.2 0:54.77
2939 21.1 0.2 0:54.97
2939 10.5 0.2 0:55.13
2939 16.7 0.2 0:55.31
2939 15.8 0.2 0:55.47
2939 21.1 0.2 0:55.64
2939 16.7 0.2 0:55.81
2939 16.7 0.2 0:55.98
2939 15.8 0.2 0:56.15
2939 10.5 0.2 0:56.32
2939 15.8 0.2 0:56.50
2939 11.1 0.2 0:56.67
2939 21.1 0.2 0:56.85
2939 15.8 0.2 0:57.02
2939 10.5 0.2 0:57.18
2939 0.0 0.2 0:57.19
