2940 0.0 0.2 0:14.53
2940 0.0 0.2 0:14.55
2940 0.0 0.2 0:14.60
2940 0.0 0.2 0:14.63
2940 0.0 0.2 0:14.66
2940 11.1 0.2 0:14.70
2940 0.0 0.2 0:14.72
2940 5.3 0.2 0:14.77
2940 5.6 0.2 0:14.82
2940 0.0 0.2 0:14.86
2940 0.0 0.2 0:14.87
2940 0.0 0.2 0:14.93
2940 0.0 0.2 0:14.98
2940 0.0 0.2 0:15.00
2940 5.3 0.2 0:15.02
2940 0.0 0.2 0:15.04
2940 4.5 0.2 0:15.09
2940 0.0 0.2 0:15.14
2940 2.6 0.2 0:15.18
2940 0.0 0.2 0:15.20
2940 0.0 0.2 0:15.25
2940 0.0 0.2 0:15.27
2940 0.0 0.2 0:15.27
2940 0.0 0.2 0:15.28
2940 0.0 0.2 0:15.29
2940 0.0 0.2 0:15.30
2940 0.0 0.2 0:15.30
2940 0.0 0.2 0:15.31
2940 0.0 0.2 0:15.32
2940 4.3 0.2 0:15.40
2940 0.0 0.2 0:15.41
2940 0.0 0.2 0:15.42
2940 0.0 0.2 0:15.42
2940 0.0 0.2 0:15.43
2940 0.0 0.2 0:15.43
2940 5.0 0.2 0:15.44
2940 0.0 0.2 0:15.44
2940 0.0 0.2 0:15.45
2940 0.0 0.2 0:15.46
2940 0.0 0.2 0:15.46
2940 0.0 0.2 0:15.46
2940 0.0 0.2 0:15.47
2940 0.0 0.2 0:15.47
2940 0.0 0.2 0:15.48
2940 5.0 0.2 0:15.49
2940 0.0 0.2 0:15.50
2940 0.0 0.2 0:15.51
2940 0.0 0.2 0:15.51
2940 0.0 0.2 0:15.52
2940 0.0 0.2 0:15.53
2940 0.0 0.2 0:15.54
2940 5.0 0.2 0:15.55
2940 0.0 0.2 0:15.55
2940 0.0 0.2 0:15.56
2940 5.0 0.2 0:15.57
2940 0.0 0.2 0:15.57
2940 0.0 0.2 0:15.58
2940 5.3 0.2 0:15.59
2940 0.0 0.2 0:15.59
2940 0.0 0.2 0:15.59
2940 0.0 0.2 0:15.60
2940 4.8 0.2 0:15.63
2940 0.0 0.2 0:15.64
2940 0.0 0.2 0:15.64
2940 0.0 0.2 0:15.64
2940 0.0 0.2 0:15.65
2940 0.0 0.2 0:15.65
2940 0.0 0.2 0:15.68
2940 0.0 0.2 0:15.69
2940 0.0 0.2 0:15.70
2940 0.0 0.2 0:15.70
2940 0.0 0.2 0:15.70
2940 0.0 0.2 0:15.71
2940 0.0 0.2 0:15.72
2940 0.0 0.2 0:15.72
2940 0.0 0.2 0:15.72
2940 0.0 0.2 0:15.73
2940 0.0 0.2 0:15.73
2940 0.0 0.2 0:15.73
2940 0.0 0.2 0:15.74
2940 0.0 0.2 0:15.74
2940 0.0 0.2 0:15.75
2940 0.0 0.2 0:15.75
2940 0.0 0.2 0:15.76
2940 0.0 0.2 0:15.77
2940 4.8 0.2 0:15.78
2940 0.0 0.2 0:15.78
2940 0.0 0.2 0:15.79
2940 0.0 0.2 0:15.80
2940 0.0 0.2 0:15.81
2940 0.0 0.2 0:15.82
2940 0.0 0.2 0:15.83
2940 0.0 0.2 0:15.83
2940 0.0 0.2 0:15.84
2940 0.0 0.2 0:15.85
2940 0.0 0.2 0:15.86
2940 0.0 0.2 0:15.86
2940 0.0 0.2 0:15.87
2940 0.0 0.2 0:15.88
2940 0.0 0.2 0:15.89
2940 0.0 0.2 0:15.91
2940 5.0 0.2 0:15.92
2940 0.0 0.2 0:15.92
2940 0.0 0.2 0:15.93
2940 4.3 0.2 0:15.94
2940 0.0 0.2 0:15.95
2940 0.0 0.2 0:15.96
2940 0.0 0.2 0:15.96
2940 0.0 0.2 0:15.99
2940 0.0 0.2 0:16.00
2940 0.0 0.2 0:16.01
2940 0.0 0.2 0:16.01
2940 0.0 0.2 0:16.01
2940 4.2 0.2 0:16.02
2940 0.0 0.2 0:16.04
2940 0.0 0.2 0:16.05
2940 5.3 0.2 0:16.06
2940 0.0 0.2 0:16.07
2940 0.0 0.2 0:16.07
2940 0.0 0.2 0:16.08
2940 0.0 0.2 0:16.10
2940 0.0 0.2 0:16.10
2940 0.0 0.2 0:16.11
2940 5.3 0.2 0:16.12
2940 0.0 0.2 0:16.12
2940 0.0 0.2 0:16.12
2940 0.0 0.2 0:16.12
2940 0.0 0.2 0:16.13
2940 0.0 0.2 0:16.13
2940 0.0 0.2 0:16.14
2940 0.0 0.2 0:16.14
2940 0.0 0.2 0:16.15
2940 0.0 0.2 0:16.17
2940 0.0 0.2 0:16.17
2940 0.0 0.2 0:16.17
2940 5.0 0.2 0:16.19
2940 0.0 0.2 0:16.20
2940 0.0 0.2 0:16.20
22940 21.1 0.1 0:00.07
2940 0.0 0.2 0:16.20
