2941 0.0 0.2 0:03.48
2941 0.0 0.2 0:03.48
2941 0.0 0.2 0:03.48
2941 0.0 0.2 0:03.48
2941 0.0 0.2 0:03.48
2941 0.0 0.2 0:03.48
2941 0.0 0.2 0:03.48
2941 0.0 0.2 0:03.48
2941 0.0 0.2 0:03.48
2941 0.0 0.2 0:03.48
2941 0.0 0.2 0:03.48
2941 0.0 0.2 0:03.48
2941 0.0 0.2 0:03.48
2941 0.0 0.2 0:03.48
2941 0.0 0.2 0:03.48
2941 0.0 0.2 0:03.48
2941 0.0 0.2 0:03.48
2941 0.0 0.2 0:03.48
2941 0.0 0.2 0:03.48
2941 0.0 0.2 0:03.48
2941 0.0 0.2 0:03.48
2941 0.0 0.2 0:03.48
2941 0.0 0.2 0:03.48
2941 0.0 0.2 0:03.48
2941 0.0 0.2 0:03.48
2941 0.0 0.2 0:03.48
2941 0.0 0.2 0:03.48
2941 0.0 0.2 0:03.48
2941 0.0 0.2 0:03.48
2941 0.0 0.2 0:03.48
2941 0.0 0.2 0:03.48
2941 0.0 0.2 0:03.48
2941 0.0 0.2 0:03.48
2941 0.0 0.2 0:03.48
2941 0.0 0.2 0:03.48
2941 0.0 0.2 0:03.49
2941 0.0 0.2 0:03.49
2941 0.0 0.2 0:03.49
2941 0.0 0.2 0:03.49
2941 0.0 0.2 0:03.49
2941 0.0 0.2 0:03.49
2941 0.0 0.2 0:03.49
2941 0.0 0.2 0:03.49
2941 0.0 0.2 0:03.49
2941 0.0 0.2 0:03.49
2941 0.0 0.2 0:03.49
2941 0.0 0.2 0:03.49
2941 0.0 0.2 0:03.49
2941 0.0 0.2 0:03.49
2941 0.0 0.2 0:03.49
2941 0.0 0.2 0:03.49
2941 0.0 0.2 0:03.49
2941 0.0 0.2 0:03.49
2941 0.0 0.2 0:03.49
2941 0.0 0.2 0:03.49
2941 0.0 0.2 0:03.49
2941 0.0 0.2 0:03.49
2941 0.0 0.2 0:03.49
2941 0.0 0.2 0:03.49
2941 0.0 0.2 0:03.49
2941 0.0 0.2 0:03.49
2941 0.0 0.2 0:03.49
2941 0.0 0.2 0:03.49
2941 0.0 0.2 0:03.49
2941 0.0 0.2 0:03.49
2941 0.0 0.2 0:03.49
2941 0.0 0.2 0:03.49
2941 0.0 0.2 0:03.49
2941 0.0 0.2 0:03.49
2941 0.0 0.2 0:03.49
2941 0.0 0.2 0:03.49
2941 0.0 0.2 0:03.49
2941 0.0 0.2 0:03.49
2941 0.0 0.2 0:03.49
2941 0.0 0.2 0:03.49
