2941 0.0 0.2 0:00.21
2941 0.0 0.2 0:00.22
2941 0.0 0.2 0:00.26
2941 0.0 0.2 0:00.27
2941 0.0 0.2 0:00.28
2941 5.6 0.2 0:00.30
2941 0.0 0.2 0:00.30
2941 0.0 0.2 0:00.31
2941 0.0 0.2 0:00.31
2941 0.0 0.2 0:00.32
2941 0.0 0.2 0:00.33
2941 5.0 0.2 0:00.35
2941 0.0 0.2 0:00.36
2941 0.0 0.2 0:00.37
2941 5.6 0.2 0:00.39
2941 0.0 0.2 0:00.39
2941 0.0 0.2 0:00.39
2941 5.3 0.2 0:00.40
2941 5.3 0.2 0:00.41
2941 0.0 0.2 0:00.41
2941 0.0 0.2 0:00.41
2941 0.0 0.2 0:00.41
2941 0.0 0.2 0:00.41
2941 0.0 0.2 0:00.41
2941 0.0 0.2 0:00.41
2941 0.0 0.2 0:00.41
2941 0.0 0.2 0:00.43
2941 0.0 0.2 0:00.43
2941 0.0 0.2 0:00.43
2941 0.0 0.2 0:00.43
2941 0.0 0.2 0:00.44
2941 0.0 0.2 0:00.44
2941 0.0 0.2 0:00.44
2941 0.0 0.2 0:00.44
2941 0.0 0.2 0:00.44
2941 0.0 0.2 0:00.44
2941 0.0 0.2 0:00.44
2941 0.0 0.2 0:00.44
2941 0.0 0.2 0:00.44
2941 0.0 0.2 0:00.44
2941 0.0 0.2 0:00.44
2941 0.0 0.2 0:00.44
2941 0.0 0.2 0:00.44
2941 0.0 0.2 0:00.44
2941 0.0 0.2 0:00.44
2941 0.0 0.2 0:00.44
2941 0.0 0.2 0:00.44
2941 0.0 0.2 0:00.44
2941 0.0 0.2 0:00.44
2941 0.0 0.2 0:00.44
2941 0.0 0.2 0:00.44
2941 0.0 0.2 0:00.44
2941 0.0 0.2 0:00.44
2941 0.0 0.2 0:00.44
2941 0.0 0.2 0:00.44
2941 0.0 0.2 0:00.44
2941 0.0 0.2 0:00.46
2941 0.0 0.2 0:00.46
2941 0.0 0.2 0:00.46
2941 0.0 0.2 0:00.46
2941 0.0 0.2 0:00.46
2941 0.0 0.2 0:00.46
2941 0.0 0.2 0:00.46
2941 0.0 0.2 0:00.46
2941 0.0 0.2 0:00.46
2941 0.0 0.2 0:00.46
2941 0.0 0.2 0:00.46
2941 0.0 0.2 0:00.46
2941 0.0 0.2 0:00.46
2941 0.0 0.2 0:00.46
2941 0.0 0.2 0:00.46
2941 0.0 0.2 0:00.46
2941 0.0 0.2 0:00.46
2941 0.0 0.2 0:00.46
2941 0.0 0.2 0:00.46
2941 0.0 0.2 0:00.46
2941 0.0 0.2 0:00.46
2941 0.0 0.2 0:00.46
2941 0.0 0.2 0:00.46
2941 0.0 0.2 0:00.46
2941 0.0 0.2 0:00.46
2941 0.0 0.2 0:00.46
2941 0.0 0.2 0:00.46
2941 0.0 0.2 0:00.46
2941 0.0 0.2 0:00.46
2941 0.0 0.2 0:00.46
2941 0.0 0.2 0:00.46
2941 0.0 0.2 0:00.46
2941 0.0 0.2 0:00.46
2941 0.0 0.2 0:00.46
2941 0.0 0.2 0:00.46
2941 0.0 0.2 0:00.46
2941 0.0 0.2 0:00.46
2941 0.0 0.2 0:00.46
2941 0.0 0.2 0:00.46
2941 0.0 0.2 0:00.46
2941 0.0 0.2 0:00.46
2941 0.0 0.2 0:00.46
2941 0.0 0.2 0:00.46
2941 0.0 0.2 0:00.46
2941 0.0 0.2 0:00.46
2941 0.0 0.2 0:00.46
2941 0.0 0.2 0:00.46
2941 0.0 0.2 0:00.46
2941 0.0 0.2 0:00.46
2941 0.0 0.2 0:00.46
2941 0.0 0.2 0:00.46
2941 0.0 0.2 0:00.46
2941 0.0 0.2 0:00.46
2941 0.0 0.2 0:00.46
2941 0.0 0.2 0:00.46
2941 0.0 0.2 0:00.46
2941 0.0 0.2 0:00.46
2941 0.0 0.2 0:00.46
2941 0.0 0.2 0:00.46
2941 0.0 0.2 0:00.46
2941 0.0 0.2 0:00.46
2941 0.0 0.2 0:00.46
2941 0.0 0.2 0:00.46
2941 0.0 0.2 0:00.46
2941 0.0 0.2 0:00.46
2941 0.0 0.2 0:00.46
2941 0.0 0.2 0:00.46
2941 0.0 0.2 0:00.46
2941 0.0 0.2 0:00.46
2941 0.0 0.2 0:00.46
2941 0.0 0.2 0:00.46
2941 0.0 0.2 0:00.46
2941 0.0 0.2 0:00.46
2941 0.0 0.2 0:00.46
2941 0.0 0.2 0:00.46
2941 0.0 0.2 0:00.46
2941 0.0 0.2 0:00.46
2941 0.0 0.2 0:00.46
2941 0.0 0.2 0:00.46
2941 0.0 0.2 0:00.46
2941 0.0 0.2 0:00.46
2941 0.0 0.2 0:00.46
12941 0.0 0.0 0:00.00
2941 0.0 0.2 0:00.46
2941 0.0 0.2 0:00.46
2941 0.0 0.2 0:00.46
2941 0.0 0.2 0:00.46
2941 0.0 0.2 0:00.46
2941 0.0 0.2 0:00.46
2941 0.0 0.2 0:00.46
2941 0.0 0.2 0:00.46
2941 0.0 0.2 0:00.46
2941 0.0 0.2 0:00.46
2941 0.0 0.2 0:00.46
2941 0.0 0.2 0:00.46
2941 0.0 0.2 0:00.46
2941 0.0 0.2 0:00.46
2941 0.0 0.2 0:00.46
2941 0.0 0.2 0:00.46
2941 0.0 0.2 0:00.46
2941 0.0 0.2 0:00.46
2941 0.0 0.2 0:00.46
2941 0.0 0.2 0:00.46
2941 0.0 0.2 0:00.46
2941 0.0 0.2 0:00.46
2941 0.0 0.2 0:00.46
2941 0.0 0.2 0:00.46
2941 0.0 0.2 0:00.46
2941 0.0 0.2 0:00.46
2941 0.0 0.2 0:00.46
2941 0.0 0.2 0:00.46
2941 0.0 0.2 0:00.46
2941 0.0 0.2 0:00.46
2941 0.0 0.2 0:00.46
2941 0.0 0.2 0:00.46
2941 0.0 0.2 0:00.46
2941 0.0 0.2 0:00.46
2941 0.0 0.2 0:00.46
2941 0.0 0.2 0:00.46
2941 0.0 0.2 0:00.46
