2941 0.0 0.2 0:01.04
2941 0.0 0.2 0:01.07
2941 0.0 0.2 0:01.09
2941 0.0 0.2 0:01.11
2941 0.0 0.2 0:01.12
2941 0.0 0.2 0:01.12
2941 0.0 0.2 0:01.13
2941 0.0 0.2 0:01.14
2941 0.0 0.2 0:01.14
2941 0.0 0.2 0:01.14
2941 0.0 0.2 0:01.15
2941 0.0 0.2 0:01.15
2941 0.0 0.2 0:01.15
2941 0.0 0.2 0:01.15
2941 0.0 0.2 0:01.15
2941 0.0 0.2 0:01.15
2941 0.0 0.2 0:01.15
2941 0.0 0.2 0:01.16
2941 0.0 0.2 0:01.16
2941 0.0 0.2 0:01.16
2941 0.0 0.2 0:01.16
2941 0.0 0.2 0:01.16
2941 0.0 0.2 0:01.16
2941 0.0 0.2 0:01.16
2941 0.0 0.2 0:01.16
2941 0.0 0.2 0:01.16
2941 0.0 0.2 0:01.16
2941 0.0 0.2 0:01.16
2941 0.0 0.2 0:01.16
2941 0.0 0.2 0:01.16
2941 0.0 0.2 0:01.16
2941 0.0 0.2 0:01.16
2941 0.0 0.2 0:01.16
2941 0.0 0.2 0:01.16
2941 0.0 0.2 0:01.16
2941 0.0 0.2 0:01.16
2941 0.0 0.2 0:01.16
2941 0.0 0.2 0:01.16
2941 0.0 0.2 0:01.16
2941 0.0 0.2 0:01.16
2941 0.0 0.2 0:01.16
2941 0.0 0.2 0:01.16
2941 0.0 0.2 0:01.16
2941 0.0 0.2 0:01.16
2941 0.0 0.2 0:01.16
2941 0.0 0.2 0:01.16
2941 0.0 0.2 0:01.16
2941 0.0 0.2 0:01.16
2941 0.0 0.2 0:01.16
2941 0.0 0.2 0:01.16
2941 0.0 0.2 0:01.16
2941 0.0 0.2 0:01.16
2941 0.0 0.2 0:01.16
2941 0.0 0.2 0:01.16
2941 0.0 0.2 0:01.16
2941 0.0 0.2 0:01.16
2941 0.0 0.2 0:01.16
2941 0.0 0.2 0:01.16
2941 0.0 0.2 0:01.16
2941 0.0 0.2 0:01.16
2941 0.0 0.2 0:01.16
2941 0.0 0.2 0:01.16
2941 0.0 0.2 0:01.16
2941 0.0 0.2 0:01.16
2941 0.0 0.2 0:01.16
2941 0.0 0.2 0:01.16
2941 0.0 0.2 0:01.16
2941 0.0 0.2 0:01.16
2941 0.0 0.2 0:01.16
2941 0.0 0.2 0:01.16
2941 0.0 0.2 0:01.16
2941 0.0 0.2 0:01.16
2941 0.0 0.2 0:01.16
2941 0.0 0.2 0:01.16
2941 0.0 0.2 0:01.16
2941 0.0 0.2 0:01.16
2941 0.0 0.2 0:01.16
2941 0.0 0.2 0:01.16
2941 0.0 0.2 0:01.16
2941 0.0 0.2 0:01.16
2941 0.0 0.2 0:01.16
2941 0.0 0.2 0:01.16
2941 0.0 0.2 0:01.16
2941 0.0 0.2 0:01.16
2941 0.0 0.2 0:01.16
2941 0.0 0.2 0:01.16
2941 0.0 0.2 0:01.16
2941 0.0 0.2 0:01.16
2941 0.0 0.2 0:01.16
2941 0.0 0.2 0:01.16
2941 0.0 0.2 0:01.16
2941 0.0 0.2 0:01.16
2941 0.0 0.2 0:01.16
2941 0.0 0.2 0:01.16
2941 0.0 0.2 0:01.16
2941 0.0 0.2 0:01.16
2941 0.0 0.2 0:01.16
2941 0.0 0.2 0:01.16
2941 0.0 0.2 0:01.16
2941 0.0 0.2 0:01.16
2941 0.0 0.2 0:01.16
2941 0.0 0.2 0:01.16
2941 0.0 0.2 0:01.16
2941 0.0 0.2 0:01.16
2941 0.0 0.2 0:01.16
2941 0.0 0.2 0:01.16
2941 0.0 0.2 0:01.16
2941 0.0 0.2 0:01.16
2941 0.0 0.2 0:01.16
2941 0.0 0.2 0:01.16
2941 0.0 0.2 0:01.16
2941 0.0 0.2 0:01.16
2941 0.0 0.2 0:01.16
2941 0.0 0.2 0:01.16
2941 0.0 0.2 0:01.16
2941 0.0 0.2 0:01.16
2941 0.0 0.2 0:01.16
2941 0.0 0.2 0:01.16
2941 0.0 0.2 0:01.16
2941 0.0 0.2 0:01.16
2941 0.0 0.2 0:01.16
2941 0.0 0.2 0:01.16
2941 0.0 0.2 0:01.16
2941 0.0 0.2 0:01.16
2941 0.0 0.2 0:01.16
2941 0.0 0.2 0:01.16
2941 0.0 0.2 0:01.16
2941 0.0 0.2 0:01.16
2941 0.0 0.2 0:01.16
2941 0.0 0.2 0:01.16
2941 0.0 0.2 0:01.16
2941 0.0 0.2 0:01.16
2941 0.0 0.2 0:01.16
