2942 0.0 0.2 0:00.48
2942 5.0 0.2 0:00.51
2942 0.0 0.2 0:00.51
2942 0.0 0.2 0:00.51
2942 0.0 0.2 0:00.51
2942 0.0 0.2 0:00.51
2942 0.0 0.2 0:00.52
2942 0.0 0.2 0:00.52
2942 0.0 0.2 0:00.52
2942 0.0 0.2 0:00.52
2942 0.0 0.2 0:00.52
2942 0.0 0.2 0:00.52
2942 0.0 0.2 0:00.52
2942 0.0 0.2 0:00.52
2942 0.0 0.2 0:00.52
2942 0.0 0.2 0:00.52
2942 0.0 0.2 0:00.52
2942 0.0 0.2 0:00.52
2942 0.0 0.2 0:00.52
2942 0.0 0.2 0:00.52
2942 0.0 0.2 0:00.52
2942 0.0 0.2 0:00.52
2942 0.0 0.2 0:00.52
2942 0.0 0.2 0:00.52
2942 0.0 0.2 0:00.52
2942 0.0 0.2 0:00.52
2942 0.0 0.2 0:00.52
2942 0.0 0.2 0:00.52
2942 0.0 0.2 0:00.52
2942 0.0 0.2 0:00.52
2942 0.0 0.2 0:00.52
2942 0.0 0.2 0:00.52
2942 0.0 0.2 0:00.52
2942 0.0 0.2 0:00.52
2942 0.0 0.2 0:00.52
2942 0.0 0.2 0:00.52
2942 0.0 0.2 0:00.52
2942 0.0 0.2 0:00.52
2942 0.0 0.2 0:00.52
2942 0.0 0.2 0:00.52
2942 0.0 0.2 0:00.52
2942 0.0 0.2 0:00.52
2942 0.0 0.2 0:00.52
2942 0.0 0.2 0:00.52
2942 0.0 0.2 0:00.52
2942 0.0 0.2 0:00.52
2942 0.0 0.2 0:00.52
2942 0.0 0.2 0:00.52
2942 0.0 0.2 0:00.52
2942 0.0 0.2 0:00.52
2942 0.0 0.2 0:00.52
2942 0.0 0.2 0:00.52
2942 0.0 0.2 0:00.52
2942 0.0 0.2 0:00.52
2942 0.0 0.2 0:00.52
2942 0.0 0.2 0:00.52
2942 0.0 0.2 0:00.52
2942 0.0 0.2 0:00.52
2942 0.0 0.2 0:00.52
2942 0.0 0.2 0:00.52
2942 0.0 0.2 0:00.52
2942 0.0 0.2 0:00.52
2942 0.0 0.2 0:00.52
2942 0.0 0.2 0:00.52
2942 0.0 0.2 0:00.52
2942 0.0 0.2 0:00.52
2942 0.0 0.2 0:00.52
2942 0.0 0.2 0:00.52
2942 0.0 0.2 0:00.52
2942 0.0 0.2 0:00.52
2942 0.0 0.2 0:00.52
2942 0.0 0.2 0:00.52
2942 0.0 0.2 0:00.52
2942 0.0 0.2 0:00.52
2942 0.0 0.2 0:00.52
2942 0.0 0.2 0:00.52
2942 0.0 0.2 0:00.52
2942 0.0 0.2 0:00.52
2942 0.0 0.2 0:00.52
2942 0.0 0.2 0:00.52
2942 0.0 0.2 0:00.52
2942 0.0 0.2 0:00.52
2942 0.0 0.2 0:00.52
2942 0.0 0.2 0:00.52
2942 0.0 0.2 0:00.52
2942 0.0 0.2 0:00.52
2942 0.0 0.2 0:00.52
2942 0.0 0.2 0:00.52
2942 0.0 0.2 0:00.52
2942 0.0 0.2 0:00.52
2942 0.0 0.2 0:00.52
2942 0.0 0.2 0:00.52
2942 0.0 0.2 0:00.52
2942 0.0 0.2 0:00.52
2942 0.0 0.2 0:00.52
2942 0.0 0.2 0:00.52
2942 0.0 0.2 0:00.52
2942 0.0 0.2 0:00.52
2942 0.0 0.2 0:00.52
2942 0.0 0.2 0:00.52
2942 0.0 0.2 0:00.52
2942 0.0 0.2 0:00.52
2942 0.0 0.2 0:00.52
2942 0.0 0.2 0:00.52
2942 0.0 0.2 0:00.52
2942 0.0 0.2 0:00.52
2942 0.0 0.2 0:00.52
2942 0.0 0.2 0:00.52
2942 0.0 0.2 0:00.52
2942 0.0 0.2 0:00.52
2942 0.0 0.2 0:00.52
2942 0.0 0.2 0:00.52
2942 0.0 0.2 0:00.52
2942 0.0 0.2 0:00.52
2942 0.0 0.2 0:00.52
2942 0.0 0.2 0:00.52
2942 0.0 0.2 0:00.52
2942 0.0 0.2 0:00.52
2942 0.0 0.2 0:00.52
2942 0.0 0.2 0:00.52
2942 0.0 0.2 0:00.52
2942 0.0 0.2 0:00.52
2942 0.0 0.2 0:00.52
2942 0.0 0.2 0:00.52
2942 0.0 0.2 0:00.52
2942 0.0 0.2 0:00.52
2942 0.0 0.2 0:00.52
2942 0.0 0.2 0:00.52
2942 0.0 0.2 0:00.52
2942 0.0 0.2 0:00.52
2942 0.0 0.2 0:00.52
2942 0.0 0.2 0:00.52
2942 0.0 0.2 0:00.52
