2942 0.0 0.2 0:00.36
2942 0.0 0.2 0:00.37
2942 0.0 0.2 0:00.38
2942 0.0 0.2 0:00.39
2942 0.0 0.2 0:00.39
2942 0.0 0.2 0:00.39
2942 0.0 0.2 0:00.39
2942 0.0 0.2 0:00.39
2942 0.0 0.2 0:00.39
2942 0.0 0.2 0:00.39
2942 0.0 0.2 0:00.39
2942 0.0 0.2 0:00.39
2942 0.0 0.2 0:00.39
2942 0.0 0.2 0:00.39
2942 0.0 0.2 0:00.39
2942 0.0 0.2 0:00.39
2942 0.0 0.2 0:00.39
2942 0.0 0.2 0:00.39
2942 0.0 0.2 0:00.39
2942 0.0 0.2 0:00.39
2942 0.0 0.2 0:00.39
2942 0.0 0.2 0:00.39
2942 0.0 0.2 0:00.39
2942 0.0 0.2 0:00.39
2942 0.0 0.2 0:00.39
2942 0.0 0.2 0:00.39
2942 0.0 0.2 0:00.39
2942 0.0 0.2 0:00.39
2942 0.0 0.2 0:00.39
2942 0.0 0.2 0:00.39
2942 0.0 0.2 0:00.39
2942 0.0 0.2 0:00.39
2942 0.0 0.2 0:00.39
2942 0.0 0.2 0:00.39
2942 0.0 0.2 0:00.39
2942 0.0 0.2 0:00.39
2942 0.0 0.2 0:00.39
2942 0.0 0.2 0:00.39
2942 0.0 0.2 0:00.39
2942 0.0 0.2 0:00.39
2942 0.0 0.2 0:00.39
2942 0.0 0.2 0:00.39
2942 0.0 0.2 0:00.39
2942 0.0 0.2 0:00.39
2942 0.0 0.2 0:00.39
2942 0.0 0.2 0:00.39
2942 0.0 0.2 0:00.39
2942 0.0 0.2 0:00.39
2942 0.0 0.2 0:00.39
2942 0.0 0.2 0:00.39
2942 0.0 0.2 0:00.39
2942 0.0 0.2 0:00.39
2942 0.0 0.2 0:00.39
2942 0.0 0.2 0:00.39
2942 0.0 0.2 0:00.39
2942 0.0 0.2 0:00.39
2942 0.0 0.2 0:00.39
2942 0.0 0.2 0:00.39
2942 0.0 0.2 0:00.39
2942 0.0 0.2 0:00.39
2942 0.0 0.2 0:00.39
2942 0.0 0.2 0:00.39
2942 0.0 0.2 0:00.39
2942 0.0 0.2 0:00.39
2942 0.0 0.2 0:00.39
2942 0.0 0.2 0:00.39
2942 0.0 0.2 0:00.39
2942 0.0 0.2 0:00.39
2942 0.0 0.2 0:00.39
2942 0.0 0.2 0:00.39
22942 0.0 0.0 0:00.00
2942 0.0 0.2 0:00.39
2942 0.0 0.2 0:00.39
2942 0.0 0.2 0:00.39
2942 0.0 0.2 0:00.39
2942 0.0 0.2 0:00.39
2942 0.0 0.2 0:00.39
2942 0.0 0.2 0:00.39
2942 0.0 0.2 0:00.39
2942 0.0 0.2 0:00.39
2942 0.0 0.2 0:00.39
2942 0.0 0.2 0:00.39
2942 0.0 0.2 0:00.39
2942 0.0 0.2 0:00.39
2942 0.0 0.2 0:00.39
2942 0.0 0.2 0:00.39
2942 0.0 0.2 0:00.39
2942 0.0 0.2 0:00.39
2942 0.0 0.2 0:00.39
2942 0.0 0.2 0:00.39
2942 0.0 0.2 0:00.39
2942 0.0 0.2 0:00.39
2942 0.0 0.2 0:00.39
2942 0.0 0.2 0:00.39
2942 0.0 0.2 0:00.39
2942 0.0 0.2 0:00.39
2942 0.0 0.2 0:00.39
2942 0.0 0.2 0:00.39
2942 0.0 0.2 0:00.39
2942 0.0 0.2 0:00.39
2942 0.0 0.2 0:00.39
2942 0.0 0.2 0:00.39
2942 0.0 0.2 0:00.39
2942 0.0 0.2 0:00.39
2942 0.0 0.2 0:00.39
2942 0.0 0.2 0:00.39
2942 0.0 0.2 0:00.39
2942 0.0 0.2 0:00.39
2942 0.0 0.2 0:00.39
2942 0.0 0.2 0:00.39
2942 0.0 0.2 0:00.39
2942 0.0 0.2 0:00.39
2942 0.0 0.2 0:00.39
2942 0.0 0.2 0:00.39
2942 0.0 0.2 0:00.39
2942 0.0 0.2 0:00.39
2942 0.0 0.2 0:00.39
2942 0.0 0.2 0:00.39
2942 0.0 0.2 0:00.39
2942 0.0 0.2 0:00.39
2942 0.0 0.2 0:00.39
2942 0.0 0.2 0:00.39
2942 0.0 0.2 0:00.39
2942 0.0 0.2 0:00.39
2942 0.0 0.2 0:00.39
2942 0.0 0.2 0:00.39
2942 0.0 0.2 0:00.39
2942 0.0 0.2 0:00.39
2942 0.0 0.2 0:00.39
2942 0.0 0.2 0:00.39
2942 0.0 0.2 0:00.39
2942 0.0 0.2 0:00.39
2942 0.0 0.2 0:00.39
2942 0.0 0.2 0:00.39
2942 0.0 0.2 0:00.39
2942 0.0 0.2 0:00.39
2942 0.0 0.2 0:00.39
2942 0.0 0.2 0:00.39
2942 0.0 0.2 0:00.39
2942 0.0 0.2 0:00.39
2942 0.0 0.2 0:00.39
2942 0.0 0.2 0:00.39
2942 0.0 0.2 0:00.39
2942 0.0 0.2 0:00.39
2942 0.0 0.2 0:00.39
2942 0.0 0.2 0:00.39
2942 0.0 0.2 0:00.39
2942 0.0 0.2 0:00.39
2942 0.0 0.2 0:00.39
2942 0.0 0.2 0:00.39
2942 0.0 0.2 0:00.39
2942 0.0 0.2 0:00.39
2942 0.0 0.2 0:00.39
2942 0.0 0.2 0:00.39
2942 0.0 0.2 0:00.39
2942 0.0 0.2 0:00.39
2942 0.0 0.2 0:00.39
2942 0.0 0.2 0:00.39
2942 0.0 0.2 0:00.39
2942 0.0 0.2 0:00.39
2942 0.0 0.2 0:00.39
2942 0.0 0.2 0:00.39
2942 0.0 0.2 0:00.39
2942 0.0 0.2 0:00.39
2942 0.0 0.2 0:00.39
2942 0.0 0.2 0:00.39
2942 0.0 0.2 0:00.39
2942 0.0 0.2 0:00.39
2942 0.0 0.2 0:00.39
2942 0.0 0.2 0:00.39
2942 0.0 0.2 0:00.39
2942 0.0 0.2 0:00.39
2942 0.0 0.2 0:00.39
2942 0.0 0.2 0:00.39
2942 0.0 0.2 0:00.39
2942 0.0 0.2 0:00.39
2942 0.0 0.2 0:00.39
2942 0.0 0.2 0:00.39
2942 0.0 0.2 0:00.39
2942 0.0 0.2 0:00.39
2942 0.0 0.2 0:00.39
2942 0.0 0.2 0:00.39
2942 0.0 0.2 0:00.39
2942 0.0 0.2 0:00.39
2942 0.0 0.2 0:00.39
2942 0.0 0.2 0:00.39
2942 0.0 0.2 0:00.39
2942 0.0 0.2 0:00.39
2942 0.0 0.2 0:00.39
2942 0.0 0.2 0:00.39
2942 0.0 0.2 0:00.39
2942 0.0 0.2 0:00.39
2942 0.0 0.2 0:00.39
2942 0.0 0.2 0:00.39
2942 0.0 0.2 0:00.39
2942 0.0 0.2 0:00.39
2942 0.0 0.2 0:00.39
2942 0.0 0.2 0:00.39
2942 0.0 0.2 0:00.39
2942 0.0 0.2 0:00.39
2942 0.0 0.2 0:00.39
2942 0.0 0.2 0:00.39
2942 0.0 0.2 0:00.39
