2942 0.0 0.2 0:01.55
2942 0.0 0.2 0:01.56
2942 0.0 0.2 0:01.56
2942 0.0 0.2 0:01.56
2942 0.0 0.2 0:01.56
2942 0.0 0.2 0:01.56
2942 0.0 0.2 0:01.56
2942 0.0 0.2 0:01.56
2942 0.0 0.2 0:01.56
2942 0.0 0.2 0:01.56
2942 0.0 0.2 0:01.56
2942 0.0 0.2 0:01.56
2942 0.0 0.2 0:01.56
2942 0.0 0.2 0:01.56
2942 0.0 0.2 0:01.56
2942 0.0 0.2 0:01.56
2942 0.0 0.2 0:01.56
2942 0.0 0.2 0:01.56
2942 0.0 0.2 0:01.56
2942 0.0 0.2 0:01.56
2942 0.0 0.2 0:01.56
2942 0.0 0.2 0:01.56
2942 0.0 0.2 0:01.56
2942 0.0 0.2 0:01.56
2942 0.0 0.2 0:01.56
2942 0.0 0.2 0:01.56
2942 0.0 0.2 0:01.56
2942 0.0 0.2 0:01.56
2942 0.0 0.2 0:01.56
2942 0.0 0.2 0:01.56
2942 0.0 0.2 0:01.56
2942 0.0 0.2 0:01.56
2942 0.0 0.2 0:01.56
2942 0.0 0.2 0:01.56
2942 0.0 0.2 0:01.56
2942 0.0 0.2 0:01.56
2942 0.0 0.2 0:01.56
2942 0.0 0.2 0:01.56
2942 0.0 0.2 0:01.56
2942 0.0 0.2 0:01.56
2942 0.0 0.2 0:01.56
2942 0.0 0.2 0:01.56
2942 0.0 0.2 0:01.56
2942 0.0 0.2 0:01.56
2942 0.0 0.2 0:01.56
2942 0.0 0.2 0:01.56
2942 0.0 0.2 0:01.56
2942 0.0 0.2 0:01.56
2942 0.0 0.2 0:01.56
2942 0.0 0.2 0:01.56
2942 0.0 0.2 0:01.56
2942 0.0 0.2 0:01.56
2942 0.0 0.2 0:01.56
2942 0.0 0.2 0:01.56
2942 0.0 0.2 0:01.56
2942 0.0 0.2 0:01.56
2942 0.0 0.2 0:01.56
2942 0.0 0.2 0:01.56
2942 0.0 0.2 0:01.56
2942 0.0 0.2 0:01.56
2942 0.0 0.2 0:01.56
2942 0.0 0.2 0:01.56
2942 0.0 0.2 0:01.56
2942 0.0 0.2 0:01.56
2942 0.0 0.2 0:01.56
2942 0.0 0.2 0:01.56
2942 0.0 0.2 0:01.56
2942 0.0 0.2 0:01.56
2942 0.0 0.2 0:01.56
2942 0.0 0.2 0:01.56
2942 0.0 0.2 0:01.56
2942 0.0 0.2 0:01.56
2942 0.0 0.2 0:01.56
2942 0.0 0.2 0:01.56
2942 0.0 0.2 0:01.56
