2942 5.6 0.2 0:00.53
2942 0.0 0.2 0:00.56
2942 0.0 0.2 0:00.56
2942 0.0 0.2 0:00.57
2942 0.0 0.2 0:00.57
2942 0.0 0.2 0:00.57
2942 0.0 0.2 0:00.57
2942 0.0 0.2 0:00.57
2942 0.0 0.2 0:00.57
2942 0.0 0.2 0:00.57
2942 0.0 0.2 0:00.57
2942 0.0 0.2 0:00.57
2942 0.0 0.2 0:00.57
2942 0.0 0.2 0:00.57
2942 0.0 0.2 0:00.57
2942 0.0 0.2 0:00.57
2942 0.0 0.2 0:00.57
2942 0.0 0.2 0:00.57
2942 0.0 0.2 0:00.57
2942 0.0 0.2 0:00.57
2942 0.0 0.2 0:00.57
2942 0.0 0.2 0:00.57
2942 0.0 0.2 0:00.57
2942 0.0 0.2 0:00.57
2942 0.0 0.2 0:00.57
2942 0.0 0.2 0:00.57
2942 0.0 0.2 0:00.57
2942 0.0 0.2 0:00.57
2942 0.0 0.2 0:00.57
2942 0.0 0.2 0:00.57
2942 0.0 0.2 0:00.57
2942 0.0 0.2 0:00.57
2942 0.0 0.2 0:00.57
2942 0.0 0.2 0:00.57
2942 0.0 0.2 0:00.57
2942 0.0 0.2 0:00.57
2942 0.0 0.2 0:00.57
2942 0.0 0.2 0:00.57
2942 0.0 0.2 0:00.57
2942 0.0 0.2 0:00.57
2942 0.0 0.2 0:00.57
2942 0.0 0.2 0:00.57
2942 0.0 0.2 0:00.57
2942 0.0 0.2 0:00.57
2942 0.0 0.2 0:00.57
2942 0.0 0.2 0:00.57
2942 0.0 0.2 0:00.57
2942 0.0 0.2 0:00.57
2942 0.0 0.2 0:00.57
2942 0.0 0.2 0:00.57
2942 0.0 0.2 0:00.57
2942 0.0 0.2 0:00.57
2942 0.0 0.2 0:00.57
2942 0.0 0.2 0:00.57
2942 0.0 0.2 0:00.57
2942 0.0 0.2 0:00.57
2942 0.0 0.2 0:00.57
2942 0.0 0.2 0:00.57
2942 0.0 0.2 0:00.57
2942 0.0 0.2 0:00.57
2942 0.0 0.2 0:00.57
2942 0.0 0.2 0:00.57
2942 0.0 0.2 0:00.57
2942 0.0 0.2 0:00.57
2942 0.0 0.2 0:00.57
2942 0.0 0.2 0:00.57
2942 0.0 0.2 0:00.57
2942 0.0 0.2 0:00.57
2942 0.0 0.2 0:00.57
2942 0.0 0.2 0:00.57
2942 0.0 0.2 0:00.57
2942 0.0 0.2 0:00.57
2942 0.0 0.2 0:00.57
2942 0.0 0.2 0:00.57
2942 0.0 0.2 0:00.57
2942 0.0 0.2 0:00.57
2942 0.0 0.2 0:00.57
2942 0.0 0.2 0:00.57
2942 0.0 0.2 0:00.57
2942 0.0 0.2 0:00.57
2942 0.0 0.2 0:00.57
2942 0.0 0.2 0:00.57
2942 0.0 0.2 0:00.57
2942 0.0 0.2 0:00.57
2942 0.0 0.2 0:00.57
2942 0.0 0.2 0:00.57
2942 0.0 0.2 0:00.57
2942 0.0 0.2 0:00.57
2942 0.0 0.2 0:00.57
2942 0.0 0.2 0:00.57
2942 0.0 0.2 0:00.57
2942 0.0 0.2 0:00.57
2942 0.0 0.2 0:00.57
2942 0.0 0.2 0:00.57
2942 0.0 0.2 0:00.57
2942 0.0 0.2 0:00.57
2942 0.0 0.2 0:00.57
2942 0.0 0.2 0:00.57
2942 0.0 0.2 0:00.57
2942 0.0 0.2 0:00.57
2942 0.0 0.2 0:00.57
2942 0.0 0.2 0:00.57
2942 0.0 0.2 0:00.57
2942 0.0 0.2 0:00.57
2942 0.0 0.2 0:00.57
2942 0.0 0.2 0:00.57
2942 0.0 0.2 0:00.57
2942 0.0 0.2 0:00.57
2942 0.0 0.2 0:00.57
2942 0.0 0.2 0:00.57
2942 0.0 0.2 0:00.57
2942 0.0 0.2 0:00.57
2942 0.0 0.2 0:00.57
2942 0.0 0.2 0:00.57
2942 0.0 0.2 0:00.57
2942 0.0 0.2 0:00.57
2942 0.0 0.2 0:00.57
2942 0.0 0.2 0:00.57
2942 0.0 0.2 0:00.57
2942 0.0 0.2 0:00.57
2942 0.0 0.2 0:00.57
2942 0.0 0.2 0:00.57
2942 0.0 0.2 0:00.57
2942 0.0 0.2 0:00.57
2942 0.0 0.2 0:00.57
2942 0.0 0.2 0:00.57
2942 0.0 0.2 0:00.57
2942 0.0 0.2 0:00.57
2942 0.0 0.2 0:00.57
2942 0.0 0.2 0:00.57
2942 0.0 0.2 0:00.57
2942 0.0 0.2 0:00.57
2942 0.0 0.2 0:00.57
