3488 5.6 0.1 0:23.52
3488 9.5 0.1 0:23.68
3488 14.3 0.1 0:23.90
3488 15.8 0.1 0:24.10
3488 42.1 0.1 0:24.37
3488 20.0 0.1 0:24.67
3488 33.3 0.1 0:25.01
3488 35.0 0.1 0:25.41
3488 35.0 0.1 0:25.80
3488 28.6 0.1 0:26.19
3488 31.8 0.1 0:26.59
3488 32.0 0.1 0:26.99
3488 33.3 0.1 0:27.35
3488 25.0 0.1 0:27.76
3488 31.6 0.1 0:28.14
3488 36.8 0.1 0:28.51
3488 36.8 0.1 0:28.88
3488 38.9 0.1 0:29.26
3488 33.3 0.1 0:29.64
3488 31.6 0.1 0:30.02
3488 33.3 0.1 0:30.42
3488 31.6 0.1 0:30.78
3488 31.6 0.1 0:31.18
3488 30.0 0.1 0:31.57
3488 30.0 0.1 0:31.97
3488 33.3 0.1 0:32.35
3488 38.9 0.1 0:32.74
3488 38.1 0.1 0:33.14
3488 38.9 0.1 0:33.52
3488 31.6 0.1 0:33.91
3488 26.3 0.1 0:34.28
3488 38.9 0.1 0:34.68
3488 40.0 0.1 0:35.08
3488 0.0 0.1 0:35.16
3488 0.0 0.1 0:35.16
