3489 4.8 0.1 0:16.97
3489 15.8 0.1 0:17.10
3489 10.0 0.1 0:17.20
3489 9.5 0.1 0:17.27
3489 4.8 0.1 0:17.32
3489 4.8 0.1 0:17.37
3489 9.1 0.1 0:17.44
3489 4.5 0.1 0:17.51
3489 16.7 0.1 0:17.58
3489 5.0 0.1 0:17.65
3489 4.8 0.1 0:17.70
3489 5.6 0.1 0:17.75
3489 4.3 0.1 0:17.81
3489 10.0 0.1 0:17.88
3489 10.5 0.1 0:17.94
3489 10.5 0.1 0:18.00
3489 5.3 0.1 0:18.06
3489 5.0 0.1 0:18.13
3489 5.3 0.1 0:18.21
3489 10.5 0.1 0:18.28
3489 5.0 0.1 0:18.33
3489 5.3 0.1 0:18.38
3489 5.3 0.1 0:18.44
3489 11.1 0.1 0:18.51
3489 0.0 0.1 0:18.55
