3489 16.7 0.1 0:18.61
3489 15.0 0.1 0:18.70
3489 16.7 0.1 0:18.79
3489 15.8 0.1 0:18.87
3489 5.6 0.1 0:18.94
3489 4.8 0.1 0:19.01
3489 5.3 0.1 0:19.08
3489 5.3 0.1 0:19.17
3489 5.3 0.1 0:19.23
3489 10.5 0.1 0:19.29
3489 10.5 0.1 0:19.35
3489 4.8 0.1 0:19.42
3489 11.1 0.1 0:19.47
3489 5.6 0.1 0:19.53
3489 5.3 0.1 0:19.58
3489 5.3 0.1 0:19.64
3489 4.5 0.1 0:19.70
3489 4.3 0.1 0:19.77
3489 5.6 0.1 0:19.80
3489 5.3 0.1 0:19.86
3489 5.0 0.1 0:19.92
3489 15.8 0.1 0:20.00
3489 10.5 0.1 0:20.06
3489 0.0 0.1 0:20.10
3489 0.0 0.1 0:20.14
