3490 0.0 0.1 0:00.01
3490 0.0 0.1 0:00.06
3490 0.0 0.1 0:00.08
3490 0.0 0.1 0:00.08
3490 0.0 0.1 0:00.08
3490 0.0 0.1 0:00.08
3490 0.0 0.1 0:00.09
3490 0.0 0.1 0:00.09
3490 0.0 0.1 0:00.09
3490 0.0 0.1 0:00.09
3490 0.0 0.1 0:00.09
3490 0.0 0.1 0:00.09
3490 0.0 0.1 0:00.09
3490 0.0 0.1 0:00.10
3490 0.0 0.1 0:00.10
3490 0.0 0.1 0:00.10
3490 0.0 0.1 0:00.10
3490 0.0 0.1 0:00.10
3490 0.0 0.1 0:00.10
3490 0.0 0.1 0:00.11
3490 0.0 0.1 0:00.11
3490 0.0 0.1 0:00.11
3490 0.0 0.1 0:00.11
3490 0.0 0.1 0:00.11
3490 0.0 0.1 0:00.11
3490 0.0 0.1 0:00.11
3490 0.0 0.1 0:00.11
3490 0.0 0.1 0:00.11
3490 0.0 0.1 0:00.11
3490 0.0 0.1 0:00.11
3490 0.0 0.1 0:00.11
3490 0.0 0.1 0:00.11
3490 0.0 0.1 0:00.11
3490 0.0 0.1 0:00.11
