3490 0.0 0.1 0:00.12
3490 0.0 0.1 0:00.17
3490 5.0 0.1 0:00.19
3490 4.5 0.1 0:00.21
3490 0.0 0.1 0:00.21
3490 0.0 0.1 0:00.21
3490 5.6 0.1 0:00.23
3490 0.0 0.1 0:00.23
3490 0.0 0.1 0:00.23
3490 0.0 0.1 0:00.23
3490 3.6 0.1 0:00.24
3490 0.0 0.1 0:00.24
3490 0.0 0.1 0:00.24
3490 0.0 0.1 0:00.24
3490 0.0 0.1 0:00.24
3490 0.0 0.1 0:00.24
3490 0.0 0.1 0:00.24
3490 0.0 0.1 0:00.24
3490 0.0 0.1 0:00.24
3490 0.0 0.1 0:00.25
3490 0.0 0.1 0:00.25
3490 0.0 0.1 0:00.25
3490 0.0 0.1 0:00.25
3490 0.0 0.1 0:00.25
3490 0.0 0.1 0:00.25
3490 0.0 0.1 0:00.25
3490 0.0 0.1 0:00.25
3490 4.5 0.1 0:00.26
3490 0.0 0.1 0:00.26
3490 0.0 0.1 0:00.26
3490 0.0 0.1 0:00.26
3490 0.0 0.1 0:00.26
3490 0.0 0.1 0:00.26
