3254 31.6 0.1 1:08.30
3254 21.1 0.1 1:08.59
3254 15.0 0.1 1:08.89
3254 25.0 0.1 1:09.19
3254 15.8 0.1 1:09.45
3254 15.8 0.1 1:09.67
3254 13.6 0.1 1:09.95
3254 14.3 0.1 1:10.17
3254 15.0 0.1 1:10.46
3254 21.1 0.1 1:10.75
3254 26.3 0.1 1:11.01
3254 23.8 0.1 1:11.33
3254 20.0 0.1 1:11.60
3254 25.0 0.1 1:11.85
3254 18.2 0.1 1:12.09
3254 15.4 0.1 1:12.40
3254 20.0 0.1 1:12.72
3254 0.0 0.1 1:12.97
3254 0.0 0.1 1:12.98
3254 0.0 0.1 1:12.98
3254 0.0 0.1 1:12.98
3254 0.0 0.1 1:12.98
3254 0.0 0.1 1:12.98
3254 0.0 0.1 1:12.98
3254 0.0 0.1 1:12.98
3254 0.0 0.1 1:12.98
3254 0.0 0.1 1:12.98
3254 0.0 0.1 1:12.98
3254 0.0 0.1 1:12.98
3254 0.0 0.1 1:12.98
3254 0.0 0.1 1:12.98
3254 0.0 0.1 1:12.98
3254 0.0 0.1 1:12.98
3254 0.0 0.1 1:12.98
3254 0.0 0.1 1:12.98
3254 0.0 0.1 1:12.98
3254 0.0 0.1 1:12.98
3254 0.0 0.1 1:12.98
3254 0.0 0.1 1:12.98
3254 0.0 0.1 1:12.98
3254 0.0 0.1 1:12.98
3254 0.0 0.1 1:12.98
3254 0.0 0.1 1:12.98
3254 0.0 0.1 1:12.98
3254 0.0 0.1 1:12.98
3254 0.0 0.1 1:12.98
3254 0.0 0.1 1:12.98
3254 0.0 0.1 1:12.98
3254 0.0 0.1 1:12.98
3254 0.0 0.1 1:12.98
3254 0.0 0.1 1:12.98
3254 0.0 0.1 1:12.98
3254 0.0 0.1 1:12.98
3254 0.0 0.1 1:12.98
3254 0.0 0.1 1:12.98
3254 0.0 0.1 1:12.98
3254 0.0 0.1 1:12.98
