726 22.2 0.3 1:11.75
726 5.6 0.3 1:11.76
726 0.0 0.3 1:11.76
726 0.0 0.3 1:11.76
726 0.0 0.3 1:11.76
726 0.0 0.3 1:11.76
726 0.0 0.3 1:11.76
726 0.0 0.3 1:11.76
726 0.0 0.3 1:11.76
726 0.0 0.3 1:11.76
726 0.0 0.3 1:11.76
726 0.0 0.3 1:11.76
726 0.0 0.3 1:11.76
726 0.0 0.3 1:11.76
726 0.0 0.3 1:11.76
726 0.0 0.3 1:11.76
726 0.0 0.3 1:11.76
726 0.0 0.3 1:11.76
726 0.0 0.3 1:11.77
726 0.0 0.3 1:11.80
726 0.0 0.3 1:11.80
726 0.0 0.3 1:11.80
726 0.0 0.3 1:11.80
726 0.0 0.3 1:11.80
726 0.0 0.3 1:11.80
726 0.0 0.3 1:11.80
726 0.0 0.3 1:11.80
726 0.0 0.3 1:11.80
726 0.0 0.3 1:11.80
726 0.0 0.3 1:11.80
726 0.0 0.3 1:11.80
726 0.0 0.3 1:11.80
726 0.0 0.3 1:11.80
726 0.0 0.3 1:11.80
726 0.0 0.3 1:11.81
726 0.0 0.3 1:11.81
726 0.0 0.3 1:11.82
726 0.0 0.3 1:11.87
726 0.0 0.3 1:11.88
726 0.0 0.3 1:11.88
726 0.0 0.3 1:11.88
726 0.0 0.3 1:11.88
726 0.0 0.3 1:11.88
726 0.0 0.3 1:11.88
726 0.0 0.3 1:11.88
726 0.0 0.3 1:11.88
726 0.0 0.3 1:11.88
726 0.0 0.3 1:11.88
726 0.0 0.3 1:11.88
726 0.0 0.3 1:11.88
726 0.0 0.3 1:11.88
726 0.0 0.3 1:11.88
726 0.0 0.3 1:11.88
726 0.0 0.3 1:11.88
726 0.0 0.3 1:11.89
726 0.0 0.3 1:11.89
726 0.0 0.3 1:11.92
726 0.0 0.3 1:11.92
726 0.0 0.3 1:11.92
726 0.0 0.3 1:11.92
726 0.0 0.3 1:11.92
726 0.0 0.3 1:11.92
726 0.0 0.3 1:11.92
726 0.0 0.3 1:11.92
726 0.0 0.3 1:11.92
726 0.0 0.3 1:11.92
726 0.0 0.3 1:11.93
726 0.0 0.3 1:11.93
726 0.0 0.3 1:11.93
726 0.0 0.3 1:11.93
726 10.5 0.3 1:11.95
726 0.0 0.3 1:11.95
726 0.0 0.3 1:11.95
726 0.0 0.3 1:11.96
726 0.0 0.3 1:11.99
726 0.0 0.3 1:11.99
726 0.0 0.3 1:11.99
726 0.0 0.3 1:11.99
726 0.0 0.3 1:11.99
726 0.0 0.3 1:11.99
726 0.0 0.3 1:11.99
726 0.0 0.3 1:11.99
726 0.0 0.3 1:11.99
726 0.0 0.3 1:11.99
726 0.0 0.3 1:11.99
726 0.0 0.3 1:11.99
726 0.0 0.3 1:11.99
726 0.0 0.3 1:11.99
726 0.0 0.3 1:11.99
726 0.0 0.3 1:12.00
726 5.9 0.3 1:12.01
726 0.0 0.3 1:12.01
726 5.3 0.3 1:12.06
726 0.0 0.3 1:12.06
726 0.0 0.3 1:12.06
726 0.0 0.3 1:12.06
726 0.0 0.3 1:12.06
726 0.0 0.3 1:12.06
726 0.0 0.3 1:12.06
726 0.0 0.3 1:12.06
726 0.0 0.3 1:12.06
726 0.0 0.3 1:12.06
726 0.0 0.3 1:12.06
726 0.0 0.3 1:12.06
726 0.0 0.3 1:12.06
726 0.0 0.3 1:12.06
726 0.0 0.3 1:12.07
726 0.0 0.3 1:12.07
726 5.6 0.3 1:12.08
726 0.0 0.3 1:12.08
726 0.0 0.3 1:12.09
11726 16.7 0.2 0:00.03
726 0.0 0.3 1:12.11
726 0.0 0.3 1:12.11
726 0.0 0.3 1:12.11
726 0.0 0.3 1:12.11
726 0.0 0.3 1:12.11
726 0.0 0.3 1:12.11
726 0.0 0.3 1:12.11
726 0.0 0.3 1:12.11
726 0.0 0.3 1:12.11
726 0.0 0.3 1:12.11
726 0.0 0.3 1:12.11
726 0.0 0.3 1:12.11
726 0.0 0.3 1:12.11
726 5.3 0.3 1:12.12
726 0.0 0.3 1:12.13
726 0.0 0.3 1:12.14
726 0.0 0.3 1:12.14
726 0.0 0.3 1:12.16
726 0.0 0.3 1:12.16
726 0.0 0.3 1:12.16
726 0.0 0.3 1:12.16
726 0.0 0.3 1:12.16
726 0.0 0.3 1:12.16
726 0.0 0.3 1:12.16
726 0.0 0.3 1:12.16
726 0.0 0.3 1:12.16
726 0.0 0.3 1:12.16
726 0.0 0.3 1:12.16
726 0.0 0.3 1:12.16
726 0.0 0.3 1:12.16
726 0.0 0.3 1:12.16
726 0.0 0.3 1:12.17
726 5.6 0.3 1:12.18
726 0.0 0.3 1:12.18
726 5.6 0.3 1:12.19
726 15.0 0.3 1:12.25
726 0.0 0.3 1:12.25
726 0.0 0.3 1:12.25
726 0.0 0.3 1:12.25
726 0.0 0.3 1:12.25
726 0.0 0.3 1:12.25
726 0.0 0.3 1:12.25
726 0.0 0.3 1:12.25
726 0.0 0.3 1:12.25
726 0.0 0.3 1:12.25
726 0.0 0.3 1:12.25
726 0.0 0.3 1:12.25
726 0.0 0.3 1:12.25
726 0.0 0.3 1:12.27
726 0.0 0.3 1:12.27
726 0.0 0.3 1:12.27
726 0.0 0.3 1:12.27
726 0.0 0.3 1:12.28
726 5.6 0.3 1:12.29
726 0.0 0.3 1:12.30
726 0.0 0.3 1:12.30
726 0.0 0.3 1:12.30
726 0.0 0.3 1:12.30
726 0.0 0.3 1:12.30
726 0.0 0.3 1:12.30
726 0.0 0.3 1:12.30
726 0.0 0.3 1:12.30
726 0.0 0.3 1:12.30
726 0.0 0.3 1:12.31
726 0.0 0.3 1:12.31
726 0.0 0.3 1:12.31
726 0.0 0.3 1:12.31
726 0.0 0.3 1:12.34
726 0.0 0.3 1:12.34
726 0.0 0.3 1:12.34
726 0.0 0.3 1:12.35
726 0.0 0.3 1:12.35
726 0.0 0.3 1:12.36
726 0.0 0.3 1:12.36
726 0.0 0.3 1:12.36
726 0.0 0.3 1:12.36
726 0.0 0.3 1:12.36
726 0.0 0.3 1:12.36
726 0.0 0.3 1:12.36
726 0.0 0.3 1:12.36
726 0.0 0.3 1:12.36
726 0.0 0.3 1:12.37
726 0.0 0.3 1:12.37
726 0.0 0.3 1:12.37
726 0.0 0.3 1:12.37
726 0.0 0.3 1:12.37
726 0.0 0.3 1:12.37
726 0.0 0.3 1:12.37
726 0.0 0.3 1:12.37
726 0.0 0.3 1:12.37
726 0.0 0.3 1:12.37
726 0.0 0.3 1:12.37
726 0.0 0.3 1:12.37
726 0.0 0.3 1:12.37
726 0.0 0.3 1:12.37
726 0.0 0.3 1:12.37
726 0.0 0.3 1:12.37
726 0.0 0.3 1:12.37
726 0.0 0.3 1:12.37
726 0.0 0.3 1:12.37
726 0.0 0.3 1:12.37
