728 15.0 0.3 1:17.10
583 0.0 0.5 0:00.72
583 0.0 0.5 0:00.72
583 0.0 0.5 0:00.72
583 0.0 0.5 0:00.72
583 0.0 0.5 0:00.72
583 0.0 0.5 0:00.72
583 0.0 0.5 0:00.72
583 0.0 0.5 0:00.72
583 0.0 0.5 0:00.72
583 0.0 0.5 0:00.72
583 0.0 0.5 0:00.72
583 0.0 0.5 0:00.72
583 0.0 0.5 0:00.72
583 0.0 0.5 0:00.72
583 0.0 0.5 0:00.72
583 0.0 0.5 0:00.72
583 0.0 0.5 0:00.72
583 0.0 0.5 0:00.72
583 0.0 0.5 0:00.72
583 0.0 0.5 0:00.72
583 0.0 0.5 0:00.72
583 0.0 0.5 0:00.72
583 0.0 0.5 0:00.72
583 0.0 0.5 0:00.72
583 0.0 0.5 0:00.72
583 0.0 0.5 0:00.72
583 0.0 0.5 0:00.72
583 0.0 0.5 0:00.72
583 0.0 0.5 0:00.72
583 0.0 0.5 0:00.72
583 0.0 0.5 0:00.72
583 0.0 0.5 0:00.72
583 0.0 0.5 0:00.72
583 0.0 0.5 0:00.72
583 0.0 0.5 0:00.72
583 0.0 0.5 0:00.72
728 15.8 0.3 1:17.30
583 0.0 0.5 0:00.72
583 0.0 0.5 0:00.72
583 0.0 0.5 0:00.72
583 0.0 0.5 0:00.72
583 0.0 0.5 0:00.72
583 0.0 0.5 0:00.72
583 0.0 0.5 0:00.72
583 0.0 0.5 0:00.72
583 0.0 0.5 0:00.72
583 0.0 0.5 0:00.72
583 0.0 0.5 0:00.72
583 0.0 0.5 0:00.72
583 0.0 0.5 0:00.72
583 0.0 0.5 0:00.72
583 0.0 0.5 0:00.72
583 0.0 0.5 0:00.72
583 0.0 0.5 0:00.72
583 0.0 0.5 0:00.72
583 0.0 0.5 0:00.72
583 0.0 0.5 0:00.72
583 0.0 0.5 0:00.72
583 0.0 0.5 0:00.72
583 0.0 0.5 0:00.72
583 0.0 0.5 0:00.72
583 0.0 0.5 0:00.72
583 0.0 0.5 0:00.72
583 0.0 0.5 0:00.72
583 0.0 0.5 0:00.72
583 0.0 0.5 0:00.72
583 0.0 0.5 0:00.72
583 0.0 0.5 0:00.72
583 0.0 0.5 0:00.72
728 5.3 0.3 1:17.41
583 0.0 0.5 0:00.72
583 0.0 0.5 0:00.72
583 0.0 0.5 0:00.72
583 0.0 0.5 0:00.72
583 0.0 0.5 0:00.72
583 0.0 0.5 0:00.72
583 0.0 0.5 0:00.72
583 0.0 0.5 0:00.72
583 0.0 0.5 0:00.72
583 0.0 0.5 0:00.72
583 0.0 0.5 0:00.72
583 0.0 0.5 0:00.72
583 0.0 0.5 0:00.72
583 0.0 0.5 0:00.72
583 0.0 0.5 0:00.72
583 0.0 0.5 0:00.72
583 0.0 0.5 0:00.72
583 0.0 0.5 0:00.72
583 0.0 0.5 0:00.72
583 0.0 0.5 0:00.72
583 0.0 0.5 0:00.72
728 4.8 0.3 1:17.58
583 0.0 0.5 0:00.72
583 0.0 0.5 0:00.72
583 0.0 0.5 0:00.72
583 0.0 0.5 0:00.72
583 0.0 0.5 0:00.72
583 0.0 0.5 0:00.72
583 0.0 0.5 0:00.72
583 0.0 0.5 0:00.72
583 0.0 0.5 0:00.72
583 0.0 0.5 0:00.72
583 0.0 0.5 0:00.72
583 0.0 0.5 0:00.72
583 0.0 0.5 0:00.72
728 11.1 0.3 1:17.62
583 0.0 0.5 0:00.72
583 0.0 0.5 0:00.72
583 0.0 0.5 0:00.72
583 0.0 0.5 0:00.72
583 0.0 0.5 0:00.72
583 0.0 0.5 0:00.72
583 0.0 0.5 0:00.72
583 0.0 0.5 0:00.72
583 0.0 0.5 0:00.72
583 0.0 0.5 0:00.72
583 0.0 0.5 0:00.72
583 0.0 0.5 0:00.72
583 0.0 0.5 0:00.72
583 0.0 0.5 0:00.72
583 0.0 0.5 0:00.72
583 0.0 0.5 0:00.72
583 0.0 0.5 0:00.72
583 0.0 0.5 0:00.72
583 0.0 0.5 0:00.72
583 0.0 0.5 0:00.72
583 0.0 0.5 0:00.72
583 0.0 0.5 0:00.72
583 0.0 0.5 0:00.72
583 0.0 0.5 0:00.72
583 0.0 0.5 0:00.72
583 0.0 0.5 0:00.72
583 0.0 0.5 0:00.72
583 0.0 0.5 0:00.72
583 0.0 0.5 0:00.72
583 0.0 0.5 0:00.72
728 5.6 0.3 1:17.70
583 0.0 0.5 0:00.72
583 0.0 0.5 0:00.72
583 0.0 0.5 0:00.72
583 0.0 0.5 0:00.72
583 0.0 0.5 0:00.72
583 0.0 0.5 0:00.72
583 0.0 0.5 0:00.72
583 0.0 0.5 0:00.72
583 0.0 0.5 0:00.72
728 16.7 0.3 1:17.75
583 0.0 0.5 0:00.72
583 0.0 0.5 0:00.72
583 0.0 0.5 0:00.72
583 0.0 0.5 0:00.72
583 0.0 0.5 0:00.72
583 0.0 0.5 0:00.72
728 5.6 0.3 1:17.77
583 0.0 0.5 0:00.72
583 0.0 0.5 0:00.72
583 0.0 0.5 0:00.72
583 0.0 0.5 0:00.72
583 0.0 0.5 0:00.72
583 0.0 0.5 0:00.72
583 0.0 0.5 0:00.72
583 0.0 0.5 0:00.72
583 0.0 0.5 0:00.72
583 0.0 0.5 0:00.72
728 5.9 0.3 1:17.81
583 0.0 0.5 0:00.72
583 0.0 0.5 0:00.72
583 0.0 0.5 0:00.72
583 0.0 0.5 0:00.72
583 0.0 0.5 0:00.72
583 0.0 0.5 0:00.72
583 0.0 0.5 0:00.72
583 0.0 0.5 0:00.72
583 0.0 0.5 0:00.72
583 0.0 0.5 0:00.72
17281 11.8 0.2 0:00.02
583 0.0 0.5 0:00.72
583 0.0 0.5 0:00.72
583 0.0 0.5 0:00.72
583 0.0 0.5 0:00.72
583 0.0 0.5 0:00.72
583 0.0 0.5 0:00.72
583 0.0 0.5 0:00.72
583 0.0 0.5 0:00.72
