729 14.3 0.3 1:08.67
729 0.0 0.3 1:08.69
729 0.0 0.3 1:08.69
729 0.0 0.3 1:08.69
729 0.0 0.3 1:08.69
729 0.0 0.3 1:08.69
729 0.0 0.3 1:08.69
729 0.0 0.3 1:08.69
729 0.0 0.3 1:08.69
729 0.0 0.3 1:08.69
729 0.0 0.3 1:08.69
729 0.0 0.3 1:08.69
729 0.0 0.3 1:08.69
729 0.0 0.3 1:08.69
729 0.0 0.3 1:08.69
729 0.0 0.3 1:08.69
729 0.0 0.3 1:08.69
729 0.0 0.3 1:08.69
729 0.0 0.3 1:08.69
729 0.0 0.3 1:08.74
729 0.0 0.3 1:08.74
729 0.0 0.3 1:08.74
729 0.0 0.3 1:08.74
729 0.0 0.3 1:08.74
729 0.0 0.3 1:08.74
729 0.0 0.3 1:08.74
729 0.0 0.3 1:08.74
729 0.0 0.3 1:08.74
729 0.0 0.3 1:08.74
729 0.0 0.3 1:08.74
729 0.0 0.3 1:08.74
729 0.0 0.3 1:08.74
729 0.0 0.3 1:08.74
729 0.0 0.3 1:08.74
729 0.0 0.3 1:08.74
729 0.0 0.3 1:08.75
729 0.0 0.3 1:08.75
729 5.0 0.3 1:08.80
729 0.0 0.3 1:08.80
729 0.0 0.3 1:08.80
729 0.0 0.3 1:08.80
729 0.0 0.3 1:08.80
729 0.0 0.3 1:08.80
729 0.0 0.3 1:08.80
729 0.0 0.3 1:08.80
729 0.0 0.3 1:08.80
729 0.0 0.3 1:08.80
729 0.0 0.3 1:08.80
729 0.0 0.3 1:08.80
729 0.0 0.3 1:08.80
729 0.0 0.3 1:08.80
729 0.0 0.3 1:08.80
729 0.0 0.3 1:08.80
729 0.0 0.3 1:08.82
729 0.0 0.3 1:08.82
729 0.0 0.3 1:08.82
729 0.0 0.3 1:08.84
729 0.0 0.3 1:08.84
729 0.0 0.3 1:08.84
729 0.0 0.3 1:08.84
729 0.0 0.3 1:08.84
729 0.0 0.3 1:08.84
729 0.0 0.3 1:08.84
729 0.0 0.3 1:08.84
729 0.0 0.3 1:08.84
729 0.0 0.3 1:08.84
729 0.0 0.3 1:08.84
729 0.0 0.3 1:08.84
729 0.0 0.3 1:08.84
729 0.0 0.3 1:08.84
729 0.0 0.3 1:08.84
729 0.0 0.3 1:08.85
729 0.0 0.3 1:08.86
729 0.0 0.3 1:08.86
729 0.0 0.3 1:08.88
729 0.0 0.3 1:08.88
729 0.0 0.3 1:08.88
729 0.0 0.3 1:08.88
729 0.0 0.3 1:08.88
729 0.0 0.3 1:08.88
729 0.0 0.3 1:08.88
729 0.0 0.3 1:08.88
729 0.0 0.3 1:08.88
729 0.0 0.3 1:08.88
729 0.0 0.3 1:08.88
729 0.0 0.3 1:08.88
729 5.6 0.3 1:08.89
729 11.1 0.3 1:08.91
729 0.0 0.3 1:08.91
729 0.0 0.3 1:08.91
729 0.0 0.3 1:08.91
729 0.0 0.3 1:08.93
729 17.6 0.3 1:08.96
729 0.0 0.3 1:08.96
729 0.0 0.3 1:08.96
729 0.0 0.3 1:08.96
729 0.0 0.3 1:08.96
729 0.0 0.3 1:08.96
729 0.0 0.3 1:08.96
729 0.0 0.3 1:08.96
729 0.0 0.3 1:08.96
729 0.0 0.3 1:08.96
729 0.0 0.3 1:08.96
729 0.0 0.3 1:08.96
729 0.0 0.3 1:08.96
729 0.0 0.3 1:08.96
729 0.0 0.3 1:08.97
729 0.0 0.3 1:08.97
729 0.0 0.3 1:08.98
729 0.0 0.3 1:08.98
729 0.0 0.3 1:08.98
729 0.0 0.3 1:09.01
729 0.0 0.3 1:09.01
729 0.0 0.3 1:09.01
729 0.0 0.3 1:09.01
729 0.0 0.3 1:09.01
729 0.0 0.3 1:09.01
729 0.0 0.3 1:09.01
729 0.0 0.3 1:09.01
729 0.0 0.3 1:09.01
729 0.0 0.3 1:09.01
729 0.0 0.3 1:09.01
729 0.0 0.3 1:09.01
729 0.0 0.3 1:09.01
729 0.0 0.3 1:09.01
729 5.6 0.3 1:09.03
729 0.0 0.3 1:09.04
729 0.0 0.3 1:09.04
729 0.0 0.3 1:09.05
729 0.0 0.3 1:09.09
729 0.0 0.3 1:09.09
729 0.0 0.3 1:09.09
729 0.0 0.3 1:09.09
729 0.0 0.3 1:09.09
729 0.0 0.3 1:09.09
729 0.0 0.3 1:09.09
729 0.0 0.3 1:09.09
729 0.0 0.3 1:09.09
729 0.0 0.3 1:09.09
729 0.0 0.3 1:09.09
729 0.0 0.3 1:09.09
729 0.0 0.3 1:09.09
729 0.0 0.3 1:09.09
729 0.0 0.3 1:09.10
729 0.0 0.3 1:09.11
729 0.0 0.3 1:09.12
729 0.0 0.3 1:09.12
729 5.6 0.3 1:09.13
729 0.0 0.3 1:09.14
729 0.0 0.3 1:09.14
729 0.0 0.3 1:09.14
729 0.0 0.3 1:09.14
729 0.0 0.3 1:09.14
729 0.0 0.3 1:09.14
729 0.0 0.3 1:09.14
729 0.0 0.3 1:09.14
729 0.0 0.3 1:09.14
729 0.0 0.3 1:09.14
729 0.0 0.3 1:09.14
729 0.0 0.3 1:09.14
729 0.0 0.3 1:09.16
729 0.0 0.3 1:09.16
729 0.0 0.3 1:09.16
729 0.0 0.3 1:09.16
729 0.0 0.3 1:09.17
729 0.0 0.3 1:09.17
729 0.0 0.3 1:09.19
729 0.0 0.3 1:09.19
729 0.0 0.3 1:09.19
729 0.0 0.3 1:09.19
729 0.0 0.3 1:09.19
729 0.0 0.3 1:09.19
729 0.0 0.3 1:09.19
729 0.0 0.3 1:09.19
729 0.0 0.3 1:09.19
729 0.0 0.3 1:09.19
729 0.0 0.3 1:09.19
17298 11.8 0.2 0:00.04
729 0.0 0.3 1:09.19
729 0.0 0.3 1:09.19
729 0.0 0.3 1:09.19
729 0.0 0.3 1:09.19
729 0.0 0.3 1:09.19
729 0.0 0.3 1:09.19
729 0.0 0.3 1:09.19
