2941 0.0 0.2 1:55.44
2941 5.0 0.2 1:55.52
2941 15.8 0.2 1:55.64
2941 11.1 0.2 1:55.78
2941 5.3 0.2 1:55.88
2941 9.5 0.2 1:56.01
2941 27.8 0.2 1:56.18
2941 10.5 0.2 1:56.33
2941 10.5 0.2 1:56.47
2941 15.8 0.2 1:56.63
2941 9.5 0.2 1:56.80
2941 10.0 0.2 1:56.94
2941 11.1 0.2 1:57.09
2941 27.8 0.2 1:57.28
2941 10.5 0.2 1:57.44
2941 10.5 0.2 1:57.61
2941 11.1 0.2 1:57.75
2941 10.5 0.2 1:57.92
2941 15.0 0.2 1:58.08
2941 10.5 0.2 1:58.23
2941 10.5 0.2 1:58.39
2941 15.8 0.2 1:58.56
2941 10.5 0.2 1:58.70
2941 15.8 0.2 1:58.86
2941 10.5 0.2 1:59.01
2941 13.0 0.2 1:59.19
2941 21.1 0.2 1:59.38
2941 10.0 0.2 1:59.56
2941 10.5 0.2 1:59.75
2941 15.8 0.2 1:59.93
2941 10.5 0.2 2:00.08
2941 15.0 0.2 2:00.24
2941 16.7 0.2 2:00.39
2941 10.5 0.2 2:00.55
2941 16.7 0.2 2:00.71
2941 10.5 0.2 2:00.86
2941 15.8 0.2 2:01.03
2941 10.0 0.2 2:01.17
2941 10.5 0.2 2:01.33
2941 9.5 0.2 2:01.48
2941 11.1 0.2 2:01.63
2941 15.8 0.2 2:01.79
2941 11.1 0.2 2:01.95
2941 10.5 0.2 2:02.13
2941 15.8 0.2 2:02.29
2941 15.8 0.2 2:02.45
2941 16.7 0.2 2:02.60
2941 15.0 0.2 2:02.75
2941 15.8 0.2 2:02.92
2941 16.7 0.2 2:03.08
2941 10.5 0.2 2:03.23
2941 15.0 0.2 2:03.39
2941 16.7 0.2 2:03.54
2941 21.1 0.2 2:03.70
2941 16.7 0.2 2:03.84
2941 13.0 0.2 2:04.00
2941 10.5 0.2 2:04.14
2941 15.8 0.2 2:04.30
2941 19.0 0.2 2:04.47
2941 15.0 0.2 2:04.64
2941 10.5 0.2 2:04.80
2941 10.5 0.2 2:04.95
2941 15.8 0.2 2:05.11
2941 10.5 0.2 2:05.26
2941 14.3 0.2 2:05.42
2941 15.0 0.2 2:05.57
2941 15.8 0.2 2:05.73
2941 14.3 0.2 2:05.90
2941 11.1 0.2 2:06.05
2941 17.4 0.2 2:06.23
2941 16.7 0.2 2:06.38
2941 10.5 0.2 2:06.53
2941 21.1 0.2 2:06.71
2941 10.5 0.2 2:06.86
2941 14.3 0.2 2:07.02
2941 0.0 0.2 2:07.12
