2941 0.0 0.2 0:27.23
2941 0.0 0.2 0:27.32
2941 20.0 0.2 0:27.43
2941 11.1 0.2 0:27.55
2941 5.6 0.2 0:27.64
2941 5.0 0.2 0:27.74
2941 9.1 0.2 0:28.01
2941 5.0 0.2 0:28.13
2941 30.0 0.2 0:28.36
2941 20.0 0.2 0:28.53
2941 21.1 0.2 0:28.71
2941 22.2 0.2 0:28.88
2941 11.1 0.2 0:29.07
2941 9.5 0.2 0:29.25
2941 10.0 0.2 0:29.41
2941 16.7 0.2 0:29.60
2941 20.0 0.2 0:29.81
2941 10.5 0.2 0:29.98
2941 22.2 0.2 0:30.17
2941 20.0 0.2 0:30.39
2941 14.3 0.2 0:30.56
2941 15.8 0.2 0:30.78
2941 15.0 0.2 0:30.95
2941 16.7 0.2 0:31.12
2941 16.7 0.2 0:31.31
2941 10.0 0.2 0:31.52
2941 18.2 0.2 0:31.70
2941 15.8 0.2 0:31.87
2941 22.2 0.2 0:32.05
2941 14.3 0.2 0:32.24
2941 15.8 0.2 0:32.43
2941 16.7 0.2 0:32.63
2941 15.8 0.2 0:32.80
2941 21.1 0.2 0:32.98
2941 15.8 0.2 0:33.14
2941 10.5 0.2 0:33.32
2941 10.0 0.2 0:33.48
2941 9.5 0.2 0:33.66
2941 16.7 0.2 0:33.85
2941 20.0 0.2 0:34.04
2941 15.8 0.2 0:34.21
2941 16.7 0.2 0:34.39
2941 10.0 0.2 0:34.56
2941 15.0 0.2 0:34.74
2941 21.1 0.2 0:34.93
2941 15.8 0.2 0:35.13
2941 15.0 0.2 0:35.35
2941 16.7 0.2 0:35.52
2941 10.0 0.2 0:35.72
2941 16.7 0.2 0:35.90
2941 10.5 0.2 0:36.08
2941 19.0 0.2 0:36.28
2941 15.8 0.2 0:36.49
2941 10.5 0.2 0:36.68
2941 15.8 0.2 0:36.86
2941 15.8 0.2 0:37.03
2941 11.1 0.2 0:37.23
2941 21.1 0.2 0:37.50
2941 15.8 0.2 0:37.72
2941 10.5 0.2 0:37.92
2941 16.7 0.2 0:38.14
2941 10.5 0.2 0:38.32
2941 19.0 0.2 0:38.51
2941 23.8 0.2 0:38.71
2941 10.5 0.2 0:38.90
2941 11.1 0.2 0:39.08
2941 16.7 0.2 0:39.26
2941 10.5 0.2 0:39.44
2941 15.8 0.2 0:39.62
2941 15.8 0.2 0:39.80
2941 15.8 0.2 0:39.97
2941 14.3 0.2 0:40.16
2941 10.0 0.2 0:40.33
2941 16.7 0.2 0:40.50
2941 16.7 0.2 0:40.69
