2942 0.0 0.1 0:00.16
2942 0.0 0.1 0:00.16
2942 0.0 0.1 0:00.16
2942 0.0 0.1 0:00.16
2942 0.0 0.1 0:00.16
2942 0.0 0.1 0:00.16
2942 0.0 0.1 0:00.16
2942 0.0 0.1 0:00.16
2942 0.0 0.1 0:00.16
2942 0.0 0.1 0:00.16
2942 0.0 0.1 0:00.16
2942 0.0 0.1 0:00.16
2942 0.0 0.1 0:00.16
2942 0.0 0.1 0:00.16
2942 0.0 0.1 0:00.16
2942 0.0 0.1 0:00.16
2942 0.0 0.1 0:00.16
2942 0.0 0.1 0:00.16
2942 0.0 0.1 0:00.16
2942 0.0 0.1 0:00.16
2942 0.0 0.1 0:00.16
2942 0.0 0.1 0:00.16
2942 0.0 0.1 0:00.16
2942 0.0 0.1 0:00.16
2942 0.0 0.1 0:00.16
2942 0.0 0.1 0:00.16
2942 0.0 0.1 0:00.16
2942 0.0 0.1 0:00.16
2942 0.0 0.1 0:00.16
2942 0.0 0.1 0:00.16
2942 0.0 0.1 0:00.16
2942 0.0 0.1 0:00.16
2942 0.0 0.1 0:00.16
2942 0.0 0.1 0:00.16
2942 0.0 0.1 0:00.16
2942 0.0 0.1 0:00.16
2942 0.0 0.1 0:00.16
2942 0.0 0.1 0:00.16
2942 0.0 0.1 0:00.16
2942 0.0 0.1 0:00.16
2942 0.0 0.1 0:00.16
2942 0.0 0.1 0:00.16
2942 0.0 0.1 0:00.16
2942 0.0 0.1 0:00.16
2942 0.0 0.1 0:00.16
2942 0.0 0.1 0:00.16
2942 0.0 0.1 0:00.16
2942 0.0 0.1 0:00.16
2942 0.0 0.1 0:00.16
2942 0.0 0.1 0:00.16
2942 0.0 0.1 0:00.16
2942 0.0 0.1 0:00.16
2942 0.0 0.1 0:00.16
2942 0.0 0.1 0:00.16
2942 0.0 0.1 0:00.16
2942 0.0 0.1 0:00.16
2942 0.0 0.1 0:00.16
2942 0.0 0.1 0:00.16
2942 0.0 0.1 0:00.16
2942 0.0 0.1 0:00.16
2942 0.0 0.1 0:00.16
2942 0.0 0.1 0:00.16
2942 0.0 0.1 0:00.16
2942 0.0 0.1 0:00.16
2942 0.0 0.1 0:00.16
2942 0.0 0.1 0:00.16
2942 0.0 0.1 0:00.16
2942 0.0 0.1 0:00.16
2942 0.0 0.1 0:00.16
2942 0.0 0.1 0:00.16
2942 0.0 0.1 0:00.16
2942 0.0 0.1 0:00.16
2942 0.0 0.1 0:00.16
2942 0.0 0.1 0:00.16
2942 0.0 0.1 0:00.16
