2942 0.0 0.1 0:00.11
2942 0.0 0.1 0:00.12
2942 0.0 0.1 0:00.12
2942 0.0 0.1 0:00.12
2942 0.0 0.1 0:00.12
2942 0.0 0.1 0:00.12
2942 0.0 0.1 0:00.12
2942 0.0 0.1 0:00.12
2942 0.0 0.1 0:00.12
2942 0.0 0.1 0:00.12
2942 0.0 0.1 0:00.12
12942 0.0 0.0 0:00.00
2942 0.0 0.1 0:00.12
2942 0.0 0.1 0:00.12
2942 0.0 0.1 0:00.12
2942 0.0 0.1 0:00.12
2942 0.0 0.1 0:00.12
2942 0.0 0.1 0:00.12
2942 0.0 0.1 0:00.12
2942 0.0 0.1 0:00.12
2942 0.0 0.1 0:00.12
2942 0.0 0.1 0:00.12
2942 0.0 0.1 0:00.12
2942 0.0 0.1 0:00.12
2942 0.0 0.1 0:00.12
2942 0.0 0.1 0:00.12
2942 0.0 0.1 0:00.12
2942 0.0 0.1 0:00.12
2942 0.0 0.1 0:00.12
2942 0.0 0.1 0:00.12
2942 0.0 0.1 0:00.12
2942 0.0 0.1 0:00.12
2942 0.0 0.1 0:00.12
2942 0.0 0.1 0:00.12
2942 0.0 0.1 0:00.12
2942 0.0 0.1 0:00.12
2942 0.0 0.1 0:00.12
2942 0.0 0.1 0:00.12
2942 0.0 0.1 0:00.12
2942 0.0 0.1 0:00.12
2942 0.0 0.1 0:00.12
2942 0.0 0.1 0:00.12
2942 0.0 0.1 0:00.12
2942 0.0 0.1 0:00.12
2942 0.0 0.1 0:00.12
2942 0.0 0.1 0:00.12
2942 0.0 0.1 0:00.12
2942 0.0 0.1 0:00.12
2942 0.0 0.1 0:00.12
2942 0.0 0.1 0:00.12
2942 0.0 0.1 0:00.12
2942 0.0 0.1 0:00.12
2942 0.0 0.1 0:00.12
2942 0.0 0.1 0:00.12
2942 0.0 0.1 0:00.12
2942 0.0 0.1 0:00.12
2942 0.0 0.1 0:00.12
2942 0.0 0.1 0:00.12
2942 0.0 0.1 0:00.12
2942 0.0 0.1 0:00.12
2942 0.0 0.1 0:00.12
2942 0.0 0.1 0:00.12
2942 0.0 0.1 0:00.12
2942 0.0 0.1 0:00.12
2942 0.0 0.1 0:00.12
2942 0.0 0.1 0:00.12
2942 0.0 0.1 0:00.12
2942 0.0 0.1 0:00.12
2942 0.0 0.1 0:00.12
2942 0.0 0.1 0:00.12
2942 0.0 0.1 0:00.12
2942 0.0 0.1 0:00.12
2942 0.0 0.1 0:00.12
2942 0.0 0.1 0:00.12
2942 0.0 0.1 0:00.12
