2943 0.0 0.2 0:00.52
2943 0.0 0.2 0:00.53
2943 0.0 0.2 0:00.53
2943 0.0 0.2 0:00.53
2943 0.0 0.2 0:00.53
2943 0.0 0.2 0:00.53
2943 0.0 0.2 0:00.53
2943 0.0 0.2 0:00.53
2943 0.0 0.2 0:00.53
2943 0.0 0.2 0:00.53
2943 0.0 0.2 0:00.53
2943 0.0 0.2 0:00.53
2943 0.0 0.2 0:00.53
2943 0.0 0.2 0:00.53
2943 0.0 0.2 0:00.53
2943 0.0 0.2 0:00.53
2943 0.0 0.2 0:00.53
2943 0.0 0.2 0:00.53
2943 0.0 0.2 0:00.53
2943 0.0 0.2 0:00.53
2943 0.0 0.2 0:00.53
2943 0.0 0.2 0:00.53
2943 0.0 0.2 0:00.53
2943 0.0 0.2 0:00.53
2943 0.0 0.2 0:00.53
2943 0.0 0.2 0:00.53
2943 0.0 0.2 0:00.53
2943 0.0 0.2 0:00.53
2943 0.0 0.2 0:00.53
2943 0.0 0.2 0:00.53
2943 0.0 0.2 0:00.53
2943 0.0 0.2 0:00.53
2943 0.0 0.2 0:00.53
2943 0.0 0.2 0:00.53
2943 0.0 0.2 0:00.53
2943 0.0 0.2 0:00.53
2943 0.0 0.2 0:00.53
2943 0.0 0.2 0:00.53
2943 0.0 0.2 0:00.53
2943 0.0 0.2 0:00.53
2943 0.0 0.2 0:00.53
2943 0.0 0.2 0:00.53
2943 0.0 0.2 0:00.53
2943 0.0 0.2 0:00.53
2943 0.0 0.2 0:00.53
2943 0.0 0.2 0:00.53
2943 0.0 0.2 0:00.53
2943 0.0 0.2 0:00.53
2943 0.0 0.2 0:00.53
2943 0.0 0.2 0:00.53
2943 0.0 0.2 0:00.53
2943 0.0 0.2 0:00.53
2943 0.0 0.2 0:00.53
2943 0.0 0.2 0:00.53
2943 0.0 0.2 0:00.53
2943 0.0 0.2 0:00.53
2943 0.0 0.2 0:00.53
2943 0.0 0.2 0:00.53
2943 0.0 0.2 0:00.53
2943 0.0 0.2 0:00.53
2943 0.0 0.2 0:00.53
2943 0.0 0.2 0:00.53
2943 0.0 0.2 0:00.53
2943 0.0 0.2 0:00.53
2943 0.0 0.2 0:00.53
2943 0.0 0.2 0:00.53
2943 0.0 0.2 0:00.53
2943 0.0 0.2 0:00.53
2943 0.0 0.2 0:00.53
2943 0.0 0.2 0:00.53
2943 0.0 0.2 0:00.53
2943 0.0 0.2 0:00.53
2943 0.0 0.2 0:00.53
2943 0.0 0.2 0:00.53
2943 0.0 0.2 0:00.53
2943 0.0 0.2 0:00.53
