2943 5.3 0.2 0:00.68
2943 0.0 0.2 0:00.68
2943 0.0 0.2 0:00.69
2943 0.0 0.2 0:00.69
2943 0.0 0.2 0:00.69
2943 0.0 0.2 0:00.69
2943 0.0 0.2 0:00.69
2943 0.0 0.2 0:00.69
2943 0.0 0.2 0:00.69
2943 0.0 0.2 0:00.69
2943 0.0 0.2 0:00.69
2943 0.0 0.2 0:00.69
2943 0.0 0.2 0:00.69
2943 0.0 0.2 0:00.69
2943 0.0 0.2 0:00.69
2943 0.0 0.2 0:00.69
2943 0.0 0.2 0:00.69
2943 0.0 0.2 0:00.69
2943 0.0 0.2 0:00.69
2943 0.0 0.2 0:00.69
2943 0.0 0.2 0:00.69
2943 0.0 0.2 0:00.69
2943 0.0 0.2 0:00.69
2943 0.0 0.2 0:00.69
2943 0.0 0.2 0:00.69
2943 0.0 0.2 0:00.69
2943 0.0 0.2 0:00.69
2943 0.0 0.2 0:00.69
2943 0.0 0.2 0:00.69
2943 0.0 0.2 0:00.69
2943 0.0 0.2 0:00.69
2943 0.0 0.2 0:00.69
2943 0.0 0.2 0:00.69
2943 0.0 0.2 0:00.69
2943 0.0 0.2 0:00.69
2943 0.0 0.2 0:00.69
2943 0.0 0.2 0:00.69
2943 0.0 0.2 0:00.69
2943 0.0 0.2 0:00.69
2943 0.0 0.2 0:00.69
2943 0.0 0.2 0:00.69
2943 0.0 0.2 0:00.69
2943 0.0 0.2 0:00.69
2943 0.0 0.2 0:00.69
2943 0.0 0.2 0:00.69
2943 0.0 0.2 0:00.69
2943 0.0 0.2 0:00.69
2943 0.0 0.2 0:00.69
2943 0.0 0.2 0:00.69
2943 0.0 0.2 0:00.69
2943 0.0 0.2 0:00.69
2943 0.0 0.2 0:00.69
2943 0.0 0.2 0:00.69
2943 0.0 0.2 0:00.69
2943 0.0 0.2 0:00.69
2943 0.0 0.2 0:00.69
2943 0.0 0.2 0:00.69
2943 0.0 0.2 0:00.69
2943 5.3 0.2 0:00.70
2943 0.0 0.2 0:00.70
2943 0.0 0.2 0:00.70
2943 0.0 0.2 0:00.70
2943 0.0 0.2 0:00.70
2943 0.0 0.2 0:00.70
2943 0.0 0.2 0:00.70
2943 5.6 0.2 0:00.71
2943 0.0 0.2 0:00.71
2943 0.0 0.2 0:00.71
2943 0.0 0.2 0:00.71
2943 0.0 0.2 0:00.71
2943 0.0 0.2 0:00.71
2943 0.0 0.2 0:00.71
2943 0.0 0.2 0:00.71
