710 5.3 0.4 0:02.88
710 5.3 0.4 0:02.90
554 0.0 0.9 0:00.49
554 0.0 0.9 0:00.49
554 0.0 0.9 0:00.49
554 0.0 0.9 0:00.49
554 0.0 0.9 0:00.49
710 5.6 0.4 0:03.01
554 0.0 0.9 0:00.49
554 0.0 0.9 0:00.49
554 0.0 0.9 0:00.49
710 5.3 0.4 0:03.08
554 0.0 0.9 0:00.49
710 5.6 0.4 0:03.12
554 0.0 0.9 0:00.49
710 5.6 0.4 0:03.15
554 0.0 0.9 0:00.49
554 0.0 0.9 0:00.49
710 5.3 0.4 0:03.20
554 0.0 0.9 0:00.49
554 0.0 0.9 0:00.49
710 5.6 0.4 0:03.25
554 0.0 0.9 0:00.49
554 0.0 0.9 0:00.49
554 0.0 0.9 0:00.49
554 0.0 0.9 0:00.49
554 0.0 0.9 0:00.49
554 0.0 0.9 0:00.49
554 0.0 0.9 0:00.49
554 0.0 0.9 0:00.49
710 5.3 0.4 0:03.41
554 0.0 0.9 0:00.49
554 0.0 0.9 0:00.49
554 0.0 0.9 0:00.49
554 0.0 0.9 0:00.49
554 0.0 0.9 0:00.49
554 0.0 0.9 0:00.49
710 5.3 0.4 0:03.53
554 0.0 0.9 0:00.49
554 0.0 0.9 0:00.49
710 5.6 0.4 0:03.59
710 5.0 0.4 0:03.61
554 0.0 0.9 0:00.49
554 0.0 0.9 0:00.49
554 0.0 0.9 0:00.49
710 5.6 0.4 0:03.69
554 0.0 0.9 0:00.49
710 5.6 0.4 0:03.72
KiB used, 257100 buff/cache
554 0.0 0.9 0:00.49
710 5.3 0.4 0:03.77
554 0.0 0.9 0:00.49
554 0.0 0.9 0:00.49
554 0.0 0.9 0:00.49
554 0.0 0.9 0:00.49
710 5.6 0.4 0:03.86
554 0.0 0.9 0:00.49
554 0.0 0.9 0:00.49
554 0.0 0.9 0:00.49
710 5.6 0.4 0:03.93
554 0.0 0.9 0:00.49
554 0.0 0.9 0:00.49
554 0.0 0.9 0:00.49
554 0.0 0.9 0:00.49
554 0.0 0.9 0:00.49
710 5.6 0.4 0:04.04
554 0.0 0.9 0:00.49
554 0.0 0.9 0:00.49
554 0.0 0.9 0:00.49
710 5.3 0.4 0:04.11
554 0.0 0.9 0:00.49
710 5.6 0.4 0:04.15
554 0.0 0.9 0:00.49
554 0.0 0.9 0:00.49
554 0.0 0.9 0:00.49
710 5.3 0.4 0:04.23
554 0.0 0.9 0:00.49
554 0.0 0.9 0:00.49
554 0.0 0.9 0:00.49
554 0.0 0.9 0:00.49
554 0.0 0.9 0:00.49
554 0.0 0.9 0:00.49
554 0.0 0.9 0:00.49
554 0.0 0.9 0:00.49
554 0.0 0.9 0:00.49
554 0.0 0.9 0:00.49
554 0.0 0.9 0:00.49
554 0.0 0.9 0:00.49
554 0.0 0.9 0:00.49
554 0.0 0.9 0:00.49
554 0.0 0.9 0:00.49
