712 4.8 0.4 0:05.14
424 0.0 0.2 0:00.30
712 5.6 0.4 0:05.18
712 5.6 0.4 0:05.21
575 5.6 0.5 0:01.97
575 5.3 0.5 0:01.98
424 0.0 0.2 0:00.30
424 0.0 0.2 0:00.30
712 5.6 0.4 0:05.31
KiB used, 257712 buff/cache
424 0.0 0.2 0:00.30
424 0.0 0.2 0:00.30
424 0.0 0.2 0:00.30
424 0.0 0.2 0:00.30
424 0.0 0.2 0:00.30
424 0.0 0.2 0:00.30
575 5.3 0.5 0:02.05
424 0.0 0.2 0:00.30
575 5.6 0.5 0:02.06
712 5.3 0.4 0:05.54
712 5.3 0.4 0:05.56
575 5.3 0.5 0:02.08
424 0.0 0.2 0:00.30
712 5.3 0.4 0:05.62
575 5.6 0.5 0:02.10
424 0.0 0.2 0:00.30
575 5.6 0.5 0:02.11
712 5.3 0.4 0:05.71
575 5.3 0.5 0:02.12
575 5.0 0.5 0:02.13
575 5.6 0.5 0:02.14
575 5.6 0.5 0:02.15
424 0.0 0.2 0:00.30
575 5.6 0.5 0:02.16
712 5.6 0.4 0:05.86
712 5.3 0.4 0:05.89
575 5.6 0.5 0:02.18
424 0.0 0.2 0:00.30
575 5.3 0.5 0:02.19
424 0.0 0.2 0:00.30
424 0.0 0.2 0:00.30
575 5.9 0.5 0:02.21
575 5.6 0.5 0:02.22
424 0.0 0.2 0:00.30
424 0.0 0.2 0:00.30
424 0.0 0.2 0:00.30
424 0.0 0.2 0:00.30
575 5.6 0.5 0:02.26
712 5.0 0.4 0:06.19
575 5.6 0.5 0:02.27
424 0.0 0.2 0:00.30
712 5.6 0.4 0:06.26
575 5.3 0.5 0:02.29
KiB 1534712 avail Mem
424 0.0 0.2 0:00.30
424 0.0 0.2 0:00.30
424 0.0 0.2 0:00.30
KiB used, 258332 buff/cache
712 5.6 0.4 0:06.41
575 5.3 0.5 0:02.33
424 0.0 0.2 0:00.30
575 5.3 0.5 0:02.34
424 0.0 0.2 0:00.30
575 5.6 0.5 0:02.35
575 5.6 0.5 0:02.36
575 4.8 0.5 0:02.37
712 5.3 0.4 0:06.58
424 0.0 0.2 0:00.30
424 0.0 0.2 0:00.30
424 0.0 0.2 0:00.30
712 5.6 0.4 0:06.66
575 5.6 0.5 0:02.41
424 0.0 0.2 0:00.30
575 5.6 0.5 0:02.43
KiB used, 258608 buff/cache
575 5.3 0.5 0:02.44
575 4.8 0.5 0:02.45
424 0.0 0.2 0:00.30
KiB used, 258644 buff/cache
712 5.6 0.4 0:06.86
424 0.0 0.2 0:00.30
575 5.9 0.5 0:02.48
424 0.0 0.2 0:00.30
575 5.6 0.5 0:02.49
424 0.0 0.2 0:00.30
KiB 1535712 avail Mem
424 0.0 0.2 0:00.30
424 0.0 0.2 0:00.30
