709 10.0 0.3 0:06.94
709 4.8 0.3 0:07.00
709 0.0 0.3 0:07.00
709 0.0 0.3 0:07.00
709 0.0 0.3 0:07.00
709 0.0 0.3 0:07.00
709 17.6 0.3 0:07.12
709 13.6 0.3 0:07.24
709 20.0 0.3 0:07.38
709 16.7 0.3 0:07.49
709 15.8 0.3 0:07.62
709 15.8 0.3 0:07.76
709 16.7 0.3 0:07.89
709 9.1 0.3 0:08.02
709 0.0 0.3 0:08.05
709 0.0 0.3 0:08.05
709 0.0 0.3 0:08.05
709 0.0 0.3 0:08.05
709 0.0 0.3 0:08.05
709 0.0 0.3 0:08.05
709 0.0 0.3 0:08.05
709 0.0 0.3 0:08.05
709 0.0 0.3 0:08.05
709 0.0 0.3 0:08.05
709 0.0 0.3 0:08.05
709 0.0 0.3 0:08.05
