2932 26.3 0.1 2:12.18
2932 35.0 0.1 2:12.54
2932 23.8 0.1 2:12.96
2932 27.8 0.1 2:13.29
2932 36.8 0.1 2:13.70
2932 35.0 0.1 2:14.10
2932 32.1 0.1 2:14.59
2932 27.6 0.1 2:15.05
2932 39.1 0.1 2:15.54
2932 30.0 0.1 2:15.94
2932 30.0 0.1 2:16.33
2932 36.8 0.1 2:16.72
2932 30.0 0.1 2:17.16
2932 35.0 0.1 2:17.57
2932 42.1 0.1 2:17.99
2932 36.8 0.1 2:18.41
2932 36.8 0.1 2:18.83
2932 33.3 0.1 2:19.27
2932 31.6 0.1 2:19.68
2932 26.3 0.1 2:20.08
2932 19.0 0.1 2:20.47
2932 36.8 0.1 2:20.87
2932 26.3 0.1 2:21.29
2932 35.0 0.1 2:21.69
2932 33.3 0.1 2:22.13
2932 33.3 0.1 2:22.52
2932 38.9 0.1 2:23.00
2932 33.3 0.1 2:23.48
2932 35.0 0.1 2:23.95
2932 47.4 0.1 2:24.46
2932 50.0 0.1 2:24.98
2932 44.4 0.1 2:25.51
2932 50.0 0.1 2:25.97
2932 33.3 0.1 2:26.48
2932 42.1 0.1 2:26.95
2932 38.1 0.1 2:27.44
2932 36.8 0.1 2:27.91
2932 42.1 0.1 2:28.42
2932 36.8 0.1 2:28.91
2932 36.8 0.1 2:29.38
2932 10.5 0.1 2:29.78
2932 0.0 0.1 2:29.78
2932 0.0 0.1 2:29.78
