2932 20.7 0.1 0:59.63
2932 18.9 0.1 0:59.94
2932 20.8 0.1 1:00.28
2932 31.6 0.1 1:00.64
2932 16.0 0.1 1:00.96
2932 30.4 0.1 1:01.29
2932 22.2 0.1 1:01.66
2932 40.0 0.1 1:02.09
2932 14.3 0.1 1:02.38
2932 13.3 0.1 1:02.76
2932 20.0 0.1 1:03.11
2932 21.1 0.1 1:03.44
2932 21.1 0.1 1:03.82
2932 17.4 0.1 1:04.12
2932 18.5 0.1 1:04.41
2932 34.8 0.1 1:04.74
2932 36.8 0.1 1:05.06
2932 25.0 0.1 1:05.41
2932 36.4 0.1 1:05.76
2932 26.3 0.1 1:06.11
2932 22.2 0.1 1:06.41
2932 27.8 0.1 1:06.78
2932 26.9 0.1 1:07.10
2932 22.7 0.1 1:07.45
2932 26.3 0.1 1:07.80
2932 25.0 0.1 1:08.17
2932 31.6 0.1 1:08.52
2932 31.6 0.1 1:08.85
2932 31.6 0.1 1:09.23
2932 22.2 0.1 1:09.58
2932 25.0 0.1 1:10.01
2932 25.0 0.1 1:10.35
2932 31.6 0.1 1:10.70
2932 28.6 0.1 1:11.01
2932 23.8 0.1 1:11.28
2932 22.7 0.1 1:11.61
2932 28.6 0.1 1:11.93
2932 28.0 0.1 1:12.28
2932 18.2 0.1 1:12.58
2932 19.2 0.1 1:12.94
2932 25.0 0.1 1:13.27
2932 14.3 0.1 1:13.54
2932 20.0 0.1 1:13.87
2932 26.3 0.1 1:14.20
2932 31.6 0.1 1:14.54
2932 33.3 0.1 1:14.89
2932 21.1 0.1 1:15.18
2932 20.0 0.1 1:15.53
2932 25.0 0.1 1:15.96
2932 23.5 0.1 1:16.36
2932 25.0 0.1 1:16.64
2932 21.7 0.1 1:16.95
2932 23.8 0.1 1:17.30
2932 15.8 0.1 1:17.63
2932 28.6 0.1 1:17.96
2932 31.6 0.1 1:18.34
2932 23.8 0.1 1:18.68
2932 20.0 0.1 1:19.04
2932 30.0 0.1 1:19.42
2932 23.8 0.1 1:19.78
2932 25.0 0.1 1:20.17
2932 25.0 0.1 1:20.52
2932 36.8 0.1 1:20.87
2932 23.8 0.1 1:21.18
2932 36.8 0.1 1:21.53
2932 30.0 0.1 1:21.90
2932 23.1 0.1 1:22.31
2932 26.9 0.1 1:22.59
2932 27.3 0.1 1:22.95
2932 36.8 0.1 1:23.29
2932 27.3 0.1 1:23.60
2932 28.6 0.1 1:23.95
2932 25.0 0.1 1:24.26
2932 28.6 0.1 1:24.63
2932 17.9 0.1 1:24.93
2932 20.8 0.1 1:25.21
2932 18.2 0.1 1:25.52
2932 27.3 0.1 1:25.84
2932 21.7 0.1 1:26.18
2932 23.8 0.1 1:26.55
2932 25.0 0.1 1:26.95
2932 23.3 0.1 1:27.35
2932 25.0 0.1 1:27.67
2932 17.2 0.1 1:28.02
2932 15.0 0.1 1:28.10
2932 0.0 0.1 1:28.20
2932 0.0 0.1 1:28.20
2932 0.0 0.1 1:28.20
2932 0.0 0.1 1:28.20
2932 0.0 0.1 1:28.20
12932 0.0 0.1 0:00.00
2932 0.0 0.1 1:28.20
2932 0.0 0.1 1:28.20
2932 0.0 0.1 1:28.20
2932 0.0 0.1 1:28.20
2932 0.0 0.1 1:28.20
2932 0.0 0.1 1:28.20
2932 0.0 0.1 1:28.20
2932 0.0 0.1 1:28.20
2932 0.0 0.1 1:28.20
2932 0.0 0.1 1:28.20
2932 0.0 0.1 1:28.20
2932 0.0 0.1 1:28.20
2932 0.0 0.1 1:28.20
2932 0.0 0.1 1:28.20
2932 0.0 0.1 1:28.20
2932 0.0 0.1 1:28.20
2932 0.0 0.1 1:28.20
2932 0.0 0.1 1:28.20
2932 0.0 0.1 1:28.20
2932 0.0 0.1 1:28.20
2932 0.0 0.1 1:28.20
2932 0.0 0.1 1:28.20
2932 0.0 0.1 1:28.20
2932 0.0 0.1 1:28.20
2932 0.0 0.1 1:28.20
2932 0.0 0.1 1:28.20
2932 0.0 0.1 1:28.20
2932 0.0 0.1 1:28.20
2932 0.0 0.1 1:28.20
2932 0.0 0.1 1:28.20
2932 0.0 0.1 1:28.20
