2935 9.1 0.1 0:03.37
2935 10.5 0.1 0:03.44
2935 0.0 0.1 0:03.46
2935 0.0 0.1 0:03.49
2935 0.0 0.1 0:03.54
2935 0.0 0.1 0:03.56
2935 0.0 0.1 0:03.57
2935 0.0 0.1 0:03.61
2935 5.3 0.1 0:03.64
2935 5.6 0.1 0:03.66
2935 5.3 0.1 0:03.69
2935 5.3 0.1 0:03.72
2935 0.0 0.1 0:03.75
2935 0.0 0.1 0:03.76
2935 0.0 0.1 0:03.77
2935 4.8 0.1 0:03.79
2935 5.6 0.1 0:03.81
2935 0.0 0.1 0:03.84
2935 0.0 0.1 0:03.85
2935 4.5 0.1 0:03.88
2935 0.0 0.1 0:03.90
2935 0.0 0.1 0:03.92
2935 0.0 0.1 0:03.96
2935 3.4 0.1 0:03.99
2935 0.0 0.1 0:04.00
2935 4.3 0.1 0:04.03
2935 0.0 0.1 0:04.05
2935 0.0 0.1 0:04.06
2935 0.0 0.1 0:04.10
2935 5.6 0.1 0:04.11
2935 0.0 0.1 0:04.12
2935 8.7 0.1 0:04.17
2935 0.0 0.1 0:04.19
2935 0.0 0.1 0:04.20
2935 0.0 0.1 0:04.23
2935 0.0 0.1 0:04.27
2935 0.0 0.1 0:04.30
2935 0.0 0.1 0:04.34
2935 4.5 0.1 0:04.37
2935 0.0 0.1 0:04.40
2935 0.0 0.1 0:04.42
2935 0.0 0.1 0:04.46
2935 5.0 0.1 0:04.49
2935 5.0 0.1 0:04.52
2935 5.0 0.1 0:04.55
2935 0.0 0.1 0:04.58
2935 4.8 0.1 0:04.61
2935 4.8 0.1 0:04.64
2935 5.6 0.1 0:04.66
2935 4.2 0.1 0:04.69
2935 5.3 0.1 0:04.72
2935 4.5 0.1 0:04.75
2935 0.0 0.1 0:04.77
2935 0.0 0.1 0:04.79
2935 0.0 0.1 0:04.81
2935 0.0 0.1 0:04.83
2935 5.0 0.1 0:04.85
2935 0.0 0.1 0:04.87
2935 5.3 0.1 0:04.90
2935 5.3 0.1 0:04.93
2935 0.0 0.1 0:04.98
2935 10.5 0.1 0:05.03
2935 4.0 0.1 0:05.05
2935 0.0 0.1 0:05.07
2935 4.8 0.1 0:05.09
2935 0.0 0.1 0:05.10
2935 5.6 0.1 0:05.12
2935 11.1 0.1 0:05.17
2935 5.0 0.1 0:05.20
2935 0.0 0.1 0:05.21
2935 4.3 0.1 0:05.25
2935 0.0 0.1 0:05.30
2935 0.0 0.1 0:05.34
2935 5.0 0.1 0:05.37
2935 0.0 0.1 0:05.41
2935 5.6 0.1 0:05.44
2935 5.3 0.1 0:05.47
2935 4.2 0.1 0:05.50
2935 0.0 0.1 0:05.50
2935 0.0 0.1 0:05.52
2935 0.0 0.1 0:05.54
2935 0.0 0.1 0:05.57
2935 4.5 0.1 0:05.59
2935 0.0 0.1 0:05.61
2935 0.0 0.1 0:05.63
2935 0.0 0.1 0:05.63
2935 0.0 0.1 0:05.63
2935 0.0 0.1 0:05.63
2935 0.0 0.1 0:05.63
2935 0.0 0.1 0:05.63
2935 0.0 0.1 0:05.63
2935 0.0 0.1 0:05.63
2935 0.0 0.1 0:05.63
2935 0.0 0.1 0:05.63
2935 0.0 0.1 0:05.63
2935 0.0 0.1 0:05.63
2935 0.0 0.1 0:05.63
2935 0.0 0.1 0:05.63
2935 0.0 0.1 0:05.63
2935 0.0 0.1 0:05.63
2935 0.0 0.1 0:05.63
2935 0.0 0.1 0:05.63
2935 0.0 0.1 0:05.63
2935 0.0 0.1 0:05.63
2935 0.0 0.1 0:05.63
2935 0.0 0.1 0:05.63
2935 0.0 0.1 0:05.63
2935 0.0 0.1 0:05.63
2935 0.0 0.1 0:05.63
2935 0.0 0.1 0:05.63
2935 0.0 0.1 0:05.63
2935 0.0 0.1 0:05.63
2935 0.0 0.1 0:05.63
2935 0.0 0.1 0:05.63
2935 0.0 0.1 0:05.63
2935 0.0 0.1 0:05.63
2935 0.0 0.1 0:05.63
2935 0.0 0.1 0:05.63
2935 0.0 0.1 0:05.63
2935 0.0 0.1 0:05.63
2935 0.0 0.1 0:05.63
2935 0.0 0.1 0:05.63
