2923 35.0 0.1 0:32.94
2923 36.8 0.1 0:33.40
2923 40.0 0.1 0:33.86
2923 45.0 0.1 0:34.36
2923 42.1 0.1 0:34.87
2923 50.0 0.1 0:35.44
2923 47.4 0.1 0:36.04
2923 32.0 0.1 0:36.61
2923 47.6 0.1 0:37.17
2923 36.8 0.1 0:37.72
2923 38.9 0.1 0:38.28
2923 40.9 0.1 0:38.81
2923 39.1 0.1 0:39.43
2923 45.5 0.1 0:39.92
2923 42.1 0.1 0:40.36
2923 52.6 0.1 0:40.92
2923 0.0 0.1 0:41.12
2923 0.0 0.1 0:41.12
2923 0.0 0.1 0:41.12
2923 0.0 0.1 0:41.12
2923 0.0 0.1 0:41.12
2923 0.0 0.1 0:41.12
2923 0.0 0.1 0:41.12
2923 0.0 0.1 0:41.12
2923 0.0 0.1 0:41.12
2923 0.0 0.1 0:41.12
2923 0.0 0.1 0:41.12
2923 0.0 0.1 0:41.12
2923 0.0 0.1 0:41.12
2923 0.0 0.1 0:41.12
2923 0.0 0.1 0:41.12
2923 0.0 0.1 0:41.12
2923 0.0 0.1 0:41.12
2923 0.0 0.1 0:41.12
2923 0.0 0.1 0:41.12
2923 0.0 0.1 0:41.12
2923 0.0 0.1 0:41.12
2923 0.0 0.1 0:41.12
2923 0.0 0.1 0:41.12
2923 0.0 0.1 0:41.12
2923 0.0 0.1 0:41.12
2923 0.0 0.1 0:41.12
2923 0.0 0.1 0:41.12
2923 0.0 0.1 0:41.12
2923 0.0 0.1 0:41.12
2923 0.0 0.1 0:41.12
2923 0.0 0.1 0:41.12
