283 0.0 1.2 0:00.64
283 0.0 1.2 0:00.64
283 0.0 1.2 0:00.64
283 0.0 1.2 0:00.64
283 0.0 1.2 0:00.64
283 0.0 1.2 0:00.64
283 0.0 1.2 0:00.64
283 0.0 1.2 0:00.64
283 0.0 1.2 0:00.64
283 0.0 1.2 0:00.64
283 0.0 1.2 0:00.64
283 0.0 1.2 0:00.64
283 0.0 1.2 0:00.64
KiB used, 271436 buff/cache
283 0.0 1.2 0:00.64
283 0.0 1.2 0:00.64
283 0.0 1.2 0:00.64
KiB 1537216 avail Mem
283 0.0 1.2 0:00.64
283 0.0 1.2 0:00.64
283 0.0 1.2 0:00.64
283 0.0 1.2 0:00.64
283 0.0 1.2 0:00.64
283 0.0 1.2 0:00.64
283 0.0 1.2 0:00.64
283 0.0 1.2 0:00.64
283 0.0 1.2 0:00.64
283 0.0 1.2 0:00.64
283 0.0 1.2 0:00.64
283 0.0 1.2 0:00.64
283 0.0 1.2 0:00.64
283 0.0 1.2 0:00.64
283 0.0 1.2 0:00.64
283 0.0 1.2 0:00.64
283 0.0 1.2 0:00.64
283 0.0 1.2 0:00.64
283 0.0 1.2 0:00.64
283 0.0 1.2 0:00.64
283 0.0 1.2 0:00.64
283 0.0 1.2 0:00.64
283 0.0 1.2 0:00.64
283 0.0 1.2 0:00.64
283 0.0 1.2 0:00.64
283 0.0 1.2 0:00.64
27211 22.2 0.2 0:00.08
283 0.0 1.2 0:00.64
283 0.0 1.2 0:00.64
283 0.0 1.2 0:00.64
283 0.0 1.2 0:00.64
283 0.0 1.2 0:00.64
283 0.0 1.2 0:00.64
283 0.0 1.2 0:00.64
283 0.0 1.2 0:00.64
KiB used, 272100 buff/cache
KiB used, 272116 buff/cache
KiB used, 272112 buff/cache
KiB used, 272128 buff/cache
KiB used, 272140 buff/cache
KiB used, 272172 buff/cache
KiB used, 272188 buff/cache
KiB used, 272192 buff/cache
283 0.0 1.2 0:00.64
283 0.0 1.2 0:00.64
283 0.0 1.2 0:00.64
283 0.0 1.2 0:00.64
283 0.0 1.2 0:00.64
283 0.0 1.2 0:00.64
283 0.0 1.2 0:00.64
283 0.0 1.2 0:00.64
283 0.0 1.2 0:00.64
283 0.0 1.2 0:00.64
283 0.0 1.2 0:00.64
283 0.0 1.2 0:00.64
283 0.0 1.2 0:00.64
283 0.0 1.2 0:00.64
283 0.0 1.2 0:00.64
283 0.0 1.2 0:00.64
283 0.0 1.2 0:00.64
283 0.0 1.2 0:00.64
283 0.0 1.2 0:00.64
283 0.0 1.2 0:00.64
283 0.0 1.2 0:00.64
283 0.0 1.2 0:00.64
283 0.0 1.2 0:00.64
283 0.0 1.2 0:00.64
283 0.0 1.2 0:00.64
283 0.0 1.2 0:00.64
283 0.0 1.2 0:00.64
283 0.0 1.2 0:00.64
283 0.0 1.2 0:00.64
283 0.0 1.2 0:00.64
283 0.0 1.2 0:00.64
283 0.0 1.2 0:00.64
283 0.0 1.2 0:00.64
283 0.0 1.2 0:00.64
283 0.0 1.2 0:00.64
283 0.0 1.2 0:00.64
283 0.0 1.2 0:00.64
283 0.0 1.2 0:00.64
283 0.0 1.2 0:00.64
