723 0.0 0.4 0:07.02
723 10.5 0.4 0:07.07
723 0.0 0.4 0:07.09
723 5.6 0.4 0:07.13
723 0.0 0.4 0:07.17
723 0.0 0.4 0:07.19
723 0.0 0.4 0:07.22
723 0.0 0.4 0:07.25
723 5.0 0.4 0:07.29
723 5.6 0.4 0:07.32
723 0.0 0.4 0:07.35
723 5.6 0.4 0:07.39
723 5.3 0.4 0:07.42
723 0.0 0.4 0:07.44
723 5.6 0.4 0:07.47
723 5.6 0.4 0:07.50
723 5.3 0.4 0:07.53
723 4.8 0.4 0:07.56
723 5.3 0.4 0:07.59
723 5.0 0.4 0:07.62
723 5.3 0.4 0:07.65
723 0.0 0.4 0:07.67
723 0.0 0.4 0:07.71
723 0.0 0.4 0:07.73
723 0.0 0.4 0:07.75
723 0.0 0.4 0:07.78
723 0.0 0.4 0:07.81
723 4.8 0.4 0:07.84
723 5.6 0.4 0:07.87
723 0.0 0.4 0:07.90
723 0.0 0.4 0:07.92
723 5.3 0.4 0:07.96
723 5.6 0.4 0:07.99
723 0.0 0.4 0:08.01
723 5.3 0.4 0:08.05
723 5.0 0.4 0:08.08
723 5.0 0.4 0:08.11
723 0.0 0.4 0:08.14
723 0.0 0.4 0:08.16
723 5.6 0.4 0:08.20
723 0.0 0.4 0:08.22
723 0.0 0.4 0:08.25
723 0.0 0.4 0:08.28
723 5.6 0.4 0:08.31
723 0.0 0.4 0:08.34
723 0.0 0.4 0:08.36
723 5.3 0.4 0:08.39
723 0.0 0.4 0:08.41
723 5.3 0.4 0:08.44
723 0.0 0.4 0:08.46
723 0.0 0.4 0:08.49
723 0.0 0.4 0:08.53
723 0.0 0.4 0:08.56
723 0.0 0.4 0:08.59
723 0.0 0.4 0:08.63
723 0.0 0.4 0:08.66
723 0.0 0.4 0:08.69
723 5.6 0.4 0:08.73
723 0.0 0.4 0:08.76
723 0.0 0.4 0:08.79
723 0.0 0.4 0:08.82
723 0.0 0.4 0:08.85
723 5.3 0.4 0:08.89
723 0.0 0.4 0:08.91
723 4.8 0.4 0:08.94
723 0.0 0.4 0:08.96
723 5.3 0.4 0:08.99
723 0.0 0.4 0:09.01
723 0.0 0.4 0:09.04
723 0.0 0.4 0:09.07
723 5.6 0.4 0:09.10
723 4.8 0.4 0:09.14
723 0.0 0.4 0:09.16
723 0.0 0.4 0:09.20
723 0.0 0.4 0:09.23
723 5.3 0.4 0:09.26
723 0.0 0.4 0:09.29
723 0.0 0.4 0:09.32
723 0.0 0.4 0:09.34
723 0.0 0.4 0:09.34
723 0.0 0.4 0:09.34
723 0.0 0.4 0:09.34
723 0.0 0.4 0:09.34
723 0.0 0.4 0:09.34
723 0.0 0.4 0:09.34
723 0.0 0.4 0:09.34
723 0.0 0.4 0:09.34
723 0.0 0.4 0:09.34
723 0.0 0.4 0:09.34
723 0.0 0.4 0:09.34
723 0.0 0.4 0:09.34
723 0.0 0.4 0:09.34
723 0.0 0.4 0:09.34
723 0.0 0.4 0:09.34
723 0.0 0.4 0:09.34
723 0.0 0.4 0:09.34
17230 16.7 0.2 0:00.03
723 0.0 0.4 0:09.34
