723 5.3 0.4 0:23.31
723 0.0 0.4 0:23.34
723 5.6 0.4 0:23.36
723 5.6 0.4 0:23.38
723 5.3 0.4 0:23.40
723 5.3 0.4 0:23.42
723 9.5 0.4 0:23.45
723 5.3 0.4 0:23.46
723 0.0 0.4 0:23.47
723 0.0 0.4 0:23.49
723 0.0 0.4 0:23.51
723 0.0 0.4 0:23.53
723 5.6 0.4 0:23.56
723 5.3 0.4 0:23.58
723 0.0 0.4 0:23.60
723 5.6 0.4 0:23.63
723 5.3 0.4 0:23.65
723 5.3 0.4 0:23.68
723 5.6 0.4 0:23.70
723 0.0 0.4 0:23.71
723 5.6 0.4 0:23.74
723 5.0 0.4 0:23.77
723 0.0 0.4 0:23.79
723 0.0 0.4 0:23.81
723 5.6 0.4 0:23.84
723 0.0 0.4 0:23.86
723 0.0 0.4 0:23.88
723 0.0 0.4 0:23.90
723 5.6 0.4 0:23.93
723 0.0 0.4 0:23.95
723 5.3 0.4 0:23.98
723 5.6 0.4 0:24.00
723 5.6 0.4 0:24.03
723 5.3 0.4 0:24.05
723 5.6 0.4 0:24.07
723 0.0 0.4 0:24.09
723 0.0 0.4 0:24.11
723 0.0 0.4 0:24.14
723 5.3 0.4 0:24.16
723 0.0 0.4 0:24.18
723 0.0 0.4 0:24.20
723 5.6 0.4 0:24.23
723 0.0 0.4 0:24.25
723 0.0 0.4 0:24.27
723 5.6 0.4 0:24.29
723 0.0 0.4 0:24.31
723 0.0 0.4 0:24.34
723 0.0 0.4 0:24.36
723 5.3 0.4 0:24.38
723 0.0 0.4 0:24.40
723 0.0 0.4 0:24.42
723 5.3 0.4 0:24.44
723 0.0 0.4 0:24.45
723 0.0 0.4 0:24.47
723 0.0 0.4 0:24.50
723 0.0 0.4 0:24.52
723 5.3 0.4 0:24.54
723 0.0 0.4 0:24.56
723 0.0 0.4 0:24.59
723 0.0 0.4 0:24.61
723 5.6 0.4 0:24.64
723 5.6 0.4 0:24.66
723 5.6 0.4 0:24.68
723 5.3 0.4 0:24.70
723 0.0 0.4 0:24.72
723 0.0 0.4 0:24.74
723 5.6 0.4 0:24.77
723 0.0 0.4 0:24.79
723 0.0 0.4 0:24.81
723 0.0 0.4 0:24.83
723 0.0 0.4 0:24.85
723 0.0 0.4 0:24.87
723 5.0 0.4 0:24.90
723 0.0 0.4 0:24.92
723 0.0 0.4 0:24.94
723 5.6 0.4 0:24.97
723 0.0 0.4 0:24.99
723 0.0 0.4 0:25.01
723 0.0 0.4 0:25.03
723 0.0 0.4 0:25.04
723 0.0 0.4 0:25.04
723 0.0 0.4 0:25.04
723 0.0 0.4 0:25.04
723 0.0 0.4 0:25.04
723 0.0 0.4 0:25.04
