724 0.0 0.4 0:03.44
724 5.3 0.4 0:03.48
724 4.8 0.4 0:03.52
724 5.3 0.4 0:03.56
724 10.5 0.4 0:03.62
724 5.3 0.4 0:03.65
724 5.3 0.4 0:03.70
724 5.3 0.4 0:03.74
724 5.3 0.4 0:03.77
724 5.6 0.4 0:03.81
724 4.8 0.4 0:03.85
724 5.6 0.4 0:03.89
724 5.6 0.4 0:03.92
KiB used, 261616 buff/cache
724 5.3 0.4 0:04.01
724 0.0 0.4 0:04.06
724 5.3 0.4 0:04.10
724 4.5 0.4 0:04.15
724 5.6 0.4 0:04.20
724 5.3 0.4 0:04.25
724 5.0 0.4 0:04.30
724 0.0 0.4 0:04.34
724 0.0 0.4 0:04.38
724 0.0 0.4 0:04.42
724 5.3 0.4 0:04.47
724 0.0 0.4 0:04.51
724 5.3 0.4 0:04.56
724 5.6 0.4 0:04.60
724 5.6 0.4 0:04.65
724 5.0 0.4 0:04.69
724 5.3 0.4 0:04.74
724 5.6 0.4 0:04.78
724 5.6 0.4 0:04.83
724 5.3 0.4 0:04.88
724 4.3 0.4 0:04.93
724 5.3 0.4 0:04.97
724 10.5 0.4 0:05.02
724 5.0 0.4 0:05.07
724 5.3 0.4 0:05.12
724 15.8 0.4 0:05.19
724 9.1 0.4 0:05.24
724 5.3 0.4 0:05.29
724 5.3 0.4 0:05.33
724 0.0 0.4 0:05.38
724 5.3 0.4 0:05.42
724 11.1 0.4 0:05.47
724 5.3 0.4 0:05.50
724 5.6 0.4 0:05.55
7243 10.5 0.2 0:00.07
724 11.1 0.4 0:05.65
724 5.6 0.4 0:05.69
724 9.5 0.4 0:05.74
724 10.5 0.4 0:05.80
724 5.6 0.4 0:05.83
724 11.1 0.4 0:05.89
724 5.3 0.4 0:05.93
724 5.0 0.4 0:05.97
724 0.0 0.4 0:06.01
724 5.3 0.4 0:06.05
724 11.1 0.4 0:06.10
724 4.8 0.4 0:06.15
724 5.6 0.4 0:06.20
724 5.3 0.4 0:06.23
724 5.3 0.4 0:06.28
724 5.3 0.4 0:06.32
724 4.8 0.4 0:06.36
724 4.8 0.4 0:06.40
724 5.3 0.4 0:06.44
724 4.8 0.4 0:06.48
724 10.5 0.4 0:06.53
724 5.3 0.4 0:06.58
724 5.6 0.4 0:06.62
724 0.0 0.4 0:06.67
724 0.0 0.4 0:06.71
724 5.0 0.4 0:06.77
724 5.3 0.4 0:06.81
724 10.5 0.4 0:06.85
724 5.6 0.4 0:06.89
724 0.0 0.4 0:06.90
KiB used, 262860 buff/cache
724 0.0 0.4 0:06.91
724 0.0 0.4 0:06.91
724 0.0 0.4 0:06.91
724 0.0 0.4 0:06.91
724 0.0 0.4 0:06.91
724 0.0 0.4 0:06.91
724 0.0 0.4 0:06.91
724 0.0 0.4 0:06.91
724 0.0 0.4 0:06.91
724 0.0 0.4 0:06.91
724 0.0 0.4 0:06.91
724 0.0 0.4 0:06.91
724 0.0 0.4 0:06.91
724 0.0 0.4 0:06.91
724 0.0 0.4 0:06.91
724 0.0 0.4 0:06.91
