725 0.0 0.4 0:26.11
725 5.6 0.4 0:26.14
725 0.0 0.4 0:26.16
725 10.5 0.4 0:26.20
725 5.3 0.4 0:26.22
725 5.6 0.4 0:26.24
725 0.0 0.4 0:26.26
725 5.3 0.4 0:26.29
725 5.6 0.4 0:26.32
725 0.0 0.4 0:26.34
725 5.6 0.4 0:26.36
725 5.6 0.4 0:26.38
725 5.3 0.4 0:26.41
725 5.3 0.4 0:26.43
725 5.6 0.4 0:26.46
725 0.0 0.4 0:26.48
725 0.0 0.4 0:26.51
725 5.3 0.4 0:26.54
725 5.6 0.4 0:26.57
725 0.0 0.4 0:26.58
725 0.0 0.4 0:26.61
725 0.0 0.4 0:26.63
725 0.0 0.4 0:26.65
725 0.0 0.4 0:26.67
725 0.0 0.4 0:26.70
725 5.6 0.4 0:26.73
725 0.0 0.4 0:26.75
725 5.6 0.4 0:26.78
725 0.0 0.4 0:26.80
725 5.6 0.4 0:26.83
725 0.0 0.4 0:26.85
725 5.6 0.4 0:26.88
725 0.0 0.4 0:26.90
725 5.3 0.4 0:26.93
725 0.0 0.4 0:26.95
725 5.6 0.4 0:26.98
725 0.0 0.4 0:27.00
725 0.0 0.4 0:27.02
725 0.0 0.4 0:27.05
725 5.3 0.4 0:27.08
725 0.0 0.4 0:27.10
725 5.0 0.4 0:27.13
725 5.9 0.4 0:27.15
725 0.0 0.4 0:27.17
725 0.0 0.4 0:27.20
725 0.0 0.4 0:27.22
725 5.0 0.4 0:27.25
725 5.6 0.4 0:27.27
725 5.6 0.4 0:27.29
725 0.0 0.4 0:27.31
725 5.3 0.4 0:27.34
725 0.0 0.4 0:27.36
725 5.6 0.4 0:27.39
725 0.0 0.4 0:27.41
725 4.5 0.4 0:27.44
725 5.0 0.4 0:27.47
725 5.3 0.4 0:27.49
725 5.6 0.4 0:27.51
725 0.0 0.4 0:27.53
725 5.3 0.4 0:27.56
725 5.0 0.4 0:27.59
725 0.0 0.4 0:27.61
725 0.0 0.4 0:27.63
725 5.6 0.4 0:27.66
725 0.0 0.4 0:27.68
725 0.0 0.4 0:27.71
725 0.0 0.4 0:27.73
725 0.0 0.4 0:27.77
725 0.0 0.4 0:27.80
725 0.0 0.4 0:27.82
725 0.0 0.4 0:27.84
725 0.0 0.4 0:27.88
725 0.0 0.4 0:27.90
725 0.0 0.4 0:27.92
725 0.0 0.4 0:27.95
725 5.3 0.4 0:27.98
725 0.0 0.4 0:27.99
725 0.0 0.4 0:28.02
725 0.0 0.4 0:28.04
725 0.0 0.4 0:28.04
725 0.0 0.4 0:28.05
725 0.0 0.4 0:28.05
725 0.0 0.4 0:28.05
725 0.0 0.4 0:28.05
725 0.0 0.4 0:28.05
