725 5.6 0.4 0:21.86
725 0.0 0.4 0:21.88
725 5.6 0.4 0:21.91
725 5.9 0.4 0:21.94
725 4.8 0.4 0:21.97
725 0.0 0.4 0:21.99
725 4.8 0.4 0:22.02
725 5.6 0.4 0:22.05
725 5.6 0.4 0:22.08
725 5.6 0.4 0:22.11
725 5.6 0.4 0:22.14
725 0.0 0.4 0:22.16
725 0.0 0.4 0:22.18
725 5.6 0.4 0:22.22
725 0.0 0.4 0:22.24
725 0.0 0.4 0:22.27
725 5.6 0.4 0:22.30
725 5.6 0.4 0:22.33
725 5.6 0.4 0:22.36
725 0.0 0.4 0:22.39
725 0.0 0.4 0:22.40
725 5.3 0.4 0:22.44
725 0.0 0.4 0:22.46
725 4.5 0.4 0:22.50
725 0.0 0.4 0:22.52
725 0.0 0.4 0:22.55
725 11.1 0.4 0:22.59
725 5.6 0.4 0:22.61
725 0.0 0.4 0:22.64
725 0.0 0.4 0:22.66
725 11.1 0.4 0:22.70
725 5.3 0.4 0:22.72
725 5.6 0.4 0:22.75
725 5.6 0.4 0:22.78
725 0.0 0.4 0:22.81
725 0.0 0.4 0:22.84
725 0.0 0.4 0:22.86
725 5.6 0.4 0:22.89
725 0.0 0.4 0:22.92
725 5.6 0.4 0:22.95
725 0.0 0.4 0:22.98
725 5.6 0.4 0:23.01
725 5.6 0.4 0:23.04
725 0.0 0.4 0:23.06
725 0.0 0.4 0:23.08
725 0.0 0.4 0:23.11
725 0.0 0.4 0:23.15
725 0.0 0.4 0:23.18
725 0.0 0.4 0:23.20
725 10.5 0.4 0:23.24
725 0.0 0.4 0:23.27
725 0.0 0.4 0:23.29
7251 27.8 0.2 0:00.05
725 0.0 0.4 0:23.35
725 4.8 0.4 0:23.38
725 0.0 0.4 0:23.40
725 0.0 0.4 0:23.43
725 0.0 0.4 0:23.47
725 5.6 0.4 0:23.50
725 0.0 0.4 0:23.53
725 0.0 0.4 0:23.56
725 0.0 0.4 0:23.59
725 0.0 0.4 0:23.62
725 0.0 0.4 0:23.64
725 5.6 0.4 0:23.68
725 0.0 0.4 0:23.72
725 0.0 0.4 0:23.75
725 0.0 0.4 0:23.78
725 0.0 0.4 0:23.81
725 4.5 0.4 0:23.84
725 0.0 0.4 0:23.86
725 5.6 0.4 0:23.89
725 0.0 0.4 0:23.91
725 5.3 0.4 0:23.94
725 0.0 0.4 0:23.97
725 5.6 0.4 0:24.00
725 5.6 0.4 0:24.03
725 0.0 0.4 0:24.06
725 0.0 0.4 0:24.09
725 0.0 0.4 0:24.09
725 0.0 0.4 0:24.09
725 0.0 0.4 0:24.09
725 0.0 0.4 0:24.09
725 0.0 0.4 0:24.09
725 0.0 0.4 0:24.09
725 0.0 0.4 0:24.09
725 0.0 0.4 0:24.09
725 0.0 0.4 0:24.09
725 0.0 0.4 0:24.09
725 0.0 0.4 0:24.09
725 0.0 0.4 0:24.09
725 0.0 0.4 0:24.09
725 0.0 0.4 0:24.09
725 0.0 0.4 0:24.09
725 0.0 0.4 0:24.09
725 0.0 0.4 0:24.09
725 0.0 0.4 0:24.09
725 0.0 0.4 0:24.09
