725 5.6 0.4 0:19.61
725 5.6 0.4 0:19.64
725 5.6 0.4 0:19.67
725 0.0 0.4 0:19.69
725 0.0 0.4 0:19.72
725 5.3 0.4 0:19.76
725 0.0 0.4 0:19.79
725 5.6 0.4 0:19.82
725 0.0 0.4 0:19.84
725 5.3 0.4 0:19.87
725 0.0 0.4 0:19.89
1725 15.8 0.2 0:00.03
725 0.0 0.4 0:19.94
725 11.1 0.4 0:19.98
725 5.6 0.4 0:20.00
725 0.0 0.4 0:20.02
725 0.0 0.4 0:20.05
725 0.0 0.4 0:20.08
725 0.0 0.4 0:20.11
725 0.0 0.4 0:20.13
725 5.9 0.4 0:20.17
725 5.0 0.4 0:20.20
725 5.6 0.4 0:20.23
725 5.6 0.4 0:20.26
725 0.0 0.4 0:20.28
725 5.3 0.4 0:20.31
725 5.6 0.4 0:20.33
725 5.6 0.4 0:20.36
725 0.0 0.4 0:20.38
725 4.8 0.4 0:20.42
725 5.0 0.4 0:20.45
725 5.6 0.4 0:20.48
725 0.0 0.4 0:20.51
725 0.0 0.4 0:20.54
725 5.6 0.4 0:20.57
725 0.0 0.4 0:20.60
725 5.0 0.4 0:20.63
725 0.0 0.4 0:20.65
725 5.6 0.4 0:20.69
725 5.6 0.4 0:20.72
725 0.0 0.4 0:20.75
725 0.0 0.4 0:20.78
725 5.6 0.4 0:20.82
725 0.0 0.4 0:20.84
725 5.3 0.4 0:20.87
725 5.3 0.4 0:20.90
725 0.0 0.4 0:20.94
725 0.0 0.4 0:20.96
725 5.6 0.4 0:20.99
725 0.0 0.4 0:21.02
725 5.6 0.4 0:21.05
725 5.6 0.4 0:21.08
725 0.0 0.4 0:21.10
725 0.0 0.4 0:21.13
725 5.6 0.4 0:21.16
725 0.0 0.4 0:21.18
725 5.6 0.4 0:21.21
725 5.0 0.4 0:21.24
725 0.0 0.4 0:21.26
725 5.6 0.4 0:21.29
725 5.6 0.4 0:21.32
725 5.0 0.4 0:21.35
725 4.8 0.4 0:21.38
725 0.0 0.4 0:21.41
725 0.0 0.4 0:21.44
725 0.0 0.4 0:21.47
725 0.0 0.4 0:21.49
725 11.1 0.4 0:21.54
725 0.0 0.4 0:21.55
725 5.6 0.4 0:21.58
725 5.6 0.4 0:21.61
725 0.0 0.4 0:21.64
725 4.3 0.4 0:21.67
725 5.6 0.4 0:21.70
725 5.6 0.4 0:21.73
725 0.0 0.4 0:21.75
725 0.0 0.4 0:21.78
725 0.0 0.4 0:21.81
725 0.0 0.4 0:21.84
725 0.0 0.4 0:21.84
725 0.0 0.4 0:21.84
725 0.0 0.4 0:21.84
725 0.0 0.4 0:21.84
725 0.0 0.4 0:21.84
725 0.0 0.4 0:21.84
725 0.0 0.4 0:21.84
725 0.0 0.4 0:21.84
725 0.0 0.4 0:21.84
725 0.0 0.4 0:21.84
725 0.0 0.4 0:21.84
725 0.0 0.4 0:21.84
