3664 5.3 0.2 22:25.65
3664 5.0 0.2 22:25.71
3664 5.6 0.3 22:25.81
3664 21.1 0.3 22:25.95
3664 10.5 0.3 22:26.04
3664 19.0 0.3 22:26.20
3664 14.3 0.3 22:26.35
3664 5.0 0.3 22:26.47
3664 5.3 0.3 22:26.59
3664 31.8 0.3 22:26.77
3664 15.0 0.3 22:26.88
3664 10.0 0.3 22:27.03
3664 25.0 0.3 22:27.19
3664 16.7 0.3 22:27.33
3664 5.3 0.3 22:27.47
3664 23.8 0.3 22:27.65
3664 14.3 0.3 22:27.77
3664 10.0 0.3 22:27.94
3664 21.1 0.3 22:28.15
3664 10.5 0.3 22:28.31
3664 16.7 0.3 22:28.49
3664 16.7 0.3 22:28.68
3664 22.2 0.3 22:28.81
3664 16.7 0.3 22:29.04
3664 15.8 0.3 22:29.25
3664 15.8 0.3 22:29.38
3664 15.8 0.3 22:29.54
3664 10.5 0.3 22:29.67
3664 5.3 0.3 22:29.78
3664 10.0 0.3 22:29.93
3664 10.0 0.3 22:30.06
3664 5.3 0.3 22:30.21
3664 9.5 0.3 22:30.35
3664 27.8 0.3 22:30.51
3664 21.1 0.3 22:30.66
3664 16.7 0.3 22:30.82
3664 5.3 0.3 22:30.97
3664 21.1 0.3 22:31.16
3664 15.8 0.3 22:31.31
3664 5.3 0.3 22:31.46
3664 10.0 0.3 22:31.60
3664 15.0 0.3 22:31.75
3664 26.3 0.3 22:31.89
3664 15.8 0.3 22:32.05
3664 15.0 0.3 22:32.21
3664 15.0 0.3 22:32.36
3664 15.8 0.3 22:32.51
3664 13.6 0.3 22:32.70
3664 26.1 0.3 22:32.92
3664 15.8 0.3 22:33.11
3664 13.6 0.3 22:33.31
3664 5.0 0.3 22:33.45
3664 10.5 0.3 22:33.60
3664 15.8 0.3 22:33.78
3664 10.0 0.3 22:33.95
3664 26.3 0.3 22:34.11
3664 10.0 0.3 22:34.26
3664 16.7 0.3 22:34.45
3664 11.1 0.3 22:34.59
3664 16.7 0.3 22:34.77
3664 25.0 0.3 22:34.95
3664 15.0 0.3 22:35.10
3664 5.3 0.3 22:35.25
3664 25.0 0.3 22:35.42
3664 15.8 0.3 22:35.57
3664 10.5 0.3 22:35.69
3664 20.0 0.3 22:35.84
3664 20.0 0.3 22:36.08
3664 9.5 0.3 22:36.27
3664 21.1 0.3 22:36.43
3664 15.8 0.3 22:36.56
3664 10.5 0.3 22:36.71
3664 15.0 0.3 22:36.87
3664 5.3 0.3 22:37.04
3664 10.0 0.3 22:37.22
3664 5.0 0.3 22:37.36
3664 10.0 0.3 22:37.50
3664 15.8 0.3 22:37.64
3664 15.8 0.3 22:37.81
3664 21.1 0.3 22:38.01
3664 16.7 0.3 22:38.17
3664 10.5 0.3 22:38.31
3664 22.2 0.3 22:38.47
3664 16.7 0.3 22:38.65
3664 30.0 0.3 22:38.83
3664 20.0 0.3 22:39.00
3664 22.2 0.3 22:39.17
3664 10.5 0.3 22:39.31
3664 5.3 0.3 22:39.46
3664 10.5 0.3 22:39.64
3664 10.5 0.3 22:39.80
3664 30.0 0.3 22:40.02
3664 5.0 0.3 22:40.17
3664 5.3 0.3 22:40.30
3664 5.3 0.3 22:40.42
3664 14.3 0.3 22:40.60
3664 16.7 0.3 22:40.74
3664 11.1 0.3 22:40.89
3664 15.8 0.3 22:41.06
3664 15.8 0.3 22:41.23
3664 9.5 0.3 22:41.41
3664 14.3 0.3 22:41.57
3664 15.0 0.3 22:41.69
3664 11.1 0.3 22:41.89
3664 21.1 0.3 22:42.12
3664 10.0 0.3 22:42.34
3664 42.1 0.3 22:42.56
3664 11.1 0.3 22:42.70
3664 10.0 0.3 22:42.84
3664 15.0 0.3 22:42.99
3664 11.1 0.3 22:43.14
3664 10.5 0.3 22:43.29
3664 10.5 0.3 22:43.47
3664 10.0 0.3 22:43.63
3664 11.1 0.3 22:43.78
3664 15.8 0.3 22:43.98
3664 21.1 0.3 22:44.15
3664 20.0 0.3 22:44.32
3664 10.5 0.3 22:44.47
3664 47.4 0.3 22:44.73
3664 15.8 0.3 22:44.89
3664 15.0 0.3 22:45.04
3664 15.8 0.3 22:45.18
3664 15.8 0.3 22:45.39
3664 5.0 0.3 22:45.52
3664 27.8 0.3 22:45.73
3664 10.5 0.3 22:45.85
3664 20.0 0.3 22:46.06
3664 20.0 0.3 22:46.25
3664 15.0 0.3 22:46.42
3664 21.1 0.3 22:46.59
3664 15.0 0.3 22:46.79
3664 10.5 0.3 22:46.95
3664 10.5 0.3 22:47.10
3664 15.0 0.3 22:47.30
3664 26.3 0.3 22:47.46
3664 16.7 0.3 22:47.62
3664 20.0 0.3 22:47.83
3664 10.5 0.3 22:47.99
3664 10.0 0.3 22:48.13
3664 26.3 0.3 22:48.34
3664 11.1 0.3 22:48.46
3664 35.0 0.3 22:48.65
3664 26.3 0.3 22:48.83
3664 21.1 0.3 22:48.99
3664 11.1 0.3 22:49.17
3664 10.0 0.3 22:49.33
3664 10.5 0.3 22:49.50
3664 8.0 0.3 22:49.68
3664 5.3 0.3 22:49.81
3664 0.0 0.3 22:49.86
