3664 20.0 0.4 2:01.03
3664 10.0 0.4 2:01.14
3664 15.0 0.4 2:01.24
3664 10.5 0.4 2:01.33
3664 16.7 0.4 2:01.42
3664 15.8 0.4 2:01.60
3664 10.0 0.4 2:01.77
3664 13.6 0.4 2:01.94
3664 8.0 0.4 2:02.09
3664 26.3 0.4 2:02.26
3664 10.5 0.4 2:02.41
3664 21.1 0.4 2:02.56
3664 15.8 0.4 2:02.75
3664 15.8 0.4 2:02.92
3664 15.0 0.4 2:03.10
3664 10.0 0.4 2:03.26
3664 15.8 0.4 2:03.40
3664 15.0 0.4 2:03.56
3664 20.0 0.4 2:03.71
3664 10.0 0.4 2:03.88
3664 10.5 0.4 2:04.01
3664 31.6 0.4 2:04.19
3664 10.5 0.4 2:04.35
3664 10.0 0.4 2:04.49
3664 5.0 0.4 2:04.61
3664 27.8 0.4 2:04.79
3664 22.2 0.4 2:04.94
3664 11.1 0.4 2:05.08
3664 25.0 0.4 2:05.26
3664 15.8 0.4 2:05.40
3664 10.0 0.4 2:05.53
3664 16.7 0.4 2:05.67
3664 10.5 0.4 2:05.81
3664 15.0 0.4 2:05.95
3664 15.0 0.4 2:06.11
3664 10.5 0.4 2:06.23
3664 15.8 0.4 2:06.38
3664 11.1 0.4 2:06.49
3664 27.8 0.4 2:06.66
3664 22.2 0.4 2:06.83
3664 10.5 0.4 2:06.97
3664 15.8 0.4 2:07.14
3664 15.8 0.4 2:07.31
3664 15.0 0.4 2:07.44
3664 10.0 0.4 2:07.58
3664 15.8 0.4 2:07.78
3664 15.0 0.4 2:07.93
3664 10.5 0.4 2:08.07
3664 20.0 0.4 2:08.23
3664 16.7 0.4 2:08.37
3664 10.0 0.4 2:08.53
3664 10.5 0.4 2:08.67
3664 10.5 0.4 2:08.81
3664 21.1 0.4 2:08.94
3664 10.5 0.4 2:09.08
3664 15.8 0.4 2:09.23
3664 15.8 0.4 2:09.38
3664 12.5 0.4 2:09.55
3664 9.1 0.4 2:09.71
3664 5.3 0.4 2:09.88
3664 10.5 0.4 2:10.05
3664 21.1 0.4 2:10.26
3664 10.5 0.4 2:10.41
3664 15.0 0.4 2:10.56
3664 15.8 0.4 2:10.72
3664 10.5 0.4 2:10.88
3664 21.1 0.4 2:11.07
3664 10.0 0.4 2:11.19
3664 21.1 0.4 2:11.35
3664 15.0 0.4 2:11.50
3664 15.8 0.4 2:11.65
3664 10.5 0.4 2:11.77
3664 15.0 0.4 2:11.91
3664 10.0 0.4 2:12.04
3664 16.7 0.4 2:12.20
3664 10.5 0.4 2:12.34
3664 10.0 0.4 2:12.47
3664 10.5 0.4 2:12.62
3664 20.0 0.4 2:12.77
3664 20.0 0.4 2:12.93
3664 10.5 0.4 2:13.06
3664 10.5 0.4 2:13.24
3664 10.5 0.4 2:13.38
3664 10.5 0.4 2:13.52
3664 16.7 0.4 2:13.67
3664 20.0 0.4 2:13.83
3664 10.5 0.4 2:13.96
3664 15.8 0.4 2:14.13
3664 16.7 0.4 2:14.27
3664 27.8 0.4 2:14.50
3664 11.1 0.4 2:14.65
3664 31.6 0.4 2:14.86
3664 15.8 0.4 2:15.03
3664 15.0 0.4 2:15.18
3664 10.0 0.4 2:15.34
3664 10.0 0.4 2:15.47
3664 21.1 0.4 2:15.61
3664 10.5 0.4 2:15.81
3664 20.0 0.4 2:15.97
3664 22.2 0.4 2:16.14
3664 10.0 0.4 2:16.28
3664 15.8 0.4 2:16.46
3664 10.0 0.4 2:16.59
3664 10.5 0.4 2:16.73
3664 26.3 0.4 2:16.91
3664 25.0 0.4 2:17.07
3664 15.8 0.4 2:17.25
3664 10.5 0.4 2:17.41
3664 19.0 0.4 2:17.61
3664 9.1 0.4 2:17.75
3664 15.8 0.4 2:17.91
3664 20.0 0.4 2:18.05
3664 15.0 0.4 2:18.21
3664 10.5 0.4 2:18.38
3664 23.8 0.4 2:18.58
3664 11.1 0.4 2:18.71
3664 15.8 0.4 2:18.86
3664 10.5 0.4 2:18.99
3664 15.0 0.4 2:19.12
3664 15.0 0.4 2:19.27
3664 15.0 0.4 2:19.42
3664 21.1 0.4 2:19.58
3664 20.0 0.4 2:19.79
3664 19.0 0.4 2:19.96
3664 15.8 0.4 2:20.14
3664 15.8 0.4 2:20.27
3664 15.8 0.4 2:20.41
3664 16.7 0.4 2:20.56
3664 21.1 0.4 2:20.74
3664 22.2 0.4 2:20.91
3664 14.3 0.4 2:21.09
3664 19.0 0.4 2:21.27
3664 10.5 0.4 2:21.42
3664 15.0 0.4 2:21.58
3664 10.5 0.4 2:21.72
3664 15.8 0.4 2:21.88
3664 20.0 0.4 2:22.05
3664 31.6 0.4 2:22.24
3664 16.7 0.4 2:22.37
3664 10.0 0.4 2:22.53
3664 11.1 0.4 2:22.67
3664 21.1 0.4 2:22.82
3664 15.0 0.4 2:23.00
3664 21.1 0.4 2:23.17
3664 20.0 0.4 2:23.33
3664 10.5 0.4 2:23.50
3664 10.0 0.4 2:23.63
3664 15.8 0.4 2:23.77
3664 10.0 0.4 2:23.92
3664 10.5 0.4 2:24.07
3664 30.0 0.4 2:24.27
3664 20.0 0.4 2:24.43
3664 21.1 0.4 2:24.65
3664 10.5 0.4 2:24.79
3664 10.5 0.4 2:24.96
3664 10.0 0.4 2:25.09
3664 15.8 0.4 2:25.24
3664 10.5 0.4 2:25.41
3664 15.8 0.4 2:25.60
3664 13.8 0.4 2:25.80
3664 17.4 0.4 2:26.00
3664 13.6 0.4 2:26.15
3664 10.0 0.4 2:26.28
3664 36.8 0.4 2:26.46
3664 10.5 0.4 2:26.59
3664 25.0 0.4 2:26.75
3664 19.0 0.4 2:26.91
3664 13.6 0.4 2:27.07
3664 10.5 0.4 2:27.22
3664 10.5 0.4 2:27.36
3664 15.0 0.4 2:27.55
3664 5.3 0.4 2:27.69
3664 10.0 0.4 2:27.88
3664 10.5 0.4 2:28.01
3664 22.2 0.4 2:28.15
3664 15.8 0.4 2:28.32
3664 15.0 0.4 2:28.46
3664 15.0 0.4 2:28.63
3664 10.5 0.4 2:28.77
3664 15.8 0.4 2:28.97
3664 5.6 0.4 2:29.12
3664 10.0 0.4 2:29.32
3664 30.0 0.4 2:29.51
3664 21.1 0.4 2:29.67
3664 26.3 0.4 2:29.86
3664 22.2 0.4 2:30.01
3664 15.8 0.4 2:30.15
3664 10.5 0.4 2:30.29
3664 21.1 0.4 2:30.43
3664 21.1 0.4 2:30.57
3664 11.1 0.4 2:30.71
3664 10.0 0.4 2:30.88
3664 26.3 0.4 2:31.04
3664 15.8 0.4 2:31.18
3664 26.3 0.4 2:31.34
3664 23.8 0.4 2:31.51
3664 10.5 0.4 2:31.68
3664 10.0 0.4 2:31.82
3664 22.2 0.4 2:31.97
3664 10.5 0.4 2:32.12
3664 15.8 0.4 2:32.28
3664 15.8 0.4 2:32.42
3664 10.5 0.4 2:32.55
3664 15.8 0.4 2:32.71
3664 21.1 0.4 2:32.87
3664 11.1 0.4 2:33.02
3664 11.1 0.4 2:33.16
3664 10.0 0.4 2:33.33
3664 11.1 0.4 2:33.47
3664 10.5 0.4 2:33.59
3664 12.5 0.4 2:33.76
3664 9.1 0.4 2:33.91
3664 10.0 0.4 2:34.07
3664 9.5 0.4 2:34.22
3664 14.3 0.4 2:34.37
3664 10.0 0.4 2:34.54
3664 21.1 0.4 2:34.75
3664 15.8 0.4 2:34.89
3664 15.8 0.4 2:35.06
3664 21.1 0.4 2:35.21
3664 26.3 0.4 2:35.37
3664 15.8 0.4 2:35.52
3664 15.8 0.4 2:35.66
3664 26.3 0.4 2:35.82
3664 15.8 0.4 2:35.97
3664 21.1 0.4 2:36.12
3664 10.0 0.4 2:36.29
3664 15.8 0.4 2:36.43
3664 10.0 0.4 2:36.57
3664 21.1 0.4 2:36.75
3664 13.6 0.4 2:36.92
3664 10.5 0.4 2:37.07
3664 15.8 0.4 2:37.22
3664 14.3 0.4 2:37.40
3664 15.8 0.4 2:37.57
3664 15.0 0.4 2:37.70
3664 15.8 0.4 2:37.87
3664 21.1 0.4 2:38.03
3664 5.3 0.4 2:38.15
3664 10.0 0.4 2:38.30
3664 31.6 0.4 2:38.46
3664 10.5 0.4 2:38.63
3664 25.0 0.4 2:38.78
3664 30.0 0.4 2:38.94
3664 15.8 0.4 2:39.11
3664 25.0 0.4 2:39.29
3664 5.3 0.4 2:39.41
3664 26.3 0.4 2:39.57
3664 10.0 0.4 2:39.70
3664 15.8 0.4 2:39.86
3664 26.3 0.4 2:40.02
3664 20.0 0.4 2:40.18
3664 10.5 0.4 2:40.31
3664 15.8 0.4 2:40.48
3664 15.8 0.4 2:40.62
3664 10.5 0.4 2:40.75
3664 21.1 0.4 2:40.92
3664 10.5 0.4 2:41.06
3664 15.8 0.4 2:41.22
3664 20.0 0.4 2:41.38
3664 11.1 0.4 2:41.52
3664 9.1 0.4 2:41.67
3664 20.0 0.4 2:41.83
3664 14.3 0.4 2:42.00
3664 11.1 0.4 2:42.15
3664 9.5 0.4 2:42.33
3664 15.8 0.4 2:42.51
3664 20.0 0.4 2:42.70
3664 21.1 0.4 2:42.85
3664 10.5 0.4 2:42.97
3664 15.8 0.4 2:43.12
3664 10.0 0.4 2:43.25
3664 21.1 0.4 2:43.40
3664 25.0 0.4 2:43.61
3664 5.3 0.4 2:43.72
3664 10.0 0.4 2:43.86
3664 15.0 0.4 2:44.01
3664 20.0 0.4 2:44.20
3664 15.0 0.4 2:44.37
3664 10.5 0.4 2:44.51
3664 20.0 0.4 2:44.65
3664 10.5 0.4 2:44.78
3664 15.8 0.4 2:44.96
3664 15.8 0.4 2:45.10
3664 11.1 0.4 2:45.22
3664 16.7 0.4 2:45.40
3664 16.7 0.4 2:45.53
3664 10.5 0.4 2:45.68
3664 16.7 0.4 2:45.80
3664 11.1 0.4 2:45.96
3664 20.0 0.4 2:46.11
3664 25.0 0.4 2:46.27
3664 25.0 0.4 2:46.43
3664 15.0 0.4 2:46.56
3664 10.5 0.4 2:46.68
3664 15.0 0.4 2:46.83
3664 10.5 0.4 2:46.96
3664 11.1 0.4 2:47.09
3664 20.0 0.4 2:47.24
3664 10.5 0.4 2:47.39
3664 26.3 0.4 2:47.54
3664 21.1 0.4 2:47.75
3664 10.5 0.4 2:47.91
3664 20.0 0.4 2:48.06
3664 10.5 0.4 2:48.24
3664 10.5 0.4 2:48.38
3664 10.5 0.4 2:48.52
3664 16.7 0.4 2:48.66
3664 10.5 0.4 2:48.80
3664 10.5 0.4 2:48.98
3664 21.1 0.4 2:49.14
3664 16.7 0.4 2:49.28
3664 12.5 0.4 2:49.45
3664 12.0 0.4 2:49.65
3664 15.4 0.4 2:49.85
3664 10.5 0.4 2:49.98
3664 10.0 0.4 2:50.16
3664 15.8 0.4 2:50.32
3664 10.5 0.4 2:50.47
3664 15.0 0.4 2:50.61
3664 20.0 0.4 2:50.75
3664 21.1 0.4 2:50.96
3664 20.0 0.4 2:51.11
3664 31.6 0.4 2:51.31
3664 15.8 0.4 2:51.52
3664 10.5 0.4 2:51.69
3664 10.5 0.4 2:51.83
3664 21.1 0.4 2:52.02
3664 5.3 0.4 2:52.14
3664 15.8 0.4 2:52.30
3664 10.5 0.4 2:52.43
3664 21.1 0.4 2:52.58
3664 15.0 0.4 2:52.74
3664 15.0 0.4 2:52.87
3664 10.0 0.4 2:53.02
3664 10.0 0.4 2:53.14
3664 16.7 0.4 2:53.29
3664 11.1 0.4 2:53.47
3664 15.8 0.4 2:53.62
3664 15.0 0.4 2:53.80
3664 10.0 0.4 2:53.93
3664 10.5 0.4 2:54.09
3664 22.2 0.4 2:54.23
3664 16.7 0.4 2:54.37
3664 36.8 0.4 2:54.57
3664 11.1 0.4 2:54.73
3664 15.8 0.4 2:54.89
3664 10.5 0.4 2:55.03
3664 22.2 0.4 2:55.20
3664 21.1 0.4 2:55.38
3664 30.0 0.4 2:55.58
3664 10.0 0.4 2:55.71
3664 16.7 0.4 2:55.91
3664 15.0 0.4 2:56.06
3664 26.3 0.4 2:56.23
3664 22.2 0.4 2:56.37
3664 26.3 0.4 2:56.57
3664 10.5 0.4 2:56.71
3664 26.3 0.4 2:56.86
3664 21.1 0.4 2:57.00
3664 26.3 0.4 2:57.24
3664 10.5 0.4 2:57.42
3664 21.1 0.4 2:57.59
3664 9.5 0.4 2:57.75
3664 17.4 0.4 2:57.92
3664 10.5 0.4 2:58.09
3664 10.5 0.4 2:58.23
3664 15.8 0.4 2:58.39
3664 15.0 0.4 2:58.54
3664 16.7 0.4 2:58.73
3664 14.3 0.4 2:58.89
3664 16.7 0.4 2:59.03
3664 35.0 0.4 2:59.22
3664 10.5 0.4 2:59.35
3664 25.0 0.4 2:59.53
3664 10.5 0.4 2:59.70
3664 5.3 0.4 2:59.88
3664 10.0 0.4 3:00.02
3664 26.3 0.4 3:00.19
3664 16.7 0.4 3:00.36
3664 10.0 0.4 3:00.48
3664 26.3 0.4 3:00.65
3664 15.0 0.4 3:00.84
3664 10.5 0.4 3:00.99
3664 10.5 0.4 3:01.15
3664 30.0 0.4 3:01.33
3664 15.0 0.4 3:01.48
3664 21.1 0.4 3:01.64
3664 22.2 0.4 3:01.79
3664 21.1 0.4 3:01.95
3664 22.2 0.4 3:02.11
3664 5.6 0.4 3:02.23
3664 26.3 0.4 3:02.45
3664 15.0 0.4 3:02.61
3664 16.7 0.4 3:02.76
3664 10.5 0.4 3:02.89
3664 18.2 0.4 3:03.05
3664 16.7 0.4 3:03.18
3664 15.8 0.4 3:03.36
3664 25.0 0.4 3:03.53
3664 16.7 0.4 3:03.68
3664 5.0 0.4 3:03.81
3664 33.3 0.4 3:03.99
3664 5.3 0.4 3:04.13
3664 10.5 0.4 3:04.29
3664 15.8 0.4 3:04.42
3664 15.8 0.4 3:04.59
3664 25.0 0.4 3:04.75
3664 15.8 0.4 3:04.91
3664 15.0 0.4 3:05.05
3664 15.8 0.4 3:05.19
3664 10.0 0.4 3:05.34
3664 15.0 0.4 3:05.47
3664 15.0 0.4 3:05.62
3664 19.0 0.4 3:05.79
3664 10.0 0.4 3:05.93
3664 10.5 0.4 3:06.08
3664 15.8 0.4 3:06.23
3664 10.5 0.4 3:06.39
3664 14.3 0.4 3:06.55
3664 15.8 0.4 3:06.73
3664 10.5 0.4 3:06.92
3664 31.6 0.4 3:07.14
3664 16.7 0.4 3:07.27
3664 15.0 0.4 3:07.46
3664 15.0 0.4 3:07.59
3664 15.0 0.4 3:07.74
3664 15.8 0.4 3:07.88
3664 10.5 0.4 3:08.03
3664 21.1 0.4 3:08.26
3664 15.8 0.4 3:08.42
3664 26.3 0.4 3:08.59
3664 15.8 0.4 3:08.72
3664 10.0 0.4 3:08.87
3664 15.0 0.4 3:09.03
3664 11.1 0.4 3:09.18
3664 10.5 0.4 3:09.33
3664 10.0 0.4 3:09.49
3664 27.8 0.4 3:09.65
3664 15.0 0.4 3:09.80
3664 11.1 0.4 3:09.93
3664 25.0 0.4 3:10.13
3664 15.8 0.4 3:10.28
3664 22.2 0.4 3:10.43
3664 10.5 0.4 3:10.61
3664 10.5 0.4 3:10.77
3664 21.1 0.4 3:10.94
3664 21.1 0.4 3:11.09
3664 22.2 0.4 3:11.26
3664 11.1 0.4 3:11.40
3664 16.7 0.4 3:11.55
3664 15.8 0.4 3:11.69
3664 10.5 0.4 3:11.85
3664 10.5 0.4 3:11.99
3664 15.8 0.4 3:12.13
3664 10.5 0.4 3:12.27
3664 16.7 0.4 3:12.42
3664 15.0 0.4 3:12.56
3664 15.0 0.4 3:12.72
3664 10.0 0.4 3:12.90
3664 21.1 0.4 3:13.07
3664 10.5 0.4 3:13.22
3664 10.0 0.4 3:13.39
3664 10.5 0.4 3:13.52
3664 15.0 0.4 3:13.66
3664 13.3 0.4 3:13.88
3664 18.2 0.4 3:14.07
3664 16.1 0.4 3:14.29
3664 20.0 0.4 3:14.48
3664 10.0 0.4 3:14.65
3664 20.0 0.4 3:14.81
3664 15.0 0.4 3:14.97
3664 25.0 0.4 3:15.16
3664 15.0 0.4 3:15.29
3664 10.5 0.4 3:15.42
3664 15.0 0.4 3:15.56
3664 20.0 0.4 3:15.76
3664 10.5 0.4 3:15.88
3664 11.1 0.4 3:16.02
3664 12.0 0.4 3:16.20
3664 21.1 0.4 3:16.37
3664 15.8 0.4 3:16.54
3664 8.3 0.4 3:16.70
3664 13.0 0.4 3:16.86
3664 13.0 0.4 3:17.02
3664 8.0 0.4 3:17.18
3664 9.1 0.4 3:17.34
3664 10.5 0.4 3:17.51
3664 10.5 0.4 3:17.67
3664 15.8 0.4 3:17.81
3664 15.0 0.4 3:17.95
3664 13.6 0.4 3:18.13
3664 11.1 0.4 3:18.30
3664 14.3 0.4 3:18.47
3664 8.7 0.4 3:18.64
3664 13.6 0.4 3:18.80
3664 19.0 0.4 3:18.97
3664 9.5 0.4 3:19.13
3664 15.8 0.4 3:19.29
3664 25.0 0.4 3:19.44
3664 31.6 0.4 3:19.63
3664 10.5 0.4 3:19.76
3664 20.0 0.4 3:19.91
3664 19.0 0.4 3:20.08
3664 15.0 0.4 3:20.24
3664 17.4 0.4 3:20.42
3664 12.0 0.4 3:20.57
3664 11.5 0.4 3:20.74
3664 19.0 0.4 3:20.90
3664 9.1 0.4 3:21.05
3664 18.2 0.4 3:21.21
3664 10.0 0.4 3:21.35
3664 15.0 0.4 3:21.54
3664 21.7 0.4 3:21.73
3664 18.2 0.4 3:21.92
3664 9.5 0.4 3:22.07
3664 15.0 0.4 3:22.24
3664 10.0 0.4 3:22.38
3664 25.0 0.4 3:22.54
3664 22.2 0.4 3:22.68
3664 18.2 0.4 3:22.88
3664 10.0 0.4 3:23.00
3664 15.0 0.4 3:23.18
3664 25.0 0.4 3:23.37
3664 28.6 0.4 3:23.55
3664 10.0 0.4 3:23.70
3664 21.1 0.4 3:23.87
3664 15.0 0.4 3:24.09
3664 20.0 0.4 3:24.26
3664 15.0 0.4 3:24.43
3664 10.0 0.4 3:24.60
3664 16.7 0.4 3:24.74
3664 15.8 0.4 3:24.89
3664 10.5 0.4 3:25.02
3664 21.1 0.4 3:25.18
3664 23.8 0.4 3:25.39
3664 9.5 0.4 3:25.54
3664 15.0 0.4 3:25.72
3664 21.1 0.4 3:25.85
3664 36.8 0.4 3:26.03
3664 10.5 0.4 3:26.16
3664 15.8 0.4 3:26.29
3664 10.0 0.4 3:26.44
3664 15.0 0.4 3:26.61
3664 15.8 0.4 3:26.80
3664 15.0 0.4 3:26.95
3664 20.0 0.4 3:27.09
3664 10.5 0.4 3:27.23
3664 21.1 0.4 3:27.38
3664 10.5 0.4 3:27.55
3664 10.0 0.4 3:27.76
3664 25.0 0.4 3:27.94
3664 20.0 0.4 3:28.12
3664 25.0 0.4 3:28.32
3664 21.1 0.4 3:28.46
3664 16.7 0.4 3:28.61
3664 15.8 0.4 3:28.79
3664 14.3 0.4 3:28.96
3664 10.0 0.4 3:29.10
3664 10.0 0.4 3:29.26
3664 10.0 0.4 3:29.42
3664 21.1 0.4 3:29.59
3664 15.8 0.4 3:29.76
3664 15.0 0.4 3:29.94
3664 13.6 0.4 3:30.13
3664 10.7 0.4 3:30.36
3664 6.2 0.4 3:30.54
3664 15.0 0.4 3:30.72
3664 10.0 0.4 3:30.91
13664 0.0 0.0 0:00.00
3664 15.0 0.4 3:31.24
3664 12.5 0.4 3:31.40
3664 11.1 0.4 3:31.55
3664 8.0 0.4 3:31.73
3664 19.0 0.4 3:31.91
3664 10.5 0.4 3:32.05
3664 14.3 0.4 3:32.23
3664 18.2 0.4 3:32.40
3664 16.7 0.4 3:32.60
3664 8.7 0.4 3:32.76
3664 5.3 0.4 3:32.91
3664 9.5 0.4 3:33.07
3664 17.4 0.4 3:33.23
3664 13.0 0.4 3:33.39
3664 13.6 0.4 3:33.56
3664 8.7 0.4 3:33.73
3664 19.0 0.4 3:33.92
3664 15.0 0.4 3:34.08
3664 15.0 0.4 3:34.24
3664 10.5 0.4 3:34.42
3664 12.0 0.4 3:34.61
3664 14.3 0.4 3:34.77
3664 15.0 0.4 3:34.95
3664 13.0 0.4 3:35.12
3664 9.5 0.4 3:35.27
3664 13.6 0.4 3:35.45
3664 12.5 0.4 3:35.63
3664 13.6 0.4 3:35.79
3664 13.6 0.4 3:35.95
3664 15.8 0.4 3:36.12
3664 9.5 0.4 3:36.29
3664 22.2 0.4 3:36.46
3664 10.0 0.4 3:36.65
3664 15.8 0.4 3:36.79
3664 15.8 0.4 3:36.94
3664 15.8 0.4 3:37.08
3664 10.5 0.4 3:37.21
3664 25.0 0.4 3:37.39
3664 20.0 0.4 3:37.54
3664 19.0 0.4 3:37.69
3664 21.1 0.4 3:37.84
3664 15.8 0.4 3:37.98
3664 16.7 0.4 3:38.15
3664 14.8 0.4 3:38.35
3664 8.1 0.4 3:38.57
3664 13.6 0.4 3:38.72
3664 22.2 0.4 3:38.90
3664 25.0 0.4 3:39.06
3664 10.0 0.4 3:39.23
3664 10.5 0.4 3:39.39
3664 10.0 0.4 3:39.53
3664 14.3 0.4 3:39.70
3664 15.8 0.4 3:39.87
3664 15.8 0.4 3:40.06
3664 20.0 0.4 3:40.23
3664 10.5 0.4 3:40.37
3664 15.8 0.4 3:40.51
3664 21.1 0.4 3:40.65
3664 26.3 0.4 3:40.84
3664 25.0 0.4 3:41.03
3664 15.0 0.4 3:41.18
3664 15.0 0.4 3:41.33
3664 26.3 0.4 3:41.51
3664 20.0 0.4 3:41.67
3664 10.5 0.4 3:41.81
3664 11.1 0.4 3:41.95
3664 10.0 0.4 3:42.09
3664 10.5 0.4 3:42.23
3664 15.8 0.4 3:42.38
3664 15.8 0.4 3:42.56
3664 15.0 0.4 3:42.71
3664 10.5 0.4 3:42.86
3664 15.0 0.4 3:43.01
3664 10.5 0.4 3:43.14
3664 10.0 0.4 3:43.33
3664 10.0 0.4 3:43.48
3664 10.0 0.4 3:43.70
3664 15.8 0.4 3:43.84
3664 5.3 0.4 3:43.95
3664 10.5 0.4 3:44.10
3664 20.0 0.4 3:44.24
3664 10.5 0.4 3:44.40
3664 15.8 0.4 3:44.55
3664 21.1 0.4 3:44.72
3664 10.0 0.4 3:44.89
3664 21.1 0.4 3:45.06
3664 10.0 0.4 3:45.20
3664 31.6 0.4 3:45.38
3664 31.6 0.4 3:45.55
3664 10.0 0.4 3:45.67
3664 10.5 0.4 3:45.82
3664 15.0 0.4 3:45.96
3664 5.0 0.4 3:46.10
3664 21.1 0.4 3:46.26
3664 12.0 0.4 3:46.44
3664 14.3 0.4 3:46.60
3664 15.8 0.4 3:46.74
3664 15.0 0.4 3:46.88
3664 10.5 0.4 3:47.01
3664 16.7 0.4 3:47.15
3664 10.5 0.4 3:47.32
3664 11.1 0.4 3:47.47
3664 10.5 0.4 3:47.61
3664 10.0 0.4 3:47.75
3664 15.0 0.4 3:47.92
3664 21.1 0.4 3:48.07
3664 15.8 0.4 3:48.23
3664 10.5 0.4 3:48.36
3664 22.2 0.4 3:48.50
3664 10.5 0.4 3:48.62
3664 16.7 0.4 3:48.77
3664 16.7 0.4 3:48.90
3664 15.8 0.4 3:49.05
3664 15.8 0.4 3:49.19
3664 21.1 0.4 3:49.34
3664 15.0 0.4 3:49.48
3664 14.3 0.4 3:49.65
3664 15.0 0.4 3:49.80
3664 31.6 0.4 3:49.97
3664 14.3 0.4 3:50.13
3664 10.0 0.4 3:50.25
3664 11.1 0.4 3:50.39
3664 9.5 0.4 3:50.54
3664 15.0 0.4 3:50.68
3664 11.1 0.4 3:50.83
3664 20.0 0.4 3:50.98
3664 22.2 0.4 3:51.15
3664 15.8 0.4 3:51.29
3664 10.0 0.4 3:51.44
3664 30.0 0.4 3:51.62
3664 20.0 0.4 3:51.76
3664 10.0 0.4 3:51.94
3664 10.5 0.4 3:52.08
3664 10.5 0.4 3:52.30
3664 30.0 0.4 3:52.48
3664 15.8 0.4 3:52.63
3664 15.0 0.4 3:52.80
3664 10.0 0.4 3:52.97
3664 25.0 0.4 3:53.20
3664 25.0 0.4 3:53.37
3664 21.1 0.4 3:53.51
3664 20.0 0.4 3:53.67
3664 15.0 0.4 3:53.86
3664 10.5 0.4 3:54.03
3664 18.2 0.4 3:54.17
3664 16.7 0.4 3:54.34
3664 13.6 0.4 3:54.49
3664 10.5 0.4 3:54.65
3664 27.8 0.4 3:54.82
3664 22.2 0.4 3:54.97
3664 15.0 0.4 3:55.14
3664 18.2 0.4 3:55.34
3664 30.0 0.4 3:55.51
3664 5.0 0.4 3:55.70
3664 10.5 0.4 3:55.85
3664 21.1 0.4 3:55.99
3664 21.1 0.4 3:56.14
3664 10.5 0.4 3:56.28
3664 21.1 0.4 3:56.43
3664 15.8 0.4 3:56.57
3664 10.0 0.4 3:56.73
3664 15.8 0.4 3:56.94
3664 47.4 0.4 3:57.12
3664 15.0 0.4 3:57.31
3664 11.1 0.4 3:57.46
3664 10.0 0.4 3:57.61
3664 33.3 0.4 3:57.82
3664 22.2 0.4 3:58.01
3664 36.8 0.4 3:58.18
3664 20.0 0.4 3:58.35
3664 10.5 0.4 3:58.49
3664 10.0 0.4 3:58.65
3664 25.0 0.4 3:58.84
3664 26.3 0.4 3:59.03
3664 21.1 0.4 3:59.19
3664 5.6 0.4 3:59.34
3664 10.5 0.4 3:59.44
3664 10.5 0.4 3:59.54
3664 5.0 0.4 3:59.61
3664 0.0 0.4 3:59.68
