3664 21.1 0.2 23:29.92
3664 0.0 0.2 23:29.97
3664 9.5 0.2 23:30.27
3664 10.0 0.2 23:30.38
3664 10.0 0.2 23:30.50
3664 10.0 0.2 23:30.65
3664 10.5 0.2 23:30.75
3664 0.0 0.2 23:30.78
3664 5.3 0.2 23:30.90
3664 5.6 0.2 23:31.03
3664 21.1 0.2 23:31.14
3664 22.2 0.2 23:31.28
3664 10.0 0.2 23:31.39
3664 5.6 0.2 23:31.52
3664 5.0 0.2 23:31.69
3664 25.0 0.2 23:31.84
3664 10.5 0.2 23:31.99
3664 11.1 0.2 23:32.13
3664 30.0 0.2 23:32.33
3664 10.5 0.2 23:32.48
3664 21.1 0.2 23:32.62
3664 11.1 0.2 23:32.83
3664 10.0 0.2 23:32.97
3664 5.3 0.2 23:33.12
3664 10.5 0.2 23:33.29
3664 25.0 0.2 23:33.46
3664 10.5 0.2 23:33.57
3664 10.5 0.2 23:33.73
3664 36.8 0.2 23:33.93
3664 40.0 0.2 23:34.16
3664 26.3 0.2 23:34.33
3664 5.0 0.2 23:34.44
3664 21.1 0.2 23:34.66
3664 10.5 0.2 23:34.80
3664 15.8 0.2 23:34.97
3664 25.0 0.2 23:35.13
3664 10.0 0.2 23:35.32
3664 21.1 0.2 23:35.53
3664 10.5 0.2 23:35.73
3664 10.5 0.2 23:35.88
3664 10.5 0.2 23:36.02
3664 20.0 0.2 23:36.19
3664 10.0 0.2 23:36.35
3664 10.0 0.2 23:36.49
3664 10.5 0.2 23:36.64
3664 5.3 0.2 23:36.76
3664 5.3 0.2 23:36.91
3664 15.8 0.2 23:37.08
3664 5.3 0.2 23:37.28
3664 10.5 0.2 23:37.45
3664 10.5 0.2 23:37.57
3664 5.3 0.2 23:37.73
3664 15.8 0.2 23:37.89
3664 11.1 0.2 23:38.12
3664 19.0 0.2 23:38.33
3664 17.4 0.2 23:38.53
3664 11.1 0.2 23:38.71
3664 30.0 0.2 23:38.91
3664 10.5 0.2 23:39.06
3664 20.0 0.2 23:39.20
3664 15.0 0.2 23:39.39
3664 10.5 0.2 23:39.53
3664 10.0 0.2 23:39.72
3664 15.8 0.2 23:39.86
3664 10.0 0.2 23:40.00
3664 15.0 0.2 23:40.13
3664 10.5 0.2 23:40.30
3664 15.8 0.2 23:40.47
3664 15.8 0.2 23:40.67
3664 15.0 0.2 23:40.82
3664 15.8 0.2 23:40.98
3664 10.5 0.2 23:41.10
3664 16.7 0.2 23:41.25
3664 11.1 0.2 23:41.43
3664 15.0 0.2 23:41.58
3664 15.8 0.2 23:41.72
3664 11.1 0.2 23:41.88
3664 15.8 0.2 23:42.06
3664 10.0 0.2 23:42.20
3664 15.8 0.2 23:42.37
3664 15.8 0.2 23:42.54
3664 10.5 0.2 23:42.69
3664 10.0 0.2 23:42.85
3664 27.8 0.2 23:43.00
3664 21.1 0.2 23:43.23
3664 15.8 0.2 23:43.35
3664 10.5 0.2 23:43.48
3664 10.0 0.2 23:43.63
3664 11.1 0.2 23:43.77
3664 10.0 0.2 23:43.89
3664 42.1 0.2 23:44.08
3664 22.2 0.2 23:44.25
3664 15.8 0.2 23:44.41
3664 33.3 0.2 23:44.57
3664 10.5 0.2 23:44.75
3664 21.1 0.2 23:44.91
3664 15.0 0.2 23:45.05
3664 10.5 0.2 23:45.18
3664 31.6 0.2 23:45.39
3664 10.5 0.2 23:45.53
3664 11.1 0.2 23:45.67
3664 10.5 0.2 23:45.81
3664 10.5 0.2 23:45.96
3664 44.4 0.2 23:46.19
3664 45.0 0.2 23:46.39
3664 15.8 0.2 23:46.56
3664 17.4 0.2 23:46.83
3664 10.0 0.2 23:47.01
3664 14.3 0.2 23:47.23
3664 10.5 0.2 23:47.40
3664 22.2 0.2 23:47.57
3664 11.1 0.2 23:47.81
3664 15.8 0.2 23:47.96
3664 22.2 0.2 23:48.15
3664 10.5 0.2 23:48.28
3664 36.8 0.2 23:48.46
3664 21.1 0.2 23:48.63
3664 21.1 0.2 23:48.80
3664 31.6 0.2 23:48.99
3664 10.5 0.2 23:49.12
3664 5.0 0.2 23:49.28
3664 10.0 0.2 23:49.41
3664 21.1 0.2 23:49.58
3664 15.0 0.2 23:49.75
3664 10.5 0.2 23:49.88
3664 0.0 0.2 23:49.93
