3665 0.0 0.3 17:50.42
3665 5.3 0.3 17:50.47
3665 4.8 0.3 17:50.50
3665 9.5 0.3 17:50.68
3665 10.5 0.3 17:50.77
3665 5.3 0.3 17:50.88
3665 5.3 0.3 17:50.98
3665 5.3 0.3 17:51.03
3665 9.5 0.3 17:51.20
3665 4.5 0.3 17:51.29
3665 5.0 0.3 17:51.41
3665 5.3 0.3 17:51.49
3665 19.0 0.3 17:51.58
3665 9.5 0.3 17:51.77
3665 5.3 0.3 17:52.07
3665 5.3 0.3 17:52.22
3665 19.0 0.3 17:52.34
3665 5.0 0.3 17:52.41
3665 15.0 0.3 17:52.61
3665 10.5 0.3 17:52.71
3665 5.0 0.3 17:52.86
3665 4.8 0.3 17:52.97
3665 5.6 0.3 17:53.05
3665 15.0 0.3 17:53.25
3665 15.8 0.3 17:53.37
3665 13.6 0.3 17:53.52
3665 10.0 0.3 17:53.77
3665 11.1 0.3 17:53.87
3665 10.0 0.3 17:54.12
3665 4.3 0.3 17:54.22
3665 11.1 0.3 17:54.37
3665 10.5 0.3 17:54.63
3665 11.1 0.3 17:54.71
3665 10.5 0.3 17:54.91
3665 11.1 0.3 17:55.01
3665 5.0 0.3 17:55.17
3665 9.5 0.3 17:55.28
3665 10.0 0.3 17:55.38
3665 11.1 0.3 17:55.55
3665 10.0 0.3 17:55.65
3665 14.3 0.3 17:55.85
3665 5.0 0.3 17:56.07
3665 10.5 0.3 17:56.17
3665 40.0 0.3 17:56.43
3665 11.1 0.3 17:56.55
3665 23.8 0.3 17:56.73
3665 5.3 0.3 17:56.83
3665 5.3 0.3 17:56.93
3665 9.5 0.3 17:57.12
3665 10.0 0.3 17:57.22
3665 20.0 0.3 17:57.37
3665 5.0 0.3 17:57.57
3665 10.5 0.3 17:57.65
3665 4.8 0.3 17:57.86
3665 4.8 0.3 17:57.99
3665 21.1 0.3 17:58.16
3665 15.8 0.3 17:58.29
3665 15.8 0.3 17:58.43
3665 10.5 0.3 17:58.62
3665 10.0 0.3 17:58.76
3665 27.8 0.3 17:58.94
3665 9.5 0.3 17:59.08
3665 5.6 0.3 17:59.18
3665 5.3 0.3 17:59.39
3665 11.1 0.3 17:59.51
3665 23.8 0.3 17:59.67
3665 5.3 0.3 17:59.92
3665 10.5 0.3 18:00.01
3665 10.5 0.3 18:00.18
3665 10.5 0.3 18:00.30
3665 18.2 0.3 18:00.50
3665 20.0 0.3 18:00.68
3665 10.5 0.3 18:00.88
3665 15.0 0.3 18:01.09
3665 5.3 0.3 18:01.19
3665 20.0 0.3 18:01.37
3665 31.6 0.3 18:01.55
3665 18.5 0.3 18:01.73
3665 10.7 0.3 18:01.95
3665 10.5 0.3 18:02.09
3665 16.7 0.3 18:02.34
3665 5.3 0.3 18:02.49
3665 15.8 0.3 18:02.69
3665 11.1 0.3 18:02.88
3665 16.7 0.3 18:03.07
3665 15.0 0.3 18:03.26
3665 5.6 0.3 18:03.36
3665 26.3 0.3 18:03.53
3665 5.6 0.3 18:03.66
3665 21.1 0.3 18:03.82
3665 15.0 0.3 18:03.99
3665 10.5 0.3 18:04.10
3665 22.2 0.3 18:04.25
3665 5.6 0.3 18:04.39
3665 25.0 0.3 18:04.55
3665 10.5 0.3 18:04.73
3665 10.5 0.3 18:04.87
3665 22.2 0.3 18:05.06
3665 11.1 0.3 18:05.20
3665 13.6 0.3 18:05.42
3665 11.1 0.3 18:05.58
3665 11.1 0.3 18:05.70
3665 16.7 0.3 18:05.92
3665 10.0 0.3 18:06.08
3665 15.8 0.3 18:06.20
3665 5.0 0.3 18:06.34
3665 5.6 0.3 18:06.43
3665 22.2 0.3 18:06.62
3665 9.1 0.3 18:06.74
3665 15.8 0.3 18:06.89
3665 15.8 0.3 18:07.07
3665 15.0 0.3 18:07.18
3665 20.0 0.3 18:07.38
3665 15.8 0.3 18:07.50
3665 15.8 0.3 18:07.65
3665 10.0 0.4 18:07.86
3665 15.8 0.4 18:08.01
3665 15.8 0.4 18:08.17
3665 4.8 0.4 18:08.30
3665 10.5 0.4 18:08.45
3665 10.0 0.4 18:08.63
3665 9.1 0.4 18:08.74
3665 20.0 0.4 18:08.91
3665 11.1 0.4 18:09.03
3665 26.3 0.4 18:09.18
3665 10.0 0.4 18:09.31
3665 5.6 0.4 18:09.44
3665 10.0 0.4 18:09.57
3665 4.8 0.4 18:09.76
3665 13.6 0.4 18:09.92
3665 10.5 0.4 18:10.09
3665 10.5 0.4 18:10.21
3665 15.0 0.4 18:10.41
3665 9.5 0.4 18:10.72
3665 20.0 0.4 18:10.89
3665 10.0 0.4 18:11.09
3665 20.0 0.4 18:11.31
3665 26.3 0.4 18:11.50
3665 15.0 0.4 18:11.65
3665 11.1 0.4 18:11.83
3665 26.3 0.4 18:12.04
3665 21.1 0.4 18:12.20
3665 19.0 0.4 18:12.43
3665 10.0 0.4 18:12.58
3665 25.0 0.4 18:12.76
3665 21.1 0.4 18:12.95
3665 26.3 0.4 18:13.15
3665 16.7 0.4 18:13.35
3665 25.0 0.4 18:13.52
3665 10.5 0.4 18:13.63
3665 20.0 0.4 18:13.85
3665 10.5 0.4 18:13.95
3665 15.0 0.4 18:14.16
3665 9.1 0.4 18:14.31
3665 27.8 0.4 18:14.46
3665 10.5 0.4 18:14.65
3665 10.5 0.4 18:14.76
3665 20.0 0.4 18:14.93
3665 10.5 0.4 18:15.08
3665 15.8 0.4 18:15.25
3665 15.8 0.4 18:15.42
3665 14.3 0.4 18:15.58
3665 21.1 0.4 18:15.74
3665 10.5 0.4 18:15.89
3665 19.0 0.4 18:16.04
3665 10.5 0.4 18:16.20
3665 10.0 0.4 18:16.31
3665 15.0 0.4 18:16.47
3665 33.3 0.4 18:16.63
3665 11.1 0.4 18:16.81
3665 11.1 0.4 18:17.00
3665 22.2 0.4 18:17.18
3665 23.8 0.4 18:17.37
3665 10.0 0.4 18:17.51
3665 15.8 0.4 18:17.65
3665 10.0 0.4 18:17.85
3665 5.3 0.4 18:17.98
3665 36.8 0.4 18:18.17
3665 11.1 0.4 18:18.30
3665 13.6 0.4 18:18.46
3665 13.6 0.4 18:18.65
3665 15.8 0.4 18:18.89
3665 17.4 0.4 18:19.12
3665 10.0 0.4 18:19.28
3665 10.5 0.4 18:19.47
3665 11.1 0.4 18:19.62
3665 10.5 0.4 18:19.75
3665 15.8 0.4 18:19.92
3665 5.0 0.4 18:20.08
3665 15.8 0.4 18:20.23
3665 20.0 0.4 18:20.42
3665 15.0 0.4 18:20.54
3665 15.0 0.4 18:20.71
3665 9.1 0.4 18:20.88
3665 10.5 0.4 18:21.01
3665 26.3 0.4 18:21.22
3665 18.2 0.4 18:21.39
3665 9.1 0.4 18:21.53
3665 19.0 0.4 18:21.73
3665 10.5 0.4 18:21.92
3665 10.5 0.4 18:22.10
3665 10.5 0.4 18:22.27
3665 20.0 0.4 18:22.49
3665 5.3 0.4 18:22.61
3665 11.1 0.4 18:22.73
3665 15.0 0.4 18:22.90
3665 15.0 0.4 18:23.05
3665 15.0 0.4 18:23.19
3665 15.8 0.4 18:23.36
3665 27.8 0.4 18:23.52
3665 5.0 0.4 18:23.67
3665 10.0 0.4 18:23.80
3665 20.0 0.4 18:23.97
3665 15.8 0.4 18:24.20
3665 15.0 0.4 18:24.35
3665 15.0 0.4 18:24.51
3665 15.8 0.4 18:24.66
3665 23.8 0.4 18:24.82
3665 10.5 0.4 18:24.97
3665 22.7 0.4 18:25.13
3665 19.0 0.4 18:25.36
3665 10.0 0.4 18:25.49
3665 15.8 0.4 18:25.64
3665 9.5 0.4 18:25.87
3665 16.7 0.4 18:26.04
3665 15.8 0.4 18:26.22
3665 10.0 0.4 18:26.42
3665 15.8 0.4 18:26.57
3665 10.5 0.4 18:26.69
3665 15.8 0.4 18:26.83
3665 13.0 0.4 18:27.04
3665 10.0 0.4 18:27.21
3665 20.0 0.4 18:27.45
3665 10.5 0.4 18:27.62
3665 15.8 0.4 18:27.82
3665 19.0 0.4 18:28.01
3665 15.0 0.4 18:28.13
3665 13.6 0.4 18:28.36
3665 25.0 0.4 18:28.58
3665 15.0 0.4 18:28.71
3665 4.5 0.4 18:28.85
3665 10.0 0.4 18:28.97
3665 30.0 0.4 18:29.16
3665 10.5 0.4 18:29.31
3665 15.8 0.4 18:29.49
3665 10.5 0.4 18:29.64
3665 4.5 0.4 18:29.76
3665 16.7 0.4 18:29.92
3665 10.5 0.4 18:30.06
3665 0.0 0.4 18:30.16
