3665 5.3 0.3 25:02.60
3665 8.7 0.3 25:02.67
3665 10.5 0.3 25:02.74
3665 10.5 0.3 25:02.88
3665 10.0 0.3 25:03.00
3665 11.1 0.3 25:03.17
3665 10.5 0.3 25:03.30
3665 10.5 0.3 25:03.46
3665 5.3 0.3 25:03.59
3665 15.8 0.3 25:03.76
3665 9.1 0.3 25:03.90
3665 20.0 0.3 25:04.11
3665 9.5 0.3 25:04.25
3665 10.0 0.3 25:04.36
3665 5.6 0.3 25:04.48
3665 10.5 0.3 25:04.65
3665 10.5 0.3 25:04.79
3665 9.1 0.3 25:04.93
3665 21.1 0.3 25:05.06
3665 31.6 0.3 25:05.25
3665 15.8 0.3 25:05.36
3665 9.1 0.3 25:05.49
3665 26.3 0.3 25:05.65
3665 26.3 0.3 25:05.80
3665 38.9 0.3 25:06.00
3665 11.1 0.3 25:06.17
3665 5.0 0.3 25:06.28
3665 31.6 0.3 25:06.45
3665 22.2 0.3 25:06.61
3665 11.1 0.3 25:06.78
3665 5.0 0.3 25:06.96
3665 13.6 0.3 25:07.09
3665 15.8 0.3 25:07.21
3665 20.0 0.3 25:07.36
3665 15.8 0.3 25:07.47
3665 14.3 0.3 25:07.62
3665 15.0 0.3 25:07.75
3665 15.8 0.3 25:07.92
3665 16.7 0.3 25:08.11
3665 10.0 0.3 25:08.30
3665 15.0 0.3 25:08.46
3665 5.3 0.3 25:08.61
3665 9.5 0.3 25:08.74
3665 4.5 0.3 25:08.98
3665 25.0 0.3 25:09.17
3665 10.5 0.3 25:09.42
3665 10.5 0.3 25:09.57
3665 26.3 0.3 25:09.72
3665 15.0 0.3 25:09.86
3665 10.0 0.3 25:10.02
3665 10.0 0.3 25:10.13
3665 16.7 0.3 25:10.25
3665 10.0 0.3 25:10.38
3665 22.2 0.3 25:10.54
3665 15.0 0.3 25:10.68
3665 9.1 0.3 25:10.82
3665 5.3 0.3 25:10.96
3665 10.5 0.3 25:11.08
3665 19.0 0.3 25:11.29
3665 15.0 0.3 25:11.46
3665 15.8 0.3 25:11.63
3665 11.8 0.3 25:11.84
3665 11.4 0.3 25:11.99
3665 16.0 0.3 25:12.26
3665 22.7 0.3 25:12.41
3665 20.0 0.3 25:12.58
3665 15.0 0.3 25:12.74
3665 10.0 0.3 25:12.87
3665 31.6 0.3 25:13.04
3665 10.5 0.3 25:13.16
3665 5.6 0.3 25:13.31
3665 10.5 0.3 25:13.47
3665 20.0 0.3 25:13.63
3665 15.0 0.3 25:13.78
3665 26.3 0.3 25:13.95
3665 19.0 0.3 25:14.17
3665 10.0 0.3 25:14.31
3665 10.0 0.3 25:14.45
3665 15.8 0.3 25:14.60
3665 5.3 0.3 25:14.75
3665 16.7 0.3 25:14.99
3665 25.0 0.3 25:15.16
3665 26.3 0.3 25:15.34
3665 10.5 0.3 25:15.48
3665 16.7 0.3 25:15.63
3665 21.1 0.3 25:15.81
3665 10.0 0.3 25:15.96
3665 26.3 0.3 25:16.13
3665 15.8 0.3 25:16.28
3665 15.8 0.3 25:16.42
3665 31.6 0.3 25:16.64
3665 10.5 0.3 25:16.81
3665 15.0 0.3 25:16.97
3665 16.7 0.3 25:17.11
3665 26.3 0.3 25:17.29
3665 11.1 0.3 25:17.47
3665 22.2 0.3 25:17.64
3665 26.3 0.3 25:17.81
3665 42.1 0.3 25:18.02
3665 5.0 0.3 25:18.16
3665 15.8 0.3 25:18.36
3665 15.0 0.3 25:18.50
3665 15.8 0.3 25:18.64
3665 14.3 0.3 25:18.78
3665 21.1 0.3 25:18.95
3665 11.1 0.3 25:19.12
3665 10.0 0.3 25:19.31
3665 5.3 0.3 25:19.59
