3665 10.0 0.3 28:54.20
3665 25.0 0.3 28:54.35
3665 26.3 0.3 28:54.49
3665 15.8 0.3 28:54.62
3665 15.8 0.3 28:54.78
3665 10.5 0.3 28:54.91
3665 16.7 0.3 28:55.05
3665 9.1 0.3 28:55.18
3665 15.8 0.3 28:55.32
3665 26.3 0.3 28:55.54
3665 5.6 0.3 28:55.69
3665 15.0 0.3 28:55.86
3665 4.8 0.3 28:55.98
3665 20.0 0.3 28:56.17
3665 10.5 0.3 28:56.29
3665 15.8 0.3 28:56.42
3665 10.5 0.3 28:56.58
3665 15.0 0.3 28:56.73
3665 10.0 0.3 28:56.93
3665 9.5 0.3 28:57.10
3665 20.0 0.3 28:57.26
3665 31.6 0.3 28:57.44
3665 16.7 0.3 28:57.60
3665 13.6 0.3 28:57.74
3665 22.2 0.3 28:57.89
3665 10.5 0.3 28:58.01
3665 22.7 0.3 28:58.19
3665 16.7 0.3 28:58.32
3665 10.0 0.3 28:58.48
3665 22.2 0.3 28:58.68
3665 21.1 0.3 28:58.87
3665 10.5 0.3 28:59.01
3665 25.0 0.3 28:59.17
3665 13.0 0.3 28:59.31
3665 13.6 0.3 28:59.46
3665 20.0 0.3 28:59.61
3665 25.0 0.3 28:59.78
3665 5.3 0.3 28:59.92
3665 10.0 0.3 29:00.09
3665 16.7 0.3 29:00.25
3665 15.8 0.3 29:00.39
3665 16.7 0.3 29:00.58
3665 20.0 0.3 29:00.75
3665 15.8 0.3 29:00.92
3665 14.3 0.3 29:01.07
3665 25.0 0.3 29:01.24
3665 15.8 0.3 29:01.43
3665 10.5 0.3 29:01.54
3665 15.0 0.3 29:01.68
3665 25.0 0.3 29:01.85
3665 10.0 0.3 29:02.05
3665 10.5 0.3 29:02.20
3665 10.0 0.3 29:02.34
3665 15.0 0.3 29:02.48
3665 16.7 0.3 29:02.68
3665 20.0 0.3 29:02.84
3665 15.8 0.3 29:02.99
3665 10.0 0.3 29:03.15
3665 14.3 0.3 29:03.35
3665 19.0 0.3 29:03.55
3665 10.5 0.3 29:03.68
3665 10.5 0.3 29:03.85
3665 21.1 0.3 29:04.02
3665 10.0 0.3 29:04.20
3665 20.0 0.3 29:04.40
3665 27.3 0.3 29:04.62
3665 20.0 0.3 29:04.81
3665 15.8 0.3 29:04.98
3665 15.8 0.3 29:05.14
3665 15.0 0.3 29:05.35
3665 10.0 0.3 29:05.48
3665 10.5 0.3 29:05.65
3665 26.3 0.3 29:05.80
3665 20.0 0.3 29:05.96
3665 15.8 0.3 29:06.14
3665 0.0 0.3 29:06.25
