3666 10.5 0.2 3:05.59
3666 0.0 0.2 3:05.64
3666 0.0 0.2 3:05.68
3666 0.0 0.2 3:05.72
3666 5.6 0.2 3:05.77
3666 0.0 0.2 3:05.80
3666 0.0 0.2 3:05.81
3666 0.0 0.2 3:05.84
3666 0.0 0.2 3:05.87
3666 5.3 0.2 3:05.92
3666 10.5 0.2 3:05.99
3666 0.0 0.2 3:06.02
3666 0.0 0.2 3:06.04
3666 0.0 0.2 3:06.04
3666 0.0 0.2 3:06.08
3666 0.0 0.2 3:06.09
3666 0.0 0.2 3:06.14
3666 0.0 0.2 3:06.16
3666 0.0 0.2 3:06.16
3666 5.0 0.2 3:06.17
3666 0.0 0.2 3:06.17
3666 0.0 0.2 3:06.21
3666 5.6 0.2 3:06.23
3666 4.5 0.2 3:06.27
3666 0.0 0.2 3:06.32
3666 0.0 0.2 3:06.36
3666 0.0 0.2 3:06.37
3666 0.0 0.2 3:06.38
3666 0.0 0.2 3:06.40
3666 0.0 0.2 3:06.41
3666 0.0 0.2 3:06.41
3666 0.0 0.2 3:06.43
3666 0.0 0.2 3:06.45
3666 0.0 0.2 3:06.45
3666 0.0 0.2 3:06.47
3666 0.0 0.2 3:06.47
3666 0.0 0.2 3:06.48
3666 0.0 0.2 3:06.48
3666 0.0 0.2 3:06.50
3666 0.0 0.2 3:06.50
3666 5.3 0.2 3:06.51
3666 0.0 0.2 3:06.51
3666 0.0 0.2 3:06.55
3666 0.0 0.2 3:06.55
3666 0.0 0.2 3:06.55
3666 0.0 0.2 3:06.56
3666 5.3 0.2 3:06.58
3666 0.0 0.2 3:06.60
3666 5.3 0.2 3:06.63
3666 0.0 0.2 3:06.64
3666 0.0 0.2 3:06.64
3666 5.3 0.2 3:06.66
3666 11.1 0.2 3:06.69
3666 5.3 0.2 3:06.70
3666 0.0 0.2 3:06.70
3666 0.0 0.2 3:06.70
3666 0.0 0.2 3:06.71
3666 0.0 0.2 3:06.72
3666 0.0 0.2 3:06.76
3666 0.0 0.2 3:06.77
3666 0.0 0.2 3:06.78
3666 0.0 0.2 3:06.78
3666 0.0 0.2 3:06.78
3666 0.0 0.2 3:06.79
3666 5.6 0.2 3:06.81
3666 0.0 0.2 3:06.81
3666 5.0 0.2 3:06.82
3666 5.0 0.2 3:06.84
3666 5.3 0.2 3:06.87
3666 0.0 0.2 3:06.91
3666 5.0 0.2 3:06.93
3666 0.0 0.2 3:06.94
3666 5.6 0.2 3:06.98
3666 0.0 0.2 3:06.99
3666 0.0 0.2 3:07.00
3666 4.5 0.2 3:07.01
3666 0.0 0.2 3:07.01
3666 0.0 0.2 3:07.02
3666 0.0 0.2 3:07.03
3666 5.0 0.2 3:07.06
3666 0.0 0.2 3:07.08
3666 0.0 0.2 3:07.09
3666 4.8 0.2 3:07.10
3666 5.6 0.2 3:07.14
3666 0.0 0.2 3:07.14
3666 0.0 0.2 3:07.14
3666 0.0 0.2 3:07.15
3666 4.8 0.2 3:07.16
3666 0.0 0.2 3:07.16
3666 0.0 0.2 3:07.17
3666 0.0 0.2 3:07.18
3666 0.0 0.2 3:07.19
3666 5.3 0.2 3:07.20
3666 0.0 0.2 3:07.21
3666 0.0 0.2 3:07.22
3666 0.0 0.2 3:07.22
3666 0.0 0.2 3:07.23
3666 0.0 0.2 3:07.25
3666 0.0 0.2 3:07.27
3666 0.0 0.2 3:07.28
3666 0.0 0.2 3:07.28
3666 0.0 0.2 3:07.29
3666 5.3 0.2 3:07.30
3666 0.0 0.2 3:07.31
3666 0.0 0.2 3:07.31
3666 0.0 0.2 3:07.32
3666 0.0 0.2 3:07.32
3666 0.0 0.2 3:07.34
3666 0.0 0.2 3:07.34
3666 5.0 0.2 3:07.36
3666 5.6 0.2 3:07.37
3666 0.0 0.2 3:07.39
3666 0.0 0.2 3:07.40
3666 4.8 0.2 3:07.44
3666 5.3 0.2 3:07.45
3666 0.0 0.2 3:07.45
3666 0.0 0.2 3:07.49
3666 5.3 0.2 3:07.51
3666 0.0 0.2 3:07.51
3666 0.0 0.2 3:07.53
3666 0.0 0.2 3:07.54
3666 0.0 0.2 3:07.56
3666 0.0 0.2 3:07.57
3666 0.0 0.2 3:07.58
3666 2.8 0.2 3:07.61
