3666 0.0 0.3 0:00.13
3666 4.8 0.3 0:00.19
3666 5.6 0.3 0:00.23
3666 5.0 0.3 0:00.28
3666 0.0 0.3 0:00.31
3666 0.0 0.3 0:00.34
3666 0.0 0.3 0:00.36
3666 0.0 0.3 0:00.36
3666 0.0 0.3 0:00.41
3666 5.0 0.3 0:00.44
3666 0.0 0.3 0:00.45
3666 0.0 0.3 0:00.46
3666 0.0 0.3 0:00.48
3666 4.0 0.3 0:00.52
3666 0.0 0.3 0:00.54
3666 4.3 0.3 0:00.58
3666 4.5 0.3 0:00.61
3666 5.3 0.3 0:00.63
3666 0.0 0.3 0:00.65
3666 0.0 0.3 0:00.68
3666 0.0 0.3 0:00.70
3666 5.0 0.3 0:00.72
3666 10.5 0.3 0:00.76
3666 5.3 0.3 0:00.78
3666 0.0 0.3 0:00.80
3666 0.0 0.3 0:00.81
3666 0.0 0.3 0:00.84
3666 5.0 0.3 0:00.87
3666 5.3 0.3 0:00.89
3666 5.0 0.3 0:00.91
3666 5.0 0.3 0:00.94
3666 0.0 0.3 0:00.96
3666 0.0 0.3 0:00.99
3666 0.0 0.3 0:01.01
3666 0.0 0.3 0:01.02
3666 0.0 0.3 0:01.03
3666 0.0 0.3 0:01.05
3666 0.0 0.3 0:01.05
3666 5.3 0.3 0:01.07
3666 0.0 0.3 0:01.08
3666 0.0 0.3 0:01.10
3666 0.0 0.3 0:01.12
3666 0.0 0.3 0:01.13
3666 0.0 0.3 0:01.14
3666 5.6 0.3 0:01.17
3666 0.0 0.3 0:01.19
3666 5.3 0.3 0:01.21
3666 0.0 0.3 0:01.24
3666 5.3 0.3 0:01.27
3666 5.0 0.3 0:01.29
3666 5.6 0.3 0:01.32
3666 5.3 0.3 0:01.34
3666 0.0 0.3 0:01.36
3666 0.0 0.3 0:01.37
3666 0.0 0.3 0:01.38
3666 5.0 0.3 0:01.40
3666 0.0 0.3 0:01.41
3666 0.0 0.3 0:01.42
3666 0.0 0.3 0:01.43
3666 0.0 0.3 0:01.45
3666 0.0 0.3 0:01.47
3666 0.0 0.3 0:01.48
3666 0.0 0.3 0:01.50
3666 5.0 0.3 0:01.52
3666 5.0 0.3 0:01.54
3666 0.0 0.3 0:01.56
3666 5.0 0.3 0:01.60
3666 5.6 0.3 0:01.64
3666 4.8 0.3 0:01.67
3666 0.0 0.3 0:01.69
3666 0.0 0.3 0:01.71
3666 5.6 0.3 0:01.76
3666 0.0 0.3 0:01.77
3666 0.0 0.3 0:01.79
3666 5.6 0.3 0:01.81
3666 0.0 0.3 0:01.83
3666 5.6 0.3 0:01.86
3666 0.0 0.3 0:01.87
3666 0.0 0.3 0:01.89
3666 11.1 0.3 0:01.92
3666 4.8 0.3 0:01.94
3666 5.0 0.3 0:01.96
3666 0.0 0.3 0:01.97
3666 0.0 0.3 0:01.99
3666 5.3 0.3 0:02.02
3666 0.0 0.3 0:02.03
3666 5.0 0.3 0:02.06
3666 5.0 0.3 0:02.08
3666 0.0 0.3 0:02.09
3666 0.0 0.3 0:02.11
3666 0.0 0.3 0:02.13
3666 5.3 0.3 0:02.16
3666 4.8 0.3 0:02.19
3666 0.0 0.3 0:02.22
3666 0.0 0.3 0:02.25
3666 0.0 0.3 0:02.27
3666 0.0 0.3 0:02.28
3666 0.0 0.3 0:02.31
3666 0.0 0.3 0:02.33
3666 0.0 0.3 0:02.35
3666 0.0 0.3 0:02.37
3666 0.0 0.3 0:02.39
3666 0.0 0.3 0:02.41
3666 0.0 0.3 0:02.43
3666 0.0 0.3 0:02.45
3666 0.0 0.3 0:02.47
3666 0.0 0.3 0:02.48
3666 0.0 0.3 0:02.49
3666 5.6 0.3 0:02.52
3666 0.0 0.3 0:02.53
3666 0.0 0.3 0:02.55
3666 0.0 0.3 0:02.58
3666 5.3 0.3 0:02.61
3666 0.0 0.3 0:02.64
3666 5.6 0.3 0:02.67
3666 0.0 0.3 0:02.68
3666 0.0 0.3 0:02.72
3666 5.3 0.3 0:02.76
3666 0.0 0.3 0:02.78
3666 0.0 0.3 0:02.80
3666 5.6 0.3 0:02.82
3666 0.0 0.3 0:02.83
3666 0.0 0.3 0:02.86
3666 5.0 0.3 0:02.88
3666 5.0 0.3 0:02.90
3666 0.0 0.3 0:02.91
3666 5.3 0.3 0:02.94
3666 0.0 0.3 0:02.95
3666 0.0 0.3 0:03.02
3666 0.0 0.3 0:03.03
3666 0.0 0.3 0:03.04
3666 0.0 0.3 0:03.06
3666 5.0 0.3 0:03.09
3666 0.0 0.3 0:03.10
3666 0.0 0.3 0:03.12
3666 5.6 0.3 0:03.16
3666 0.0 0.3 0:03.18
3666 0.0 0.3 0:03.20
3666 0.0 0.3 0:03.22
3666 5.0 0.3 0:03.27
3666 0.0 0.3 0:03.29
3666 0.0 0.3 0:03.30
3666 4.8 0.3 0:03.33
3666 4.5 0.3 0:03.35
3666 4.8 0.3 0:03.38
3666 5.3 0.3 0:03.39
3666 0.0 0.3 0:03.40
3666 0.0 0.3 0:03.41
3666 5.6 0.3 0:03.43
3666 0.0 0.3 0:03.44
3666 5.3 0.3 0:03.46
3666 0.0 0.3 0:03.47
3666 0.0 0.3 0:03.49
3666 0.0 0.3 0:03.50
3666 0.0 0.3 0:03.51
3666 0.0 0.3 0:03.54
3666 5.0 0.3 0:03.57
3666 0.0 0.3 0:03.59
3666 0.0 0.3 0:03.61
3666 0.0 0.3 0:03.62
3666 0.0 0.3 0:03.63
3666 5.3 0.3 0:03.66
3666 5.0 0.3 0:03.69
3666 0.0 0.3 0:03.71
3666 5.3 0.3 0:03.76
3666 0.0 0.3 0:03.77
3666 3.7 0.3 0:03.80
3666 3.3 0.3 0:03.83
3666 0.0 0.3 0:03.85
3666 0.0 0.3 0:03.88
3666 0.0 0.3 0:03.92
3666 0.0 0.3 0:03.94
3666 0.0 0.3 0:03.95
3666 0.0 0.3 0:03.97
3666 5.3 0.3 0:03.99
3666 5.3 0.3 0:04.02
3666 0.0 0.3 0:04.06
3666 0.0 0.3 0:04.09
3666 0.0 0.3 0:04.13
3666 0.0 0.3 0:04.15
3666 5.3 0.3 0:04.18
3666 0.0 0.3 0:04.20
3666 0.0 0.3 0:04.21
3666 0.0 0.3 0:04.23
3666 4.8 0.3 0:04.25
3666 0.0 0.3 0:04.26
3666 0.0 0.3 0:04.28
3666 5.6 0.3 0:04.30
3666 0.0 0.3 0:04.31
3666 5.6 0.3 0:04.33
3666 0.0 0.3 0:04.35
3666 5.6 0.3 0:04.37
3666 5.6 0.3 0:04.40
3666 0.0 0.3 0:04.42
3666 0.0 0.3 0:04.44
3666 4.5 0.3 0:04.47
3666 0.0 0.3 0:04.48
3666 5.3 0.3 0:04.50
3666 5.3 0.3 0:04.52
3666 5.3 0.3 0:04.54
3666 0.0 0.3 0:04.56
3666 0.0 0.3 0:04.58
3666 5.6 0.3 0:04.60
3666 0.0 0.3 0:04.61
3666 0.0 0.3 0:04.63
3666 4.8 0.3 0:04.65
3666 5.3 0.3 0:04.68
3666 0.0 0.3 0:04.71
3666 5.3 0.3 0:04.75
3666 4.8 0.3 0:04.78
3666 0.0 0.3 0:04.79
3666 0.0 0.3 0:04.82
3666 0.0 0.3 0:04.84
3666 5.3 0.3 0:04.87
3666 5.3 0.3 0:04.90
3666 4.5 0.3 0:04.92
3666 5.0 0.3 0:04.95
3666 10.0 0.3 0:04.99
3666 0.0 0.3 0:05.02
3666 4.8 0.3 0:05.07
3666 5.3 0.3 0:05.10
3666 5.0 0.3 0:05.12
3666 5.6 0.3 0:05.18
3666 4.8 0.3 0:05.22
3666 5.3 0.3 0:05.24
3666 5.6 0.3 0:05.26
3666 0.0 0.3 0:05.27
3666 0.0 0.3 0:05.30
3666 0.0 0.3 0:05.31
3666 0.0 0.3 0:05.33
3666 0.0 0.3 0:05.34
3666 0.0 0.3 0:05.36
3666 5.3 0.3 0:05.38
3666 0.0 0.3 0:05.41
3666 0.0 0.3 0:05.42
3666 0.0 0.3 0:05.44
3666 5.3 0.3 0:05.46
3666 5.3 0.3 0:05.48
3666 0.0 0.3 0:05.51
3666 10.5 0.3 0:05.54
3666 5.6 0.3 0:05.57
3666 0.0 0.3 0:05.59
3666 5.3 0.3 0:05.62
3666 5.3 0.3 0:05.65
3666 0.0 0.3 0:05.68
3666 5.3 0.3 0:05.70
3666 0.0 0.3 0:05.72
3666 0.0 0.3 0:05.74
3666 5.0 0.3 0:05.77
3666 5.3 0.3 0:05.79
3666 0.0 0.3 0:05.81
3666 10.5 0.3 0:05.84
3666 0.0 0.3 0:05.86
3666 0.0 0.3 0:05.88
3666 0.0 0.3 0:05.89
3666 5.3 0.3 0:05.91
3666 0.0 0.3 0:05.93
3666 0.0 0.3 0:05.95
3666 0.0 0.3 0:05.97
3666 0.0 0.3 0:06.01
3666 0.0 0.3 0:06.04
3666 5.3 0.3 0:06.07
3666 5.3 0.3 0:06.10
3666 0.0 0.3 0:06.12
3666 0.0 0.3 0:06.14
3666 0.0 0.3 0:06.17
3666 5.3 0.3 0:06.21
3666 0.0 0.3 0:06.24
3666 3.6 0.3 0:06.27
3666 0.0 0.3 0:06.29
3666 0.0 0.3 0:06.33
3666 5.3 0.3 0:06.36
3666 5.3 0.3 0:06.39
3666 0.0 0.3 0:06.41
3666 11.1 0.3 0:06.45
3666 0.0 0.3 0:06.47
3666 9.5 0.3 0:06.52
3666 0.0 0.3 0:06.55
3666 4.8 0.3 0:06.57
3666 0.0 0.3 0:06.60
3666 0.0 0.3 0:06.63
3666 0.0 0.3 0:06.65
3666 5.6 0.3 0:06.68
3666 0.0 0.3 0:06.69
3666 5.3 0.3 0:06.72
3666 0.0 0.3 0:06.76
3666 10.5 0.3 0:06.79
3666 5.3 0.3 0:06.83
3666 5.0 0.3 0:06.85
3666 5.0 0.3 0:06.87
3666 5.6 0.3 0:06.90
3666 0.0 0.3 0:06.91
3666 5.6 0.3 0:06.93
3666 5.0 0.3 0:06.96
3666 0.0 0.3 0:06.97
3666 5.0 0.3 0:06.99
3666 0.0 0.3 0:06.99
3666 5.3 0.3 0:07.02
3666 5.0 0.3 0:07.03
3666 4.5 0.3 0:07.05
3666 0.0 0.3 0:07.06
3666 0.0 0.3 0:07.07
3666 0.0 0.3 0:07.08
3666 0.0 0.3 0:07.09
3666 5.6 0.3 0:07.10
3666 0.0 0.3 0:07.11
3666 0.0 0.3 0:07.12
3666 0.0 0.3 0:07.14
3666 0.0 0.3 0:07.16
3666 11.1 0.3 0:07.20
3666 0.0 0.3 0:07.21
3666 0.0 0.3 0:07.22
3666 0.0 0.3 0:07.23
3666 0.0 0.3 0:07.24
3666 0.0 0.3 0:07.25
13666 20.0 0.1 0:00.04
3666 0.0 0.3 0:07.28
3666 5.3 0.3 0:07.30
3666 5.0 0.3 0:07.32
3666 0.0 0.3 0:07.34
3666 0.0 0.3 0:07.38
3666 3.2 0.3 0:07.45
3666 10.0 0.3 0:07.50
3666 0.0 0.3 0:07.52
3666 5.6 0.3 0:07.55
3666 5.6 0.3 0:07.57
3666 0.0 0.3 0:07.59
3666 0.0 0.3 0:07.61
3666 5.0 0.3 0:07.64
3666 0.0 0.3 0:07.65
3666 5.0 0.3 0:07.67
3666 0.0 0.3 0:07.69
3666 0.0 0.3 0:07.70
3666 0.0 0.3 0:07.72
3666 0.0 0.3 0:07.75
3666 0.0 0.3 0:07.77
3666 5.3 0.3 0:07.80
3666 5.3 0.3 0:07.82
3666 5.3 0.3 0:07.85
3666 5.0 0.3 0:07.87
3666 0.0 0.3 0:07.89
3666 0.0 0.3 0:07.91
3666 5.0 0.3 0:07.94
3666 5.0 0.3 0:07.97
3666 0.0 0.3 0:07.99
3666 5.0 0.3 0:08.01
3666 0.0 0.3 0:08.03
3666 0.0 0.3 0:08.05
3666 0.0 0.3 0:08.08
3666 0.0 0.3 0:08.10
3666 0.0 0.3 0:08.15
3666 0.0 0.3 0:08.17
3666 0.0 0.3 0:08.18
3666 5.3 0.3 0:08.20
3666 5.0 0.3 0:08.22
3666 0.0 0.3 0:08.23
3666 5.3 0.3 0:08.26
3666 4.8 0.3 0:08.29
3666 5.3 0.3 0:08.32
3666 0.0 0.3 0:08.34
3666 0.0 0.3 0:08.37
3666 0.0 0.3 0:08.39
3666 0.0 0.3 0:08.41
3666 5.0 0.3 0:08.49
3666 5.3 0.3 0:08.53
3666 0.0 0.3 0:08.55
3666 0.0 0.3 0:08.62
3666 5.0 0.3 0:08.66
3666 5.0 0.3 0:08.68
3666 10.5 0.3 0:08.71
3666 4.2 0.3 0:08.73
3666 0.0 0.3 0:08.74
3666 0.0 0.3 0:08.76
3666 5.0 0.3 0:08.78
3666 0.0 0.3 0:08.79
3666 0.0 0.3 0:08.80
3666 0.0 0.3 0:08.81
3666 0.0 0.3 0:08.82
3666 0.0 0.3 0:08.84
3666 5.0 0.3 0:08.88
3666 5.6 0.3 0:08.90
3666 0.0 0.3 0:08.91
3666 0.0 0.3 0:08.92
3666 0.0 0.3 0:08.93
3666 5.6 0.3 0:08.95
3666 0.0 0.3 0:08.97
3666 5.0 0.3 0:08.99
3666 4.8 0.3 0:09.01
3666 0.0 0.3 0:09.03
3666 0.0 0.3 0:09.05
3666 5.3 0.3 0:09.08
3666 10.5 0.3 0:09.11
3666 5.0 0.3 0:09.13
3666 5.0 0.3 0:09.16
3666 0.0 0.3 0:09.20
3666 0.0 0.3 0:09.23
3666 5.0 0.3 0:09.26
3666 5.0 0.3 0:09.28
3666 10.0 0.3 0:09.32
3666 0.0 0.3 0:09.34
3666 5.3 0.3 0:09.36
3666 0.0 0.3 0:09.38
3666 0.0 0.3 0:09.40
3666 5.6 0.3 0:09.42
3666 0.0 0.3 0:09.43
3666 0.0 0.3 0:09.45
3666 0.0 0.3 0:09.46
3666 10.5 0.3 0:09.49
3666 0.0 0.3 0:09.51
3666 0.0 0.3 0:09.52
3666 5.0 0.3 0:09.55
3666 0.0 0.3 0:09.56
3666 5.3 0.3 0:09.59
3666 0.0 0.3 0:09.60
3666 0.0 0.3 0:09.63
3666 0.0 0.3 0:09.65
3666 0.0 0.3 0:09.67
3666 0.0 0.3 0:09.70
3666 0.0 0.3 0:09.75
3666 5.3 0.3 0:09.79
3666 0.0 0.3 0:09.81
3666 4.5 0.3 0:09.86
3666 4.0 0.3 0:09.89
3666 0.0 0.3 0:09.92
3666 0.0 0.3 0:09.94
3666 5.3 0.3 0:09.96
3666 5.3 0.3 0:09.99
3666 5.6 0.3 0:10.01
3666 0.0 0.3 0:10.02
3666 0.0 0.3 0:10.04
3666 0.0 0.3 0:10.06
3666 5.6 0.3 0:10.09
3666 0.0 0.3 0:10.13
3666 5.6 0.3 0:10.19
3666 0.0 0.3 0:10.22
3666 0.0 0.3 0:10.25
3666 0.0 0.3 0:10.27
3666 0.0 0.3 0:10.30
3666 4.8 0.3 0:10.32
3666 0.0 0.3 0:10.33
3666 0.0 0.3 0:10.35
3666 16.7 0.3 0:10.39
3666 0.0 0.3 0:10.40
3666 5.0 0.3 0:10.42
3666 15.8 0.3 0:10.46
3666 10.5 0.3 0:10.49
3666 0.0 0.3 0:10.51
3666 10.0 0.3 0:10.55
3666 5.3 0.3 0:10.57
3666 0.0 0.3 0:10.58
3666 0.0 0.3 0:10.60
3666 0.0 0.3 0:10.64
3666 5.6 0.3 0:10.66
3666 0.0 0.3 0:10.67
3666 0.0 0.3 0:10.68
3666 0.0 0.3 0:10.69
3666 0.0 0.3 0:10.70
3666 0.0 0.3 0:10.72
3666 0.0 0.3 0:10.73
3666 0.0 0.3 0:10.76
3666 0.0 0.3 0:10.78
3666 0.0 0.3 0:10.79
3666 0.0 0.3 0:10.82
3666 4.3 0.3 0:10.84
3666 0.0 0.3 0:10.85
3666 5.3 0.3 0:10.87
3666 5.3 0.3 0:10.90
3666 0.0 0.3 0:10.91
3666 5.6 0.3 0:10.94
3666 0.0 0.3 0:10.96
3666 5.3 0.3 0:10.98
3666 0.0 0.3 0:10.99
3666 3.4 0.3 0:11.01
3666 0.0 0.3 0:11.05
3666 3.7 0.3 0:11.08
3666 5.0 0.3 0:11.11
3666 5.3 0.3 0:11.13
3666 5.0 0.3 0:11.16
3666 5.3 0.3 0:11.19
3666 5.3 0.3 0:11.21
3666 4.8 0.3 0:11.23
3666 0.0 0.3 0:11.24
3666 0.0 0.3 0:11.26
3666 4.8 0.3 0:11.29
3666 5.6 0.3 0:11.31
3666 0.0 0.3 0:11.32
3666 0.0 0.3 0:11.34
3666 0.0 0.3 0:11.36
3666 5.0 0.3 0:11.40
3666 15.8 0.3 0:11.47
3666 0.0 0.3 0:11.51
3666 0.0 0.3 0:11.54
3666 0.0 0.3 0:11.57
3666 5.0 0.3 0:11.61
3666 5.3 0.3 0:11.63
3666 0.0 0.3 0:11.64
3666 0.0 0.3 0:11.66
3666 5.0 0.3 0:11.68
3666 0.0 0.3 0:11.70
3666 0.0 0.3 0:11.73
3666 5.6 0.3 0:11.75
3666 0.0 0.3 0:11.76
3666 0.0 0.3 0:11.78
3666 0.0 0.3 0:11.80
3666 0.0 0.3 0:11.82
3666 4.5 0.3 0:11.85
3666 0.0 0.3 0:11.88
3666 5.3 0.3 0:11.90
3666 5.3 0.3 0:11.92
3666 0.0 0.3 0:11.94
3666 5.0 0.3 0:11.97
3666 0.0 0.3 0:11.99
3666 5.0 0.3 0:12.01
3666 0.0 0.3 0:12.01
3666 0.0 0.3 0:12.03
3666 0.0 0.3 0:12.04
3666 0.0 0.3 0:12.07
3666 0.0 0.3 0:12.09
3666 0.0 0.3 0:12.11
3666 5.3 0.3 0:12.13
3666 0.0 0.3 0:12.14
3666 5.0 0.3 0:12.16
3666 0.0 0.3 0:12.18
3666 4.3 0.3 0:12.20
3666 0.0 0.3 0:12.21
3666 0.0 0.3 0:12.24
3666 0.0 0.3 0:12.26
3666 0.0 0.3 0:12.28
3666 0.0 0.3 0:12.31
3666 0.0 0.3 0:12.33
3666 0.0 0.3 0:12.35
3666 5.6 0.3 0:12.37
3666 10.5 0.3 0:12.40
3666 0.0 0.3 0:12.43
3666 0.0 0.3 0:12.45
3666 0.0 0.3 0:12.46
3666 0.0 0.3 0:12.48
3666 0.0 0.3 0:12.51
3666 5.6 0.3 0:12.53
3666 0.0 0.3 0:12.54
3666 5.6 0.3 0:12.57
3666 0.0 0.3 0:12.58
3666 0.0 0.3 0:12.60
3666 0.0 0.3 0:12.62
3666 4.8 0.3 0:12.64
3666 0.0 0.3 0:12.65
3666 4.8 0.3 0:12.67
3666 5.3 0.3 0:12.69
3666 0.0 0.3 0:12.70
3666 0.0 0.3 0:12.72
3666 5.3 0.3 0:12.76
3666 0.0 0.3 0:12.79
3666 0.0 0.3 0:12.83
3666 0.0 0.3 0:12.85
3666 0.0 0.3 0:12.87
3666 5.6 0.3 0:12.90
3666 5.0 0.3 0:12.93
3666 5.0 0.3 0:12.95
3666 0.0 0.3 0:12.97
3666 0.0 0.3 0:13.00
3666 0.0 0.3 0:13.02
3666 0.0 0.3 0:13.04
3666 5.3 0.3 0:13.06
3666 5.3 0.3 0:13.08
3666 0.0 0.3 0:13.09
3666 0.0 0.3 0:13.10
3666 0.0 0.3 0:13.14
3666 0.0 0.3 0:13.17
3666 5.3 0.3 0:13.20
3666 5.6 0.3 0:13.23
3666 5.0 0.3 0:13.26
3666 4.8 0.3 0:13.29
3666 0.0 0.3 0:13.32
3666 5.3 0.3 0:13.38
3666 0.0 0.3 0:13.40
3666 0.0 0.3 0:13.42
3666 0.0 0.3 0:13.44
3666 0.0 0.3 0:13.44
3666 0.0 0.3 0:13.46
3666 0.0 0.3 0:13.47
3666 0.0 0.3 0:13.49
3666 10.5 0.3 0:13.51
3666 5.6 0.3 0:13.52
3666 0.0 0.3 0:13.54
3666 0.0 0.3 0:13.57
3666 0.0 0.3 0:13.59
3666 5.6 0.3 0:13.62
3666 5.0 0.3 0:13.64
3666 0.0 0.3 0:13.65
3666 0.0 0.3 0:13.67
3666 0.0 0.3 0:13.68
3666 0.0 0.3 0:13.70
3666 0.0 0.3 0:13.73
3666 5.3 0.3 0:13.75
3666 0.0 0.3 0:13.77
3666 4.8 0.3 0:13.79
3666 5.3 0.3 0:13.81
3666 0.0 0.3 0:13.82
3666 5.3 0.3 0:13.84
3666 5.0 0.3 0:13.86
3666 10.0 0.3 0:13.89
3666 0.0 0.3 0:13.90
3666 0.0 0.3 0:13.91
3666 0.0 0.3 0:13.93
3666 0.0 0.3 0:13.95
3666 0.0 0.3 0:13.97
3666 0.0 0.3 0:13.99
3666 0.0 0.3 0:14.04
3666 5.3 0.3 0:14.07
3666 0.0 0.3 0:14.08
3666 5.0 0.3 0:14.10
3666 5.6 0.3 0:14.12
3666 11.1 0.3 0:14.14
3666 10.5 0.3 0:14.18
3666 0.0 0.3 0:14.19
3666 5.3 0.3 0:14.21
3666 0.0 0.3 0:14.23
3666 0.0 0.3 0:14.25
3666 0.0 0.3 0:14.26
3666 5.3 0.3 0:14.32
3666 0.0 0.3 0:14.34
3666 0.0 0.3 0:14.35
3666 5.3 0.3 0:14.38
3666 0.0 0.3 0:14.39
3666 5.6 0.3 0:14.41
3666 0.0 0.3 0:14.42
3666 3.7 0.3 0:14.48
3666 5.6 0.3 0:14.57
3666 0.0 0.3 0:14.60
3666 0.0 0.3 0:14.63
23666 15.0 0.1 0:00.04
3666 0.0 0.3 0:14.68
3666 0.0 0.3 0:14.70
3666 5.0 0.3 0:14.73
3666 5.6 0.3 0:14.75
3666 0.0 0.3 0:14.77
3666 5.6 0.3 0:14.79
3666 0.0 0.3 0:14.83
3666 4.8 0.3 0:14.85
3666 0.0 0.3 0:14.86
3666 0.0 0.3 0:14.88
3666 0.0 0.3 0:14.90
3666 5.3 0.3 0:14.92
3666 0.0 0.3 0:14.94
3666 0.0 0.3 0:14.96
3666 5.3 0.3 0:14.99
3666 0.0 0.3 0:15.02
3666 5.3 0.3 0:15.05
3666 0.0 0.3 0:15.07
3666 0.0 0.3 0:15.10
3666 5.6 0.3 0:15.13
3666 5.3 0.3 0:15.17
3666 0.0 0.3 0:15.20
3666 0.0 0.3 0:15.23
3666 0.0 0.3 0:15.25
3666 5.3 0.3 0:15.27
3666 0.0 0.3 0:15.29
3666 0.0 0.3 0:15.32
3666 0.0 0.3 0:15.36
3666 0.0 0.3 0:15.39
3666 5.3 0.3 0:15.42
3666 0.0 0.3 0:15.43
3666 0.0 0.3 0:15.46
3666 5.0 0.3 0:15.49
3666 4.8 0.3 0:15.52
3666 0.0 0.3 0:15.53
3666 0.0 0.3 0:15.55
3666 0.0 0.3 0:15.59
3666 0.0 0.3 0:15.61
3666 0.0 0.3 0:15.67
3666 0.0 0.3 0:15.68
3666 0.0 0.3 0:15.70
3666 4.8 0.3 0:15.73
3666 5.3 0.3 0:15.75
3666 4.5 0.3 0:15.78
3666 0.0 0.3 0:15.79
3666 0.0 0.3 0:15.82
3666 0.0 0.3 0:15.84
3666 0.0 0.3 0:15.86
3666 0.0 0.3 0:15.88
3666 5.6 0.3 0:15.92
3666 0.0 0.3 0:15.94
3666 9.5 0.3 0:15.96
3666 0.0 0.3 0:15.96
3666 0.0 0.3 0:15.99
3666 0.0 0.3 0:16.01
3666 5.0 0.3 0:16.03
3666 4.8 0.3 0:16.05
3666 0.0 0.3 0:16.07
3666 0.0 0.3 0:16.10
3666 0.0 0.3 0:16.12
3666 0.0 0.3 0:16.13
3666 0.0 0.3 0:16.16
3666 0.0 0.3 0:16.18
3666 5.3 0.3 0:16.20
3666 0.0 0.3 0:16.21
3666 0.0 0.3 0:16.24
3666 5.0 0.3 0:16.26
3666 5.6 0.3 0:16.28
3666 5.0 0.3 0:16.32
3666 5.6 0.3 0:16.34
3666 0.0 0.3 0:16.37
3666 0.0 0.3 0:16.39
3666 0.0 0.3 0:16.41
3666 0.0 0.3 0:16.44
3666 0.0 0.3 0:16.46
3666 0.0 0.3 0:16.48
3666 0.0 0.3 0:16.49
3666 0.0 0.3 0:16.50
3666 5.3 0.3 0:16.52
3666 11.1 0.3 0:16.55
3666 0.0 0.3 0:16.57
3666 5.3 0.3 0:16.60
3666 5.6 0.3 0:16.62
3666 0.0 0.3 0:16.63
3666 0.0 0.3 0:16.64
3666 0.0 0.3 0:16.65
3666 0.0 0.3 0:16.67
3666 5.6 0.3 0:16.70
3666 0.0 0.3 0:16.72
3666 4.5 0.3 0:16.74
3666 0.0 0.3 0:16.76
3666 5.3 0.3 0:16.79
3666 5.3 0.3 0:16.82
3666 0.0 0.3 0:16.84
3666 0.0 0.3 0:16.87
3666 0.0 0.3 0:16.90
3666 4.8 0.3 0:16.95
3666 0.0 0.3 0:16.98
3666 0.0 0.3 0:17.03
3666 5.0 0.3 0:17.06
3666 5.3 0.3 0:17.09
3666 8.7 0.3 0:17.13
3666 5.3 0.3 0:17.15
3666 0.0 0.3 0:17.19
3666 0.0 0.3 0:17.24
3666 0.0 0.3 0:17.27
3666 5.0 0.3 0:17.30
3666 0.0 0.3 0:17.31
3666 5.6 0.3 0:17.34
3666 0.0 0.3 0:17.35
3666 5.3 0.3 0:17.37
3666 4.8 0.3 0:17.40
3666 0.0 0.3 0:17.41
3666 0.0 0.3 0:17.42
3666 5.3 0.3 0:17.44
3666 0.0 0.3 0:17.45
3666 0.0 0.3 0:17.47
3666 0.0 0.3 0:17.49
3666 0.0 0.3 0:17.51
3666 10.5 0.3 0:17.54
3666 0.0 0.3 0:17.59
3666 0.0 0.3 0:17.60
3666 0.0 0.3 0:17.61
3666 0.0 0.3 0:17.62
