3666 5.0 0.2 3:03.54
3666 5.6 0.2 3:03.58
3666 5.3 0.2 3:03.63
3666 5.0 0.2 3:03.67
3666 0.0 0.2 3:03.71
3666 5.6 0.2 3:03.76
3666 5.6 0.2 3:03.79
3666 0.0 0.2 3:03.85
3666 0.0 0.2 3:03.86
3666 5.9 0.2 3:03.88
3666 0.0 0.2 3:03.94
3666 5.0 0.2 3:03.95
3666 0.0 0.2 3:03.97
3666 0.0 0.2 3:03.99
3666 0.0 0.2 3:04.00
3666 0.0 0.2 3:04.01
3666 0.0 0.2 3:04.02
3666 5.3 0.2 3:04.03
3666 0.0 0.2 3:04.04
3666 0.0 0.2 3:04.04
3666 0.0 0.2 3:04.05
3666 0.0 0.2 3:04.05
3666 0.0 0.2 3:04.05
3666 0.0 0.2 3:04.06
3666 0.0 0.2 3:04.07
3666 0.0 0.2 3:04.08
3666 5.3 0.2 3:04.10
3666 4.8 0.2 3:04.15
3666 0.0 0.2 3:04.16
3666 5.3 0.2 3:04.20
3666 0.0 0.2 3:04.21
3666 0.0 0.2 3:04.22
3666 0.0 0.2 3:04.23
3666 0.0 0.2 3:04.24
3666 0.0 0.2 3:04.26
3666 0.0 0.2 3:04.26
3666 0.0 0.2 3:04.26
3666 0.0 0.2 3:04.26
3666 11.1 0.2 3:04.31
3666 0.0 0.2 3:04.33
3666 0.0 0.2 3:04.34
3666 0.0 0.2 3:04.34
3666 5.3 0.2 3:04.39
3666 0.0 0.2 3:04.40
3666 0.0 0.2 3:04.41
3666 5.3 0.2 3:04.42
3666 5.6 0.2 3:04.44
3666 0.0 0.2 3:04.46
3666 0.0 0.2 3:04.47
3666 0.0 0.2 3:04.47
3666 0.0 0.2 3:04.48
3666 5.6 0.2 3:04.49
3666 0.0 0.2 3:04.49
3666 0.0 0.2 3:04.52
3666 0.0 0.2 3:04.53
3666 4.5 0.2 3:04.54
3666 5.3 0.2 3:04.56
3666 0.0 0.2 3:04.57
3666 0.0 0.2 3:04.57
3666 9.5 0.2 3:04.60
3666 0.0 0.2 3:04.62
3666 0.0 0.2 3:04.62
3666 0.0 0.2 3:04.63
3666 16.7 0.2 3:04.66
3666 0.0 0.2 3:04.66
3666 0.0 0.2 3:04.67
3666 0.0 0.2 3:04.67
3666 0.0 0.2 3:04.68
3666 0.0 0.2 3:04.69
3666 0.0 0.2 3:04.69
3666 0.0 0.2 3:04.70
3666 0.0 0.2 3:04.71
3666 0.0 0.2 3:04.72
3666 0.0 0.2 3:04.72
3666 0.0 0.2 3:04.73
3666 0.0 0.2 3:04.75
3666 0.0 0.2 3:04.76
3666 0.0 0.2 3:04.76
3666 0.0 0.2 3:04.78
3666 0.0 0.2 3:04.79
3666 5.3 0.2 3:04.80
3666 0.0 0.2 3:04.82
3666 5.3 0.2 3:04.86
3666 0.0 0.2 3:04.88
3666 0.0 0.2 3:04.89
3666 4.8 0.2 3:04.90
3666 0.0 0.2 3:04.90
3666 0.0 0.2 3:04.92
3666 0.0 0.2 3:04.94
3666 5.3 0.2 3:04.98
3666 5.6 0.2 3:05.00
3666 0.0 0.2 3:05.01
3666 0.0 0.2 3:05.02
3666 0.0 0.2 3:05.03
3666 0.0 0.2 3:05.04
3666 0.0 0.2 3:05.04
3666 5.3 0.2 3:05.06
3666 0.0 0.2 3:05.07
3666 4.3 0.2 3:05.08
3666 0.0 0.2 3:05.10
3666 0.0 0.2 3:05.11
3666 0.0 0.2 3:05.12
3666 5.3 0.2 3:05.14
3666 5.3 0.2 3:05.20
3666 5.6 0.2 3:05.22
3666 0.0 0.2 3:05.22
3666 0.0 0.2 3:05.23
3666 0.0 0.2 3:05.24
3666 0.0 0.2 3:05.24
3666 0.0 0.2 3:05.26
3666 5.3 0.2 3:05.28
3666 5.3 0.2 3:05.29
3666 0.0 0.2 3:05.29
3666 2.6 0.2 3:05.31
3666 4.3 0.2 3:05.32
3666 0.0 0.2 3:05.36
3666 0.0 0.2 3:05.38
3666 0.0 0.2 3:05.39
3666 0.0 0.2 3:05.41
3666 5.0 0.2 3:05.44
3666 0.0 0.2 3:05.45
3666 0.0 0.2 3:05.49
3666 0.0 0.2 3:05.50
3666 0.0 0.2 3:05.53
3666 0.0 0.2 3:05.54
