3667 11.1 0.2 0:10.89
3667 5.3 0.2 0:11.05
3667 0.0 0.2 0:11.09
3667 0.0 0.2 0:11.13
3667 4.8 0.2 0:11.18
3667 5.3 0.2 0:11.24
3667 5.6 0.2 0:11.35
3667 5.0 0.2 0:11.37
3667 0.0 0.2 0:11.38
3667 0.0 0.2 0:11.39
3667 0.0 0.2 0:11.42
3667 5.6 0.2 0:11.44
3667 5.3 0.2 0:11.45
3667 5.3 0.2 0:11.46
3667 0.0 0.2 0:11.47
3667 0.0 0.2 0:11.47
3667 0.0 0.2 0:11.48
3667 0.0 0.2 0:11.49
3667 0.0 0.2 0:11.49
3667 0.0 0.2 0:11.50
3667 0.0 0.2 0:11.50
3667 0.0 0.2 0:11.51
3667 0.0 0.2 0:11.51
3667 0.0 0.2 0:11.51
3667 0.0 0.2 0:11.51
3667 0.0 0.2 0:11.51
3667 0.0 0.2 0:11.51
3667 0.0 0.2 0:11.51
3667 5.3 0.2 0:11.52
3667 0.0 0.2 0:11.52
3667 0.0 0.2 0:11.52
3667 0.0 0.2 0:11.52
3667 0.0 0.2 0:11.52
3667 0.0 0.2 0:11.52
3667 0.0 0.2 0:11.52
3667 0.0 0.2 0:11.52
3667 0.0 0.2 0:11.52
3667 0.0 0.2 0:11.52
3667 0.0 0.2 0:11.52
3667 0.0 0.2 0:11.52
3667 0.0 0.2 0:11.52
3667 0.0 0.2 0:11.52
3667 0.0 0.2 0:11.52
3667 0.0 0.2 0:11.52
3667 0.0 0.2 0:11.52
3667 0.0 0.2 0:11.52
3667 0.0 0.2 0:11.52
3667 0.0 0.2 0:11.52
3667 0.0 0.2 0:11.52
3667 0.0 0.2 0:11.52
3667 0.0 0.2 0:11.52
3667 0.0 0.2 0:11.52
3667 0.0 0.2 0:11.52
3667 0.0 0.2 0:11.52
3667 0.0 0.2 0:11.52
3667 0.0 0.2 0:11.52
3667 0.0 0.2 0:11.52
3667 0.0 0.2 0:11.52
3667 0.0 0.2 0:11.52
3667 0.0 0.2 0:11.52
3667 0.0 0.2 0:11.52
3667 0.0 0.2 0:11.52
3667 0.0 0.2 0:11.52
3667 0.0 0.2 0:11.52
3667 0.0 0.2 0:11.52
3667 0.0 0.2 0:11.52
3667 0.0 0.2 0:11.52
3667 0.0 0.2 0:11.52
3667 0.0 0.2 0:11.52
3667 0.0 0.2 0:11.52
3667 0.0 0.2 0:11.52
3667 0.0 0.2 0:11.52
3667 0.0 0.2 0:11.52
3667 0.0 0.2 0:11.52
3667 0.0 0.2 0:11.52
3667 0.0 0.2 0:11.52
3667 0.0 0.2 0:11.52
3667 0.0 0.2 0:11.52
3667 0.0 0.2 0:11.52
3667 0.0 0.2 0:11.52
3667 0.0 0.2 0:11.52
3667 0.0 0.2 0:11.52
3667 0.0 0.2 0:11.52
3667 0.0 0.2 0:11.52
3667 0.0 0.2 0:11.52
3667 0.0 0.2 0:11.52
3667 0.0 0.2 0:11.52
3667 0.0 0.2 0:11.52
3667 0.0 0.2 0:11.52
3667 0.0 0.2 0:11.52
3667 0.0 0.2 0:11.52
3667 0.0 0.2 0:11.52
3667 0.0 0.2 0:11.52
3667 0.0 0.2 0:11.52
3667 0.0 0.2 0:11.52
3667 0.0 0.2 0:11.52
3667 0.0 0.2 0:11.52
3667 0.0 0.2 0:11.52
3667 0.0 0.2 0:11.52
3667 0.0 0.2 0:11.52
3667 0.0 0.2 0:11.52
3667 0.0 0.2 0:11.52
3667 0.0 0.2 0:11.52
3667 0.0 0.2 0:11.52
3667 0.0 0.2 0:11.52
3667 0.0 0.2 0:11.52
3667 0.0 0.2 0:11.52
3667 0.0 0.2 0:11.52
3667 0.0 0.2 0:11.52
3667 0.0 0.2 0:11.52
3667 0.0 0.2 0:11.52
3667 0.0 0.2 0:11.52
3667 0.0 0.2 0:11.52
3667 0.0 0.2 0:11.52
3667 0.0 0.2 0:11.52
3667 0.0 0.2 0:11.53
3667 5.6 0.2 0:11.54
3667 0.0 0.2 0:11.54
3667 0.0 0.2 0:11.54
3667 0.0 0.2 0:11.54
3667 0.0 0.2 0:11.54
3667 0.0 0.2 0:11.54
3667 0.0 0.2 0:11.54
3667 0.0 0.2 0:11.54
3667 0.0 0.2 0:11.54
3667 0.0 0.2 0:11.54
3667 0.0 0.2 0:11.54
3667 0.0 0.2 0:11.54
3667 0.0 0.2 0:11.54
3667 0.0 0.2 0:11.54
3667 0.0 0.2 0:11.54
3667 0.0 0.2 0:11.54
3667 0.0 0.2 0:11.54
3667 0.0 0.2 0:11.54
3667 0.0 0.2 0:11.54
3667 0.0 0.2 0:11.54
3667 0.0 0.2 0:11.54
3667 0.0 0.2 0:11.54
3667 0.0 0.2 0:11.54
3667 0.0 0.2 0:11.54
3667 0.0 0.2 0:11.54
3667 0.0 0.2 0:11.54
3667 0.0 0.2 0:11.54
3667 0.0 0.2 0:11.54
3667 0.0 0.2 0:11.54
3667 0.0 0.2 0:11.54
3667 0.0 0.2 0:11.54
3667 0.0 0.2 0:11.54
3667 0.0 0.2 0:11.54
3667 0.0 0.2 0:11.54
3667 0.0 0.2 0:11.54
3667 0.0 0.2 0:11.54
3667 0.0 0.2 0:11.54
3667 0.0 0.2 0:11.54
3667 0.0 0.2 0:11.54
3667 0.0 0.2 0:11.54
3667 0.0 0.2 0:11.54
3667 0.0 0.2 0:11.54
3667 0.0 0.2 0:11.54
3667 0.0 0.2 0:11.54
3667 0.0 0.2 0:11.54
3667 0.0 0.2 0:11.54
3667 0.0 0.2 0:11.54
3667 0.0 0.2 0:11.54
3667 0.0 0.2 0:11.54
3667 0.0 0.2 0:11.54
3667 0.0 0.2 0:11.54
3667 0.0 0.2 0:11.54
3667 0.0 0.2 0:11.54
3667 0.0 0.2 0:11.54
3667 0.0 0.2 0:11.54
3667 0.0 0.2 0:11.54
3667 0.0 0.2 0:11.54
3667 3.1 0.2 0:11.55
3667 0.0 0.2 0:11.55
3667 0.0 0.2 0:11.55
3667 0.0 0.2 0:11.55
3667 0.0 0.2 0:11.55
3667 0.0 0.2 0:11.55
3667 0.0 0.2 0:11.55
3667 0.0 0.2 0:11.55
3667 0.0 0.2 0:11.55
3667 0.0 0.2 0:11.55
3667 0.0 0.2 0:11.55
3667 0.0 0.2 0:11.55
3667 0.0 0.2 0:11.55
3667 0.0 0.2 0:11.55
3667 0.0 0.2 0:11.55
3667 0.0 0.2 0:11.55
3667 0.0 0.2 0:11.55
3667 0.0 0.2 0:11.55
3667 0.0 0.2 0:11.55
3667 0.0 0.2 0:11.55
3667 0.0 0.2 0:11.55
3667 0.0 0.2 0:11.55
3667 0.0 0.2 0:11.55
3667 0.0 0.2 0:11.55
3667 0.0 0.2 0:11.55
3667 0.0 0.2 0:11.55
3667 0.0 0.2 0:11.55
3667 0.0 0.2 0:11.55
3667 0.0 0.2 0:11.55
3667 0.0 0.2 0:11.55
3667 0.0 0.2 0:11.55
3667 0.0 0.2 0:11.55
3667 0.0 0.2 0:11.55
3667 0.0 0.2 0:11.55
3667 0.0 0.2 0:11.55
3667 0.0 0.2 0:11.55
3667 0.0 0.2 0:11.55
3667 0.0 0.2 0:11.55
3667 0.0 0.2 0:11.55
3667 5.3 0.2 0:11.56
3667 0.0 0.2 0:11.56
3667 0.0 0.2 0:11.56
3667 0.0 0.2 0:11.56
3667 0.0 0.2 0:11.56
3667 0.0 0.2 0:11.56
3667 0.0 0.2 0:11.56
3667 0.0 0.2 0:11.56
3667 0.0 0.2 0:11.56
3667 0.0 0.2 0:11.56
3667 0.0 0.2 0:11.56
3667 0.0 0.2 0:11.56
3667 0.0 0.2 0:11.56
3667 0.0 0.2 0:11.56
3667 0.0 0.2 0:11.56
3667 0.0 0.2 0:11.56
3667 0.0 0.2 0:11.56
3667 0.0 0.2 0:11.56
3667 0.0 0.2 0:11.56
3667 0.0 0.2 0:11.56
3667 0.0 0.2 0:11.56
3667 0.0 0.2 0:11.56
3667 0.0 0.2 0:11.56
3667 0.0 0.2 0:11.56
3667 0.0 0.2 0:11.56
3667 0.0 0.2 0:11.56
3667 0.0 0.2 0:11.56
3667 0.0 0.2 0:11.56
3667 0.0 0.2 0:11.56
3667 0.0 0.2 0:11.56
3667 0.0 0.2 0:11.56
3667 0.0 0.2 0:11.56
3667 0.0 0.2 0:11.56
3667 0.0 0.2 0:11.56
