3667 0.0 0.2 0:13.07
3667 5.3 0.2 0:13.12
3667 5.3 0.2 0:13.16
3667 5.6 0.2 0:13.19
3667 0.0 0.2 0:13.22
3667 5.3 0.2 0:13.25
3667 0.0 0.2 0:13.26
3667 0.0 0.2 0:13.27
3667 5.6 0.2 0:13.30
3667 0.0 0.2 0:13.31
3667 0.0 0.2 0:13.33
3667 0.0 0.2 0:13.34
3667 0.0 0.2 0:13.35
3667 0.0 0.2 0:13.35
3667 0.0 0.2 0:13.35
3667 0.0 0.2 0:13.36
3667 0.0 0.2 0:13.40
3667 0.0 0.2 0:13.40
3667 5.6 0.2 0:13.42
3667 0.0 0.2 0:13.42
3667 0.0 0.2 0:13.42
3667 0.0 0.2 0:13.42
3667 0.0 0.2 0:13.42
3667 0.0 0.2 0:13.42
3667 0.0 0.2 0:13.42
3667 0.0 0.2 0:13.42
3667 0.0 0.2 0:13.42
3667 0.0 0.2 0:13.42
3667 0.0 0.2 0:13.42
3667 0.0 0.2 0:13.42
3667 0.0 0.2 0:13.42
3667 0.0 0.2 0:13.42
3667 0.0 0.2 0:13.42
3667 0.0 0.2 0:13.42
3667 0.0 0.2 0:13.42
3667 0.0 0.2 0:13.42
3667 0.0 0.2 0:13.42
3667 0.0 0.2 0:13.42
3667 0.0 0.2 0:13.42
3667 0.0 0.2 0:13.42
3667 0.0 0.2 0:13.42
3667 0.0 0.2 0:13.42
3667 0.0 0.2 0:13.42
3667 0.0 0.2 0:13.42
3667 0.0 0.2 0:13.42
3667 0.0 0.2 0:13.42
3667 0.0 0.2 0:13.42
3667 0.0 0.2 0:13.42
3667 0.0 0.2 0:13.42
3667 0.0 0.2 0:13.42
3667 0.0 0.2 0:13.42
3667 0.0 0.2 0:13.42
3667 0.0 0.2 0:13.42
3667 0.0 0.2 0:13.42
3667 0.0 0.2 0:13.42
3667 0.0 0.2 0:13.42
3667 0.0 0.2 0:13.42
3667 0.0 0.2 0:13.42
3667 0.0 0.2 0:13.42
3667 0.0 0.2 0:13.42
3667 0.0 0.2 0:13.42
3667 0.0 0.2 0:13.42
3667 0.0 0.2 0:13.42
3667 0.0 0.2 0:13.42
3667 0.0 0.2 0:13.42
3667 0.0 0.2 0:13.42
3667 0.0 0.2 0:13.42
3667 0.0 0.2 0:13.42
3667 0.0 0.2 0:13.42
3667 0.0 0.2 0:13.42
3667 0.0 0.2 0:13.42
3667 0.0 0.2 0:13.42
3667 0.0 0.2 0:13.42
3667 0.0 0.2 0:13.42
3667 0.0 0.2 0:13.42
3667 0.0 0.2 0:13.42
3667 0.0 0.2 0:13.42
3667 0.0 0.2 0:13.42
3667 0.0 0.2 0:13.42
3667 0.0 0.2 0:13.42
3667 0.0 0.2 0:13.42
3667 0.0 0.2 0:13.42
3667 0.0 0.2 0:13.42
3667 0.0 0.2 0:13.42
3667 0.0 0.2 0:13.42
3667 0.0 0.2 0:13.42
3667 5.0 0.2 0:13.43
3667 0.0 0.2 0:13.43
3667 0.0 0.2 0:13.43
3667 0.0 0.2 0:13.43
3667 0.0 0.2 0:13.43
3667 0.0 0.2 0:13.43
3667 0.0 0.2 0:13.43
3667 0.0 0.2 0:13.43
3667 0.0 0.2 0:13.43
3667 0.0 0.2 0:13.43
3667 0.0 0.2 0:13.43
3667 0.0 0.2 0:13.43
3667 0.0 0.2 0:13.43
3667 0.0 0.2 0:13.43
3667 0.0 0.2 0:13.43
3667 0.0 0.2 0:13.43
3667 0.0 0.2 0:13.43
3667 0.0 0.2 0:13.43
3667 0.0 0.2 0:13.43
3667 0.0 0.2 0:13.43
3667 0.0 0.2 0:13.43
3667 0.0 0.2 0:13.43
3667 0.0 0.2 0:13.43
3667 0.0 0.2 0:13.43
3667 0.0 0.2 0:13.43
3667 0.0 0.2 0:13.43
3667 0.0 0.2 0:13.43
3667 0.0 0.2 0:13.43
3667 0.0 0.2 0:13.43
3667 0.0 0.2 0:13.43
3667 0.0 0.2 0:13.43
3667 0.0 0.2 0:13.43
3667 0.0 0.2 0:13.43
3667 0.0 0.2 0:13.43
3667 0.0 0.2 0:13.43
3667 0.0 0.2 0:13.43
3667 0.0 0.2 0:13.43
3667 0.0 0.2 0:13.43
3667 0.0 0.2 0:13.43
3667 0.0 0.2 0:13.43
3667 0.0 0.2 0:13.43
3667 0.0 0.2 0:13.43
3667 0.0 0.2 0:13.43
3667 0.0 0.2 0:13.43
3667 0.0 0.2 0:13.43
3667 0.0 0.2 0:13.43
3667 0.0 0.2 0:13.43
3667 0.0 0.2 0:13.43
3667 0.0 0.2 0:13.43
3667 0.0 0.2 0:13.43
3667 0.0 0.2 0:13.43
3667 0.0 0.2 0:13.43
3667 0.0 0.2 0:13.43
3667 0.0 0.2 0:13.43
3667 0.0 0.2 0:13.43
3667 0.0 0.2 0:13.43
3667 0.0 0.2 0:13.43
3667 0.0 0.2 0:13.43
3667 0.0 0.2 0:13.43
3667 0.0 0.2 0:13.43
3667 0.0 0.2 0:13.43
3667 0.0 0.2 0:13.43
3667 0.0 0.2 0:13.43
3667 0.0 0.2 0:13.43
3667 0.0 0.2 0:13.43
3667 0.0 0.2 0:13.43
3667 0.0 0.2 0:13.43
3667 0.0 0.2 0:13.43
3667 0.0 0.2 0:13.43
3667 0.0 0.2 0:13.43
3667 0.0 0.2 0:13.43
3667 0.0 0.2 0:13.43
3667 0.0 0.2 0:13.43
3667 0.0 0.2 0:13.43
3667 0.0 0.2 0:13.43
3667 0.0 0.2 0:13.43
3667 0.0 0.2 0:13.43
3667 0.0 0.2 0:13.43
3667 0.0 0.2 0:13.43
3667 0.0 0.2 0:13.43
3667 0.0 0.2 0:13.43
3667 0.0 0.2 0:13.43
3667 0.0 0.2 0:13.43
3667 0.0 0.2 0:13.43
3667 0.0 0.2 0:13.43
3667 0.0 0.2 0:13.43
3667 0.0 0.2 0:13.43
3667 0.0 0.2 0:13.43
3667 0.0 0.2 0:13.43
3667 0.0 0.2 0:13.43
3667 0.0 0.2 0:13.43
3667 0.0 0.2 0:13.43
3667 0.0 0.2 0:13.43
3667 0.0 0.2 0:13.43
3667 0.0 0.2 0:13.43
3667 0.0 0.2 0:13.43
3667 0.0 0.2 0:13.43
3667 0.0 0.2 0:13.43
3667 0.0 0.2 0:13.43
3667 0.0 0.2 0:13.43
3667 0.0 0.2 0:13.43
3667 0.0 0.2 0:13.43
