3667 5.9 0.2 0:17.52
3667 0.0 0.2 0:17.56
3667 0.0 0.2 0:17.56
3667 0.0 0.2 0:17.56
3667 0.0 0.2 0:17.56
3667 0.0 0.2 0:17.56
3667 0.0 0.2 0:17.56
3667 0.0 0.2 0:17.56
3667 0.0 0.2 0:17.56
3667 0.0 0.2 0:17.56
3667 0.0 0.2 0:17.56
3667 0.0 0.2 0:17.57
3667 0.0 0.2 0:17.57
3667 0.0 0.2 0:17.57
3667 0.0 0.2 0:17.57
3667 0.0 0.2 0:17.57
3667 0.0 0.2 0:17.57
3667 0.0 0.2 0:17.57
3667 0.0 0.2 0:17.57
3667 0.0 0.2 0:17.57
3667 0.0 0.2 0:17.57
3667 0.0 0.2 0:17.57
3667 0.0 0.2 0:17.57
3667 0.0 0.2 0:17.57
3667 0.0 0.2 0:17.57
3667 0.0 0.2 0:17.57
3667 0.0 0.2 0:17.57
3667 0.0 0.2 0:17.57
3667 0.0 0.2 0:17.57
3667 0.0 0.2 0:17.57
3667 0.0 0.2 0:17.57
3667 0.0 0.2 0:17.57
3667 0.0 0.2 0:17.57
3667 0.0 0.2 0:17.57
3667 0.0 0.2 0:17.57
3667 0.0 0.2 0:17.57
3667 0.0 0.2 0:17.57
3667 0.0 0.2 0:17.57
3667 0.0 0.2 0:17.57
3667 0.0 0.2 0:17.57
3667 0.0 0.2 0:17.57
3667 0.0 0.2 0:17.57
3667 0.0 0.2 0:17.57
3667 0.0 0.2 0:17.57
3667 0.0 0.2 0:17.57
3667 0.0 0.2 0:17.57
3667 0.0 0.2 0:17.57
3667 0.0 0.2 0:17.57
3667 0.0 0.2 0:17.57
3667 0.0 0.2 0:17.57
3667 0.0 0.2 0:17.58
3667 0.0 0.2 0:17.58
3667 0.0 0.2 0:17.58
3667 0.0 0.2 0:17.58
3667 0.0 0.2 0:17.58
3667 0.0 0.2 0:17.58
3667 0.0 0.2 0:17.58
3667 0.0 0.2 0:17.58
3667 0.0 0.2 0:17.58
3667 0.0 0.2 0:17.58
3667 0.0 0.2 0:17.58
3667 0.0 0.2 0:17.58
3667 0.0 0.2 0:17.58
3667 0.0 0.2 0:17.58
3667 0.0 0.2 0:17.58
3667 0.0 0.2 0:17.58
3667 0.0 0.2 0:17.58
3667 0.0 0.2 0:17.58
3667 0.0 0.2 0:17.58
3667 0.0 0.2 0:17.58
3667 0.0 0.2 0:17.58
3667 0.0 0.2 0:17.58
3667 0.0 0.2 0:17.58
3667 0.0 0.2 0:17.58
3667 0.0 0.2 0:17.58
3667 0.0 0.2 0:17.58
3667 0.0 0.2 0:17.58
3667 0.0 0.2 0:17.58
3667 0.0 0.2 0:17.58
3667 0.0 0.2 0:17.58
3667 0.0 0.2 0:17.58
3667 0.0 0.2 0:17.58
3667 0.0 0.2 0:17.58
3667 0.0 0.2 0:17.58
3667 0.0 0.2 0:17.58
3667 0.0 0.2 0:17.58
3667 0.0 0.2 0:17.58
3667 0.0 0.2 0:17.58
3667 0.0 0.2 0:17.58
3667 0.0 0.2 0:17.58
