3667 0.0 0.2 0:01.28
3667 0.0 0.3 0:01.40
3667 0.0 0.3 0:01.44
3667 5.6 0.3 0:01.50
3667 0.0 0.3 0:01.54
3667 0.0 0.3 0:01.56
3667 5.3 0.3 0:01.60
3667 0.0 0.3 0:01.63
3667 0.0 0.3 0:01.64
3667 0.0 0.3 0:01.66
3667 0.0 0.3 0:01.66
3667 0.0 0.3 0:01.67
3667 0.0 0.3 0:01.67
3667 0.0 0.3 0:01.68
3667 0.0 0.3 0:01.70
3667 0.0 0.3 0:01.71
3667 0.0 0.3 0:01.71
3667 0.0 0.3 0:01.71
3667 0.0 0.3 0:01.72
3667 0.0 0.3 0:01.72
3667 0.0 0.3 0:01.72
3667 0.0 0.3 0:01.72
3667 0.0 0.3 0:01.73
3667 0.0 0.3 0:01.73
3667 0.0 0.3 0:01.73
3667 0.0 0.3 0:01.73
3667 0.0 0.3 0:01.73
3667 0.0 0.3 0:01.73
3667 5.6 0.3 0:01.74
3667 0.0 0.3 0:01.74
3667 0.0 0.3 0:01.74
3667 0.0 0.3 0:01.74
3667 0.0 0.3 0:01.74
3667 0.0 0.3 0:01.74
3667 0.0 0.3 0:01.75
3667 0.0 0.3 0:01.75
3667 0.0 0.3 0:01.75
3667 0.0 0.3 0:01.75
3667 0.0 0.3 0:01.75
3667 0.0 0.3 0:01.75
3667 0.0 0.3 0:01.75
3667 0.0 0.3 0:01.75
3667 0.0 0.3 0:01.75
3667 0.0 0.3 0:01.75
3667 0.0 0.3 0:01.75
3667 0.0 0.3 0:01.75
3667 0.0 0.3 0:01.76
3667 0.0 0.3 0:01.76
3667 0.0 0.3 0:01.76
3667 0.0 0.3 0:01.76
3667 0.0 0.3 0:01.76
3667 0.0 0.3 0:01.76
3667 0.0 0.3 0:01.77
3667 0.0 0.3 0:01.77
3667 0.0 0.3 0:01.77
3667 0.0 0.3 0:01.77
3667 0.0 0.3 0:01.77
3667 0.0 0.3 0:01.77
3667 0.0 0.3 0:01.77
3667 0.0 0.3 0:01.77
3667 0.0 0.3 0:01.77
3667 5.3 0.3 0:01.78
3667 0.0 0.3 0:01.78
3667 0.0 0.3 0:01.78
3667 0.0 0.3 0:01.78
3667 5.3 0.3 0:01.79
3667 0.0 0.3 0:01.81
3667 0.0 0.3 0:01.81
3667 0.0 0.3 0:01.81
3667 0.0 0.3 0:01.81
3667 0.0 0.3 0:01.81
3667 0.0 0.3 0:01.82
3667 0.0 0.3 0:01.82
3667 0.0 0.3 0:01.82
3667 0.0 0.3 0:01.82
3667 0.0 0.3 0:01.82
3667 0.0 0.3 0:01.82
3667 0.0 0.3 0:01.82
3667 0.0 0.3 0:01.82
3667 0.0 0.3 0:01.82
3667 0.0 0.3 0:01.82
3667 0.0 0.3 0:01.82
3667 0.0 0.3 0:01.82
3667 0.0 0.3 0:01.82
3667 0.0 0.3 0:01.82
3667 0.0 0.3 0:01.82
3667 0.0 0.3 0:01.82
3667 0.0 0.3 0:01.82
3667 0.0 0.3 0:01.82
3667 0.0 0.3 0:01.83
3667 0.0 0.3 0:01.83
3667 0.0 0.3 0:01.83
3667 0.0 0.3 0:01.83
3667 0.0 0.3 0:01.83
3667 0.0 0.3 0:01.83
3667 0.0 0.3 0:01.83
3667 0.0 0.3 0:01.83
3667 0.0 0.3 0:01.84
3667 0.0 0.3 0:01.84
3667 0.0 0.3 0:01.85
3667 0.0 0.3 0:01.85
3667 0.0 0.3 0:01.85
3667 0.0 0.3 0:01.85
3667 0.0 0.3 0:01.86
3667 0.0 0.3 0:01.86
3667 0.0 0.3 0:01.86
3667 0.0 0.3 0:01.86
3667 0.0 0.3 0:01.86
3667 0.0 0.3 0:01.86
3667 0.0 0.3 0:01.86
3667 0.0 0.3 0:01.86
3667 0.0 0.3 0:01.86
3667 0.0 0.3 0:01.87
3667 0.0 0.3 0:01.87
3667 0.0 0.3 0:01.87
3667 0.0 0.3 0:01.87
3667 0.0 0.3 0:01.87
3667 0.0 0.3 0:01.87
3667 0.0 0.3 0:01.87
3667 0.0 0.3 0:01.88
3667 0.0 0.3 0:01.88
3667 0.0 0.3 0:01.89
3667 0.0 0.3 0:01.89
3667 0.0 0.3 0:01.89
3667 0.0 0.3 0:01.89
3667 0.0 0.3 0:01.90
3667 0.0 0.3 0:01.90
3667 0.0 0.3 0:01.90
3667 0.0 0.3 0:01.90
3667 0.0 0.3 0:01.90
3667 0.0 0.3 0:01.91
3667 0.0 0.3 0:01.91
3667 0.0 0.3 0:01.91
3667 0.0 0.3 0:01.91
3667 0.0 0.3 0:01.91
3667 0.0 0.3 0:01.91
3667 0.0 0.3 0:01.91
3667 0.0 0.3 0:01.91
3667 0.0 0.3 0:01.91
3667 0.0 0.3 0:01.91
3667 5.3 0.3 0:01.92
3667 0.0 0.3 0:01.92
3667 0.0 0.3 0:01.93
3667 0.0 0.3 0:01.93
3667 0.0 0.3 0:01.93
3667 0.0 0.3 0:01.93
3667 0.0 0.3 0:01.93
3667 0.0 0.3 0:01.93
3667 0.0 0.3 0:01.93
3667 0.0 0.3 0:01.93
3667 0.0 0.3 0:01.93
3667 0.0 0.3 0:01.94
3667 0.0 0.3 0:01.94
3667 0.0 0.3 0:01.94
3667 0.0 0.3 0:01.94
3667 0.0 0.3 0:01.94
3667 0.0 0.3 0:01.95
3667 0.0 0.3 0:01.95
3667 0.0 0.3 0:01.95
3667 0.0 0.3 0:01.95
3667 0.0 0.3 0:01.95
3667 0.0 0.3 0:01.95
3667 0.0 0.3 0:01.95
3667 0.0 0.3 0:01.95
3667 0.0 0.3 0:01.95
3667 0.0 0.3 0:01.95
3667 0.0 0.3 0:01.95
3667 0.0 0.3 0:01.95
3667 0.0 0.3 0:01.95
3667 0.0 0.3 0:01.96
3667 0.0 0.3 0:01.96
3667 0.0 0.3 0:01.96
3667 0.0 0.3 0:01.97
3667 0.0 0.3 0:01.97
3667 0.0 0.3 0:01.97
3667 0.0 0.3 0:01.97
3667 0.0 0.3 0:01.97
3667 0.0 0.3 0:01.97
3667 0.0 0.3 0:01.97
3667 0.0 0.3 0:01.98
3667 0.0 0.3 0:01.98
3667 0.0 0.3 0:01.98
3667 0.0 0.3 0:01.98
3667 0.0 0.3 0:01.98
3667 0.0 0.3 0:01.98
3667 0.0 0.3 0:01.98
3667 0.0 0.3 0:01.98
3667 0.0 0.3 0:01.98
3667 0.0 0.3 0:01.98
3667 0.0 0.3 0:01.98
3667 0.0 0.3 0:01.98
3667 0.0 0.3 0:01.98
3667 0.0 0.3 0:01.98
3667 0.0 0.3 0:01.99
3667 0.0 0.3 0:01.99
3667 0.0 0.3 0:01.99
3667 0.0 0.3 0:01.99
3667 0.0 0.3 0:01.99
3667 0.0 0.3 0:01.99
3667 0.0 0.3 0:01.99
3667 0.0 0.3 0:01.99
3667 0.0 0.3 0:01.99
3667 0.0 0.3 0:01.99
3667 0.0 0.3 0:01.99
3667 0.0 0.3 0:01.99
3667 0.0 0.3 0:02.00
3667 0.0 0.3 0:02.00
3667 0.0 0.3 0:02.00
3667 0.0 0.3 0:02.00
3667 0.0 0.3 0:02.01
3667 5.0 0.3 0:02.03
3667 0.0 0.3 0:02.03
3667 0.0 0.3 0:02.03
3667 0.0 0.3 0:02.03
3667 0.0 0.3 0:02.03
3667 0.0 0.3 0:02.03
3667 0.0 0.3 0:02.03
3667 0.0 0.3 0:02.03
3667 0.0 0.3 0:02.03
3667 0.0 0.3 0:02.03
3667 0.0 0.3 0:02.03
3667 0.0 0.3 0:02.03
3667 0.0 0.3 0:02.03
3667 0.0 0.3 0:02.03
3667 0.0 0.3 0:02.04
3667 0.0 0.3 0:02.04
3667 0.0 0.3 0:02.04
3667 0.0 0.3 0:02.04
3667 0.0 0.3 0:02.04
3667 0.0 0.3 0:02.05
3667 0.0 0.3 0:02.05
3667 0.0 0.3 0:02.05
3667 0.0 0.3 0:02.05
3667 5.6 0.3 0:02.06
3667 0.0 0.3 0:02.06
3667 0.0 0.3 0:02.06
3667 0.0 0.3 0:02.06
3667 0.0 0.3 0:02.06
3667 0.0 0.3 0:02.06
3667 0.0 0.3 0:02.07
3667 0.0 0.3 0:02.07
3667 0.0 0.3 0:02.08
3667 0.0 0.3 0:02.08
3667 0.0 0.3 0:02.08
3667 5.6 0.3 0:02.10
3667 0.0 0.3 0:02.10
3667 0.0 0.3 0:02.10
3667 0.0 0.3 0:02.10
3667 0.0 0.3 0:02.10
3667 0.0 0.3 0:02.11
3667 0.0 0.3 0:02.11
3667 0.0 0.3 0:02.11
3667 0.0 0.3 0:02.11
3667 0.0 0.3 0:02.11
3667 0.0 0.3 0:02.11
3667 0.0 0.3 0:02.11
3667 0.0 0.3 0:02.12
3667 0.0 0.3 0:02.12
3667 0.0 0.3 0:02.12
3667 0.0 0.3 0:02.12
3667 0.0 0.3 0:02.12
3667 0.0 0.3 0:02.12
3667 0.0 0.3 0:02.12
3667 0.0 0.3 0:02.12
3667 0.0 0.3 0:02.13
3667 0.0 0.3 0:02.13
3667 0.0 0.3 0:02.14
3667 0.0 0.3 0:02.14
3667 0.0 0.3 0:02.15
3667 0.0 0.3 0:02.15
3667 0.0 0.3 0:02.15
3667 0.0 0.3 0:02.15
3667 0.0 0.3 0:02.15
3667 0.0 0.3 0:02.15
3667 0.0 0.3 0:02.15
3667 0.0 0.3 0:02.15
3667 0.0 0.3 0:02.15
3667 0.0 0.3 0:02.15
3667 0.0 0.3 0:02.15
3667 0.0 0.3 0:02.15
3667 0.0 0.3 0:02.15
3667 0.0 0.3 0:02.15
3667 0.0 0.3 0:02.15
3667 0.0 0.3 0:02.15
3667 0.0 0.3 0:02.15
3667 0.0 0.3 0:02.15
3667 0.0 0.3 0:02.15
3667 0.0 0.3 0:02.15
3667 0.0 0.3 0:02.15
3667 0.0 0.3 0:02.15
3667 0.0 0.3 0:02.15
3667 0.0 0.3 0:02.15
3667 0.0 0.3 0:02.15
3667 0.0 0.3 0:02.15
3667 0.0 0.3 0:02.15
3667 5.6 0.3 0:02.16
3667 0.0 0.3 0:02.16
3667 0.0 0.3 0:02.16
3667 0.0 0.3 0:02.16
3667 0.0 0.3 0:02.16
3667 0.0 0.3 0:02.16
3667 0.0 0.3 0:02.16
3667 0.0 0.3 0:02.16
3667 0.0 0.3 0:02.16
3667 0.0 0.3 0:02.17
3667 0.0 0.3 0:02.17
3667 0.0 0.3 0:02.17
3667 0.0 0.3 0:02.17
3667 0.0 0.3 0:02.17
3667 0.0 0.3 0:02.17
3667 0.0 0.3 0:02.17
3667 0.0 0.3 0:02.17
3667 0.0 0.3 0:02.17
3667 0.0 0.3 0:02.17
3667 0.0 0.3 0:02.17
3667 0.0 0.3 0:02.17
3667 0.0 0.3 0:02.18
3667 0.0 0.3 0:02.18
3667 0.0 0.3 0:02.18
3667 0.0 0.3 0:02.18
3667 0.0 0.3 0:02.18
3667 0.0 0.3 0:02.19
3667 0.0 0.3 0:02.19
3667 0.0 0.3 0:02.19
3667 0.0 0.3 0:02.19
3667 0.0 0.3 0:02.19
3667 0.0 0.3 0:02.19
3667 0.0 0.3 0:02.20
3667 0.0 0.3 0:02.20
3667 0.0 0.3 0:02.20
3667 0.0 0.3 0:02.20
3667 0.0 0.3 0:02.20
3667 5.0 0.3 0:02.21
3667 0.0 0.3 0:02.21
3667 0.0 0.3 0:02.21
3667 0.0 0.3 0:02.21
3667 0.0 0.3 0:02.21
3667 0.0 0.3 0:02.21
3667 0.0 0.3 0:02.22
3667 0.0 0.3 0:02.22
3667 0.0 0.3 0:02.22
3667 0.0 0.3 0:02.22
3667 0.0 0.3 0:02.22
3667 0.0 0.3 0:02.22
3667 5.3 0.3 0:02.23
3667 0.0 0.3 0:02.23
3667 0.0 0.3 0:02.23
3667 0.0 0.3 0:02.23
3667 0.0 0.3 0:02.23
3667 0.0 0.3 0:02.23
3667 0.0 0.3 0:02.23
3667 0.0 0.3 0:02.23
3667 0.0 0.3 0:02.23
3667 0.0 0.3 0:02.23
3667 0.0 0.3 0:02.23
3667 0.0 0.3 0:02.23
3667 0.0 0.3 0:02.24
3667 0.0 0.3 0:02.24
3667 0.0 0.3 0:02.24
3667 0.0 0.3 0:02.24
3667 0.0 0.3 0:02.24
3667 0.0 0.3 0:02.24
3667 0.0 0.3 0:02.24
3667 0.0 0.3 0:02.24
3667 0.0 0.3 0:02.24
3667 4.8 0.3 0:02.25
3667 0.0 0.3 0:02.25
3667 0.0 0.3 0:02.25
3667 0.0 0.3 0:02.25
3667 0.0 0.3 0:02.25
3667 0.0 0.3 0:02.25
3667 0.0 0.3 0:02.25
3667 0.0 0.3 0:02.25
3667 0.0 0.3 0:02.26
3667 0.0 0.3 0:02.26
3667 0.0 0.3 0:02.26
3667 0.0 0.3 0:02.26
3667 0.0 0.3 0:02.26
3667 0.0 0.3 0:02.26
3667 0.0 0.3 0:02.26
3667 0.0 0.3 0:02.26
3667 0.0 0.3 0:02.26
3667 0.0 0.3 0:02.26
3667 0.0 0.3 0:02.26
3667 0.0 0.3 0:02.26
3667 0.0 0.3 0:02.26
3667 0.0 0.3 0:02.26
3667 0.0 0.3 0:02.26
3667 0.0 0.3 0:02.26
3667 0.0 0.3 0:02.26
3667 0.0 0.3 0:02.26
3667 0.0 0.3 0:02.26
3667 0.0 0.3 0:02.26
3667 0.0 0.3 0:02.26
3667 0.0 0.3 0:02.26
3667 0.0 0.3 0:02.26
3667 0.0 0.3 0:02.26
3667 0.0 0.3 0:02.26
3667 0.0 0.3 0:02.26
3667 0.0 0.3 0:02.26
3667 0.0 0.3 0:02.26
3667 0.0 0.3 0:02.26
3667 0.0 0.3 0:02.26
3667 0.0 0.3 0:02.26
3667 0.0 0.3 0:02.28
3667 0.0 0.3 0:02.28
3667 0.0 0.3 0:02.28
3667 0.0 0.3 0:02.28
3667 0.0 0.3 0:02.28
3667 0.0 0.3 0:02.28
3667 0.0 0.3 0:02.28
3667 0.0 0.3 0:02.28
3667 0.0 0.3 0:02.28
3667 0.0 0.3 0:02.28
3667 0.0 0.3 0:02.28
3667 0.0 0.3 0:02.29
3667 0.0 0.3 0:02.29
3667 0.0 0.3 0:02.29
3667 0.0 0.3 0:02.29
3667 0.0 0.3 0:02.29
3667 0.0 0.3 0:02.29
3667 0.0 0.3 0:02.29
3667 0.0 0.3 0:02.29
3667 0.0 0.3 0:02.29
3667 5.0 0.3 0:02.30
3667 0.0 0.3 0:02.30
3667 0.0 0.3 0:02.30
3667 0.0 0.3 0:02.30
3667 0.0 0.3 0:02.30
3667 0.0 0.3 0:02.30
3667 0.0 0.3 0:02.30
3667 0.0 0.3 0:02.30
3667 0.0 0.3 0:02.30
3667 0.0 0.3 0:02.30
3667 0.0 0.3 0:02.30
3667 0.0 0.3 0:02.30
3667 0.0 0.3 0:02.30
3667 0.0 0.3 0:02.31
3667 0.0 0.3 0:02.31
3667 0.0 0.3 0:02.31
3667 0.0 0.3 0:02.31
3667 0.0 0.3 0:02.31
3667 0.0 0.3 0:02.31
3667 0.0 0.3 0:02.31
3667 0.0 0.3 0:02.31
3667 0.0 0.3 0:02.31
3667 0.0 0.3 0:02.31
3667 0.0 0.3 0:02.31
3667 0.0 0.3 0:02.31
3667 0.0 0.3 0:02.31
3667 0.0 0.3 0:02.31
3667 0.0 0.3 0:02.32
3667 0.0 0.3 0:02.32
3667 0.0 0.3 0:02.32
3667 0.0 0.3 0:02.32
3667 0.0 0.3 0:02.32
3667 0.0 0.3 0:02.32
3667 0.0 0.3 0:02.33
3667 0.0 0.3 0:02.33
3667 0.0 0.3 0:02.33
3667 0.0 0.3 0:02.33
3667 0.0 0.3 0:02.33
3667 0.0 0.3 0:02.34
3667 0.0 0.3 0:02.34
3667 0.0 0.3 0:02.34
3667 0.0 0.3 0:02.34
3667 0.0 0.3 0:02.34
3667 0.0 0.3 0:02.34
3667 0.0 0.3 0:02.34
3667 0.0 0.3 0:02.34
3667 0.0 0.3 0:02.35
3667 0.0 0.3 0:02.35
3667 0.0 0.3 0:02.35
3667 0.0 0.3 0:02.35
3667 0.0 0.3 0:02.35
3667 0.0 0.3 0:02.35
3667 0.0 0.3 0:02.35
3667 0.0 0.3 0:02.35
3667 4.5 0.3 0:02.36
3667 0.0 0.3 0:02.36
3667 0.0 0.3 0:02.36
3667 0.0 0.3 0:02.37
3667 5.0 0.3 0:02.38
3667 0.0 0.3 0:02.38
3667 0.0 0.3 0:02.38
3667 0.0 0.3 0:02.38
3667 0.0 0.3 0:02.38
3667 0.0 0.3 0:02.38
3667 0.0 0.3 0:02.38
3667 0.0 0.3 0:02.39
3667 0.0 0.3 0:02.39
3667 0.0 0.3 0:02.39
3667 0.0 0.3 0:02.39
3667 0.0 0.3 0:02.39
3667 0.0 0.3 0:02.39
3667 0.0 0.3 0:02.39
3667 0.0 0.3 0:02.39
3667 0.0 0.3 0:02.39
3667 0.0 0.3 0:02.40
3667 0.0 0.3 0:02.40
3667 0.0 0.3 0:02.40
3667 0.0 0.3 0:02.40
3667 0.0 0.3 0:02.40
3667 0.0 0.3 0:02.40
3667 0.0 0.3 0:02.40
3667 0.0 0.3 0:02.40
3667 0.0 0.3 0:02.40
3667 0.0 0.3 0:02.44
3667 0.0 0.3 0:02.44
3667 0.0 0.3 0:02.44
3667 0.0 0.3 0:02.44
3667 0.0 0.3 0:02.44
3667 0.0 0.3 0:02.45
3667 0.0 0.3 0:02.45
3667 0.0 0.3 0:02.45
3667 0.0 0.3 0:02.46
3667 0.0 0.3 0:02.47
3667 0.0 0.3 0:02.47
3667 0.0 0.3 0:02.47
3667 0.0 0.3 0:02.47
3667 0.0 0.3 0:02.47
3667 0.0 0.3 0:02.47
3667 0.0 0.3 0:02.47
3667 0.0 0.3 0:02.47
3667 0.0 0.3 0:02.47
3667 0.0 0.3 0:02.47
3667 0.0 0.3 0:02.47
3667 0.0 0.3 0:02.47
3667 0.0 0.3 0:02.47
3667 0.0 0.3 0:02.47
3667 0.0 0.3 0:02.48
3667 0.0 0.3 0:02.48
3667 0.0 0.3 0:02.48
3667 0.0 0.3 0:02.48
3667 0.0 0.3 0:02.48
3667 0.0 0.3 0:02.48
3667 0.0 0.3 0:02.48
3667 5.0 0.3 0:02.50
3667 0.0 0.3 0:02.50
3667 0.0 0.3 0:02.50
3667 5.0 0.3 0:02.51
3667 0.0 0.3 0:02.51
3667 0.0 0.3 0:02.51
3667 0.0 0.3 0:02.51
3667 0.0 0.3 0:02.51
3667 0.0 0.3 0:02.51
3667 0.0 0.3 0:02.51
3667 0.0 0.3 0:02.51
3667 0.0 0.3 0:02.51
3667 0.0 0.3 0:02.51
3667 0.0 0.3 0:02.51
3667 0.0 0.3 0:02.51
3667 0.0 0.3 0:02.51
3667 0.0 0.3 0:02.51
3667 0.0 0.3 0:02.51
3667 0.0 0.3 0:02.51
3667 0.0 0.3 0:02.52
3667 0.0 0.3 0:02.52
3667 0.0 0.3 0:02.52
3667 0.0 0.3 0:02.53
3667 0.0 0.3 0:02.53
3667 0.0 0.3 0:02.53
3667 0.0 0.3 0:02.53
3667 0.0 0.3 0:02.53
3667 0.0 0.3 0:02.53
3667 0.0 0.3 0:02.53
3667 0.0 0.3 0:02.54
3667 0.0 0.3 0:02.54
3667 0.0 0.3 0:02.54
3667 0.0 0.3 0:02.54
3667 0.0 0.3 0:02.54
3667 0.0 0.3 0:02.54
3667 0.0 0.3 0:02.54
3667 0.0 0.3 0:02.54
3667 0.0 0.3 0:02.54
3667 0.0 0.3 0:02.54
3667 0.0 0.3 0:02.55
3667 0.0 0.3 0:02.55
3667 0.0 0.3 0:02.55
3667 0.0 0.3 0:02.55
3667 0.0 0.3 0:02.55
3667 0.0 0.3 0:02.55
3667 0.0 0.3 0:02.55
3667 0.0 0.3 0:02.56
3667 0.0 0.3 0:02.56
3667 0.0 0.3 0:02.56
3667 0.0 0.3 0:02.56
3667 0.0 0.3 0:02.56
3667 0.0 0.3 0:02.56
3667 0.0 0.3 0:02.56
3667 0.0 0.3 0:02.56
3667 0.0 0.3 0:02.57
3667 0.0 0.3 0:02.57
3667 0.0 0.3 0:02.57
3667 0.0 0.3 0:02.57
3667 0.0 0.3 0:02.57
3667 0.0 0.3 0:02.57
3667 0.0 0.3 0:02.58
3667 0.0 0.3 0:02.58
3667 0.0 0.3 0:02.58
3667 4.3 0.3 0:02.59
3667 0.0 0.3 0:02.59
3667 0.0 0.3 0:02.59
3667 0.0 0.3 0:02.59
3667 0.0 0.3 0:02.59
3667 0.0 0.3 0:02.59
3667 0.0 0.3 0:02.59
3667 0.0 0.3 0:02.59
3667 0.0 0.3 0:02.59
3667 0.0 0.3 0:02.60
3667 0.0 0.3 0:02.60
3667 0.0 0.3 0:02.60
3667 0.0 0.3 0:02.60
3667 0.0 0.3 0:02.60
3667 0.0 0.3 0:02.60
3667 0.0 0.3 0:02.61
3667 0.0 0.3 0:02.62
3667 4.8 0.3 0:02.63
3667 0.0 0.3 0:02.63
3667 0.0 0.3 0:02.63
3667 0.0 0.3 0:02.63
3667 0.0 0.3 0:02.63
3667 0.0 0.3 0:02.63
3667 0.0 0.3 0:02.63
3667 0.0 0.3 0:02.63
3667 0.0 0.3 0:02.63
3667 0.0 0.3 0:02.63
3667 0.0 0.3 0:02.63
3667 0.0 0.3 0:02.63
3667 0.0 0.3 0:02.63
3667 0.0 0.3 0:02.63
3667 0.0 0.3 0:02.63
3667 4.8 0.3 0:02.64
3667 0.0 0.3 0:02.64
3667 0.0 0.3 0:02.64
3667 0.0 0.3 0:02.64
3667 0.0 0.3 0:02.64
3667 0.0 0.3 0:02.65
3667 0.0 0.3 0:02.65
3667 0.0 0.3 0:02.65
3667 0.0 0.3 0:02.65
3667 0.0 0.3 0:02.65
3667 0.0 0.3 0:02.65
3667 0.0 0.3 0:02.65
3667 0.0 0.3 0:02.66
3667 0.0 0.3 0:02.66
3667 0.0 0.3 0:02.66
3667 0.0 0.3 0:02.66
3667 0.0 0.3 0:02.66
3667 5.0 0.3 0:02.67
3667 0.0 0.3 0:02.67
3667 0.0 0.3 0:02.67
3667 0.0 0.3 0:02.68
3667 0.0 0.3 0:02.68
3667 0.0 0.3 0:02.68
3667 0.0 0.3 0:02.68
3667 0.0 0.3 0:02.68
3667 0.0 0.3 0:02.68
3667 0.0 0.3 0:02.68
3667 0.0 0.3 0:02.68
3667 0.0 0.3 0:02.68
3667 0.0 0.3 0:02.68
3667 0.0 0.3 0:02.68
3667 0.0 0.3 0:02.68
3667 0.0 0.3 0:02.68
3667 0.0 0.3 0:02.69
3667 0.0 0.3 0:02.69
3667 0.0 0.3 0:02.69
3667 0.0 0.3 0:02.69
3667 0.0 0.3 0:02.69
3667 0.0 0.3 0:02.69
3667 0.0 0.3 0:02.69
3667 0.0 0.3 0:02.69
3667 0.0 0.3 0:02.69
3667 0.0 0.3 0:02.69
3667 0.0 0.3 0:02.69
3667 0.0 0.3 0:02.69
3667 0.0 0.3 0:02.70
3667 0.0 0.3 0:02.70
3667 0.0 0.3 0:02.70
3667 0.0 0.3 0:02.70
3667 0.0 0.3 0:02.70
3667 0.0 0.3 0:02.70
3667 0.0 0.3 0:02.70
3667 0.0 0.3 0:02.70
3667 0.0 0.3 0:02.70
3667 0.0 0.3 0:02.70
3667 0.0 0.3 0:02.70
3667 0.0 0.3 0:02.70
3667 0.0 0.3 0:02.71
3667 0.0 0.3 0:02.71
3667 0.0 0.3 0:02.71
3667 0.0 0.3 0:02.71
3667 0.0 0.3 0:02.71
3667 0.0 0.3 0:02.72
3667 0.0 0.3 0:02.72
3667 0.0 0.3 0:02.72
3667 0.0 0.3 0:02.72
3667 0.0 0.3 0:02.72
3667 0.0 0.3 0:02.72
3667 0.0 0.3 0:02.72
3667 0.0 0.3 0:02.72
3667 0.0 0.3 0:02.72
3667 0.0 0.3 0:02.73
3667 0.0 0.3 0:02.73
3667 0.0 0.3 0:02.73
3667 0.0 0.3 0:02.73
3667 0.0 0.3 0:02.73
3667 0.0 0.3 0:02.73
3667 0.0 0.3 0:02.73
3667 0.0 0.3 0:02.73
3667 0.0 0.3 0:02.73
3667 0.0 0.3 0:02.73
3667 0.0 0.3 0:02.73
3667 0.0 0.3 0:02.73
3667 0.0 0.3 0:02.73
3667 0.0 0.3 0:02.74
3667 0.0 0.3 0:02.74
3667 0.0 0.3 0:02.74
3667 0.0 0.3 0:02.74
3667 0.0 0.3 0:02.74
3667 0.0 0.3 0:02.74
3667 0.0 0.3 0:02.74
3667 0.0 0.3 0:02.74
3667 0.0 0.3 0:02.74
3667 0.0 0.3 0:02.74
3667 0.0 0.3 0:02.74
3667 0.0 0.3 0:02.74
3667 0.0 0.3 0:02.74
3667 0.0 0.3 0:02.74
3667 0.0 0.3 0:02.74
3667 0.0 0.3 0:02.74
3667 0.0 0.3 0:02.74
3667 0.0 0.3 0:02.74
3667 0.0 0.3 0:02.74
3667 0.0 0.3 0:02.75
3667 0.0 0.3 0:02.75
3667 0.0 0.3 0:02.75
3667 0.0 0.3 0:02.75
3667 0.0 0.3 0:02.75
3667 0.0 0.3 0:02.75
3667 0.0 0.3 0:02.75
3667 0.0 0.3 0:02.75
3667 0.0 0.3 0:02.75
3667 0.0 0.3 0:02.75
3667 0.0 0.3 0:02.75
3667 0.0 0.3 0:02.75
3667 0.0 0.3 0:02.75
3667 0.0 0.3 0:02.75
3667 0.0 0.3 0:02.75
