3667 0.0 0.2 0:14.17
3667 5.6 0.2 0:14.23
3667 5.6 0.2 0:14.26
3667 5.3 0.2 0:14.28
3667 0.0 0.2 0:14.29
3667 0.0 0.2 0:14.30
3667 5.6 0.2 0:14.36
3667 0.0 0.2 0:14.39
3667 4.8 0.2 0:14.43
3667 10.5 0.2 0:14.46
3667 5.0 0.2 0:14.50
3667 0.0 0.2 0:14.54
3667 0.0 0.2 0:14.54
3667 0.0 0.2 0:14.55
3667 0.0 0.2 0:14.55
3667 0.0 0.2 0:14.55
3667 0.0 0.2 0:14.55
3667 0.0 0.2 0:14.55
3667 0.0 0.2 0:14.55
3667 0.0 0.2 0:14.55
3667 0.0 0.2 0:14.55
3667 0.0 0.2 0:14.55
3667 0.0 0.2 0:14.55
3667 0.0 0.2 0:14.55
3667 5.0 0.2 0:14.56
3667 0.0 0.2 0:14.56
3667 0.0 0.2 0:14.56
3667 5.6 0.2 0:14.57
3667 0.0 0.2 0:14.57
3667 0.0 0.2 0:14.57
3667 0.0 0.2 0:14.57
3667 0.0 0.2 0:14.57
3667 0.0 0.2 0:14.57
3667 0.0 0.2 0:14.57
3667 0.0 0.2 0:14.57
3667 0.0 0.2 0:14.57
3667 0.0 0.2 0:14.57
3667 0.0 0.2 0:14.57
3667 0.0 0.2 0:14.57
3667 0.0 0.2 0:14.57
3667 0.0 0.2 0:14.57
3667 0.0 0.2 0:14.57
3667 0.0 0.2 0:14.57
3667 0.0 0.2 0:14.57
3667 0.0 0.2 0:14.57
3667 0.0 0.2 0:14.57
3667 0.0 0.2 0:14.57
3667 0.0 0.2 0:14.57
3667 0.0 0.2 0:14.57
3667 0.0 0.2 0:14.57
3667 0.0 0.2 0:14.57
3667 0.0 0.2 0:14.57
3667 0.0 0.2 0:14.57
3667 0.0 0.2 0:14.57
3667 0.0 0.2 0:14.57
3667 0.0 0.2 0:14.57
3667 0.0 0.2 0:14.57
3667 0.0 0.2 0:14.57
3667 0.0 0.2 0:14.57
3667 0.0 0.2 0:14.57
3667 0.0 0.2 0:14.57
3667 0.0 0.2 0:14.57
3667 0.0 0.2 0:14.57
3667 0.0 0.2 0:14.57
3667 0.0 0.2 0:14.57
3667 0.0 0.2 0:14.57
3667 0.0 0.2 0:14.57
3667 0.0 0.2 0:14.57
3667 0.0 0.2 0:14.57
3667 0.0 0.2 0:14.57
3667 0.0 0.2 0:14.57
3667 0.0 0.2 0:14.57
3667 0.0 0.2 0:14.57
3667 0.0 0.2 0:14.57
3667 0.0 0.2 0:14.57
3667 0.0 0.2 0:14.57
3667 0.0 0.2 0:14.57
3667 0.0 0.2 0:14.57
3667 0.0 0.2 0:14.57
3667 0.0 0.2 0:14.57
3667 0.0 0.2 0:14.57
3667 0.0 0.2 0:14.57
3667 0.0 0.2 0:14.57
3667 0.0 0.2 0:14.57
3667 0.0 0.2 0:14.57
3667 0.0 0.2 0:14.57
3667 0.0 0.2 0:14.57
3667 0.0 0.2 0:14.57
3667 0.0 0.2 0:14.57
3667 0.0 0.2 0:14.57
3667 0.0 0.2 0:14.57
3667 0.0 0.2 0:14.57
3667 0.0 0.2 0:14.57
3667 0.0 0.2 0:14.57
3667 0.0 0.2 0:14.57
3667 0.0 0.2 0:14.57
3667 0.0 0.2 0:14.57
3667 0.0 0.2 0:14.57
3667 0.0 0.2 0:14.57
3667 0.0 0.2 0:14.57
3667 0.0 0.2 0:14.57
3667 0.0 0.2 0:14.57
3667 0.0 0.2 0:14.57
3667 0.0 0.2 0:14.57
3667 0.0 0.2 0:14.57
3667 0.0 0.2 0:14.57
3667 0.0 0.2 0:14.57
3667 0.0 0.2 0:14.57
3667 0.0 0.2 0:14.57
3667 0.0 0.2 0:14.57
3667 0.0 0.2 0:14.57
3667 0.0 0.2 0:14.57
3667 0.0 0.2 0:14.57
3667 0.0 0.2 0:14.57
3667 0.0 0.2 0:14.57
3667 0.0 0.2 0:14.57
3667 0.0 0.2 0:14.57
3667 0.0 0.2 0:14.57
3667 0.0 0.2 0:14.57
3667 0.0 0.2 0:14.57
3667 0.0 0.2 0:14.57
3667 0.0 0.2 0:14.57
3667 0.0 0.2 0:14.57
3667 0.0 0.2 0:14.57
3667 0.0 0.2 0:14.57
3667 0.0 0.2 0:14.57
3667 0.0 0.2 0:14.57
3667 0.0 0.2 0:14.57
3667 0.0 0.2 0:14.57
3667 0.0 0.2 0:14.57
3667 0.0 0.2 0:14.57
3667 0.0 0.2 0:14.57
3667 0.0 0.2 0:14.57
3667 0.0 0.2 0:14.57
3667 0.0 0.2 0:14.57
3667 0.0 0.2 0:14.57
3667 0.0 0.2 0:14.57
3667 0.0 0.2 0:14.57
3667 0.0 0.2 0:14.57
3667 0.0 0.2 0:14.57
3667 0.0 0.2 0:14.57
3667 0.0 0.2 0:14.57
3667 0.0 0.2 0:14.57
3667 0.0 0.2 0:14.57
3667 0.0 0.2 0:14.57
3667 0.0 0.2 0:14.57
3667 0.0 0.2 0:14.57
3667 0.0 0.2 0:14.57
3667 0.0 0.2 0:14.57
3667 0.0 0.2 0:14.57
3667 0.0 0.2 0:14.57
3667 0.0 0.2 0:14.57
3667 0.0 0.2 0:14.57
3667 0.0 0.2 0:14.57
3667 0.0 0.2 0:14.57
3667 0.0 0.2 0:14.57
3667 0.0 0.2 0:14.57
3667 0.0 0.2 0:14.57
3667 0.0 0.2 0:14.57
3667 0.0 0.2 0:14.57
3667 0.0 0.2 0:14.57
3667 0.0 0.2 0:14.57
3667 0.0 0.2 0:14.57
3667 0.0 0.2 0:14.57
3667 0.0 0.2 0:14.57
3667 0.0 0.2 0:14.57
3667 0.0 0.2 0:14.57
3667 0.0 0.2 0:14.57
3667 0.0 0.2 0:14.57
3667 0.0 0.2 0:14.57
3667 0.0 0.2 0:14.57
3667 0.0 0.2 0:14.57
3667 0.0 0.2 0:14.57
3667 0.0 0.2 0:14.57
3667 0.0 0.2 0:14.57
3667 0.0 0.2 0:14.57
3667 0.0 0.2 0:14.57
3667 0.0 0.2 0:14.57
3667 0.0 0.2 0:14.57
3667 0.0 0.2 0:14.57
3667 0.0 0.2 0:14.57
3667 0.0 0.2 0:14.57
3667 0.0 0.2 0:14.57
3667 0.0 0.2 0:14.57
3667 0.0 0.2 0:14.57
3667 0.0 0.2 0:14.57
3667 0.0 0.2 0:14.57
3667 0.0 0.2 0:14.57
