739 41.2 0.4 0:57.60
739 0.0 0.4 0:57.64
739 0.0 0.4 0:57.64
739 0.0 0.4 0:57.64
739 0.0 0.4 0:57.64
739 0.0 0.4 0:57.64
739 12.1 0.4 0:57.92
739 21.1 0.4 0:58.14
739 17.6 0.4 0:58.47
739 33.3 0.4 0:58.85
739 38.9 0.4 0:59.19
739 26.3 0.4 0:59.59
739 47.4 0.4 1:00.01
739 5.6 0.4 1:00.31
739 0.0 0.4 1:00.32
739 0.0 0.4 1:00.32
739 0.0 0.4 1:00.32
739 0.0 0.4 1:00.32
739 0.0 0.4 1:00.32
739 0.0 0.4 1:00.32
739 0.0 0.4 1:00.32
739 0.0 0.4 1:00.32
739 0.0 0.4 1:00.32
739 0.0 0.4 1:00.32
739 0.0 0.4 1:00.32
739 0.0 0.4 1:00.32
