739 738 737 736 735
739 738 737 736 735
739 738 737 736 735
739 738 737 736 735
739 738 737 736 735
739 738 737 736 735
739 738 737 736 735
739 738 737 736 735
739 738 737 736 735
739 738 737 736 735
739 738 737 736 735
739 738 737 736 735
739 738 737 736 735
739 738 737 736 735
739 738 737 736 735
739 738 737 736 735
739 738 737 736 735
739 738 737 736 735
739 738 737 736 735
739 738 737 736 735
739 738 737 736 735
739 738 737 736 735
739 738 737 736 735
739 738 737 736 735
739 738 737 736 735
739 738 737 736 735
739 738 737 736 735
739 738 737 736 735
739 738 737 736 735
739 738 737 736 735
739 738 737 736 735
739 738 737 736 735
739 738 737 736 735
739 738 737 736 735
739 738 737 736 735
739 738 737 736 735
739 738 737 736 735
739 738 737 736 735
739 738 737 736 735
739 738 737 736 735
739 738 737 736 735
739 738 737 736 735
739 738 737 736 735
739 738 737 736 735
739 738 737 736 735
739 738 737 736 735
739 738 737 736 735
739 738 737 736 735
739 738 737 736 735
739 738 737 736 735
