710 11.4 0.3 0:00.07
710 5.1 0.3 0:00.10
710 6.9 0.3 0:00.10
710 6.7 0.3 0:00.10
710 9.0 0.3 0:00.11
710 5.6 0.3 0:00.11
710 8.8 0.3 0:00.10
710 15.0 0.3 0:00.23
710 16.7 0.3 0:00.36
710 9.5 0.3 0:00.49
710 10.5 0.3 0:00.61
KiB used, 257100 buff/cache
710 10.5 0.3 0:00.83
710 15.0 0.3 0:00.94
536 0.0 0.9 0:00.51
536 0.0 0.9 0:00.51
536 0.0 0.9 0:00.51
536 0.0 0.9 0:00.51
536 0.0 0.9 0:00.51
536 0.0 0.9 0:00.51
536 0.0 0.9 0:00.51
536 0.0 0.9 0:00.51
536 0.0 0.9 0:00.51
536 0.0 0.9 0:00.51
536 0.0 0.9 0:00.51
536 0.0 0.9 0:00.51
536 0.0 0.9 0:00.51
536 0.0 0.9 0:00.51
536 0.0 0.9 0:00.51
536 0.0 0.9 0:00.51
536 0.0 0.9 0:00.51
536 0.0 0.9 0:00.51
536 0.0 0.9 0:00.51
536 0.0 0.9 0:00.51
