712 25.0 0.3 0:02.72
273 0.0 0.8 0:00.54
273 0.0 0.8 0:00.54
273 0.0 0.8 0:00.54
273 0.0 0.8 0:00.54
273 0.0 0.8 0:00.54
273 0.0 0.8 0:00.54
273 0.0 0.8 0:00.54
273 0.0 0.8 0:00.54
273 0.0 0.8 0:00.54
273 0.0 0.8 0:00.54
273 0.0 0.8 0:00.54
273 0.0 0.8 0:00.54
273 0.0 0.8 0:00.54
273 0.0 0.8 0:00.54
273 0.0 0.8 0:00.54
273 0.0 0.8 0:00.54
273 0.0 0.8 0:00.54
273 0.0 0.8 0:00.54
273 0.0 0.8 0:00.54
273 0.0 0.8 0:00.54
273 0.0 0.8 0:00.54
273 0.0 0.8 0:00.54
273 0.0 0.8 0:00.54
273 0.0 0.8 0:00.54
273 0.0 0.8 0:00.54
273 0.0 0.8 0:00.54
273 0.0 0.8 0:00.54
273 0.0 0.8 0:00.54
273 0.0 0.8 0:00.54
273 0.0 0.8 0:00.54
KiB 1537120 avail Mem
273 0.0 0.8 0:00.54
273 0.0 0.8 0:00.54
273 0.0 0.8 0:00.54
712 5.6 0.3 0:02.78
273 0.0 0.8 0:00.54
273 0.0 0.8 0:00.54
273 0.0 0.8 0:00.54
273 0.0 0.8 0:00.54
273 0.0 0.8 0:00.54
273 0.0 0.8 0:00.54
273 0.0 0.8 0:00.54
273 0.0 0.8 0:00.54
273 0.0 0.8 0:00.54
273 0.0 0.8 0:00.54
273 0.0 0.8 0:00.54
273 0.0 0.8 0:00.54
273 0.0 0.8 0:00.54
273 0.0 0.8 0:00.54
273 0.0 0.8 0:00.54
273 0.0 0.8 0:00.54
273 0.0 0.8 0:00.54
273 0.0 0.8 0:00.54
273 0.0 0.8 0:00.54
712 10.5 0.3 0:02.84
273 0.0 0.8 0:00.54
273 0.0 0.8 0:00.54
273 0.0 0.8 0:00.54
273 0.0 0.8 0:00.54
273 0.0 0.8 0:00.54
273 0.0 0.8 0:00.54
273 0.0 0.8 0:00.54
273 0.0 0.8 0:00.54
273 0.0 0.8 0:00.54
273 0.0 0.8 0:00.54
273 0.0 0.8 0:00.54
273 0.0 0.8 0:00.54
273 0.0 0.8 0:00.54
273 0.0 0.8 0:00.54
273 0.0 0.8 0:00.54
273 0.0 0.8 0:00.54
273 0.0 0.8 0:00.54
273 0.0 0.8 0:00.54
273 0.0 0.8 0:00.54
273 0.0 0.8 0:00.54
273 0.0 0.8 0:00.54
273 0.0 0.8 0:00.54
273 0.0 0.8 0:00.54
273 0.0 0.8 0:00.54
273 0.0 0.8 0:00.54
273 0.0 0.8 0:00.54
273 0.0 0.8 0:00.54
273 0.0 0.8 0:00.54
273 0.0 0.8 0:00.54
273 0.0 0.8 0:00.54
273 0.0 0.8 0:00.54
273 0.0 0.8 0:00.54
273 0.0 0.8 0:00.54
273 0.0 0.8 0:00.54
273 0.0 0.8 0:00.54
273 0.0 0.8 0:00.54
273 0.0 0.8 0:00.54
273 0.0 0.8 0:00.54
273 0.0 0.8 0:00.54
273 0.0 0.8 0:00.54
273 0.0 0.8 0:00.54
273 0.0 0.8 0:00.54
273 0.0 0.8 0:00.54
273 0.0 0.8 0:00.54
273 0.0 0.8 0:00.54
273 0.0 0.8 0:00.54
273 0.0 0.8 0:00.54
273 0.0 0.8 0:00.54
273 0.0 0.8 0:00.54
273 0.0 0.8 0:00.54
273 0.0 0.8 0:00.54
273 0.0 0.8 0:00.54
273 0.0 0.8 0:00.54
273 0.0 0.8 0:00.54
712 5.6 0.3 0:02.99
273 0.0 0.8 0:00.54
273 0.0 0.8 0:00.54
273 0.0 0.8 0:00.54
273 0.0 0.8 0:00.54
273 0.0 0.8 0:00.54
273 0.0 0.8 0:00.54
273 0.0 0.8 0:00.54
273 0.0 0.8 0:00.54
273 0.0 0.8 0:00.54
273 0.0 0.8 0:00.54
273 0.0 0.8 0:00.54
273 0.0 0.8 0:00.54
273 0.0 0.8 0:00.54
712 5.3 0.3 0:03.02
273 0.0 0.8 0:00.54
273 0.0 0.8 0:00.54
273 0.0 0.8 0:00.54
273 0.0 0.8 0:00.54
273 0.0 0.8 0:00.54
273 0.0 0.8 0:00.54
273 0.0 0.8 0:00.54
273 0.0 0.8 0:00.54
273 0.0 0.8 0:00.54
273 0.0 0.8 0:00.54
273 0.0 0.8 0:00.54
273 0.0 0.8 0:00.54
273 0.0 0.8 0:00.54
273 0.0 0.8 0:00.54
273 0.0 0.8 0:00.54
273 0.0 0.8 0:00.54
273 0.0 0.8 0:00.54
273 0.0 0.8 0:00.54
273 0.0 0.8 0:00.54
KiB used, 317120 buff/cache
KiB used, 317124 buff/cache
KiB used, 317124 buff/cache
273 0.0 0.8 0:00.54
273 0.0 0.8 0:00.54
273 0.0 0.8 0:00.54
273 0.0 0.8 0:00.54
273 0.0 0.8 0:00.54
273 0.0 0.8 0:00.54
273 0.0 0.8 0:00.54
273 0.0 0.8 0:00.54
273 0.0 0.8 0:00.54
273 0.0 0.8 0:00.54
273 0.0 0.8 0:00.54
273 0.0 0.8 0:00.54
273 0.0 0.8 0:00.54
273 0.0 0.8 0:00.54
273 0.0 0.8 0:00.54
273 0.0 0.8 0:00.54
273 0.0 0.8 0:00.54
273 0.0 0.8 0:00.54
273 0.0 0.8 0:00.54
273 0.0 0.8 0:00.54
273 0.0 0.8 0:00.54
273 0.0 0.8 0:00.54
273 0.0 0.8 0:00.54
273 0.0 0.8 0:00.54
273 0.0 0.8 0:00.54
273 0.0 0.8 0:00.54
273 0.0 0.8 0:00.54
273 0.0 0.8 0:00.54
273 0.0 0.8 0:00.54
712 5.6 0.3 0:03.16
273 0.0 0.8 0:00.54
273 0.0 0.8 0:00.54
273 0.0 0.8 0:00.54
273 0.0 0.8 0:00.54
273 0.0 0.8 0:00.54
273 0.0 0.8 0:00.54
273 0.0 0.8 0:00.54
273 0.0 0.8 0:00.54
273 0.0 0.8 0:00.54
273 0.0 0.8 0:00.54
273 0.0 0.8 0:00.54
273 0.0 0.8 0:00.54
273 0.0 0.8 0:00.54
273 0.0 0.8 0:00.54
273 0.0 0.8 0:00.54
273 0.0 0.8 0:00.54
273 0.0 0.8 0:00.54
273 0.0 0.8 0:00.54
273 0.0 0.8 0:00.54
KiB used, 317404 buff/cache
273 0.0 0.8 0:00.54
273 0.0 0.8 0:00.54
273 0.0 0.8 0:00.54
273 0.0 0.8 0:00.54
273 0.0 0.8 0:00.54
273 0.0 0.8 0:00.54
273 0.0 0.8 0:00.54
273 0.0 0.8 0:00.54
273 0.0 0.8 0:00.54
273 0.0 0.8 0:00.54
273 0.0 0.8 0:00.54
273 0.0 0.8 0:00.54
273 0.0 0.8 0:00.54
273 0.0 0.8 0:00.54
273 0.0 0.8 0:00.54
273 0.0 0.8 0:00.54
273 0.0 0.8 0:00.54
273 0.0 0.8 0:00.54
273 0.0 0.8 0:00.54
17120 11.1 0.2 0:00.04
273 0.0 0.8 0:00.54
273 0.0 0.8 0:00.54
273 0.0 0.8 0:00.54
273 0.0 0.8 0:00.54
273 0.0 0.8 0:00.54
273 0.0 0.8 0:00.54
273 0.0 0.8 0:00.54
273 0.0 0.8 0:00.54
273 0.0 0.8 0:00.54
273 0.0 0.8 0:00.54
273 0.0 0.8 0:00.54
273 0.0 0.8 0:00.54
273 0.0 0.8 0:00.54
273 0.0 0.8 0:00.54
273 0.0 0.8 0:00.54
273 0.0 0.8 0:00.54
273 0.0 0.8 0:00.54
273 0.0 0.8 0:00.54
273 0.0 0.8 0:00.54
273 0.0 0.8 0:00.54
