713 11.1 0.3 0:00.76
713 0.0 0.3 0:00.78
713 0.0 0.3 0:00.78
713 0.0 0.3 0:00.78
713 0.0 0.3 0:00.78
713 0.0 0.3 0:00.78
713 0.0 0.3 0:00.78
713 0.0 0.3 0:00.78
713 0.0 0.3 0:00.78
713 0.0 0.3 0:00.78
713 0.0 0.3 0:00.78
713 0.0 0.3 0:00.78
713 0.0 0.3 0:00.78
713 0.0 0.3 0:00.78
713 0.0 0.3 0:00.78
713 0.0 0.3 0:00.78
713 0.0 0.3 0:00.78
713 0.0 0.3 0:00.78
713 0.0 0.3 0:00.79
713 0.0 0.3 0:00.85
713 0.0 0.3 0:00.85
713 0.0 0.3 0:00.85
713 0.0 0.3 0:00.85
713 0.0 0.3 0:00.85
713 0.0 0.3 0:00.85
713 0.0 0.3 0:00.85
713 0.0 0.3 0:00.85
713 0.0 0.3 0:00.85
713 0.0 0.3 0:00.85
713 0.0 0.3 0:00.85
713 0.0 0.3 0:00.85
713 0.0 0.3 0:00.85
713 0.0 0.3 0:00.85
713 0.0 0.3 0:00.87
713 0.0 0.3 0:00.87
713 0.0 0.3 0:00.87
713 0.0 0.3 0:00.89
713 0.0 0.3 0:00.92
713 0.0 0.3 0:00.92
713 0.0 0.3 0:00.92
713 0.0 0.3 0:00.92
713 0.0 0.3 0:00.92
713 0.0 0.3 0:00.92
713 0.0 0.3 0:00.92
713 0.0 0.3 0:00.92
713 0.0 0.3 0:00.92
713 0.0 0.3 0:00.92
713 0.0 0.3 0:00.92
713 0.0 0.3 0:00.92
713 0.0 0.3 0:00.92
713 0.0 0.3 0:00.92
713 0.0 0.3 0:00.93
713 0.0 0.3 0:00.93
713 0.0 0.3 0:00.93
713 0.0 0.3 0:00.93
713 5.6 0.3 0:00.96
713 0.0 0.3 0:00.97
713 0.0 0.3 0:00.97
713 0.0 0.3 0:00.97
713 0.0 0.3 0:00.97
713 0.0 0.3 0:00.97
713 0.0 0.3 0:00.97
713 0.0 0.3 0:00.97
713 0.0 0.3 0:00.97
713 0.0 0.3 0:00.97
713 0.0 0.3 0:00.97
713 0.0 0.3 0:00.97
713 0.0 0.3 0:00.98
713 0.0 0.3 0:00.98
713 5.6 0.3 0:01.00
713 0.0 0.3 0:01.00
713 0.0 0.3 0:01.00
713 0.0 0.3 0:01.00
713 5.6 0.3 0:01.01
713 0.0 0.3 0:01.03
713 0.0 0.3 0:01.03
713 0.0 0.3 0:01.03
713 0.0 0.3 0:01.03
713 0.0 0.3 0:01.03
713 0.0 0.3 0:01.03
713 0.0 0.3 0:01.03
713 0.0 0.3 0:01.03
713 0.0 0.3 0:01.03
713 0.0 0.3 0:01.03
713 0.0 0.3 0:01.03
713 0.0 0.3 0:01.03
713 0.0 0.3 0:01.03
713 0.0 0.3 0:01.03
713 0.0 0.3 0:01.05
713 0.0 0.3 0:01.05
713 0.0 0.3 0:01.05
713 0.0 0.3 0:01.06
713 0.0 0.3 0:01.11
KiB 1537132 avail Mem
713 0.0 0.3 0:01.11
713 0.0 0.3 0:01.11
713 0.0 0.3 0:01.11
713 0.0 0.3 0:01.11
713 0.0 0.3 0:01.11
713 0.0 0.3 0:01.11
713 0.0 0.3 0:01.11
713 0.0 0.3 0:01.11
713 0.0 0.3 0:01.11
713 0.0 0.3 0:01.11
713 0.0 0.3 0:01.11
713 0.0 0.3 0:01.12
713 0.0 0.3 0:01.12
713 0.0 0.3 0:01.13
713 0.0 0.3 0:01.14
713 0.0 0.3 0:01.14
713 0.0 0.3 0:01.14
713 0.0 0.3 0:01.16
713 0.0 0.3 0:01.16
713 0.0 0.3 0:01.16
713 0.0 0.3 0:01.16
713 0.0 0.3 0:01.16
713 0.0 0.3 0:01.16
713 0.0 0.3 0:01.16
713 0.0 0.3 0:01.16
713 0.0 0.3 0:01.16
713 0.0 0.3 0:01.16
713 0.0 0.3 0:01.16
713 0.0 0.3 0:01.17
713 0.0 0.3 0:01.17
713 0.0 0.3 0:01.17
713 0.0 0.3 0:01.18
713 0.0 0.3 0:01.18
713 0.0 0.3 0:01.19
713 0.0 0.3 0:01.20
713 0.0 0.3 0:01.23
713 0.0 0.3 0:01.23
713 0.0 0.3 0:01.23
713 0.0 0.3 0:01.23
713 0.0 0.3 0:01.23
713 0.0 0.3 0:01.23
713 0.0 0.3 0:01.23
713 0.0 0.3 0:01.23
713 0.0 0.3 0:01.23
713 0.0 0.3 0:01.23
KiB 1537132 avail Mem
713 0.0 0.3 0:01.23
713 0.0 0.3 0:01.23
713 0.0 0.3 0:01.24
713 0.0 0.3 0:01.25
713 0.0 0.3 0:01.25
713 0.0 0.3 0:01.25
713 5.0 0.3 0:01.26
713 0.0 0.3 0:01.28
17138 22.2 0.2 0:00.04
713 0.0 0.3 0:01.29
713 0.0 0.3 0:01.29
713 0.0 0.3 0:01.29
713 0.0 0.3 0:01.29
713 0.0 0.3 0:01.29
713 0.0 0.3 0:01.29
713 5.3 0.3 0:01.30
713 0.0 0.3 0:01.30
713 0.0 0.3 0:01.30
713 0.0 0.3 0:01.30
713 0.0 0.3 0:01.30
713 0.0 0.3 0:01.30
713 0.0 0.3 0:01.31
713 0.0 0.3 0:01.32
713 0.0 0.3 0:01.32
713 0.0 0.3 0:01.32
713 0.0 0.3 0:01.34
713 0.0 0.3 0:01.36
713 0.0 0.3 0:01.36
713 0.0 0.3 0:01.36
713 0.0 0.3 0:01.36
KiB 1537132 avail Mem
713 0.0 0.3 0:01.36
713 0.0 0.3 0:01.36
713 0.0 0.3 0:01.36
713 0.0 0.3 0:01.37
713 0.0 0.3 0:01.37
713 0.0 0.3 0:01.37
713 0.0 0.3 0:01.37
713 0.0 0.3 0:01.37
713 5.3 0.3 0:01.38
713 0.0 0.3 0:01.38
713 0.0 0.3 0:01.39
713 0.0 0.3 0:01.39
713 0.0 0.3 0:01.39
713 0.0 0.3 0:01.43
713 0.0 0.3 0:01.43
KiB 1537132 avail Mem
713 0.0 0.3 0:01.43
713 0.0 0.3 0:01.43
713 0.0 0.3 0:01.43
713 0.0 0.3 0:01.43
713 0.0 0.3 0:01.43
713 0.0 0.3 0:01.44
713 0.0 0.3 0:01.44
713 0.0 0.3 0:01.44
713 0.0 0.3 0:01.44
713 0.0 0.3 0:01.44
713 0.0 0.3 0:01.45
713 0.0 0.3 0:01.45
713 0.0 0.3 0:01.45
713 0.0 0.3 0:01.47
713 0.0 0.3 0:01.47
713 0.0 0.3 0:01.50
713 0.0 0.3 0:01.50
713 0.0 0.3 0:01.50
713 0.0 0.3 0:01.50
713 0.0 0.3 0:01.50
713 0.0 0.3 0:01.50
713 0.0 0.3 0:01.50
713 0.0 0.3 0:01.50
713 0.0 0.3 0:01.50
713 0.0 0.3 0:01.50
713 0.0 0.3 0:01.50
713 0.0 0.3 0:01.50
713 0.0 0.3 0:01.50
713 0.0 0.3 0:01.51
713 0.0 0.3 0:01.51
713 0.0 0.3 0:01.51
713 0.0 0.3 0:01.51
713 0.0 0.3 0:01.51
713 0.0 0.3 0:01.51
713 0.0 0.3 0:01.51
713 0.0 0.3 0:01.51
713 0.0 0.3 0:01.51
713 0.0 0.3 0:01.51
713 0.0 0.3 0:01.51
713 0.0 0.3 0:01.51
713 0.0 0.3 0:01.51
713 0.0 0.3 0:01.51
713 0.0 0.3 0:01.51
713 0.0 0.3 0:01.51
713 0.0 0.3 0:01.51
713 0.0 0.3 0:01.51
713 0.0 0.3 0:01.51
713 0.0 0.3 0:01.51
713 0.0 0.3 0:01.51
