720 5.3 0.4 0:40.79
720 5.3 0.4 0:40.81
720 5.6 0.4 0:40.83
720 5.3 0.4 0:40.85
720 5.3 0.4 0:40.87
720 0.0 0.4 0:40.89
720 0.0 0.4 0:40.91
720 0.0 0.4 0:40.93
720 5.6 0.4 0:40.95
720 5.6 0.4 0:40.97
720 0.0 0.4 0:40.99
720 0.0 0.4 0:41.02
720 5.6 0.4 0:41.04
720 0.0 0.4 0:41.06
720 5.6 0.4 0:41.09
720 0.0 0.4 0:41.11
720 0.0 0.4 0:41.13
720 5.3 0.4 0:41.16
720 0.0 0.4 0:41.18
720 0.0 0.4 0:41.20
720 0.0 0.4 0:41.22
720 5.6 0.4 0:41.25
720 0.0 0.4 0:41.27
720 0.0 0.4 0:41.29
720 0.0 0.4 0:41.32
720 0.0 0.4 0:41.34
720 5.3 0.4 0:41.36
720 5.0 0.4 0:41.38
720 0.0 0.4 0:41.40
720 0.0 0.4 0:41.42
720 5.6 0.4 0:41.45
720 0.0 0.4 0:41.47
720 0.0 0.4 0:41.49
720 0.0 0.4 0:41.51
720 5.0 0.4 0:41.54
720 0.0 0.4 0:41.55
720 5.6 0.4 0:41.58
720 0.0 0.4 0:41.60
720 0.0 0.4 0:41.62
720 5.3 0.4 0:41.64
720 4.8 0.4 0:41.66
720 5.3 0.4 0:41.68
720 5.0 0.4 0:41.71
720 0.0 0.4 0:41.72
720 0.0 0.4 0:41.74
720 0.0 0.4 0:41.76
720 0.0 0.4 0:41.78
720 0.0 0.4 0:41.80
720 5.3 0.4 0:41.83
720 5.6 0.4 0:41.85
720 0.0 0.4 0:41.87
720 0.0 0.4 0:41.89
720 0.0 0.4 0:41.91
720 5.3 0.4 0:41.94
720 5.6 0.4 0:41.96
720 0.0 0.4 0:41.97
720 5.3 0.4 0:42.00
720 0.0 0.4 0:42.01
720 0.0 0.4 0:42.03
720 0.0 0.4 0:42.05
720 0.0 0.4 0:42.07
720 0.0 0.4 0:42.09
720 0.0 0.4 0:42.11
720 0.0 0.4 0:42.13
720 5.6 0.4 0:42.16
720 5.6 0.4 0:42.19
720 5.3 0.4 0:42.21
720 5.3 0.4 0:42.23
720 0.0 0.4 0:42.25
720 0.0 0.4 0:42.27
720 5.3 0.4 0:42.29
720 0.0 0.4 0:42.30
720 0.0 0.4 0:42.32
720 0.0 0.4 0:42.35
720 0.0 0.4 0:42.36
720 0.0 0.4 0:42.38
KiB 1533720 avail Mem
KiB used, 303740 buff/cache
720 5.3 0.4 0:42.45
720 0.0 0.4 0:42.46
720 0.0 0.4 0:42.46
720 0.0 0.4 0:42.46
720 0.0 0.4 0:42.46
720 0.0 0.4 0:42.46
720 0.0 0.4 0:42.46
720 0.0 0.4 0:42.46
720 0.0 0.4 0:42.46
720 0.0 0.4 0:42.46
720 0.0 0.4 0:42.46
720 0.0 0.4 0:42.46
720 0.0 0.4 0:42.46
720 0.0 0.4 0:42.46
