720 5.3 0.4 0:54.85
720 0.0 0.4 0:54.87
720 0.0 0.4 0:54.89
720 0.0 0.4 0:54.89
720 5.3 0.4 0:54.91
720 5.6 0.4 0:54.93
720 0.0 0.4 0:54.95
720 0.0 0.4 0:54.96
720 5.0 0.4 0:54.99
720 0.0 0.4 0:55.00
720 0.0 0.4 0:55.02
720 0.0 0.4 0:55.04
720 0.0 0.4 0:55.06
720 0.0 0.4 0:55.08
720 5.6 0.4 0:55.10
720 0.0 0.4 0:55.11
720 0.0 0.4 0:55.13
720 5.3 0.4 0:55.16
720 0.0 0.4 0:55.18
720 5.0 0.4 0:55.20
720 5.3 0.4 0:55.22
720 5.3 0.4 0:55.24
720 0.0 0.4 0:55.26
720 5.6 0.4 0:55.27
720 0.0 0.4 0:55.28
720 0.0 0.4 0:55.30
720 0.0 0.4 0:55.32
720 5.6 0.4 0:55.34
720 0.0 0.4 0:55.35
720 0.0 0.4 0:55.37
720 0.0 0.4 0:55.39
720 5.6 0.4 0:55.41
720 0.0 0.4 0:55.42
720 5.3 0.4 0:55.45
720 5.6 0.4 0:55.47
720 0.0 0.4 0:55.48
720 0.0 0.4 0:55.50
720 0.0 0.4 0:55.52
720 5.3 0.4 0:55.54
720 5.3 0.4 0:55.56
720 0.0 0.4 0:55.57
720 0.0 0.4 0:55.59
720 0.0 0.4 0:55.61
720 0.0 0.4 0:55.63
720 0.0 0.4 0:55.64
720 5.3 0.4 0:55.66
720 0.0 0.4 0:55.68
720 5.6 0.4 0:55.70
720 5.6 0.4 0:55.72
720 5.3 0.4 0:55.74
720 0.0 0.4 0:55.75
720 5.6 0.4 0:55.77
720 5.3 0.4 0:55.79
720 0.0 0.4 0:55.81
720 0.0 0.4 0:55.83
720 5.6 0.4 0:55.85
720 5.3 0.4 0:55.87
720 0.0 0.4 0:55.88
720 0.0 0.4 0:55.90
720 0.0 0.4 0:55.92
720 5.3 0.4 0:55.95
720 5.3 0.4 0:55.97
720 0.0 0.4 0:55.98
720 5.6 0.4 0:56.00
720 5.3 0.4 0:56.02
720 5.3 0.4 0:56.04
720 0.0 0.4 0:56.05
720 5.6 0.4 0:56.07
720 0.0 0.4 0:56.08
720 0.0 0.4 0:56.10
720 11.1 0.4 0:56.13
720 0.0 0.4 0:56.15
720 0.0 0.4 0:56.17
720 0.0 0.4 0:56.17
720 5.3 0.4 0:56.20
720 0.0 0.4 0:56.22
720 5.0 0.4 0:56.24
720 0.0 0.4 0:56.25
720 0.0 0.4 0:56.27
720 0.0 0.4 0:56.28
720 0.0 0.4 0:56.29
720 0.0 0.4 0:56.29
720 0.0 0.4 0:56.29
720 0.0 0.4 0:56.29
720 0.0 0.4 0:56.29
720 0.0 0.4 0:56.29
720 0.0 0.4 0:56.29
