721 5.3 0.4 0:43.41
721 0.0 0.4 0:43.43
721 0.0 0.4 0:43.45
721 0.0 0.4 0:43.47
721 5.3 0.4 0:43.50
721 0.0 0.4 0:43.51
721 5.3 0.4 0:43.54
721 5.0 0.4 0:43.57
721 5.6 0.4 0:43.59
721 5.6 0.4 0:43.62
721 0.0 0.4 0:43.64
721 0.0 0.4 0:43.66
721 5.3 0.4 0:43.69
721 10.5 0.4 0:43.73
721 0.0 0.4 0:43.74
721 10.0 0.4 0:43.79
721 0.0 0.4 0:43.79
721 0.0 0.4 0:43.82
721 0.0 0.4 0:43.84
721 0.0 0.4 0:43.86
721 5.6 0.4 0:43.89
721 5.0 0.4 0:43.92
721 0.0 0.4 0:43.93
721 0.0 0.4 0:43.95
721 0.0 0.4 0:43.97
721 0.0 0.4 0:44.00
721 0.0 0.4 0:44.02
721 0.0 0.4 0:44.04
721 0.0 0.4 0:44.06
721 5.3 0.4 0:44.09
721 0.0 0.4 0:44.11
721 0.0 0.4 0:44.14
721 0.0 0.4 0:44.16
721 0.0 0.4 0:44.18
721 0.0 0.4 0:44.20
721 0.0 0.4 0:44.23
721 5.6 0.4 0:44.26
721 5.3 0.4 0:44.28
721 0.0 0.4 0:44.30
721 0.0 0.4 0:44.32
721 5.3 0.4 0:44.35
721 5.6 0.4 0:44.38
721 0.0 0.4 0:44.40
721 0.0 0.4 0:44.42
721 0.0 0.4 0:44.44
721 0.0 0.4 0:44.46
721 0.0 0.4 0:44.49
721 0.0 0.4 0:44.51
721 5.3 0.4 0:44.54
721 5.6 0.4 0:44.56
721 5.0 0.4 0:44.59
721 5.3 0.4 0:44.61
721 0.0 0.4 0:44.63
721 0.0 0.4 0:44.65
721 0.0 0.4 0:44.67
721 0.0 0.4 0:44.70
721 0.0 0.4 0:44.72
721 5.3 0.4 0:44.75
721 0.0 0.4 0:44.77
721 0.0 0.4 0:44.79
721 5.6 0.4 0:44.82
721 5.6 0.4 0:44.84
721 5.6 0.4 0:44.87
721 5.3 0.4 0:44.90
721 0.0 0.4 0:44.92
721 0.0 0.4 0:44.95
721 0.0 0.4 0:44.97
721 0.0 0.4 0:44.99
721 0.0 0.4 0:45.01
721 0.0 0.4 0:45.03
721 0.0 0.4 0:45.06
721 0.0 0.4 0:45.08
721 5.6 0.4 0:45.11
721 0.0 0.4 0:45.13
721 0.0 0.4 0:45.17
721 5.0 0.4 0:45.18
721 0.0 0.4 0:45.20
721 5.6 0.4 0:45.22
721 5.0 0.4 0:45.25
721 0.0 0.4 0:45.26
721 0.0 0.4 0:45.26
721 0.0 0.4 0:45.26
721 0.0 0.4 0:45.26
721 0.0 0.4 0:45.26
721 0.0 0.4 0:45.26
721 0.0 0.4 0:45.26
721 0.0 0.4 0:45.26
721 0.0 0.4 0:45.26
721 0.0 0.4 0:45.26
13721 10.5 0.2 0:00.04
721 0.0 0.4 0:45.26
721 0.0 0.4 0:45.26
