3255 18.5 0.1 0:17.85
3255 40.0 0.1 0:18.37
3255 35.0 0.1 0:18.90
3255 42.9 0.1 0:19.41
3255 47.4 0.1 0:19.88
3255 45.0 0.1 0:20.41
3255 42.1 0.1 0:20.92
3255 36.8 0.1 0:21.43
3255 36.8 0.1 0:21.89
3255 40.0 0.1 0:22.41
3255 34.8 0.1 0:22.96
3255 36.8 0.1 0:23.52
3255 36.4 0.1 0:24.04
3255 50.0 0.1 0:24.63
3255 36.8 0.1 0:25.18
3255 50.0 0.1 0:25.72
3255 34.8 0.1 0:26.20
3255 31.8 0.1 0:26.61
3255 30.4 0.1 0:27.14
3255 36.4 0.1 0:27.68
3255 30.4 0.1 0:28.09
3255 30.8 0.1 0:28.54
3255 42.9 0.1 0:29.07
3255 42.9 0.1 0:29.59
3255 31.6 0.1 0:30.09
3255 40.0 0.1 0:30.57
3255 40.9 0.1 0:31.16
3255 36.4 0.1 0:31.63
3255 40.0 0.1 0:32.23
3255 36.4 0.1 0:32.67
3255 42.1 0.1 0:33.08
3255 47.4 0.1 0:33.63
3255 42.1 0.1 0:34.13
3255 25.0 0.1 0:34.57
3255 38.9 0.1 0:35.04
3255 35.0 0.1 0:35.56
3255 5.0 0.1 0:35.82
3255 5.0 0.1 0:35.85
3255 0.0 0.1 0:35.85
3255 0.0 0.1 0:35.85
3255 0.0 0.1 0:35.85
3255 0.0 0.1 0:35.85
3255 0.0 0.1 0:35.85
3255 0.0 0.1 0:35.85
3255 0.0 0.1 0:35.85
3255 0.0 0.1 0:35.85
3255 0.0 0.1 0:35.85
3255 0.0 0.1 0:35.85
3255 0.0 0.1 0:35.85
3255 0.0 0.1 0:35.85
3255 0.0 0.1 0:35.85
3255 0.0 0.1 0:35.85
3255 0.0 0.1 0:35.85
3255 0.0 0.1 0:35.85
3255 0.0 0.1 0:35.85
3255 0.0 0.1 0:35.85
3255 0.0 0.1 0:35.85
3255 0.0 0.1 0:35.85
3255 0.0 0.1 0:35.85
3255 0.0 0.1 0:35.85
3255 0.0 0.1 0:35.85
3255 0.0 0.1 0:35.85
3255 0.0 0.1 0:35.85
3255 0.0 0.1 0:35.85
3255 0.0 0.1 0:35.85
3255 0.0 0.1 0:35.85
3255 0.0 0.1 0:35.85
3255 0.0 0.1 0:35.85
3255 0.0 0.1 0:35.85
3255 0.0 0.1 0:35.85
3255 0.0 0.1 0:35.85
3255 0.0 0.1 0:35.85
3255 0.0 0.1 0:35.85
3255 0.0 0.1 0:35.85
3255 0.0 0.1 0:35.85
3255 0.0 0.1 0:35.85
