717 0.0 0.4 0:47.28
717 0.0 0.4 0:47.32
717 10.0 0.4 0:47.38
717 0.0 0.4 0:47.39
717 0.0 0.4 0:47.42
717 5.6 0.4 0:47.47
717 5.6 0.4 0:47.50
717 0.0 0.4 0:47.53
717 0.0 0.4 0:47.55
717 5.6 0.4 0:47.60
717 5.0 0.4 0:47.64
717 0.0 0.4 0:47.67
717 0.0 0.4 0:47.70
717 0.0 0.4 0:47.75
717 0.0 0.4 0:47.78
717 0.0 0.4 0:47.80
717 5.6 0.4 0:47.84
717 5.6 0.4 0:47.87
717 4.8 0.4 0:47.91
717 0.0 0.4 0:47.94
717 5.3 0.4 0:47.97
717 5.0 0.4 0:48.01
717 5.3 0.4 0:48.04
717 0.0 0.4 0:48.08
717 0.0 0.4 0:48.11
717 5.6 0.4 0:48.15
717 5.3 0.4 0:48.19
717 0.0 0.4 0:48.22
717 5.6 0.4 0:48.27
717 5.6 0.4 0:48.30
717 5.6 0.4 0:48.33
717 0.0 0.4 0:48.36
717 5.6 0.4 0:48.40
717 5.3 0.4 0:48.44
717 5.3 0.4 0:48.48
717 5.6 0.4 0:48.51
717 5.6 0.4 0:48.55
717 11.1 0.4 0:48.60
717 0.0 0.4 0:48.64
717 0.0 0.4 0:48.67
717 5.3 0.4 0:48.71
717 0.0 0.4 0:48.74
717 0.0 0.4 0:48.78
717 0.0 0.4 0:48.81
717 5.3 0.4 0:48.85
717 5.3 0.4 0:48.88
717 5.6 0.4 0:48.92
717 0.0 0.4 0:48.94
717 5.6 0.4 0:48.98
717 5.3 0.4 0:49.01
717 5.6 0.4 0:49.05
717 0.0 0.4 0:49.08
717 0.0 0.4 0:49.12
717 5.0 0.4 0:49.16
717 4.8 0.4 0:49.19
717 0.0 0.4 0:49.23
717 11.1 0.4 0:49.28
717 5.3 0.4 0:49.31
717 5.6 0.4 0:49.34
717 5.3 0.4 0:49.39
717 5.0 0.4 0:49.42
717 5.6 0.4 0:49.46
717 5.6 0.4 0:49.49
717 0.0 0.4 0:49.52
717 11.1 0.4 0:49.57
717 5.3 0.4 0:49.60
717 0.0 0.4 0:49.63
717 5.6 0.4 0:49.67
717 0.0 0.4 0:49.70
717 5.3 0.4 0:49.74
717 5.6 0.4 0:49.78
717 5.3 0.4 0:49.82
717 5.6 0.4 0:49.86
KiB used, 357172 buff/cache
717 5.3 0.4 0:49.93
717 10.5 0.4 0:49.98
717 5.3 0.4 0:50.02
717 5.3 0.4 0:50.05
717 5.3 0.4 0:50.09
717 0.0 0.4 0:50.09
717 0.0 0.4 0:50.09
717 0.0 0.4 0:50.09
717 0.0 0.4 0:50.09
717 0.0 0.4 0:50.09
717 0.0 0.4 0:50.09
717 0.0 0.4 0:50.09
717 0.0 0.4 0:50.09
717 0.0 0.4 0:50.09
717 0.0 0.4 0:50.09
717 0.0 0.4 0:50.09
717 0.0 0.4 0:50.09
717 0.0 0.4 0:50.09
717 0.0 0.4 0:50.09
717 0.0 0.4 0:50.09
717 0.0 0.4 0:50.09
717 0.0 0.4 0:50.09
