717 10.5 0.4 0:55.94
717 0.0 0.4 0:55.97
717 0.0 0.4 0:56.00
717 5.6 0.4 0:56.04
717 5.6 0.4 0:56.08
717 0.0 0.4 0:56.11
717 5.0 0.4 0:56.15
717 0.0 0.4 0:56.18
717 0.0 0.4 0:56.22
717 0.0 0.4 0:56.26
717 0.0 0.4 0:56.29
717 0.0 0.4 0:56.32
717 5.3 0.4 0:56.36
717 0.0 0.4 0:56.39
717 0.0 0.4 0:56.43
717 0.0 0.4 0:56.47
717 5.3 0.4 0:56.51
717 11.1 0.4 0:56.56
717 5.6 0.4 0:56.58
717 5.3 0.4 0:56.62
717 5.3 0.4 0:56.65
717 0.0 0.4 0:56.69
717 0.0 0.4 0:56.73
717 5.6 0.4 0:56.78
717 0.0 0.4 0:56.82
717 5.3 0.4 0:56.86
717 5.3 0.4 0:56.89
717 5.3 0.4 0:56.93
717 0.0 0.4 0:56.97
717 5.6 0.4 0:57.00
717 0.0 0.4 0:57.03
717 0.0 0.4 0:57.06
717 11.1 0.4 0:57.11
717 5.6 0.4 0:57.13
717 4.8 0.4 0:57.18
717 0.0 0.4 0:57.20
717 5.9 0.4 0:57.24
717 0.0 0.4 0:57.27
717 5.6 0.4 0:57.31
717 0.0 0.4 0:57.34
717 5.3 0.4 0:57.39
717 5.3 0.4 0:57.43
717 0.0 0.4 0:57.45
KiB used, 363512 buff/cache
717 5.0 0.4 0:57.53
717 5.6 0.4 0:57.57
717 0.0 0.4 0:57.60
717 0.0 0.4 0:57.64
717 5.6 0.4 0:57.67
717 5.6 0.4 0:57.71
717 0.0 0.4 0:57.74
717 5.6 0.4 0:57.78
717 5.0 0.4 0:57.82
717 5.6 0.4 0:57.85
717 0.0 0.4 0:57.88
717 5.6 0.4 0:57.92
717 5.6 0.4 0:57.96
717 0.0 0.4 0:57.99
717 5.3 0.4 0:58.03
717 0.0 0.4 0:58.06
717 5.6 0.4 0:58.10
717 0.0 0.4 0:58.13
717 0.0 0.4 0:58.17
717 0.0 0.4 0:58.20
717 5.6 0.4 0:58.24
717 5.6 0.4 0:58.27
717 5.3 0.4 0:58.30
717 5.3 0.4 0:58.33
717 0.0 0.4 0:58.36
717 5.3 0.4 0:58.41
717 5.6 0.4 0:58.44
717 0.0 0.4 0:58.47
717 0.0 0.4 0:58.51
717 0.0 0.4 0:58.54
717 5.3 0.4 0:58.59
717 4.8 0.4 0:58.63
717 5.3 0.4 0:58.66
717 5.3 0.4 0:58.70
717 0.0 0.4 0:58.73
717 0.0 0.4 0:58.75
717 0.0 0.4 0:58.75
717 0.0 0.4 0:58.75
717 0.0 0.4 0:58.75
717 0.0 0.4 0:58.75
717 0.0 0.4 0:58.75
717 0.0 0.4 0:58.75
717 0.0 0.4 0:58.75
717 0.0 0.4 0:58.75
717 0.0 0.4 0:58.75
