718 0.0 0.4 1:25.00
718 0.0 0.4 1:25.02
718 0.0 0.4 1:25.04
718 0.0 0.4 1:25.06
718 0.0 0.4 1:25.08
718 5.3 0.4 1:25.11
718 0.0 0.4 1:25.13
718 0.0 0.4 1:25.15
718 0.0 0.4 1:25.17
718 0.0 0.4 1:25.19
718 0.0 0.4 1:25.21
718 5.0 0.4 1:25.25
718 5.3 0.4 1:25.28
718 0.0 0.4 1:25.31
718 0.0 0.4 1:25.34
718 0.0 0.4 1:25.36
718 5.6 0.4 1:25.39
718 0.0 0.4 1:25.41
718 0.0 0.4 1:25.43
718 0.0 0.4 1:25.45
718 5.0 0.4 1:25.49
718 0.0 0.4 1:25.51
718 5.6 0.4 1:25.54
718 5.0 0.4 1:25.57
718 0.0 0.4 1:25.59
718 0.0 0.4 1:25.61
718 5.6 0.4 1:25.63
2718 10.5 0.2 0:00.04
718 0.0 0.4 1:25.68
718 0.0 0.4 1:25.70
718 5.0 0.4 1:25.72
718 5.6 0.4 1:25.74
718 0.0 0.4 1:25.76
718 0.0 0.4 1:25.78
718 0.0 0.4 1:25.81
718 5.3 0.4 1:25.84
718 0.0 0.4 1:25.86
718 0.0 0.4 1:25.88
718 4.8 0.4 1:25.93
718 5.3 0.4 1:25.95
718 0.0 0.4 1:25.97
718 0.0 0.4 1:25.99
718 0.0 0.4 1:26.01
718 5.3 0.4 1:26.04
718 0.0 0.4 1:26.07
718 5.0 0.4 1:26.09
718 5.0 0.4 1:26.11
718 5.6 0.4 1:26.13
718 0.0 0.4 1:26.15
718 0.0 0.4 1:26.17
718 0.0 0.4 1:26.20
718 5.6 0.4 1:26.23
718 0.0 0.4 1:26.25
718 5.6 0.4 1:26.28
718 0.0 0.4 1:26.30
718 0.0 0.4 1:26.32
718 5.3 0.4 1:26.35
718 5.3 0.4 1:26.38
718 0.0 0.4 1:26.41
718 5.6 0.4 1:26.44
718 0.0 0.4 1:26.46
718 0.0 0.4 1:26.48
718 5.6 0.4 1:26.51
718 0.0 0.4 1:26.53
718 0.0 0.4 1:26.56
718 0.0 0.4 1:26.59
718 4.8 0.4 1:26.63
718 0.0 0.4 1:26.66
718 5.3 0.4 1:26.69
718 0.0 0.4 1:26.72
718 5.0 0.4 1:26.75
718 0.0 0.4 1:26.77
718 10.5 0.4 1:26.80
718 10.5 0.4 1:26.82
718 0.0 0.4 1:26.83
718 0.0 0.4 1:26.86
718 0.0 0.4 1:26.89
718 0.0 0.4 1:26.91
718 0.0 0.4 1:26.93
718 0.0 0.4 1:26.95
718 0.0 0.4 1:26.95
718 0.0 0.4 1:26.95
718 0.0 0.4 1:26.95
718 0.0 0.4 1:26.95
718 0.0 0.4 1:26.95
718 0.0 0.4 1:26.95
718 0.0 0.4 1:26.95
718 0.0 0.4 1:26.95
718 0.0 0.4 1:26.95
718 0.0 0.4 1:26.95
