719 10.0 0.4 1:18.08
719 11.1 0.4 1:18.13
719 5.0 0.4 1:18.19
719 0.0 0.4 1:18.23
719 10.5 0.4 1:18.29
719 10.5 0.4 1:18.35
719 5.0 0.4 1:18.40
719 10.5 0.4 1:18.46
719 5.6 0.4 1:18.51
719 5.3 0.4 1:18.56
719 4.8 0.4 1:18.62
719 5.3 0.4 1:18.67
719 5.6 0.4 1:18.72
719 0.0 0.4 1:18.77
719 5.6 0.4 1:18.82
719 5.6 0.4 1:18.90
719 5.6 0.4 1:18.94
719 11.1 0.4 1:19.01
719 10.5 0.4 1:19.07
719 5.6 0.4 1:19.12
719 5.0 0.4 1:19.18
719 5.6 0.4 1:19.23
719 11.1 0.4 1:19.29
719 0.0 0.4 1:19.35
719 4.8 0.4 1:19.40
719 11.1 0.4 1:19.46
719 4.5 0.4 1:19.51
719 0.0 0.4 1:19.56
719 15.8 0.4 1:19.62
719 0.0 0.4 1:19.65
719 0.0 0.4 1:19.70
719 5.6 0.4 1:19.76
719 5.6 0.4 1:19.82
719 10.5 0.4 1:19.88
719 5.6 0.4 1:19.94
719 0.0 0.4 1:19.99
719 0.0 0.4 1:20.05
719 4.5 0.4 1:20.10
719 5.6 0.4 1:20.16
719 5.6 0.4 1:20.21
719 5.0 0.4 1:20.26
719 5.6 0.4 1:20.31
719 5.3 0.4 1:20.36
719 10.0 0.4 1:20.41
719 5.6 0.4 1:20.46
719 11.1 0.4 1:20.52
719 5.6 0.4 1:20.57
719 5.3 0.4 1:20.62
719 5.6 0.4 1:20.68
719 4.3 0.4 1:20.73
719 10.5 0.4 1:20.79
719 5.0 0.4 1:20.84
719 10.5 0.4 1:20.90
719 0.0 0.4 1:20.96
719 11.1 0.4 1:21.03
719 11.1 0.4 1:21.08
719 10.5 0.4 1:21.13
719 5.6 0.4 1:21.18
719 5.0 0.4 1:21.24
719 5.6 0.4 1:21.29
719 4.3 0.4 1:21.35
719 5.3 0.4 1:21.41
719 5.6 0.4 1:21.47
719 0.0 0.4 1:21.52
719 5.6 0.4 1:21.58
719 5.6 0.4 1:21.63
719 0.0 0.4 1:21.69
719 0.0 0.4 1:21.73
719 5.0 0.4 1:21.79
719 11.1 0.4 1:21.85
719 10.5 0.4 1:21.91
719 5.6 0.4 1:21.97
719 11.1 0.4 1:22.02
719 5.6 0.4 1:22.07
719 11.1 0.4 1:22.13
719 10.5 0.4 1:22.18
719 4.8 0.4 1:22.23
719 5.6 0.4 1:22.29
719 9.5 0.4 1:22.36
719 0.0 0.4 1:22.36
719 0.0 0.4 1:22.36
719 0.0 0.4 1:22.36
719 0.0 0.4 1:22.36
719 0.0 0.4 1:22.36
719 0.0 0.4 1:22.36
719 0.0 0.4 1:22.36
719 0.0 0.4 1:22.36
719 0.0 0.4 1:22.36
719 0.0 0.4 1:22.36
