719 4.5 0.4 1:43.11
719 0.0 0.4 1:43.15
719 0.0 0.4 1:43.18
719 0.0 0.4 1:43.21
719 5.3 0.4 1:43.25
719 5.0 0.4 1:43.29
719 0.0 0.4 1:43.33
719 5.6 0.4 1:43.37
719 0.0 0.4 1:43.40
719 10.5 0.4 1:43.45
719 0.0 0.4 1:43.48
719 0.0 0.4 1:43.52
719 0.0 0.4 1:43.54
719 10.5 0.4 1:43.59
719 0.0 0.4 1:43.62
719 0.0 0.4 1:43.65
719 5.6 0.4 1:43.69
719 0.0 0.4 1:43.72
719 5.9 0.4 1:43.76
719 5.6 0.4 1:43.80
719 5.6 0.4 1:43.83
719 0.0 0.4 1:43.86
719 5.3 0.4 1:43.90
719 11.1 0.4 1:43.94
719 11.1 0.4 1:43.98
719 5.3 0.4 1:44.01
719 5.3 0.4 1:44.05
719 5.3 0.4 1:44.08
719 5.3 0.4 1:44.12
719 5.6 0.4 1:44.15
719 10.5 0.4 1:44.20
719 0.0 0.4 1:44.23
719 0.0 0.4 1:44.27
719 11.1 0.4 1:44.32
719 5.6 0.4 1:44.35
719 5.3 0.4 1:44.40
719 5.3 0.4 1:44.44
719 5.6 0.4 1:44.49
719 0.0 0.4 1:44.53
719 5.9 0.4 1:44.56
719 5.3 0.4 1:44.60
719 5.3 0.4 1:44.63
719 5.6 0.4 1:44.67
719 5.3 0.4 1:44.71
719 5.3 0.4 1:44.75
719 5.6 0.4 1:44.79
719 5.3 0.4 1:44.83
719 4.8 0.4 1:44.87
719 0.0 0.4 1:44.90
719 5.6 0.4 1:44.95
719 0.0 0.4 1:44.98
719 5.3 0.4 1:45.02
719 16.7 0.4 1:45.08
719 0.0 0.4 1:45.09
719 0.0 0.4 1:45.12
719 0.0 0.4 1:45.16
719 5.3 0.4 1:45.21
719 5.3 0.4 1:45.25
719 0.0 0.4 1:45.28
719 5.3 0.4 1:45.32
719 5.3 0.4 1:45.35
719 5.6 0.4 1:45.39
719 0.0 0.4 1:45.43
719 0.0 0.4 1:45.48
719 5.6 0.4 1:45.52
719 4.8 0.4 1:45.56
719 0.0 0.4 1:45.60
719 5.6 0.4 1:45.64
719 0.0 0.4 1:45.67
719 0.0 0.4 1:45.71
719 5.6 0.4 1:45.75
719 4.8 0.4 1:45.79
719 5.3 0.4 1:45.83
719 5.6 0.4 1:45.86
719 0.0 0.4 1:45.90
719 0.0 0.4 1:45.93
719 5.6 0.4 1:45.97
719 0.0 0.4 1:46.00
719 0.0 0.4 1:46.04
719 5.3 0.4 1:46.08
719 0.0 0.4 1:46.08
719 0.0 0.4 1:46.08
719 0.0 0.4 1:46.08
719 0.0 0.4 1:46.08
719 0.0 0.4 1:46.08
719 0.0 0.4 1:46.08
719 0.0 0.4 1:46.08
719 0.0 0.4 1:46.08
719 0.0 0.4 1:46.08
719 0.0 0.4 1:46.08
719 0.0 0.4 1:46.08
719 0.0 0.4 1:46.08
719 0.0 0.4 1:46.08
