719 5.6 0.4 2:04.38
719 0.0 0.4 2:04.41
719 5.3 0.4 2:04.45
719 5.6 0.4 2:04.49
719 0.0 0.4 2:04.52
719 5.0 0.4 2:04.56
719 0.0 0.4 2:04.60
719 5.6 0.4 2:04.65
719 5.6 0.4 2:04.68
719 0.0 0.4 2:04.71
719 5.6 0.4 2:04.75
719 5.6 0.4 2:04.78
719 5.6 0.4 2:04.82
719 5.6 0.4 2:04.86
719 5.6 0.4 2:04.90
719 0.0 0.4 2:04.93
719 5.3 0.4 2:04.97
719 5.6 0.4 2:05.01
719 5.3 0.4 2:05.06
719 15.8 0.4 2:05.12
719 5.3 0.4 2:05.13
719 0.0 0.4 2:05.16
719 5.3 0.4 2:05.20
719 5.3 0.4 2:05.24
719 5.3 0.4 2:05.27
719 5.6 0.4 2:05.29
719 5.6 0.4 2:05.33
719 11.1 0.4 2:05.37
719 0.0 0.4 2:05.39
719 5.6 0.4 2:05.43
719 0.0 0.4 2:05.47
719 0.0 0.4 2:05.50
719 0.0 0.4 2:05.54
719 5.6 0.4 2:05.59
719 5.3 0.4 2:05.62
719 11.1 0.4 2:05.66
719 0.0 0.4 2:05.69
719 0.0 0.4 2:05.72
719 5.6 0.4 2:05.76
719 0.0 0.4 2:05.78
719 10.0 0.4 2:05.83
719 0.0 0.4 2:05.86
719 5.3 0.4 2:05.89
719 0.0 0.4 2:05.92
719 0.0 0.4 2:05.95
719 5.3 0.4 2:05.99
719 5.6 0.4 2:06.02
719 5.3 0.4 2:06.06
719 5.3 0.4 2:06.09
719 5.0 0.4 2:06.13
719 5.6 0.4 2:06.16
719 5.6 0.4 2:06.19
719 5.6 0.4 2:06.22
719 5.6 0.4 2:06.25
719 5.6 0.4 2:06.28
719 5.6 0.4 2:06.32
719 5.3 0.4 2:06.35
719 5.6 0.4 2:06.38
719 5.6 0.4 2:06.42
719 5.6 0.4 2:06.45
719 5.3 0.4 2:06.48
719 5.6 0.4 2:06.51
719 5.3 0.4 2:06.54
719 5.6 0.4 2:06.57
719 5.3 0.4 2:06.60
719 0.0 0.4 2:06.63
719 0.0 0.4 2:06.66
719 5.3 0.4 2:06.69
719 0.0 0.4 2:06.72
719 5.3 0.4 2:06.76
719 0.0 0.4 2:06.79
719 5.6 0.4 2:06.82
719 0.0 0.4 2:06.86
719 5.0 0.4 2:06.90
719 5.3 0.4 2:06.93
719 11.1 0.4 2:06.97
719 0.0 0.4 2:06.99
719 5.0 0.4 2:07.03
719 11.1 0.4 2:07.07
719 0.0 0.4 2:07.08
719 0.0 0.4 2:07.08
719 0.0 0.4 2:07.08
719 0.0 0.4 2:07.08
719 0.0 0.4 2:07.08
719 0.0 0.4 2:07.08
719 0.0 0.4 2:07.08
719 0.0 0.4 2:07.08
719 0.0 0.4 2:07.08
719 0.0 0.4 2:07.08
719 0.0 0.4 2:07.08
17198 20.0 0.2 0:00.04
