5720 17.6 0.2 0:00.03
720 15.8 0.4 0:50.56
720 4.5 0.4 0:50.59
720 5.9 0.4 0:50.62
720 0.0 0.4 0:50.62
720 0.0 0.4 0:50.62
720 5.0 0.4 0:50.66
720 5.6 0.4 0:50.69
720 5.6 0.4 0:50.72
720 5.0 0.4 0:50.76
720 4.5 0.4 0:50.80
720 5.3 0.4 0:50.84
720 5.6 0.4 0:50.88
720 0.0 0.4 0:50.92
720 0.0 0.4 0:50.96
720 11.1 0.4 0:51.02
720 5.6 0.4 0:51.05
720 5.9 0.4 0:51.09
720 0.0 0.4 0:51.12
720 5.0 0.4 0:51.17
720 0.0 0.4 0:51.21
720 4.8 0.4 0:51.25
720 5.6 0.4 0:51.30
720 5.6 0.4 0:51.35
720 0.0 0.4 0:51.38
720 4.8 0.4 0:51.43
720 5.6 0.4 0:51.47
720 4.5 0.4 0:51.52
720 4.3 0.4 0:51.56
720 4.5 0.4 0:51.61
720 11.1 0.4 0:51.66
720 0.0 0.4 0:51.69
720 0.0 0.4 0:51.73
720 4.5 0.4 0:51.77
720 0.0 0.4 0:51.80
720 0.0 0.4 0:51.84
7204 16.7 0.2 0:00.03
720 5.6 0.4 0:51.92
720 0.0 0.4 0:51.96
720 0.0 0.4 0:52.00
720 0.0 0.4 0:52.04
720 11.1 0.4 0:52.09
720 0.0 0.4 0:52.12
720 5.3 0.4 0:52.16
720 0.0 0.4 0:52.20
720 5.3 0.4 0:52.24
720 5.6 0.4 0:52.28
720 5.9 0.4 0:52.32
720 0.0 0.4 0:52.36
720 0.0 0.4 0:52.41
720 5.3 0.4 0:52.46
720 5.3 0.4 0:52.50
720 4.3 0.4 0:52.55
720 5.6 0.4 0:52.59
720 5.6 0.4 0:52.64
720 0.0 0.4 0:52.67
720 11.1 0.4 0:52.72
720 5.6 0.4 0:52.76
720 0.0 0.4 0:52.80
720 5.6 0.4 0:52.84
720 5.6 0.4 0:52.88
720 5.6 0.4 0:52.93
720 5.6 0.4 0:52.97
720 5.6 0.4 0:53.01
720 0.0 0.4 0:53.05
720 5.6 0.4 0:53.08
720 0.0 0.4 0:53.12
720 4.8 0.4 0:53.17
720 11.1 0.4 0:53.22
720 0.0 0.4 0:53.25
720 5.3 0.4 0:53.30
720 0.0 0.4 0:53.33
720 4.3 0.4 0:53.38
720 11.1 0.4 0:53.43
720 11.8 0.4 0:53.48
720 5.0 0.4 0:53.51
720 0.0 0.4 0:53.54
720 11.1 0.4 0:53.60
720 5.6 0.4 0:53.64
720 11.1 0.4 0:53.69
720 11.1 0.4 0:53.73
720 0.0 0.4 0:53.75
720 0.0 0.4 0:53.75
720 0.0 0.4 0:53.75
720 0.0 0.4 0:53.75
720 0.0 0.4 0:53.75
720 0.0 0.4 0:53.75
720 0.0 0.4 0:53.75
720 0.0 0.4 0:53.75
720 0.0 0.4 0:53.75
720 0.0 0.4 0:53.75
720 0.0 0.4 0:53.75
720 0.0 0.4 0:53.75
720 0.0 0.4 0:53.75
720 0.0 0.4 0:53.75
720 0.0 0.4 0:53.75
720 0.0 0.4 0:53.75
720 0.0 0.4 0:53.75
720 0.0 0.4 0:53.75
720 0.0 0.4 0:53.75
720 0.0 0.4 0:53.75
720 0.0 0.4 0:53.75
