3548 5.3 0.4 5:13.66
3548 10.5 0.2 5:13.75
3548 15.8 0.2 5:13.93
3548 11.1 0.2 5:14.08
3548 5.3 0.2 5:14.23
3548 15.8 0.2 5:14.40
3548 10.5 0.2 5:14.56
3548 10.5 0.2 5:14.71
3548 10.5 0.2 5:14.85
3548 10.5 0.2 5:15.02
3548 15.8 0.2 5:15.18
3548 15.0 0.2 5:15.33
3548 15.8 0.2 5:15.49
3548 15.8 0.2 5:15.64
3548 10.5 0.2 5:15.79
3548 11.1 0.2 5:15.95
3548 11.1 0.2 5:16.12
3548 15.8 0.2 5:16.28
3548 9.5 0.2 5:16.43
3548 21.1 0.2 5:16.59
3548 16.7 0.2 5:16.74
3548 11.1 0.2 5:16.91
3548 11.1 0.2 5:17.07
3548 15.8 0.2 5:17.22
3548 10.5 0.2 5:17.37
3548 10.5 0.2 5:17.53
3548 10.5 0.2 5:17.68
3548 10.5 0.2 5:17.84
3548 15.8 0.2 5:18.01
3548 15.0 0.2 5:18.17
3548 10.5 0.2 5:18.31
3548 14.3 0.2 5:18.48
3548 15.8 0.2 5:18.64
3548 11.1 0.2 5:18.78
3548 15.0 0.2 5:18.95
3548 10.5 0.2 5:19.10
3548 15.8 0.2 5:19.29
3548 15.0 0.2 5:19.48
3548 10.5 0.2 5:19.67
3548 19.0 0.2 5:19.85
3548 5.3 0.2 5:19.99
3548 5.3 0.2 5:20.15
3548 15.8 0.2 5:20.32
3548 15.0 0.2 5:20.47
3548 15.8 0.2 5:20.62
3548 10.5 0.2 5:20.78
3548 10.5 0.2 5:20.93
3548 10.5 0.2 5:21.09
3548 21.1 0.2 5:21.26
3548 10.0 0.2 5:21.41
3548 15.8 0.2 5:21.57
3548 10.5 0.2 5:21.72
3548 21.1 0.2 5:21.90
3548 10.0 0.2 5:22.05
3548 16.7 0.2 5:22.21
3548 10.5 0.2 5:22.37
3548 15.8 0.2 5:22.53
3548 15.8 0.2 5:22.68
3548 10.5 0.2 5:22.84
3548 16.7 0.2 5:22.99
3548 15.0 0.2 5:23.15
3548 15.8 0.2 5:23.30
3548 10.0 0.2 5:23.45
3548 15.8 0.2 5:23.61
3548 15.8 0.2 5:23.77
3548 10.5 0.2 5:23.92
3548 10.5 0.2 5:24.09
3548 16.7 0.2 5:24.26
3548 11.1 0.2 5:24.41
3548 5.3 0.2 5:24.58
3548 16.7 0.2 5:24.74
3548 10.0 0.2 5:24.89
3548 10.5 0.2 5:25.06
3548 10.5 0.2 5:25.22
3548 16.7 0.2 5:25.38
3548 5.6 0.2 5:25.53
3548 0.0 0.2 5:25.53
