3550 0.0 0.2 0:00.60
3550 4.2 0.2 0:00.62
3550 0.0 0.2 0:00.62
3550 5.3 0.2 0:00.63
3550 0.0 0.2 0:00.63
3550 0.0 0.2 0:00.63
3550 0.0 0.2 0:00.64
3550 0.0 0.2 0:00.64
3550 0.0 0.2 0:00.64
3550 0.0 0.2 0:00.64
3550 0.0 0.2 0:00.64
3550 0.0 0.2 0:00.64
3550 0.0 0.2 0:00.64
3550 0.0 0.2 0:00.64
3550 0.0 0.2 0:00.64
3550 0.0 0.2 0:00.64
3550 0.0 0.2 0:00.64
3550 0.0 0.2 0:00.64
3550 0.0 0.2 0:00.64
3550 0.0 0.2 0:00.64
3550 0.0 0.2 0:00.64
3550 0.0 0.2 0:00.64
3550 0.0 0.2 0:00.64
3550 0.0 0.2 0:00.64
3550 0.0 0.2 0:00.64
3550 0.0 0.2 0:00.64
3550 0.0 0.2 0:00.64
3550 0.0 0.2 0:00.64
3550 0.0 0.2 0:00.64
3550 0.0 0.2 0:00.64
3550 0.0 0.2 0:00.64
3550 0.0 0.2 0:00.64
3550 0.0 0.2 0:00.64
3550 0.0 0.2 0:00.64
3550 0.0 0.2 0:00.64
3550 0.0 0.2 0:00.64
3550 0.0 0.2 0:00.64
3550 0.0 0.2 0:00.64
3550 0.0 0.2 0:00.64
3550 0.0 0.2 0:00.64
3550 0.0 0.2 0:00.64
3550 0.0 0.2 0:00.64
3550 0.0 0.2 0:00.64
3550 0.0 0.2 0:00.64
3550 0.0 0.2 0:00.64
3550 0.0 0.2 0:00.64
3550 0.0 0.2 0:00.64
3550 0.0 0.2 0:00.64
3550 0.0 0.2 0:00.64
3550 0.0 0.2 0:00.64
3550 0.0 0.2 0:00.64
3550 0.0 0.2 0:00.64
3550 0.0 0.2 0:00.64
3550 0.0 0.2 0:00.64
3550 0.0 0.2 0:00.64
3550 0.0 0.2 0:00.64
3550 0.0 0.2 0:00.64
3550 0.0 0.2 0:00.64
3550 0.0 0.2 0:00.64
3550 0.0 0.2 0:00.64
3550 0.0 0.2 0:00.64
3550 0.0 0.2 0:00.64
3550 0.0 0.2 0:00.64
3550 0.0 0.2 0:00.64
3550 0.0 0.2 0:00.64
3550 0.0 0.2 0:00.64
3550 0.0 0.2 0:00.64
3550 0.0 0.2 0:00.64
3550 0.0 0.2 0:00.64
3550 0.0 0.2 0:00.64
3550 0.0 0.2 0:00.64
3550 0.0 0.2 0:00.64
3550 0.0 0.2 0:00.64
3550 0.0 0.2 0:00.64
3550 0.0 0.2 0:00.64
