3551 0.0 0.2 0:01.79
3551 0.0 0.2 0:01.79
3551 0.0 0.2 0:01.79
3551 0.0 0.2 0:01.79
3551 0.0 0.2 0:01.79
3551 0.0 0.2 0:01.79
3551 0.0 0.2 0:01.79
3551 0.0 0.2 0:01.79
3551 0.0 0.2 0:01.79
3551 0.0 0.2 0:01.79
3551 0.0 0.2 0:01.79
3551 0.0 0.2 0:01.79
3551 0.0 0.2 0:01.79
3551 0.0 0.2 0:01.79
3551 0.0 0.2 0:01.79
3551 0.0 0.2 0:01.79
3551 0.0 0.2 0:01.79
3551 0.0 0.2 0:01.79
3551 0.0 0.2 0:01.79
3551 0.0 0.2 0:01.79
3551 0.0 0.2 0:01.79
3551 0.0 0.2 0:01.79
3551 0.0 0.2 0:01.79
3551 0.0 0.2 0:01.79
3551 0.0 0.2 0:01.79
3551 0.0 0.2 0:01.79
3551 0.0 0.2 0:01.79
3551 0.0 0.2 0:01.79
3551 0.0 0.2 0:01.79
3551 0.0 0.2 0:01.79
3551 0.0 0.2 0:01.79
3551 0.0 0.2 0:01.79
3551 0.0 0.2 0:01.79
3551 0.0 0.2 0:01.79
3551 0.0 0.2 0:01.79
3551 0.0 0.2 0:01.79
3551 0.0 0.2 0:01.79
13551 0.0 0.0 0:00.00
3551 0.0 0.2 0:01.79
3551 0.0 0.2 0:01.79
3551 0.0 0.2 0:01.79
3551 0.0 0.2 0:01.79
3551 0.0 0.2 0:01.79
3551 0.0 0.2 0:01.79
3551 0.0 0.2 0:01.79
3551 0.0 0.2 0:01.79
3551 0.0 0.2 0:01.79
3551 0.0 0.2 0:01.79
3551 0.0 0.2 0:01.79
3551 0.0 0.2 0:01.79
3551 0.0 0.2 0:01.79
3551 0.0 0.2 0:01.79
3551 0.0 0.2 0:01.79
3551 0.0 0.2 0:01.79
3551 0.0 0.2 0:01.79
3551 0.0 0.2 0:01.79
3551 0.0 0.2 0:01.79
3551 0.0 0.2 0:01.79
3551 0.0 0.2 0:01.79
3551 0.0 0.2 0:01.79
3551 0.0 0.2 0:01.79
3551 0.0 0.2 0:01.79
3551 0.0 0.2 0:01.79
3551 0.0 0.2 0:01.79
3551 0.0 0.2 0:01.79
3551 0.0 0.2 0:01.79
3551 0.0 0.2 0:01.79
3551 0.0 0.2 0:01.79
3551 0.0 0.2 0:01.79
3551 0.0 0.2 0:01.79
3551 0.0 0.2 0:01.79
3551 0.0 0.2 0:01.79
3551 0.0 0.2 0:01.79
3551 0.0 0.2 0:01.79
3551 0.0 0.2 0:01.79
3551 0.0 0.2 0:01.79
