3551 11.1 0.2 0:01.36
3551 0.0 0.2 0:01.38
3551 5.3 0.2 0:01.42
3551 5.3 0.2 0:01.43
3551 0.0 0.2 0:01.43
3551 0.0 0.2 0:01.43
3551 0.0 0.2 0:01.43
3551 0.0 0.2 0:01.43
3551 0.0 0.2 0:01.43
3551 0.0 0.2 0:01.43
3551 0.0 0.2 0:01.43
3551 0.0 0.2 0:01.43
3551 0.0 0.2 0:01.44
3551 0.0 0.2 0:01.44
3551 0.0 0.2 0:01.44
3551 0.0 0.2 0:01.44
3551 0.0 0.2 0:01.44
3551 0.0 0.2 0:01.44
3551 0.0 0.2 0:01.44
3551 0.0 0.2 0:01.44
3551 0.0 0.2 0:01.44
3551 0.0 0.2 0:01.44
3551 0.0 0.2 0:01.44
3551 0.0 0.2 0:01.44
3551 0.0 0.2 0:01.44
3551 0.0 0.2 0:01.44
3551 0.0 0.2 0:01.44
3551 0.0 0.2 0:01.44
3551 0.0 0.2 0:01.44
3551 0.0 0.2 0:01.44
3551 0.0 0.2 0:01.44
3551 0.0 0.2 0:01.44
3551 0.0 0.2 0:01.44
3551 0.0 0.2 0:01.44
3551 0.0 0.2 0:01.44
3551 0.0 0.2 0:01.44
3551 0.0 0.2 0:01.44
3551 0.0 0.2 0:01.44
3551 0.0 0.2 0:01.44
3551 0.0 0.2 0:01.44
3551 0.0 0.2 0:01.44
3551 0.0 0.2 0:01.44
3551 0.0 0.2 0:01.44
3551 0.0 0.2 0:01.44
3551 0.0 0.2 0:01.44
3551 0.0 0.2 0:01.44
3551 0.0 0.2 0:01.44
3551 0.0 0.2 0:01.44
3551 0.0 0.2 0:01.44
3551 0.0 0.2 0:01.44
3551 0.0 0.2 0:01.44
3551 0.0 0.2 0:01.44
3551 0.0 0.2 0:01.44
3551 0.0 0.2 0:01.44
3551 0.0 0.2 0:01.44
3551 0.0 0.2 0:01.44
3551 0.0 0.2 0:01.44
3551 0.0 0.2 0:01.44
3551 0.0 0.2 0:01.44
3551 0.0 0.2 0:01.44
3551 0.0 0.2 0:01.44
3551 0.0 0.2 0:01.44
3551 0.0 0.2 0:01.44
3551 0.0 0.2 0:01.44
3551 0.0 0.2 0:01.44
3551 0.0 0.2 0:01.44
3551 0.0 0.2 0:01.44
3551 0.0 0.2 0:01.44
3551 0.0 0.2 0:01.44
3551 0.0 0.2 0:01.44
3551 0.0 0.2 0:01.44
3551 5.3 0.2 0:01.45
3551 0.0 0.2 0:01.45
3551 0.0 0.2 0:01.45
3551 0.0 0.2 0:01.45
