708 0.0 0.4 0:05.65
708 0.0 0.4 0:05.68
708 0.0 0.4 0:05.71
708 5.3 0.4 0:05.74
708 5.6 0.4 0:05.77
708 5.6 0.4 0:05.79
708 0.0 0.4 0:05.81
708 0.0 0.4 0:05.84
708 5.3 0.4 0:05.86
708 11.1 0.4 0:05.90
708 10.5 0.4 0:05.92
KiB used, 316708 buff/cache
708 5.3 0.4 0:05.97
708 5.6 0.4 0:05.99
708 0.0 0.4 0:06.01
708 5.0 0.4 0:06.04
708 0.0 0.4 0:06.06
708 0.0 0.4 0:06.08
708 0.0 0.4 0:06.10
708 0.0 0.4 0:06.13
708 0.0 0.4 0:06.16
708 0.0 0.4 0:06.16
708 0.0 0.4 0:06.19
708 0.0 0.4 0:06.21
708 5.6 0.4 0:06.24
708 5.6 0.4 0:06.26
708 0.0 0.4 0:06.28
708 5.3 0.4 0:06.31
708 0.0 0.4 0:06.34
708 5.0 0.4 0:06.36
708 5.3 0.4 0:06.38
708 0.0 0.4 0:06.40
708 0.0 0.4 0:06.43
708 5.6 0.4 0:06.45
KiB used, 317084 buff/cache
708 0.0 0.4 0:06.50
708 5.3 0.4 0:06.53
708 5.3 0.4 0:06.56
708 5.3 0.4 0:06.59
708 0.0 0.4 0:06.61
708 5.0 0.4 0:06.64
708 5.3 0.4 0:06.66
708 5.3 0.4 0:06.68
708 0.0 0.4 0:06.70
708 5.6 0.4 0:06.73
708 5.3 0.4 0:06.76
708 0.0 0.4 0:06.78
708 0.0 0.4 0:06.81
708 0.0 0.4 0:06.83
708 5.3 0.4 0:06.86
708 0.0 0.4 0:06.88
708 5.6 0.4 0:06.91
708 5.0 0.4 0:06.93
708 0.0 0.4 0:06.95
708 0.0 0.4 0:06.97
708 0.0 0.4 0:06.99
708 5.3 0.4 0:07.02
708 5.6 0.4 0:07.04
708 5.6 0.4 0:07.06
708 0.0 0.4 0:07.08
708 0.0 0.4 0:07.11
708 0.0 0.4 0:07.13
708 0.0 0.4 0:07.16
708 0.0 0.4 0:07.19
708 0.0 0.4 0:07.22
708 0.0 0.4 0:07.24
708 5.3 0.4 0:07.27
708 0.0 0.4 0:07.31
708 0.0 0.4 0:07.33
708 0.0 0.4 0:07.36
708 5.3 0.4 0:07.38
708 0.0 0.4 0:07.40
708 0.0 0.4 0:07.43
708 5.0 0.4 0:07.46
708 5.6 0.4 0:07.48
708 0.0 0.4 0:07.50
708 0.0 0.4 0:07.53
708 5.6 0.4 0:07.56
708 0.0 0.4 0:07.57
KiB 1537084 avail Mem
708 0.0 0.4 0:07.57
708 0.0 0.4 0:07.57
708 0.0 0.4 0:07.57
708 0.0 0.4 0:07.57
708 0.0 0.4 0:07.57
708 0.0 0.4 0:07.57
708 0.0 0.4 0:07.57
708 0.0 0.4 0:07.57
708 0.0 0.4 0:07.57
708 0.0 0.4 0:07.57
