709 0.0 0.4 0:08.09
709 0.0 0.4 0:08.11
709 5.3 0.4 0:08.14
709 5.6 0.4 0:08.17
709 0.0 0.4 0:08.19
709 0.0 0.4 0:08.22
709 0.0 0.4 0:08.25
709 0.0 0.4 0:08.27
709 4.8 0.4 0:08.30
709 0.0 0.4 0:08.32
709 0.0 0.4 0:08.35
709 5.6 0.4 0:08.38
709 0.0 0.4 0:08.40
709 0.0 0.4 0:08.42
709 5.0 0.4 0:08.45
709 5.0 0.4 0:08.48
17097 20.0 0.2 0:00.04
709 0.0 0.4 0:08.52
709 0.0 0.4 0:08.55
709 5.3 0.4 0:08.58
709 5.6 0.4 0:08.60
709 5.6 0.4 0:08.63
709 0.0 0.4 0:08.65
709 0.0 0.4 0:08.67
709 0.0 0.4 0:08.70
709 5.6 0.4 0:08.73
709 5.0 0.4 0:08.76
709 5.3 0.4 0:08.79
709 0.0 0.4 0:08.81
709 0.0 0.4 0:08.84
709 5.6 0.4 0:08.87
709 11.1 0.4 0:08.91
709 0.0 0.4 0:08.93
709 0.0 0.4 0:08.95
709 5.3 0.4 0:08.98
709 0.0 0.4 0:09.01
709 5.6 0.4 0:09.04
709 0.0 0.4 0:09.06
709 5.3 0.4 0:09.08
709 0.0 0.4 0:09.10
709 0.0 0.4 0:09.12
709 4.8 0.4 0:09.15
709 0.0 0.4 0:09.17
709 0.0 0.4 0:09.20
709 0.0 0.4 0:09.22
709 0.0 0.4 0:09.24
709 0.0 0.4 0:09.27
709 0.0 0.4 0:09.29
709 4.8 0.4 0:09.32
709 5.0 0.4 0:09.34
709 5.3 0.4 0:09.37
709 5.0 0.4 0:09.39
709 0.0 0.4 0:09.41
709 5.6 0.4 0:09.44
709 5.6 0.4 0:09.46
709 0.0 0.4 0:09.48
709 5.6 0.4 0:09.51
709 0.0 0.4 0:09.53
709 0.0 0.4 0:09.55
709 5.6 0.4 0:09.58
709 0.0 0.4 0:09.60
709 5.6 0.4 0:09.63
709 0.0 0.4 0:09.65
709 0.0 0.4 0:09.67
709 5.3 0.4 0:09.70
709 0.0 0.4 0:09.72
709 5.6 0.4 0:09.76
709 0.0 0.4 0:09.78
709 5.0 0.4 0:09.81
709 0.0 0.4 0:09.84
709 0.0 0.4 0:09.87
709 5.3 0.4 0:09.91
709 0.0 0.4 0:09.93
709 0.0 0.4 0:09.96
709 5.0 0.4 0:09.99
709 0.0 0.4 0:10.01
709 0.0 0.4 0:10.03
709 5.3 0.4 0:10.06
709 5.6 0.4 0:10.10
709 0.0 0.4 0:10.11
709 0.0 0.4 0:10.11
709 0.0 0.4 0:10.11
709 0.0 0.4 0:10.11
709 0.0 0.4 0:10.11
709 0.0 0.4 0:10.11
709 0.0 0.4 0:10.11
709 0.0 0.4 0:10.11
709 0.0 0.4 0:10.11
709 0.0 0.4 0:10.11
709 0.0 0.4 0:10.11
709 0.0 0.4 0:10.11
709 0.0 0.4 0:10.11
709 0.0 0.4 0:10.11
709 0.0 0.4 0:10.11
709 0.0 0.4 0:10.11
709 0.0 0.4 0:10.11
709 0.0 0.4 0:10.11
