711 5.0 0.4 0:16.75
711 0.0 0.4 0:16.77
711 5.6 0.4 0:16.80
711 0.0 0.4 0:16.82
711 0.0 0.4 0:16.85
711 5.6 0.4 0:16.87
711 0.0 0.4 0:16.89
711 0.0 0.4 0:16.90
711 0.0 0.4 0:16.90
711 0.0 0.4 0:16.90
711 0.0 0.4 0:16.90
711 0.0 0.4 0:16.90
711 0.0 0.4 0:16.90
711 0.0 0.4 0:16.90
711 0.0 0.4 0:16.90
711 0.0 0.4 0:16.90
711 0.0 0.4 0:16.90
711 0.0 0.4 0:16.90
711 0.0 0.4 0:16.91
711 5.6 0.4 0:16.94
711 0.0 0.4 0:16.95
711 0.0 0.4 0:16.98
711 0.0 0.4 0:17.00
711 0.0 0.4 0:17.02
711 11.1 0.4 0:17.06
711 0.0 0.4 0:17.06
711 5.3 0.4 0:17.07
711 0.0 0.4 0:17.07
711 0.0 0.4 0:17.07
711 0.0 0.4 0:17.07
711 0.0 0.4 0:17.07
711 0.0 0.4 0:17.07
711 0.0 0.4 0:17.07
711 0.0 0.4 0:17.07
711 0.0 0.4 0:17.07
711 0.0 0.4 0:17.07
711 0.0 0.4 0:17.08
711 0.0 0.4 0:17.09
711 0.0 0.4 0:17.10
711 0.0 0.4 0:17.14
711 0.0 0.4 0:17.16
711 0.0 0.4 0:17.18
711 0.0 0.4 0:17.23
711 0.0 0.4 0:17.24
711 0.0 0.4 0:17.24
711 0.0 0.4 0:17.24
711 0.0 0.4 0:17.24
711 0.0 0.4 0:17.24
711 0.0 0.4 0:17.24
17110 16.7 0.2 0:00.03
711 0.0 0.4 0:17.24
711 0.0 0.4 0:17.24
711 0.0 0.4 0:17.24
711 0.0 0.4 0:17.25
711 0.0 0.4 0:17.25
711 0.0 0.4 0:17.25
711 5.9 0.4 0:17.28
711 0.0 0.4 0:17.30
711 0.0 0.4 0:17.33
711 0.0 0.4 0:17.35
711 0.0 0.4 0:17.37
711 11.1 0.4 0:17.41
711 0.0 0.4 0:17.41
711 0.0 0.4 0:17.41
711 0.0 0.4 0:17.41
711 0.0 0.4 0:17.41
711 0.0 0.4 0:17.41
711 0.0 0.4 0:17.41
711 0.0 0.4 0:17.41
711 0.0 0.4 0:17.41
711 0.0 0.4 0:17.41
711 0.0 0.4 0:17.41
711 0.0 0.4 0:17.41
711 0.0 0.4 0:17.41
711 0.0 0.4 0:17.44
711 0.0 0.4 0:17.44
711 0.0 0.4 0:17.47
711 0.0 0.4 0:17.48
711 0.0 0.4 0:17.51
711 0.0 0.4 0:17.52
711 0.0 0.4 0:17.52
711 0.0 0.4 0:17.52
711 0.0 0.4 0:17.52
711 0.0 0.4 0:17.52
711 0.0 0.4 0:17.52
711 0.0 0.4 0:17.52
711 0.0 0.4 0:17.52
711 0.0 0.4 0:17.53
711 0.0 0.4 0:17.53
711 0.0 0.4 0:17.53
711 0.0 0.4 0:17.54
711 0.0 0.4 0:17.54
711 0.0 0.4 0:17.59
711 5.3 0.4 0:17.62
711 0.0 0.4 0:17.64
711 5.6 0.4 0:17.70
711 0.0 0.4 0:17.70
711 0.0 0.4 0:17.70
711 0.0 0.4 0:17.71
711 0.0 0.4 0:17.71
711 0.0 0.4 0:17.71
711 0.0 0.4 0:17.71
711 0.0 0.4 0:17.71
711 0.0 0.4 0:17.71
711 0.0 0.4 0:17.71
711 0.0 0.4 0:17.72
711 0.0 0.4 0:17.72
711 0.0 0.4 0:17.73
711 0.0 0.4 0:17.75
711 0.0 0.4 0:17.75
711 0.0 0.4 0:17.79
711 0.0 0.4 0:17.81
711 11.1 0.4 0:17.86
711 5.6 0.4 0:17.88
711 0.0 0.4 0:17.91
711 5.6 0.4 0:17.95
711 0.0 0.4 0:17.95
711 0.0 0.4 0:17.95
711 0.0 0.4 0:17.95
711 0.0 0.4 0:17.95
711 0.0 0.4 0:17.95
711 0.0 0.4 0:17.96
711 0.0 0.4 0:17.96
711 0.0 0.4 0:17.96
711 0.0 0.4 0:17.97
711 0.0 0.4 0:17.97
711 0.0 0.4 0:17.97
711 0.0 0.4 0:17.98
711 0.0 0.4 0:17.98
711 0.0 0.4 0:17.99
711 0.0 0.4 0:18.01
711 0.0 0.4 0:18.04
711 0.0 0.4 0:18.06
711 0.0 0.4 0:18.06
711 0.0 0.4 0:18.06
711 0.0 0.4 0:18.06
711 0.0 0.4 0:18.06
20711 11.1 0.2 0:00.04
711 0.0 0.4 0:18.06
711 0.0 0.4 0:18.06
711 0.0 0.4 0:18.06
711 0.0 0.4 0:18.07
711 0.0 0.4 0:18.08
711 0.0 0.4 0:18.08
711 0.0 0.4 0:18.09
711 0.0 0.4 0:18.09
711 11.1 0.4 0:18.11
711 5.3 0.4 0:18.15
711 5.6 0.4 0:18.19
711 5.3 0.4 0:18.20
711 5.3 0.4 0:18.22
711 0.0 0.4 0:18.22
711 0.0 0.4 0:18.23
711 0.0 0.4 0:18.23
711 0.0 0.4 0:18.23
711 0.0 0.4 0:18.23
711 0.0 0.4 0:18.23
711 5.3 0.4 0:18.24
711 0.0 0.4 0:18.24
711 0.0 0.4 0:18.25
711 0.0 0.4 0:18.26
21711 16.7 0.2 0:00.03
711 0.0 0.4 0:18.27
711 0.0 0.4 0:18.29
711 0.0 0.4 0:18.31
711 0.0 0.4 0:18.33
711 0.0 0.4 0:18.36
711 0.0 0.4 0:18.37
711 0.0 0.4 0:18.39
711 0.0 0.4 0:18.41
711 0.0 0.4 0:18.41
711 5.9 0.4 0:18.42
711 0.0 0.4 0:18.42
711 0.0 0.4 0:18.42
711 0.0 0.4 0:18.42
711 0.0 0.4 0:18.42
711 0.0 0.4 0:18.42
711 0.0 0.4 0:18.42
711 0.0 0.4 0:18.44
711 0.0 0.4 0:18.44
711 0.0 0.4 0:18.45
711 0.0 0.4 0:18.45
711 0.0 0.4 0:18.46
711 0.0 0.4 0:18.47
711 0.0 0.4 0:18.50
22711 17.6 0.2 0:00.03
711 0.0 0.4 0:18.55
711 5.9 0.4 0:18.58
711 0.0 0.4 0:18.59
711 0.0 0.4 0:18.60
711 0.0 0.4 0:18.60
711 0.0 0.4 0:18.60
711 0.0 0.4 0:18.60
711 0.0 0.4 0:18.60
711 0.0 0.4 0:18.61
711 0.0 0.4 0:18.61
711 0.0 0.4 0:18.61
711 0.0 0.4 0:18.63
711 0.0 0.4 0:18.63
711 0.0 0.4 0:18.63
711 0.0 0.4 0:18.63
711 0.0 0.4 0:18.63
711 0.0 0.4 0:18.63
711 0.0 0.4 0:18.63
711 0.0 0.4 0:18.63
711 0.0 0.4 0:18.63
711 0.0 0.4 0:18.63
711 0.0 0.4 0:18.63
711 0.0 0.4 0:18.63
711 0.0 0.4 0:18.63
711 0.0 0.4 0:18.63
711 0.0 0.4 0:18.63
711 0.0 0.4 0:18.63
711 0.0 0.4 0:18.63
711 0.0 0.4 0:18.63
711 0.0 0.4 0:18.63
