3643 9.5 0.2 0:29.61
3643 5.3 0.2 0:29.67
3643 5.3 0.2 0:29.70
3643 0.0 0.2 0:29.71
3643 5.3 0.2 0:29.73
3643 5.3 0.2 0:29.78
3643 0.0 0.2 0:29.81
3643 0.0 0.2 0:29.82
3643 4.5 0.2 0:29.85
3643 5.3 0.2 0:29.88
3643 5.3 0.2 0:29.92
3643 0.0 0.2 0:29.95
3643 5.3 0.2 0:29.98
3643 0.0 0.2 0:30.00
3643 5.3 0.2 0:30.03
3643 4.8 0.2 0:30.07
3643 0.0 0.2 0:30.09
3643 5.3 0.2 0:30.14
3643 5.3 0.2 0:30.15
3643 5.3 0.2 0:30.16
3643 5.6 0.2 0:30.19
3643 5.0 0.2 0:30.24
3643 5.6 0.2 0:30.33
3643 5.6 0.2 0:30.37
3643 10.7 0.2 0:30.47
3643 0.0 0.2 0:30.50
3643 0.0 0.2 0:30.61
3643 3.8 0.2 0:30.64
3643 0.0 0.2 0:30.66
3643 3.7 0.2 0:30.69
3643 0.0 0.2 0:30.71
3643 0.0 0.2 0:30.73
3643 4.0 0.2 0:30.76
3643 3.7 0.2 0:30.83
3643 4.2 0.2 0:30.94
3643 13.0 0.2 0:31.00
3643 0.0 0.2 0:31.06
3643 9.5 0.2 0:31.12
3643 0.0 0.2 0:31.14
3643 0.0 0.2 0:31.16
3643 3.7 0.2 0:31.21
3643 0.0 0.2 0:31.24
3643 4.5 0.2 0:31.27
3643 4.8 0.2 0:31.30
3643 0.0 0.2 0:31.31
3643 5.0 0.2 0:31.34
3643 5.0 0.2 0:31.37
3643 5.3 0.2 0:31.40
3643 0.0 0.2 0:31.42
3643 4.2 0.2 0:31.45
3643 4.5 0.2 0:31.58
3643 0.0 0.2 0:31.60
3643 0.0 0.2 0:31.63
3643 8.7 0.2 0:31.67
3643 4.2 0.2 0:31.70
3643 0.0 0.2 0:31.75
3643 4.3 0.2 0:31.85
3643 0.0 0.2 0:31.89
3643 0.0 0.2 0:31.93
3643 5.3 0.2 0:31.99
3643 5.3 0.2 0:32.01
3643 0.0 0.2 0:32.08
3643 11.1 0.2 0:32.12
3643 0.0 0.2 0:32.13
3643 0.0 0.2 0:32.17
3643 5.3 0.2 0:32.20
3643 5.3 0.2 0:32.24
3643 0.0 0.2 0:32.26
3643 0.0 0.2 0:32.28
3643 4.8 0.2 0:32.30
3643 0.0 0.2 0:32.33
3643 7.1 0.2 0:32.38
3643 3.7 0.2 0:32.46
3643 5.0 0.2 0:32.52
3643 5.3 0.2 0:32.56
3643 0.0 0.2 0:32.61
3643 9.5 0.2 0:32.66
3643 5.0 0.2 0:32.74
3643 7.4 0.2 0:32.77
3643 0.0 0.2 0:32.82
3643 0.0 0.2 0:32.94
