3645 4.8 0.2 0:00.77
3645 0.0 0.2 0:00.80
3645 0.0 0.2 0:00.80
3645 0.0 0.2 0:00.80
3645 0.0 0.2 0:00.80
3645 0.0 0.2 0:00.80
3645 0.0 0.2 0:00.80
3645 0.0 0.2 0:00.80
3645 0.0 0.2 0:00.80
3645 0.0 0.2 0:00.80
3645 0.0 0.2 0:00.80
3645 0.0 0.2 0:00.80
3645 0.0 0.2 0:00.80
3645 0.0 0.2 0:00.80
3645 0.0 0.2 0:00.80
3645 0.0 0.2 0:00.80
3645 0.0 0.2 0:00.80
3645 0.0 0.2 0:00.80
3645 0.0 0.2 0:00.80
3645 0.0 0.2 0:00.80
3645 0.0 0.2 0:00.80
3645 0.0 0.2 0:00.80
3645 0.0 0.2 0:00.81
3645 0.0 0.2 0:00.81
3645 0.0 0.2 0:00.81
3645 0.0 0.2 0:00.82
3645 0.0 0.2 0:00.82
3645 0.0 0.2 0:00.82
3645 0.0 0.2 0:00.82
3645 0.0 0.2 0:00.82
3645 0.0 0.2 0:00.82
3645 0.0 0.2 0:00.82
3645 0.0 0.2 0:00.82
3645 0.0 0.2 0:00.82
3645 0.0 0.2 0:00.82
3645 0.0 0.2 0:00.82
3645 0.0 0.2 0:00.82
3645 0.0 0.2 0:00.82
3645 0.0 0.2 0:00.82
3645 0.0 0.2 0:00.82
3645 0.0 0.2 0:00.82
3645 0.0 0.2 0:00.82
3645 0.0 0.2 0:00.82
3645 0.0 0.2 0:00.82
3645 0.0 0.2 0:00.82
3645 0.0 0.2 0:00.82
3645 0.0 0.2 0:00.82
3645 0.0 0.2 0:00.82
3645 0.0 0.2 0:00.82
3645 0.0 0.2 0:00.82
3645 0.0 0.2 0:00.82
3645 0.0 0.2 0:00.82
3645 0.0 0.2 0:00.82
3645 0.0 0.2 0:00.82
3645 0.0 0.2 0:00.82
3645 0.0 0.2 0:00.82
3645 0.0 0.2 0:00.82
3645 0.0 0.2 0:00.82
3645 0.0 0.2 0:00.82
3645 0.0 0.2 0:00.82
3645 0.0 0.2 0:00.82
3645 0.0 0.2 0:00.82
23645 0.0 0.0 0:00.00
3645 0.0 0.2 0:00.82
3645 0.0 0.2 0:00.82
3645 0.0 0.2 0:00.82
3645 0.0 0.2 0:00.83
3645 0.0 0.2 0:00.83
3645 0.0 0.2 0:00.83
3645 0.0 0.2 0:00.83
3645 0.0 0.2 0:00.83
3645 0.0 0.2 0:00.83
3645 0.0 0.2 0:00.83
3645 0.0 0.2 0:00.83
3645 0.0 0.2 0:00.83
3645 0.0 0.2 0:00.83
3645 0.0 0.2 0:00.83
3645 0.0 0.2 0:00.83
3645 0.0 0.2 0:00.83
3645 0.0 0.2 0:00.83
3645 0.0 0.2 0:00.83
3645 0.0 0.2 0:00.83
3645 0.0 0.2 0:00.83
3645 0.0 0.2 0:00.83
