3645 5.3 0.2 0:01.29
3645 0.0 0.2 0:01.31
3645 0.0 0.2 0:01.31
3645 0.0 0.2 0:01.31
3645 0.0 0.2 0:01.31
3645 0.0 0.2 0:01.32
3645 0.0 0.2 0:01.32
3645 0.0 0.2 0:01.32
3645 0.0 0.2 0:01.32
3645 0.0 0.2 0:01.32
3645 0.0 0.2 0:01.32
3645 0.0 0.2 0:01.32
3645 0.0 0.2 0:01.32
3645 0.0 0.2 0:01.32
3645 0.0 0.2 0:01.32
3645 0.0 0.2 0:01.32
3645 0.0 0.2 0:01.32
3645 0.0 0.2 0:01.32
3645 0.0 0.2 0:01.32
3645 0.0 0.2 0:01.32
3645 0.0 0.2 0:01.32
3645 0.0 0.2 0:01.32
3645 0.0 0.2 0:01.32
3645 0.0 0.2 0:01.32
3645 0.0 0.2 0:01.32
3645 0.0 0.2 0:01.32
3645 0.0 0.2 0:01.32
3645 0.0 0.2 0:01.32
3645 0.0 0.2 0:01.32
3645 0.0 0.2 0:01.32
3645 0.0 0.2 0:01.32
3645 0.0 0.2 0:01.32
3645 0.0 0.2 0:01.32
3645 0.0 0.2 0:01.32
3645 0.0 0.2 0:01.33
3645 0.0 0.2 0:01.33
3645 0.0 0.2 0:01.34
3645 0.0 0.2 0:01.34
3645 0.0 0.2 0:01.34
3645 0.0 0.2 0:01.34
3645 0.0 0.2 0:01.34
3645 0.0 0.2 0:01.34
3645 0.0 0.2 0:01.34
3645 0.0 0.2 0:01.35
3645 0.0 0.2 0:01.35
3645 0.0 0.2 0:01.35
3645 0.0 0.2 0:01.35
3645 0.0 0.2 0:01.35
3645 0.0 0.2 0:01.35
3645 0.0 0.2 0:01.35
3645 0.0 0.2 0:01.35
3645 0.0 0.2 0:01.35
3645 0.0 0.2 0:01.35
3645 0.0 0.2 0:01.36
3645 0.0 0.2 0:01.36
3645 0.0 0.2 0:01.36
3645 0.0 0.2 0:01.36
3645 0.0 0.2 0:01.36
3645 0.0 0.2 0:01.36
3645 0.0 0.2 0:01.36
3645 0.0 0.2 0:01.36
3645 0.0 0.2 0:01.36
3645 0.0 0.2 0:01.36
3645 0.0 0.2 0:01.36
3645 0.0 0.2 0:01.36
3645 0.0 0.2 0:01.37
3645 0.0 0.2 0:01.37
3645 0.0 0.2 0:01.37
3645 0.0 0.2 0:01.37
3645 0.0 0.2 0:01.37
3645 0.0 0.2 0:01.37
3645 0.0 0.2 0:01.37
3645 0.0 0.2 0:01.37
3645 0.0 0.2 0:01.37
3645 0.0 0.2 0:01.37
3645 0.0 0.2 0:01.37
