3645 4.8 0.2 0:01.10
3645 0.0 0.2 0:01.11
3645 0.0 0.2 0:01.11
3645 0.0 0.2 0:01.11
3645 0.0 0.2 0:01.11
3645 0.0 0.2 0:01.11
3645 0.0 0.2 0:01.11
3645 0.0 0.2 0:01.11
3645 0.0 0.2 0:01.11
3645 0.0 0.2 0:01.11
3645 0.0 0.2 0:01.11
3645 0.0 0.2 0:01.11
3645 0.0 0.2 0:01.11
3645 0.0 0.2 0:01.11
3645 0.0 0.2 0:01.11
3645 0.0 0.2 0:01.11
3645 0.0 0.2 0:01.11
3645 0.0 0.2 0:01.11
3645 0.0 0.2 0:01.11
3645 0.0 0.2 0:01.11
3645 0.0 0.2 0:01.11
3645 0.0 0.2 0:01.11
3645 0.0 0.2 0:01.12
3645 0.0 0.2 0:01.12
3645 0.0 0.2 0:01.12
3645 0.0 0.2 0:01.12
3645 0.0 0.2 0:01.12
3645 0.0 0.2 0:01.12
3645 0.0 0.2 0:01.12
3645 0.0 0.2 0:01.12
3645 0.0 0.2 0:01.12
3645 0.0 0.2 0:01.12
3645 0.0 0.2 0:01.12
3645 0.0 0.2 0:01.12
3645 0.0 0.2 0:01.12
3645 0.0 0.2 0:01.12
3645 0.0 0.2 0:01.12
3645 0.0 0.2 0:01.12
3645 0.0 0.2 0:01.12
3645 0.0 0.2 0:01.12
3645 0.0 0.2 0:01.12
3645 0.0 0.2 0:01.12
3645 0.0 0.2 0:01.12
3645 0.0 0.2 0:01.12
3645 0.0 0.2 0:01.12
3645 0.0 0.2 0:01.12
3645 0.0 0.2 0:01.12
3645 0.0 0.2 0:01.12
3645 0.0 0.2 0:01.12
3645 0.0 0.2 0:01.12
3645 0.0 0.2 0:01.12
3645 0.0 0.2 0:01.12
3645 0.0 0.2 0:01.12
3645 0.0 0.2 0:01.12
3645 0.0 0.2 0:01.12
3645 0.0 0.2 0:01.14
3645 0.0 0.2 0:01.14
3645 0.0 0.2 0:01.14
3645 0.0 0.2 0:01.14
3645 0.0 0.2 0:01.14
3645 0.0 0.2 0:01.15
3645 0.0 0.2 0:01.15
3645 0.0 0.2 0:01.15
3645 0.0 0.2 0:01.15
3645 0.0 0.2 0:01.15
3645 0.0 0.2 0:01.15
3645 0.0 0.2 0:01.15
3645 0.0 0.2 0:01.15
3645 0.0 0.2 0:01.15
3645 0.0 0.2 0:01.15
3645 0.0 0.2 0:01.15
3645 0.0 0.2 0:01.15
3645 0.0 0.2 0:01.15
3645 0.0 0.2 0:01.16
3645 0.0 0.2 0:01.16
3645 0.0 0.2 0:01.16
3645 0.0 0.2 0:01.16
3645 0.0 0.2 0:01.17
3645 0.0 0.2 0:01.17
3645 0.0 0.2 0:01.17
3645 0.0 0.2 0:01.17
