3651 22.7 0.1 1:38.17
3651 47.6 0.1 1:38.76
3651 52.6 0.1 1:39.28
3651 45.5 0.1 1:39.84
3651 40.0 0.1 1:40.37
3651 35.0 0.1 1:40.94
3651 45.0 0.1 1:41.52
3651 38.9 0.1 1:42.00
3651 40.9 0.1 1:42.51
3651 40.0 0.1 1:43.05
3651 50.0 0.1 1:43.58
3651 45.0 0.1 1:44.13
3651 40.0 0.1 1:44.68
3651 35.0 0.1 1:45.24
3651 44.4 0.1 1:45.77
3651 35.0 0.1 1:46.22
3651 5.3 0.1 1:46.46
3651 0.0 0.1 1:46.47
3651 0.0 0.1 1:46.47
3651 0.0 0.1 1:46.47
3651 0.0 0.1 1:46.47
3651 0.0 0.1 1:46.47
3651 0.0 0.1 1:46.47
3651 0.0 0.1 1:46.47
3651 0.0 0.1 1:46.47
3651 0.0 0.1 1:46.47
3651 0.0 0.1 1:46.47
3651 0.0 0.1 1:46.47
3651 0.0 0.1 1:46.47
3651 0.0 0.1 1:46.47
3651 0.0 0.1 1:46.47
3651 0.0 0.1 1:46.47
3651 0.0 0.1 1:46.47
3651 0.0 0.1 1:46.47
3651 0.0 0.1 1:46.47
3651 0.0 0.1 1:46.47
3651 0.0 0.1 1:46.47
3651 0.0 0.1 1:46.47
3651 0.0 0.1 1:46.47
3651 0.0 0.1 1:46.47
3651 0.0 0.1 1:46.47
3651 0.0 0.1 1:46.47
3651 0.0 0.1 1:46.47
3651 0.0 0.1 1:46.47
3651 0.0 0.1 1:46.47
3651 0.0 0.1 1:46.47
3651 0.0 0.1 1:46.47
3651 0.0 0.1 1:46.47
