3651 47.4 0.1 3:06.68
3651 41.7 0.1 3:07.31
3651 52.6 0.1 3:07.91
3651 52.6 0.1 3:08.51
3651 50.0 0.1 3:09.12
3651 54.5 0.1 3:09.75
3651 0.0 0.1 3:10.23
3651 0.0 0.1 3:10.23
3651 0.0 0.1 3:10.23
3651 0.0 0.1 3:10.23
3651 0.0 0.1 3:10.23
3651 0.0 0.1 3:10.23
3651 0.0 0.1 3:10.23
3651 0.0 0.1 3:10.23
3651 0.0 0.1 3:10.23
3651 0.0 0.1 3:10.23
3651 0.0 0.1 3:10.23
3651 0.0 0.1 3:10.23
3651 0.0 0.1 3:10.23
3651 0.0 0.1 3:10.23
3651 0.0 0.1 3:10.23
3651 0.0 0.1 3:10.23
3651 0.0 0.1 3:10.23
3651 0.0 0.1 3:10.23
3651 0.0 0.1 3:10.23
3651 0.0 0.1 3:10.23
3651 0.0 0.1 3:10.23
3651 0.0 0.1 3:10.23
3651 0.0 0.1 3:10.23
3651 0.0 0.1 3:10.23
3651 0.0 0.1 3:10.23
3651 0.0 0.1 3:10.23
3651 0.0 0.1 3:10.23
3651 0.0 0.1 3:10.23
3651 0.0 0.1 3:10.23
3651 0.0 0.1 3:10.23
3651 0.0 0.1 3:10.23
3651 0.0 0.1 3:10.23
3651 0.0 0.1 3:10.23
3651 0.0 0.1 3:10.23
3651 0.0 0.1 3:10.23
3651 0.0 0.1 3:10.23
3651 0.0 0.1 3:10.23
3651 0.0 0.1 3:10.23
3651 0.0 0.1 3:10.23
3651 0.0 0.1 3:10.23
3651 0.0 0.1 3:10.23
3651 0.0 0.1 3:10.23
3651 0.0 0.1 3:10.23
3651 0.0 0.1 3:10.23
3651 0.0 0.1 3:10.23
