3653 16.7 0.1 0:22.40
3653 5.0 0.1 0:22.52
3653 5.0 0.1 0:22.63
3653 10.0 0.1 0:22.73
3653 0.0 0.1 0:22.83
3653 9.1 0.1 0:22.91
3653 15.8 0.1 0:22.98
3653 10.5 0.1 0:23.07
3653 5.3 0.1 0:23.12
3653 0.0 0.1 0:23.17
3653 4.2 0.1 0:23.24
3653 0.0 0.1 0:23.30
3653 5.0 0.1 0:23.34
3653 14.3 0.1 0:23.47
3653 9.1 0.1 0:23.62
3653 5.6 0.1 0:23.70
3653 0.0 0.1 0:23.75
3653 0.0 0.1 0:23.75
3653 0.0 0.1 0:23.75
3653 0.0 0.1 0:23.75
3653 0.0 0.1 0:23.75
3653 0.0 0.1 0:23.75
3653 0.0 0.1 0:23.75
3653 0.0 0.1 0:23.75
3653 0.0 0.1 0:23.75
3653 0.0 0.1 0:23.75
3653 0.0 0.1 0:23.75
3653 0.0 0.1 0:23.75
3653 0.0 0.1 0:23.75
3653 0.0 0.1 0:23.75
3653 0.0 0.1 0:23.75
3653 0.0 0.1 0:23.75
3653 0.0 0.1 0:23.75
3653 0.0 0.1 0:23.75
3653 0.0 0.1 0:23.75
3653 0.0 0.1 0:23.75
3653 0.0 0.1 0:23.75
3653 0.0 0.1 0:23.75
3653 0.0 0.1 0:23.75
3653 0.0 0.1 0:23.75
3653 0.0 0.1 0:23.75
3653 0.0 0.1 0:23.75
3653 0.0 0.1 0:23.75
3653 0.0 0.1 0:23.75
3653 0.0 0.1 0:23.75
3653 0.0 0.1 0:23.75
3653 0.0 0.1 0:23.75
