3653 5.0 0.1 0:12.93
3653 4.5 0.1 0:13.03
3653 15.0 0.1 0:13.16
3653 15.0 0.1 0:13.27
3653 5.6 0.1 0:13.35
3653 8.7 0.1 0:13.46
3653 5.6 0.1 0:13.55
3653 0.0 0.1 0:13.62
3653 9.1 0.1 0:13.82
3653 8.8 0.1 0:14.01
3653 17.2 0.1 0:14.20
3653 4.3 0.1 0:14.37
3653 8.7 0.1 0:14.50
3653 5.0 0.1 0:14.58
3653 10.0 0.1 0:14.67
3653 11.1 0.1 0:14.77
3653 10.5 0.1 0:14.88
3653 10.0 0.1 0:14.98
3653 22.2 0.1 0:15.10
3653 4.5 0.1 0:15.20
3653 4.2 0.1 0:15.31
3653 16.7 0.1 0:15.41
3653 16.7 0.1 0:15.50
3653 7.4 0.1 0:15.60
3653 0.0 0.1 0:15.71
3653 0.0 0.1 0:15.80
3653 10.5 0.1 0:15.86
3653 5.3 0.1 0:15.94
3653 4.8 0.1 0:16.05
3653 0.0 0.1 0:16.14
3653 11.1 0.1 0:16.22
3653 13.6 0.1 0:16.32
3653 0.0 0.1 0:16.40
3653 0.0 0.1 0:16.41
3653 0.0 0.1 0:16.42
3653 0.0 0.1 0:16.42
3653 0.0 0.1 0:16.42
3653 0.0 0.1 0:16.42
3653 0.0 0.1 0:16.42
3653 0.0 0.1 0:16.42
3653 0.0 0.1 0:16.42
3653 0.0 0.1 0:16.42
3653 0.0 0.1 0:16.42
3653 0.0 0.1 0:16.42
3653 0.0 0.1 0:16.42
3653 0.0 0.1 0:16.42
3653 0.0 0.1 0:16.42
3653 0.0 0.1 0:16.42
3653 0.0 0.1 0:16.42
3653 0.0 0.1 0:16.42
3653 0.0 0.1 0:16.42
3653 0.0 0.1 0:16.42
3653 0.0 0.1 0:16.42
3653 0.0 0.1 0:16.42
3653 0.0 0.1 0:16.42
3653 0.0 0.1 0:16.42
3653 0.0 0.1 0:16.42
3653 0.0 0.1 0:16.42
3653 0.0 0.1 0:16.42
3653 0.0 0.1 0:16.42
3653 0.0 0.1 0:16.42
3653 0.0 0.1 0:16.42
3653 0.0 0.1 0:16.42
3653 0.0 0.1 0:16.42
