2947 0.0 0.3 21:39.12
2947 15.8 0.3 21:39.17
2947 22.2 0.3 21:39.35
2947 10.5 0.3 21:39.52
2947 26.3 0.3 21:39.66
2947 10.5 0.3 21:39.82
2947 15.0 0.3 21:40.03
2947 5.6 0.3 21:40.15
2947 15.0 0.3 21:40.51
2947 16.7 0.3 21:40.76
2947 5.3 0.3 21:40.94
2947 42.1 0.3 21:41.31
2947 35.0 0.3 21:41.64
2947 35.0 0.3 21:42.00
2947 26.3 0.3 21:42.28
2947 19.0 0.3 21:42.58
2947 44.4 0.3 21:42.82
2947 15.8 0.3 21:43.25
2947 25.0 0.4 21:43.51
2947 38.9 0.4 21:43.78
2947 30.0 0.4 21:44.18
2947 42.1 0.4 21:44.53
2947 26.3 0.4 21:44.79
2947 15.8 0.4 21:45.18
2947 50.0 0.4 21:45.52
2947 22.2 0.4 21:45.71
2947 20.0 0.4 21:45.98
2947 22.2 0.4 21:46.29
2947 31.6 0.4 21:46.99
2947 31.6 0.4 21:47.22
2947 68.4 0.4 21:47.57
2947 33.3 0.4 21:47.92
2947 42.1 0.4 21:48.22
2947 21.1 0.4 21:48.53
2947 31.6 0.4 21:48.77
2947 33.3 0.4 21:49.07
2947 21.1 0.4 21:49.34
2947 22.2 0.4 21:49.59
2947 47.4 0.4 21:49.90
2947 57.9 0.4 21:50.26
2947 31.6 0.4 21:50.50
2947 26.3 0.4 21:50.76
2947 21.1 0.4 21:51.00
2947 27.8 0.4 21:51.25
2947 47.4 0.4 21:51.57
2947 50.0 0.4 21:51.87
2947 20.0 0.4 21:52.14
2947 21.1 0.4 21:52.42
2947 26.3 0.4 21:52.69
2947 36.8 0.4 21:52.96
2947 33.3 0.4 21:53.23
2947 30.0 0.4 21:53.50
2947 21.1 0.4 21:53.75
2947 35.0 0.4 21:54.04
2947 22.2 0.4 21:54.29
2947 16.7 0.4 21:54.54
2947 15.8 0.4 21:54.83
2947 25.0 0.4 21:55.11
2947 44.4 0.4 21:55.47
2947 31.6 0.4 21:55.77
2947 26.3 0.4 21:56.02
2947 20.0 0.4 21:56.32
2947 32.3 0.4 21:56.75
2947 7.7 0.4 21:57.15
2947 27.3 0.4 21:57.46
2947 45.0 0.4 21:57.89
2947 21.1 0.4 21:58.20
2947 19.0 0.4 21:58.53
2947 25.0 0.4 21:58.83
2947 24.0 0.4 21:59.14
2947 28.6 0.4 21:59.48
2947 22.7 0.4 21:59.82
2947 33.3 0.4 22:00.15
2947 22.7 0.4 22:00.45
2947 45.0 0.4 22:00.79
2947 14.3 0.4 22:01.07
2947 25.0 0.4 22:01.40
2947 27.3 0.4 22:01.73
2947 20.8 0.4 22:02.03
2947 28.0 0.4 22:02.35
2947 22.7 0.4 22:02.64
2947 22.7 0.3 22:02.93
2947 31.8 0.3 22:03.24
2947 34.8 0.3 22:03.57
2947 28.6 0.3 22:03.88
2947 23.8 0.3 22:04.15
2947 28.6 0.3 22:04.47
2947 22.7 0.3 22:04.74
2947 19.0 0.3 22:05.11
2947 23.8 0.3 22:05.41
2947 33.3 0.3 22:05.81
2947 22.7 0.3 22:06.11
2947 22.7 0.3 22:06.40
2947 20.0 0.3 22:06.71
2947 27.3 0.3 22:07.13
2947 25.0 0.3 22:07.42
2947 35.0 0.3 22:07.75
2947 45.0 0.3 22:08.14
2947 57.9 0.3 22:08.46
2947 42.1 0.3 22:08.73
2947 18.2 0.3 22:09.04
2947 20.0 0.3 22:09.34
2947 55.6 0.3 22:09.71
2947 31.6 0.3 22:09.97
2947 65.0 0.3 22:10.30
2947 25.0 0.3 22:10.54
2947 25.0 0.3 22:10.79
2947 20.0 0.3 22:11.09
2947 21.1 0.3 22:11.34
2947 40.0 0.3 22:11.64
2947 25.0 0.3 22:11.89
2947 16.0 0.3 22:12.17
2947 25.0 0.3 22:12.52
2947 42.9 0.3 22:12.87
2947 17.4 0.3 22:13.19
2947 29.2 0.3 22:13.55
2947 20.0 0.3 22:13.96
2947 20.8 0.3 22:14.29
2947 21.4 0.3 22:14.58
2947 31.8 0.3 22:14.92
2947 21.7 0.3 22:15.22
2947 23.8 0.3 22:15.52
2947 25.0 0.3 22:15.82
2947 26.1 0.3 22:16.26
2947 26.1 0.3 22:16.54
2947 35.0 0.3 22:16.86
2947 33.3 0.3 22:17.19
2947 31.6 0.3 22:17.50
2947 30.0 0.3 22:17.80
2947 21.7 0.3 22:18.09
2947 25.0 0.3 22:18.40
2947 27.3 0.3 22:18.73
2947 36.4 0.3 22:19.04
2947 24.0 0.3 22:19.37
2947 27.3 0.3 22:19.67
2947 22.7 0.3 22:20.00
2947 33.3 0.3 22:20.31
2947 22.7 0.3 22:20.61
2947 22.7 0.3 22:20.92
2947 38.1 0.3 22:21.25
2947 20.0 0.3 22:21.56
2947 25.0 0.3 22:21.87
2947 30.4 0.3 22:22.17
2947 23.8 0.3 22:22.47
2947 19.0 0.3 22:22.79
2947 25.0 0.3 22:23.10
2947 0.0 0.3 22:23.29
