2948 5.3 0.2 4:44.66
2948 5.6 0.2 4:44.68
2948 0.0 0.2 4:44.70
2948 0.0 0.2 4:44.71
2948 10.0 0.2 4:44.75
2948 5.6 0.2 4:44.84
2948 0.0 0.2 4:44.87
2948 10.0 0.2 4:44.91
2948 5.3 0.2 4:44.99
2948 0.0 0.2 4:45.01
2948 0.0 0.2 4:45.04
2948 10.0 0.2 4:45.09
2948 0.0 0.2 4:45.11
2948 5.3 0.2 4:45.14
2948 0.0 0.2 4:45.18
2948 0.0 0.2 4:45.22
2948 5.0 0.2 4:45.26
2948 5.0 0.2 4:45.29
2948 4.8 0.2 4:45.36
2948 0.0 0.2 4:45.38
2948 0.0 0.2 4:45.43
2948 0.0 0.2 4:45.45
2948 0.0 0.2 4:45.47
2948 4.8 0.2 4:45.50
2948 5.3 0.2 4:45.54
2948 0.0 0.2 4:45.59
2948 5.3 0.2 4:45.63
2948 9.5 0.2 4:45.67
2948 5.0 0.2 4:45.78
2948 0.0 0.2 4:45.78
2948 5.3 0.2 4:45.84
2948 0.0 0.2 4:45.86
2948 0.0 0.2 4:45.90
2948 4.5 0.2 4:45.95
2948 0.0 0.2 4:45.98
2948 5.0 0.2 4:46.00
2948 5.6 0.2 4:46.02
2948 0.0 0.2 4:46.04
2948 0.0 0.2 4:46.04
2948 5.3 0.2 4:46.07
2948 0.0 0.2 4:46.11
2948 5.0 0.2 4:46.15
2948 5.0 0.2 4:46.23
2948 5.3 0.2 4:46.30
2948 0.0 0.2 4:46.33
2948 5.3 0.2 4:46.35
2948 0.0 0.2 4:46.38
2948 5.0 0.2 4:46.41
2948 0.0 0.2 4:46.49
2948 0.0 0.2 4:46.51
2948 0.0 0.2 4:46.53
2948 10.0 0.2 4:46.59
2948 0.0 0.2 4:46.62
2948 0.0 0.2 4:46.64
2948 0.0 0.2 4:46.68
2948 5.3 0.2 4:46.71
2948 4.8 0.2 4:46.76
2948 5.3 0.2 4:46.81
2948 4.8 0.2 4:46.88
2948 0.0 0.2 4:46.89
2948 5.3 0.2 4:46.92
2948 5.6 0.2 4:46.97
2948 0.0 0.2 4:47.00
2948 0.0 0.2 4:47.02
2948 0.0 0.2 4:47.05
2948 5.6 0.2 4:47.09
2948 5.0 0.2 4:47.12
2948 5.6 0.2 4:47.15
2948 0.0 0.2 4:47.16
2948 5.0 0.2 4:47.18
2948 9.5 0.2 4:47.24
2948 0.0 0.2 4:47.30
2948 5.3 0.2 4:47.32
2948 11.1 0.2 4:47.35
2948 4.8 0.2 4:47.38
2948 0.0 0.2 4:47.40
