2948 11.1 0.3 3:02.62
2948 5.6 0.3 3:02.68
2948 5.3 0.3 3:02.73
2948 5.3 0.3 3:02.78
2948 5.3 0.3 3:02.84
2948 5.0 0.3 3:02.89
2948 10.0 0.3 3:02.97
2948 0.0 0.3 3:03.26
2948 0.0 0.3 3:03.31
2948 5.6 0.3 3:03.35
2948 0.0 0.3 3:03.39
2948 0.0 0.3 3:03.42
2948 11.1 0.3 3:03.46
2948 0.0 0.3 3:03.50
2948 0.0 0.3 3:03.51
2948 5.0 0.3 3:03.53
2948 0.0 0.3 3:03.56
2948 0.0 0.3 3:03.58
2948 4.8 0.3 3:03.61
2948 5.6 0.3 3:03.66
2948 5.0 0.3 3:03.70
2948 0.0 0.3 3:03.73
2948 0.0 0.3 3:03.75
2948 0.0 0.3 3:03.77
2948 10.0 0.3 3:03.82
2948 5.3 0.3 3:03.87
2948 0.0 0.3 3:03.90
2948 0.0 0.3 3:03.91
2948 0.0 0.3 3:03.94
2948 5.6 0.3 3:03.99
2948 5.3 0.3 3:04.04
2948 0.0 0.3 3:04.10
2948 0.0 0.3 3:04.13
2948 5.6 0.3 3:04.17
2948 0.0 0.3 3:04.20
2948 0.0 0.3 3:04.22
2948 5.3 0.3 3:04.25
2948 0.0 0.3 3:04.29
2948 4.8 0.3 3:04.32
2948 5.3 0.3 3:04.35
2948 0.0 0.3 3:04.37
2948 0.0 0.3 3:04.39
2948 5.9 0.3 3:04.42
2948 5.0 0.3 3:04.45
2948 0.0 0.3 3:04.47
2948 0.0 0.3 3:04.49
2948 5.6 0.3 3:04.56
2948 0.0 0.3 3:04.58
2948 11.1 0.3 3:04.62
2948 0.0 0.3 3:04.65
2948 5.0 0.3 3:04.66
2948 10.0 0.3 3:04.72
2948 5.0 0.3 3:04.77
2948 0.0 0.3 3:04.80
2948 5.0 0.3 3:04.83
2948 0.0 0.3 3:04.87
2948 0.0 0.3 3:04.91
2948 0.0 0.3 3:04.96
2948 11.1 0.3 3:04.99
2948 4.5 0.3 3:05.02
2948 4.3 0.3 3:05.06
2948 0.0 0.3 3:05.09
2948 0.0 0.3 3:05.12
2948 0.0 0.3 3:05.15
2948 5.0 0.3 3:05.18
2948 5.0 0.3 3:05.21
2948 5.0 0.3 3:05.26
2948 5.6 0.3 3:05.31
2948 0.0 0.3 3:05.38
2948 0.0 0.3 3:05.40
2948 0.0 0.3 3:05.41
2948 0.0 0.3 3:05.46
2948 5.3 0.3 3:05.52
2948 4.8 0.3 3:05.57
2948 10.0 0.3 3:05.60
2948 0.0 0.3 3:05.63
2948 0.0 0.3 3:05.65
2948 0.0 0.3 3:05.66
2948 3.1 0.3 3:05.74
2948 5.6 0.3 3:05.82
2948 5.3 0.3 3:05.91
2948 4.3 0.3 3:05.95
2948 15.0 0.3 3:06.02
2948 5.0 0.3 3:06.06
2948 5.6 0.3 3:06.10
2948 5.6 0.3 3:06.12
2948 5.6 0.3 3:06.19
2948 0.0 0.3 3:06.22
2948 0.0 0.3 3:06.24
2948 0.0 0.3 3:06.26
2948 5.3 0.3 3:06.29
2948 5.0 0.3 3:06.33
2948 0.0 0.3 3:06.38
2948 5.0 0.3 3:06.40
2948 5.0 0.3 3:06.48
2948 10.5 0.3 3:06.53
2948 5.3 0.3 3:06.59
2948 5.3 0.3 3:06.63
2948 5.3 0.3 3:06.65
2948 5.6 0.3 3:06.71
2948 0.0 0.3 3:06.74
2948 5.0 0.3 3:06.76
2948 0.0 0.3 3:06.77
2948 0.0 0.3 3:06.78
2948 0.0 0.3 3:06.79
2948 0.0 0.3 3:06.81
2948 0.0 0.3 3:06.83
2948 10.5 0.3 3:06.86
2948 0.0 0.3 3:06.87
2948 0.0 0.3 3:06.90
2948 10.0 0.3 3:06.94
2948 5.3 0.3 3:07.01
2948 0.0 0.3 3:07.07
2948 11.1 0.3 3:07.11
2948 5.6 0.3 3:07.15
2948 0.0 0.3 3:07.17
2948 5.0 0.3 3:07.19
2948 5.0 0.3 3:07.22
2948 0.0 0.3 3:07.24
2948 5.3 0.3 3:07.27
2948 5.3 0.3 3:07.30
2948 10.0 0.3 3:07.39
2948 5.6 0.3 3:07.43
2948 0.0 0.3 3:07.44
2948 5.3 0.3 3:07.47
2948 0.0 0.3 3:07.49
2948 10.0 0.3 3:07.54
2948 5.0 0.3 3:07.57
2948 5.0 0.3 3:07.61
2948 5.0 0.3 3:07.66
2948 4.5 0.3 3:07.69
2948 9.1 0.3 3:07.76
2948 5.6 0.3 3:07.81
2948 0.0 0.2 3:07.86
2948 5.6 0.2 3:07.94
2948 5.3 0.2 3:07.99
2948 4.8 0.2 3:08.02
2948 16.7 0.2 3:08.06
2948 5.3 0.2 3:08.09
2948 5.6 0.2 3:08.12
2948 5.6 0.2 3:08.18
2948 5.3 0.2 3:08.21
2948 0.0 0.2 3:08.21
2948 0.0 0.2 3:08.23
2948 5.0 0.2 3:08.25
2948 0.0 0.2 3:08.29
2948 5.6 0.2 3:08.32
2948 0.0 0.2 3:08.33
2948 0.0 0.2 3:08.35
2948 4.8 0.2 3:08.38
2948 0.0 0.2 3:08.40
