2948 31.6 0.2 1:02.73
2948 5.0 0.2 1:02.80
2948 5.3 0.2 1:02.87
2948 0.0 0.2 1:02.93
2948 15.0 0.2 1:03.03
2948 10.0 0.2 1:03.13
2948 5.6 0.2 1:03.20
2948 0.0 0.2 1:03.23
2948 4.8 0.2 1:03.33
2948 4.8 0.2 1:03.43
2948 4.8 0.2 1:03.61
2948 9.5 0.2 1:03.69
2948 16.7 0.2 1:03.82
2948 5.3 0.2 1:03.92
2948 0.0 0.2 1:03.99
2948 8.0 0.2 1:04.13
2948 3.8 0.2 1:04.28
2948 3.1 0.2 1:04.47
2948 3.8 0.2 1:04.56
2948 5.3 0.2 1:04.69
2948 4.5 0.2 1:04.76
2948 19.0 0.2 1:04.94
2948 9.1 0.2 1:05.02
2948 4.3 0.2 1:05.09
2948 0.0 0.2 1:05.13
2948 16.7 0.3 1:05.23
2948 0.0 0.3 1:05.30
2948 0.0 0.3 1:05.36
2948 0.0 0.3 1:05.42
2948 3.8 0.3 1:05.52
2948 4.2 0.3 1:05.68
2948 5.0 0.3 1:05.75
2948 5.6 0.3 1:05.80
2948 10.5 0.3 1:05.95
2948 4.0 0.3 1:06.16
2948 0.0 0.3 1:06.20
2948 8.3 0.3 1:06.28
2948 4.5 0.3 1:06.33
2948 5.0 0.3 1:06.37
2948 9.1 0.3 1:06.42
2948 0.0 0.3 1:06.49
2948 4.5 0.3 1:06.55
2948 10.0 0.3 1:06.59
2948 4.2 0.3 1:06.64
2948 5.3 0.3 1:06.70
2948 0.0 0.3 1:06.72
2948 9.5 0.3 1:06.77
2948 4.8 0.3 1:06.81
2948 5.3 0.3 1:06.85
2948 4.2 0.3 1:06.94
2948 11.1 0.3 1:07.00
2948 0.0 0.3 1:07.03
2948 4.8 0.3 1:07.06
2948 5.3 0.3 1:07.09
2948 5.0 0.3 1:07.12
2948 0.0 0.3 1:07.15
2948 5.3 0.3 1:07.18
2948 0.0 0.3 1:07.21
2948 5.6 0.3 1:07.27
2948 5.6 0.3 1:07.30
2948 5.3 0.3 1:07.33
2948 0.0 0.3 1:07.34
2948 0.0 0.3 1:07.39
2948 5.0 0.3 1:07.43
2948 4.3 0.3 1:07.49
2948 4.0 0.3 1:07.53
2948 0.0 0.3 1:07.57
2948 15.4 0.3 1:07.64
2948 10.5 0.3 1:07.69
2948 5.0 0.3 1:07.74
2948 0.0 0.3 1:07.76
2948 4.8 0.3 1:07.79
2948 4.8 0.3 1:07.84
2948 4.8 0.3 1:07.89
2948 10.5 0.3 1:07.94
2948 0.0 0.3 1:08.00
2948 5.0 0.3 1:08.03
2948 0.0 0.3 1:08.06
2948 0.0 0.3 1:08.09
2948 10.5 0.3 1:08.15
2948 5.3 0.3 1:08.19
2948 0.0 0.3 1:08.23
2948 5.3 0.3 1:08.28
2948 0.0 0.3 1:08.30
2948 5.0 0.3 1:08.34
2948 0.0 0.3 1:08.36
2948 5.6 0.3 1:08.39
2948 0.0 0.3 1:08.43
2948 0.0 0.3 1:08.47
2948 0.0 0.3 1:08.49
2948 0.0 0.3 1:08.51
2948 0.0 0.3 1:08.56
2948 5.0 0.3 1:08.60
2948 5.3 0.3 1:08.63
2948 5.3 0.3 1:08.66
2948 4.8 0.3 1:08.70
2948 0.0 0.3 1:08.74
2948 0.0 0.3 1:08.80
2948 4.8 0.3 1:08.83
2948 5.3 0.3 1:08.85
2948 0.0 0.3 1:08.87
2948 11.1 0.3 1:08.91
2948 5.0 0.3 1:08.98
2948 9.1 0.3 1:09.02
2948 5.3 0.3 1:09.05
2948 10.0 0.3 1:09.08
2948 4.8 0.3 1:09.12
2948 5.3 0.2 1:09.14
2948 0.0 0.2 1:09.17
2948 5.0 0.2 1:09.20
2948 0.0 0.2 1:09.23
2948 5.0 0.2 1:09.27
2948 0.0 0.2 1:09.31
2948 5.3 0.2 1:09.34
2948 4.0 0.2 1:09.38
2948 9.5 0.2 1:09.42
2948 10.0 0.2 1:09.50
2948 9.5 0.2 1:09.61
2948 0.0 0.2 1:09.76
2948 5.0 0.2 1:09.84
2948 4.8 0.2 1:09.90
2948 11.1 0.2 1:09.95
2948 5.3 0.2 1:09.99
2948 13.6 0.2 1:10.06
2948 5.0 0.2 1:10.13
2948 5.3 0.2 1:10.17
2948 0.0 0.2 1:10.20
2948 11.1 0.2 1:10.24
2948 0.0 0.2 1:10.28
2948 0.0 0.2 1:10.31
2948 0.0 0.2 1:10.33
2948 5.6 0.2 1:10.35
2948 0.0 0.2 1:10.37
2948 9.5 0.2 1:10.45
2948 13.0 0.2 1:10.51
2948 5.0 0.2 1:10.56
2948 0.0 0.2 1:10.59
2948 5.3 0.2 1:10.64
2948 0.0 0.2 1:10.67
2948 5.0 0.2 1:10.70
2948 5.6 0.2 1:10.75
2948 4.5 0.2 1:10.82
2948 5.0 0.2 1:10.87
2948 4.8 0.2 1:10.92
2948 5.6 0.2 1:10.96
2948 5.3 0.2 1:11.00
2948 0.0 0.2 1:11.03
2948 0.0 0.2 1:11.08
2948 0.0 0.2 1:11.12
2948 0.0 0.2 1:11.16
2948 5.0 0.2 1:11.19
2948 5.6 0.2 1:11.23
2948 0.0 0.2 1:11.27
2948 0.0 0.2 1:11.30
2948 5.0 0.2 1:11.33
2948 0.0 0.2 1:11.36
2948 5.6 0.2 1:11.39
2948 5.0 0.2 1:11.43
2948 0.0 0.2 1:11.45
2948 5.0 0.2 1:11.51
2948 5.6 0.2 1:11.56
2948 0.0 0.2 1:11.60
2948 5.3 0.2 1:11.66
2948 0.0 0.2 1:11.73
2948 5.6 0.2 1:11.77
2948 10.5 0.2 1:11.83
2948 0.0 0.2 1:11.85
2948 4.8 0.2 1:11.89
2948 0.0 0.2 1:11.92
2948 5.0 0.2 1:11.95
2948 0.0 0.2 1:11.98
2948 5.3 0.2 1:12.04
2948 5.0 0.2 1:12.07
2948 4.5 0.2 1:12.11
2948 4.8 0.2 1:12.14
2948 4.8 0.2 1:12.18
2948 0.0 0.2 1:12.21
2948 5.0 0.2 1:12.24
2948 5.0 0.2 1:12.27
2948 5.0 0.2 1:12.30
2948 5.3 0.2 1:12.32
2948 4.8 0.2 1:12.41
2948 5.3 0.2 1:12.44
2948 5.0 0.2 1:12.46
2948 0.0 0.2 1:12.51
2948 5.3 0.2 1:12.55
2948 0.0 0.2 1:12.57
2948 0.0 0.2 1:12.60
2948 5.0 0.2 1:12.63
2948 4.3 0.2 1:12.65
2948 10.0 0.2 1:12.69
2948 5.3 0.2 1:12.72
2948 0.0 0.2 1:12.75
2948 4.8 0.2 1:12.81
2948 0.0 0.2 1:12.86
2948 11.1 0.2 1:12.90
2948 5.3 0.2 1:12.93
2948 0.0 0.2 1:12.95
2948 5.3 0.2 1:12.99
2948 0.0 0.2 1:12.99
2948 0.0 0.2 1:13.02
2948 0.0 0.2 1:13.05
2948 0.0 0.2 1:13.08
2948 5.6 0.2 1:13.12
2948 0.0 0.2 1:13.16
2948 0.0 0.2 1:13.19
2948 5.0 0.2 1:13.25
2948 0.0 0.2 1:13.30
2948 5.6 0.2 1:13.34
2948 0.0 0.2 1:13.37
2948 0.0 0.2 1:13.39
2948 5.6 0.2 1:13.44
2948 5.0 0.2 1:13.47
2948 0.0 0.2 1:13.50
2948 0.0 0.2 1:13.53
2948 5.6 0.2 1:13.56
2948 0.0 0.2 1:13.59
2948 3.8 0.2 1:13.63
2948 5.6 0.2 1:13.68
2948 10.0 0.2 1:13.74
2948 4.2 0.2 1:13.77
2948 0.0 0.2 1:13.80
2948 0.0 0.2 1:13.82
2948 0.0 0.2 1:13.85
2948 0.0 0.2 1:13.88
2948 5.0 0.2 1:13.94
2948 5.0 0.2 1:13.99
2948 5.0 0.2 1:14.02
2948 0.0 0.2 1:14.04
2948 5.0 0.2 1:14.08
2948 11.1 0.2 1:14.13
2948 5.3 0.2 1:14.16
2948 5.3 0.2 1:14.19
2948 0.0 0.2 1:14.23
2948 0.0 0.2 1:14.28
2948 0.0 0.2 1:14.33
2948 5.3 0.2 1:14.40
2948 0.0 0.2 1:14.44
2948 0.0 0.2 1:14.47
2948 4.8 0.2 1:14.50
2948 5.0 0.2 1:14.52
2948 5.0 0.2 1:14.55
2948 5.3 0.2 1:14.61
2948 5.0 0.2 1:14.65
2948 0.0 0.2 1:14.68
2948 5.0 0.2 1:14.72
2948 4.8 0.2 1:14.75
2948 0.0 0.2 1:14.79
2948 5.6 0.2 1:14.84
2948 9.5 0.2 1:14.92
2948 0.0 0.2 1:14.96
2948 5.3 0.2 1:15.03
2948 10.5 0.2 1:15.06
2948 0.0 0.2 1:15.08
2948 5.3 0.2 1:15.11
2948 0.0 0.2 1:15.14
2948 0.0 0.2 1:15.18
2948 5.6 0.2 1:15.25
2948 5.3 0.2 1:15.28
2948 5.3 0.2 1:15.30
2948 0.0 0.2 1:15.32
2948 0.0 0.2 1:15.35
2948 5.6 0.2 1:15.39
2948 5.3 0.2 1:15.42
2948 5.3 0.2 1:15.47
2948 4.8 0.2 1:15.51
2948 10.0 0.2 1:15.55
2948 5.0 0.2 1:15.63
2948 9.5 0.2 1:15.72
2948 9.5 0.2 1:15.81
2948 0.0 0.2 1:15.84
2948 5.3 0.2 1:15.90
2948 0.0 0.2 1:15.96
2948 5.0 0.2 1:16.00
2948 4.8 0.2 1:16.04
2948 0.0 0.2 1:16.07
2948 0.0 0.2 1:16.10
2948 5.0 0.2 1:16.14
2948 10.0 0.2 1:16.18
2948 0.0 0.2 1:16.20
2948 0.0 0.2 1:16.23
2948 5.3 0.2 1:16.30
2948 5.6 0.2 1:16.36
2948 0.0 0.2 1:16.41
2948 0.0 0.2 1:16.43
2948 5.3 0.2 1:16.45
2948 0.0 0.2 1:16.46
2948 5.3 0.2 1:16.51
2948 5.6 0.2 1:16.56
2948 5.3 0.2 1:16.60
2948 10.5 0.2 1:16.65
2948 0.0 0.2 1:16.66
2948 4.5 0.2 1:16.69
2948 0.0 0.2 1:16.70
2948 5.3 0.2 1:16.73
2948 0.0 0.2 1:16.75
2948 5.6 0.2 1:16.81
2948 0.0 0.2 1:16.82
2948 5.6 0.2 1:16.86
2948 5.0 0.2 1:16.91
2948 5.0 0.2 1:16.95
2948 5.3 0.2 1:16.99
2948 0.0 0.2 1:17.02
2948 5.3 0.2 1:17.06
2948 5.6 0.2 1:17.09
2948 0.0 0.2 1:17.11
2948 5.6 0.2 1:17.15
2948 5.6 0.2 1:17.19
2948 4.8 0.2 1:17.23
2948 5.3 0.2 1:17.26
2948 4.5 0.2 1:17.28
2948 0.0 0.2 1:17.30
2948 0.0 0.2 1:17.35
2948 0.0 0.2 1:17.42
2948 0.0 0.2 1:17.44
2948 10.5 0.2 1:17.50
2948 0.0 0.2 1:17.54
2948 5.6 0.2 1:17.57
2948 4.3 0.2 1:17.63
2948 4.5 0.2 1:17.69
29480 0.0 0.0 0:00.00
29489 20.0 0.4 0:00.20
2948 0.0 0.2 1:17.87
2948 0.0 0.2 1:17.91
2948 0.0 0.2 1:17.95
2948 0.0 0.2 1:17.98
2948 0.0 0.2 1:18.00
2948 0.0 0.2 1:18.03
2948 5.0 0.2 1:18.06
2948 0.0 0.2 1:18.11
2948 5.3 0.2 1:18.14
2948 5.3 0.2 1:18.17
2948 10.5 0.2 1:18.22
2948 5.6 0.2 1:18.26
2948 4.8 0.2 1:18.30
2948 0.0 0.2 1:18.38
2948 0.0 0.2 1:18.41
2948 0.0 0.2 1:18.46
2948 4.8 0.2 1:18.49
2948 0.0 0.2 1:18.51
2948 0.0 0.2 1:18.53
2948 0.0 0.2 1:18.57
2948 5.0 0.2 1:18.61
2948 0.0 0.2 1:18.65
2948 0.0 0.2 1:18.72
2948 5.3 0.2 1:18.78
2948 5.0 0.2 1:18.81
2948 0.0 0.2 1:18.83
2948 0.0 0.2 1:18.88
2948 0.0 0.2 1:18.91
2948 5.0 0.2 1:18.97
2948 5.6 0.2 1:19.02
2948 5.3 0.2 1:19.07
2948 10.5 0.2 1:19.12
2948 4.5 0.2 1:19.15
2948 5.0 0.2 1:19.18
2948 10.5 0.2 1:19.25
2948 0.0 0.2 1:19.29
2948 0.0 0.2 1:19.32
2948 5.3 0.2 1:19.35
2948 9.1 0.2 1:19.39
2948 0.0 0.2 1:19.44
2948 4.8 0.2 1:19.47
2948 5.0 0.2 1:19.50
2948 5.3 0.2 1:19.53
2948 0.0 0.2 1:19.55
2948 5.3 0.2 1:19.57
2948 5.0 0.2 1:19.62
2948 0.0 0.2 1:19.64
2948 5.3 0.2 1:19.68
2948 5.6 0.2 1:19.72
2948 0.0 0.2 1:19.79
2948 0.0 0.2 1:19.79
