2949 0.0 0.2 0:04.31
2949 5.3 0.2 0:04.35
2949 0.0 0.2 0:04.38
2949 0.0 0.2 0:04.41
2949 5.0 0.2 0:04.44
2949 5.3 0.2 0:04.45
2949 0.0 0.2 0:04.46
2949 0.0 0.2 0:04.47
2949 5.0 0.2 0:04.51
2949 0.0 0.2 0:04.51
2949 0.0 0.2 0:04.53
2949 0.0 0.2 0:04.53
2949 0.0 0.2 0:04.57
2949 10.5 0.2 0:04.60
2949 0.0 0.2 0:04.61
2949 0.0 0.2 0:04.62
2949 0.0 0.2 0:04.62
2949 0.0 0.2 0:04.65
2949 0.0 0.2 0:04.65
2949 0.0 0.2 0:04.65
2949 0.0 0.2 0:04.65
2949 0.0 0.2 0:04.67
2949 0.0 0.2 0:04.68
2949 0.0 0.2 0:04.69
2949 0.0 0.2 0:04.69
2949 0.0 0.2 0:04.70
2949 0.0 0.2 0:04.70
2949 0.0 0.2 0:04.71
2949 0.0 0.2 0:04.72
2949 0.0 0.2 0:04.72
2949 0.0 0.2 0:04.72
2949 0.0 0.2 0:04.72
2949 0.0 0.2 0:04.72
2949 0.0 0.2 0:04.72
2949 0.0 0.2 0:04.72
2949 0.0 0.2 0:04.72
2949 0.0 0.2 0:04.72
2949 0.0 0.2 0:04.72
2949 0.0 0.2 0:04.72
2949 0.0 0.2 0:04.72
2949 0.0 0.2 0:04.72
2949 0.0 0.2 0:04.72
2949 0.0 0.2 0:04.72
2949 0.0 0.2 0:04.72
2949 0.0 0.2 0:04.72
2949 0.0 0.2 0:04.72
2949 0.0 0.2 0:04.72
2949 0.0 0.2 0:04.72
2949 0.0 0.2 0:04.72
2949 0.0 0.2 0:04.72
2949 0.0 0.2 0:04.72
2949 0.0 0.2 0:04.72
2949 0.0 0.2 0:04.72
2949 0.0 0.2 0:04.72
2949 0.0 0.2 0:04.72
2949 0.0 0.2 0:04.73
2949 0.0 0.2 0:04.73
2949 0.0 0.2 0:04.73
2949 0.0 0.2 0:04.73
2949 0.0 0.2 0:04.73
2949 0.0 0.2 0:04.73
2949 0.0 0.2 0:04.73
2949 0.0 0.2 0:04.73
2949 0.0 0.2 0:04.73
2949 0.0 0.2 0:04.73
2949 0.0 0.2 0:04.73
2949 0.0 0.2 0:04.73
2949 0.0 0.2 0:04.73
2949 0.0 0.2 0:04.73
2949 0.0 0.2 0:04.73
2949 0.0 0.2 0:04.73
2949 0.0 0.2 0:04.73
2949 0.0 0.2 0:04.73
2949 0.0 0.2 0:04.73
2949 0.0 0.2 0:04.73
2949 0.0 0.2 0:04.73
2949 0.0 0.2 0:04.73
2949 0.0 0.2 0:04.73
2949 0.0 0.2 0:04.73
2949 0.0 0.2 0:04.73
2949 0.0 0.2 0:04.73
2949 0.0 0.2 0:04.73
2949 0.0 0.2 0:04.73
2949 0.0 0.2 0:04.73
2949 0.0 0.2 0:04.73
2949 0.0 0.2 0:04.73
2949 0.0 0.2 0:04.73
2949 0.0 0.2 0:04.73
2949 0.0 0.2 0:04.73
2949 0.0 0.2 0:04.73
2949 0.0 0.2 0:04.73
2949 0.0 0.2 0:04.73
2949 0.0 0.2 0:04.73
2949 0.0 0.2 0:04.73
2949 0.0 0.2 0:04.73
2949 0.0 0.2 0:04.73
2949 0.0 0.2 0:04.73
2949 0.0 0.2 0:04.73
2949 0.0 0.2 0:04.73
2949 0.0 0.2 0:04.73
2949 0.0 0.2 0:04.73
2949 0.0 0.2 0:04.73
2949 0.0 0.2 0:04.73
2949 0.0 0.2 0:04.73
2949 0.0 0.2 0:04.73
2949 0.0 0.2 0:04.73
2949 0.0 0.2 0:04.73
2949 0.0 0.2 0:04.73
2949 0.0 0.2 0:04.73
2949 0.0 0.2 0:04.73
2949 0.0 0.2 0:04.73
2949 0.0 0.2 0:04.73
2949 0.0 0.2 0:04.73
2949 0.0 0.2 0:04.73
2949 0.0 0.2 0:04.73
2949 0.0 0.2 0:04.73
2949 0.0 0.2 0:04.73
2949 0.0 0.2 0:04.73
2949 0.0 0.2 0:04.73
2949 0.0 0.2 0:04.73
2949 0.0 0.2 0:04.73
2949 0.0 0.2 0:04.73
2949 0.0 0.2 0:04.73
2949 0.0 0.2 0:04.73
2949 0.0 0.2 0:04.73
2949 0.0 0.2 0:04.73
2949 0.0 0.2 0:04.73
2949 0.0 0.2 0:04.73
2949 0.0 0.2 0:04.73
2949 0.0 0.2 0:04.73
2949 0.0 0.2 0:04.73
2949 0.0 0.2 0:04.73
2949 0.0 0.2 0:04.73
2949 0.0 0.2 0:04.73
2949 0.0 0.2 0:04.73
2949 0.0 0.2 0:04.73
2949 0.0 0.2 0:04.73
2949 0.0 0.2 0:04.73
2949 0.0 0.2 0:04.73
2949 0.0 0.2 0:04.73
2949 0.0 0.2 0:04.73
2949 0.0 0.2 0:04.73
2949 0.0 0.2 0:04.73
2949 0.0 0.2 0:04.73
2949 0.0 0.2 0:04.73
2949 0.0 0.2 0:04.73
2949 0.0 0.2 0:04.73
2949 0.0 0.2 0:04.73
2949 0.0 0.2 0:04.73
2949 0.0 0.2 0:04.73
2949 0.0 0.2 0:04.73
2949 0.0 0.2 0:04.73
2949 0.0 0.2 0:04.73
2949 0.0 0.2 0:04.73
2949 0.0 0.2 0:04.73
2949 0.0 0.2 0:04.73
2949 0.0 0.2 0:04.73
2949 0.0 0.2 0:04.73
2949 0.0 0.2 0:04.73
2949 0.0 0.2 0:04.73
2949 0.0 0.2 0:04.73
2949 0.0 0.2 0:04.73
2949 0.0 0.2 0:04.73
2949 0.0 0.2 0:04.73
2949 0.0 0.2 0:04.73
2949 0.0 0.2 0:04.73
2949 0.0 0.2 0:04.73
2949 0.0 0.2 0:04.73
2949 0.0 0.2 0:04.73
2949 0.0 0.2 0:04.73
2949 0.0 0.2 0:04.73
2949 0.0 0.2 0:04.73
2949 0.0 0.2 0:04.73
2949 0.0 0.2 0:04.73
2949 0.0 0.2 0:04.73
2949 0.0 0.2 0:04.73
2949 0.0 0.2 0:04.73
2949 0.0 0.2 0:04.73
2949 0.0 0.2 0:04.73
2949 0.0 0.2 0:04.73
2949 0.0 0.2 0:04.73
2949 0.0 0.2 0:04.73
2949 0.0 0.2 0:04.73
2949 0.0 0.2 0:04.73
2949 0.0 0.2 0:04.73
2949 0.0 0.2 0:04.73
2949 0.0 0.2 0:04.73
2949 0.0 0.2 0:04.73
