2949 4.3 0.3 0:08.28
2949 0.0 0.3 0:08.28
2949 0.0 0.3 0:08.28
2949 0.0 0.3 0:08.28
2949 0.0 0.3 0:08.28
2949 0.0 0.3 0:08.28
2949 0.0 0.3 0:08.28
2949 0.0 0.3 0:08.28
2949 0.0 0.3 0:08.28
2949 0.0 0.3 0:08.28
2949 0.0 0.3 0:08.28
2949 0.0 0.3 0:08.28
2949 0.0 0.3 0:08.28
2949 0.0 0.3 0:08.28
2949 0.0 0.3 0:08.28
2949 0.0 0.3 0:08.28
2949 0.0 0.3 0:08.28
2949 0.0 0.3 0:08.28
2949 0.0 0.3 0:08.28
2949 0.0 0.3 0:08.28
2949 0.0 0.3 0:08.28
2949 0.0 0.3 0:08.28
2949 0.0 0.3 0:08.28
2949 0.0 0.3 0:08.28
2949 4.5 0.3 0:08.29
2949 0.0 0.3 0:08.31
2949 0.0 0.3 0:08.31
2949 0.0 0.3 0:08.31
2949 0.0 0.3 0:08.31
2949 0.0 0.3 0:08.31
2949 0.0 0.3 0:08.31
2949 0.0 0.3 0:08.31
2949 0.0 0.3 0:08.31
2949 0.0 0.3 0:08.31
2949 0.0 0.3 0:08.31
2949 0.0 0.3 0:08.31
2949 0.0 0.3 0:08.31
2949 0.0 0.3 0:08.31
2949 0.0 0.3 0:08.31
2949 0.0 0.3 0:08.31
2949 0.0 0.3 0:08.31
2949 0.0 0.3 0:08.31
2949 0.0 0.3 0:08.31
2949 0.0 0.3 0:08.31
2949 0.0 0.3 0:08.31
29490 0.0 0.0 0:00.00
29494 5.6 0.0 0:00.01
2949 0.0 0.3 0:08.31
2949 0.0 0.3 0:08.31
2949 0.0 0.3 0:08.31
2949 0.0 0.3 0:08.31
2949 0.0 0.3 0:08.31
2949 0.0 0.3 0:08.31
2949 0.0 0.3 0:08.31
2949 0.0 0.3 0:08.31
2949 0.0 0.3 0:08.31
2949 0.0 0.3 0:08.31
2949 0.0 0.3 0:08.31
2949 0.0 0.3 0:08.31
2949 0.0 0.3 0:08.31
2949 0.0 0.3 0:08.31
2949 0.0 0.3 0:08.31
2949 0.0 0.3 0:08.31
2949 0.0 0.3 0:08.31
2949 0.0 0.3 0:08.31
2949 0.0 0.3 0:08.31
2949 0.0 0.3 0:08.31
2949 0.0 0.3 0:08.31
2949 0.0 0.3 0:08.31
2949 0.0 0.3 0:08.31
2949 0.0 0.3 0:08.31
2949 0.0 0.3 0:08.31
2949 0.0 0.3 0:08.31
2949 0.0 0.3 0:08.31
2949 0.0 0.3 0:08.31
2949 0.0 0.3 0:08.31
2949 0.0 0.3 0:08.31
2949 0.0 0.3 0:08.31
2949 0.0 0.3 0:08.31
2949 0.0 0.3 0:08.31
2949 0.0 0.3 0:08.31
2949 0.0 0.3 0:08.31
2949 0.0 0.3 0:08.31
2949 0.0 0.3 0:08.31
