2950 10.5 0.2 0:18.43
2950 5.0 0.2 0:18.48
2950 0.0 0.2 0:18.49
2950 0.0 0.2 0:18.51
2950 0.0 0.2 0:18.52
2950 0.0 0.2 0:18.52
2950 0.0 0.2 0:18.52
2950 0.0 0.2 0:18.53
2950 0.0 0.2 0:18.53
2950 0.0 0.2 0:18.53
2950 0.0 0.2 0:18.53
2950 0.0 0.2 0:18.53
2950 0.0 0.2 0:18.53
2950 0.0 0.2 0:18.53
2950 0.0 0.2 0:18.53
2950 0.0 0.2 0:18.53
2950 0.0 0.2 0:18.53
2950 0.0 0.2 0:18.53
2950 0.0 0.2 0:18.53
2950 0.0 0.2 0:18.53
2950 0.0 0.2 0:18.53
2950 0.0 0.2 0:18.53
2950 0.0 0.2 0:18.53
2950 0.0 0.2 0:18.53
2950 0.0 0.2 0:18.53
2950 0.0 0.2 0:18.53
2950 0.0 0.2 0:18.53
2950 0.0 0.2 0:18.53
2950 0.0 0.2 0:18.53
2950 0.0 0.2 0:18.53
2950 0.0 0.2 0:18.53
2950 0.0 0.2 0:18.53
2950 0.0 0.2 0:18.53
2950 0.0 0.2 0:18.53
2950 0.0 0.2 0:18.53
2950 0.0 0.2 0:18.53
2950 0.0 0.2 0:18.53
2950 0.0 0.2 0:18.53
2950 0.0 0.2 0:18.53
2950 0.0 0.2 0:18.53
2950 0.0 0.2 0:18.53
2950 0.0 0.2 0:18.53
2950 0.0 0.2 0:18.53
2950 0.0 0.2 0:18.53
2950 0.0 0.2 0:18.53
2950 0.0 0.2 0:18.53
2950 0.0 0.2 0:18.53
2950 0.0 0.2 0:18.53
2950 0.0 0.2 0:18.53
2950 0.0 0.2 0:18.53
2950 0.0 0.2 0:18.53
2950 0.0 0.2 0:18.53
2950 0.0 0.2 0:18.53
2950 0.0 0.2 0:18.53
2950 0.0 0.2 0:18.54
2950 0.0 0.2 0:18.54
2950 0.0 0.2 0:18.54
2950 0.0 0.2 0:18.54
2950 0.0 0.2 0:18.54
2950 0.0 0.2 0:18.54
2950 0.0 0.2 0:18.54
2950 0.0 0.2 0:18.54
2950 0.0 0.2 0:18.54
2950 0.0 0.2 0:18.54
2950 0.0 0.2 0:18.54
2950 0.0 0.2 0:18.54
2950 0.0 0.2 0:18.54
2950 0.0 0.2 0:18.54
2950 0.0 0.2 0:18.54
2950 0.0 0.2 0:18.54
2950 0.0 0.2 0:18.54
2950 0.0 0.2 0:18.54
2950 0.0 0.2 0:18.54
2950 0.0 0.2 0:18.54
2950 0.0 0.2 0:18.54
2950 0.0 0.2 0:18.54
2950 0.0 0.2 0:18.54
2950 0.0 0.2 0:18.54
2950 0.0 0.2 0:18.54
2950 0.0 0.2 0:18.54
2950 0.0 0.2 0:18.55
2950 0.0 0.2 0:18.55
2950 0.0 0.2 0:18.55
2950 0.0 0.2 0:18.55
2950 0.0 0.2 0:18.55
2950 0.0 0.2 0:18.55
2950 0.0 0.2 0:18.55
2950 0.0 0.2 0:18.55
2950 0.0 0.2 0:18.56
2950 0.0 0.2 0:18.56
2950 0.0 0.2 0:18.56
2950 0.0 0.2 0:18.56
2950 0.0 0.2 0:18.56
2950 0.0 0.2 0:18.56
2950 0.0 0.2 0:18.56
2950 0.0 0.2 0:18.56
2950 0.0 0.2 0:18.56
2950 0.0 0.2 0:18.56
2950 5.0 0.2 0:18.57
2950 0.0 0.2 0:18.57
2950 0.0 0.2 0:18.57
2950 0.0 0.2 0:18.57
2950 0.0 0.2 0:18.57
2950 0.0 0.2 0:18.57
2950 0.0 0.2 0:18.57
2950 0.0 0.2 0:18.57
2950 0.0 0.2 0:18.57
2950 0.0 0.2 0:18.57
