717 0.0 0.1 0:00.00
717 0.0 0.1 0:00.00
717 0.0 0.1 0:00.00
717 0.0 0.1 0:00.00
717 0.0 0.1 0:00.00
717 0.0 0.1 0:00.00
717 0.0 0.1 0:00.00
717 0.0 0.1 0:00.00
717 0.0 0.1 0:00.00
717 0.0 0.1 0:00.00
717 0.0 0.1 0:00.00
717 0.0 0.1 0:00.00
717 0.0 0.1 0:00.00
717 0.0 0.1 0:00.00
717 0.0 0.1 0:00.00
717 0.0 0.1 0:00.00
717 0.0 0.1 0:00.00
717 0.0 0.1 0:00.00
717 0.0 0.1 0:00.00
717 0.0 0.1 0:00.00
717 0.0 0.1 0:00.00
717 0.0 0.1 0:00.00
717 0.0 0.1 0:00.00
717 0.0 0.1 0:00.00
717 0.0 0.1 0:00.00
717 0.0 0.1 0:00.00
717 0.0 0.1 0:00.00
717 0.0 0.1 0:00.00
717 0.0 0.1 0:00.00
717 0.0 0.1 0:00.00
717 0.0 0.1 0:00.00
717 0.0 0.1 0:00.00
717 0.0 0.1 0:00.00
717 0.0 0.1 0:00.00
717 0.0 0.1 0:00.00
717 0.0 0.1 0:00.00
717 0.0 0.1 0:00.00
26717 5.6 0.2 0:00.04
717 0.0 0.1 0:00.00
717 0.0 0.1 0:00.00
717 0.0 0.1 0:00.00
717 0.0 0.1 0:00.00
717 0.0 0.1 0:00.00
717 0.0 0.1 0:00.00
717 0.0 0.1 0:00.00
717 0.0 0.1 0:00.00
717 0.0 0.1 0:00.00
717 0.0 0.1 0:00.00
27176 11.1 0.2 0:00.04
717 0.0 0.1 0:00.00
717 0.0 0.1 0:00.00
717 0.0 0.1 0:00.00
717 0.0 0.1 0:00.00
717 0.0 0.1 0:00.00
717 0.0 0.1 0:00.00
717 0.0 0.1 0:00.00
717 0.0 0.1 0:00.00
717 0.0 0.1 0:00.00
717 0.0 0.1 0:00.00
717 0.0 0.1 0:00.00
717 0.0 0.1 0:00.00
717 0.0 0.1 0:00.00
717 0.0 0.1 0:00.00
717 0.0 0.1 0:00.00
717 0.0 0.1 0:00.00
717 0.0 0.1 0:00.00
717 0.0 0.1 0:00.00
717 0.0 0.1 0:00.00
717 0.0 0.1 0:00.00
717 0.0 0.1 0:00.00
717 0.0 0.1 0:00.00
717 0.0 0.1 0:00.00
717 0.0 0.1 0:00.00
717 0.0 0.1 0:00.00
717 0.0 0.1 0:00.00
717 0.0 0.1 0:00.00
717 0.0 0.1 0:00.00
717 0.0 0.1 0:00.00
717 0.0 0.1 0:00.00
717 0.0 0.1 0:00.00
717 0.0 0.1 0:00.00
717 0.0 0.1 0:00.00
717 0.0 0.1 0:00.00
717 0.0 0.1 0:00.00
717 0.0 0.1 0:00.00
717 0.0 0.1 0:00.00
717 0.0 0.1 0:00.00
717 0.0 0.1 0:00.00
717 0.0 0.1 0:00.00
717 0.0 0.1 0:00.00
717 0.0 0.1 0:00.00
717 0.0 0.1 0:00.00
717 0.0 0.1 0:00.00
717 0.0 0.1 0:00.00
717 0.0 0.1 0:00.00
717 0.0 0.1 0:00.00
717 0.0 0.1 0:00.00
717 0.0 0.1 0:00.00
717 0.0 0.1 0:00.00
717 0.0 0.1 0:00.00
717 0.0 0.1 0:00.00
717 0.0 0.1 0:00.00
717 0.0 0.1 0:00.00
717 0.0 0.1 0:00.00
717 0.0 0.1 0:00.00
717 0.0 0.1 0:00.00
717 0.0 0.1 0:00.00
717 0.0 0.1 0:00.00
717 0.0 0.1 0:00.00
717 0.0 0.1 0:00.00
717 0.0 0.1 0:00.00
717 0.0 0.1 0:00.00
717 0.0 0.1 0:00.00
717 0.0 0.1 0:00.00
717 0.0 0.1 0:00.00
717 0.0 0.1 0:00.00
717 0.0 0.1 0:00.00
717 0.0 0.1 0:00.00
717 0.0 0.1 0:00.00
717 0.0 0.1 0:00.00
717 0.0 0.1 0:00.00
717 0.0 0.1 0:00.00
717 0.0 0.1 0:00.00
717 0.0 0.1 0:00.00
717 0.0 0.1 0:00.00
717 0.0 0.1 0:00.00
717 0.0 0.1 0:00.00
717 0.0 0.1 0:00.00
717 0.0 0.1 0:00.00
717 0.0 0.1 0:00.00
717 0.0 0.1 0:00.00
717 0.0 0.1 0:00.00
717 0.0 0.1 0:00.00
717 0.0 0.1 0:00.00
717 0.0 0.1 0:00.00
717 0.0 0.1 0:00.00
717 0.0 0.1 0:00.00
717 0.0 0.1 0:00.00
717 0.0 0.1 0:00.00
717 0.0 0.1 0:00.00
717 0.0 0.1 0:00.00
717 0.0 0.1 0:00.00
717 0.0 0.1 0:00.00
717 0.0 0.1 0:00.00
717 0.0 0.1 0:00.00
717 0.0 0.1 0:00.00
717 0.0 0.1 0:00.00
717 0.0 0.1 0:00.00
717 0.0 0.1 0:00.00
717 0.0 0.1 0:00.00
717 0.0 0.1 0:00.00
717 0.0 0.1 0:00.00
717 0.0 0.1 0:00.00
717 0.0 0.1 0:00.00
717 0.0 0.1 0:00.00
717 0.0 0.1 0:00.00
717 0.0 0.1 0:00.00
717 0.0 0.1 0:00.00
717 0.0 0.1 0:00.00
717 0.0 0.1 0:00.00
717 0.0 0.1 0:00.00
717 0.0 0.1 0:00.00
717 0.0 0.1 0:00.00
717 0.0 0.1 0:00.00
717 0.0 0.1 0:00.00
717 0.0 0.1 0:00.00
717 0.0 0.1 0:00.00
717 0.0 0.1 0:00.00
717 0.0 0.1 0:00.00
717 0.0 0.1 0:00.00
717 0.0 0.1 0:00.00
717 0.0 0.1 0:00.00
717 0.0 0.1 0:00.00
717 0.0 0.1 0:00.00
717 0.0 0.1 0:00.00
717 0.0 0.1 0:00.00
717 0.0 0.1 0:00.00
717 0.0 0.1 0:00.00
717 0.0 0.1 0:00.00
717 0.0 0.1 0:00.00
717 0.0 0.1 0:00.00
717 0.0 0.1 0:00.00
717 0.0 0.1 0:00.00
32717 11.8 0.2 0:00.04
717 0.0 0.1 0:00.00
717 0.0 0.1 0:00.00
717 0.0 0.1 0:00.00
717 0.0 0.1 0:00.00
717 0.0 0.1 0:00.00
717 0.0 0.1 0:00.00
717 0.0 0.1 0:00.00
717 0.0 0.1 0:00.00
717 0.0 0.1 0:00.00
717 0.0 0.1 0:00.00
717 0.0 0.1 0:00.00
717 0.0 0.1 0:00.00
717 0.0 0.1 0:00.00
717 0.0 0.1 0:00.00
717 0.0 0.1 0:00.00
717 0.0 0.1 0:00.00
717 0.0 0.1 0:00.00
717 0.0 0.1 0:00.00
717 0.0 0.1 0:00.00
717 0.0 0.1 0:00.00
717 0.0 0.1 0:00.00
717 0.0 0.1 0:00.00
717 0.0 0.1 0:00.00
717 0.0 0.1 0:00.00
717 0.0 0.1 0:00.00
717 0.0 0.1 0:00.00
717 0.0 0.1 0:00.00
717 0.0 0.1 0:00.00
717 0.0 0.1 0:00.00
717 0.0 0.1 0:00.00
717 0.0 0.1 0:00.00
717 0.0 0.1 0:00.00
717 0.0 0.1 0:00.00
717 0.0 0.1 0:00.00
717 0.0 0.1 0:00.00
717 0.0 0.1 0:00.00
717 0.0 0.1 0:00.00
717 0.0 0.1 0:00.00
717 0.0 0.1 0:00.00
717 0.0 0.1 0:00.00
717 0.0 0.1 0:00.00
717 0.0 0.1 0:00.00
717 0.0 0.1 0:00.00
717 0.0 0.1 0:00.00
717 0.0 0.1 0:00.00
717 0.0 0.1 0:00.00
717 0.0 0.1 0:00.00
717 0.0 0.1 0:00.00
717 0.0 0.1 0:00.00
717 0.0 0.1 0:00.00
717 0.0 0.1 0:00.00
717 0.0 0.1 0:00.00
