718 0.0 0.4 0:59.04
718 0.0 0.4 0:59.04
718 0.0 0.4 0:59.04
718 0.0 0.4 0:59.04
718 0.0 0.4 0:59.04
718 0.0 0.4 0:59.04
718 0.0 0.4 0:59.04
718 0.0 0.4 0:59.04
718 0.0 0.4 0:59.04
718 0.0 0.4 0:59.04
718 0.0 0.4 0:59.04
718 0.0 0.4 0:59.04
718 0.0 0.4 0:59.05
718 0.0 0.4 0:59.05
718 0.0 0.4 0:59.05
718 0.0 0.4 0:59.05
718 0.0 0.4 0:59.05
718 0.0 0.4 0:59.05
718 0.0 0.4 0:59.05
718 0.0 0.4 0:59.06
718 0.0 0.4 0:59.06
718 0.0 0.4 0:59.06
718 0.0 0.4 0:59.06
718 0.0 0.4 0:59.06
718 0.0 0.4 0:59.06
718 0.0 0.4 0:59.06
718 0.0 0.4 0:59.06
718 0.0 0.4 0:59.06
718 0.0 0.4 0:59.06
718 0.0 0.4 0:59.06
718 0.0 0.4 0:59.06
718 0.0 0.4 0:59.06
718 0.0 0.4 0:59.06
718 0.0 0.4 0:59.07
718 0.0 0.4 0:59.07
718 0.0 0.4 0:59.07
718 0.0 0.4 0:59.08
718 0.0 0.4 0:59.09
718 0.0 0.4 0:59.09
718 0.0 0.4 0:59.09
718 0.0 0.4 0:59.09
718 0.0 0.4 0:59.09
718 0.0 0.4 0:59.09
718 0.0 0.4 0:59.09
718 0.0 0.4 0:59.09
718 0.0 0.4 0:59.09
718 0.0 0.4 0:59.09
718 0.0 0.4 0:59.09
718 0.0 0.4 0:59.09
718 0.0 0.4 0:59.09
718 0.0 0.4 0:59.09
718 0.0 0.4 0:59.10
718 0.0 0.4 0:59.10
718 0.0 0.4 0:59.10
718 0.0 0.4 0:59.10
718 11.1 0.4 0:59.12
718 0.0 0.4 0:59.12
718 0.0 0.4 0:59.12
718 0.0 0.4 0:59.12
718 0.0 0.4 0:59.12
718 0.0 0.4 0:59.12
718 0.0 0.4 0:59.12
718 0.0 0.4 0:59.12
718 0.0 0.4 0:59.12
718 0.0 0.4 0:59.12
718 0.0 0.4 0:59.12
718 0.0 0.4 0:59.12
718 0.0 0.4 0:59.12
718 0.0 0.4 0:59.12
718 0.0 0.4 0:59.12
718 0.0 0.4 0:59.12
718 5.9 0.4 0:59.13
718 0.0 0.4 0:59.13
718 0.0 0.4 0:59.13
718 0.0 0.4 0:59.14
718 0.0 0.4 0:59.14
718 0.0 0.4 0:59.14
718 0.0 0.4 0:59.14
718 0.0 0.4 0:59.14
718 0.0 0.4 0:59.14
718 0.0 0.4 0:59.14
718 0.0 0.4 0:59.14
718 0.0 0.4 0:59.14
718 0.0 0.4 0:59.14
718 0.0 0.4 0:59.14
718 0.0 0.4 0:59.14
718 0.0 0.4 0:59.14
718 0.0 0.4 0:59.14
718 0.0 0.4 0:59.14
718 0.0 0.4 0:59.15
718 0.0 0.4 0:59.15
718 0.0 0.4 0:59.16
718 0.0 0.4 0:59.16
718 0.0 0.4 0:59.16
718 0.0 0.4 0:59.16
718 0.0 0.4 0:59.16
718 0.0 0.4 0:59.16
718 0.0 0.4 0:59.16
718 0.0 0.4 0:59.16
718 0.0 0.4 0:59.16
718 0.0 0.4 0:59.16
718 0.0 0.4 0:59.16
718 0.0 0.4 0:59.16
718 0.0 0.4 0:59.16
718 0.0 0.4 0:59.17
718 0.0 0.4 0:59.17
718 0.0 0.4 0:59.17
718 0.0 0.4 0:59.17
718 0.0 0.4 0:59.18
718 0.0 0.4 0:59.18
718 0.0 0.4 0:59.18
718 0.0 0.4 0:59.19
718 0.0 0.4 0:59.19
718 0.0 0.4 0:59.19
718 0.0 0.4 0:59.19
718 0.0 0.4 0:59.19
718 0.0 0.4 0:59.19
718 0.0 0.4 0:59.19
718 0.0 0.4 0:59.19
718 0.0 0.4 0:59.19
718 0.0 0.4 0:59.19
718 0.0 0.4 0:59.19
718 0.0 0.4 0:59.19
718 0.0 0.4 0:59.20
718 0.0 0.4 0:59.20
718 0.0 0.4 0:59.20
718 0.0 0.4 0:59.20
718 0.0 0.4 0:59.20
718 0.0 0.4 0:59.20
718 0.0 0.4 0:59.21
718 0.0 0.4 0:59.21
718 0.0 0.4 0:59.21
718 0.0 0.4 0:59.21
718 0.0 0.4 0:59.21
718 0.0 0.4 0:59.21
718 0.0 0.4 0:59.21
718 0.0 0.4 0:59.21
718 0.0 0.4 0:59.21
718 0.0 0.4 0:59.21
718 0.0 0.4 0:59.22
718 0.0 0.4 0:59.22
718 0.0 0.4 0:59.22
718 0.0 0.4 0:59.22
718 11.1 0.4 0:59.24
718 0.0 0.4 0:59.24
718 0.0 0.4 0:59.24
718 0.0 0.4 0:59.24
718 0.0 0.4 0:59.25
718 0.0 0.4 0:59.25
718 0.0 0.4 0:59.25
718 5.3 0.4 0:59.26
718 0.0 0.4 0:59.26
718 0.0 0.4 0:59.26
718 0.0 0.4 0:59.26
718 0.0 0.4 0:59.26
718 0.0 0.4 0:59.26
718 0.0 0.4 0:59.26
718 0.0 0.4 0:59.26
718 0.0 0.4 0:59.26
718 0.0 0.4 0:59.26
718 0.0 0.4 0:59.27
718 0.0 0.4 0:59.27
718 0.0 0.4 0:59.27
718 0.0 0.4 0:59.27
718 0.0 0.4 0:59.27
718 0.0 0.4 0:59.27
718 0.0 0.4 0:59.27
718 0.0 0.4 0:59.27
718 0.0 0.4 0:59.27
718 5.6 0.4 0:59.28
718 0.0 0.4 0:59.28
718 0.0 0.4 0:59.28
718 0.0 0.4 0:59.28
718 0.0 0.4 0:59.28
718 0.0 0.4 0:59.28
718 0.0 0.4 0:59.28
718 0.0 0.4 0:59.28
718 0.0 0.4 0:59.28
718 5.6 0.4 0:59.29
718 0.0 0.4 0:59.29
718 0.0 0.4 0:59.29
718 0.0 0.4 0:59.29
718 0.0 0.4 0:59.30
718 0.0 0.4 0:59.30
718 0.0 0.4 0:59.30
718 0.0 0.4 0:59.30
718 0.0 0.4 0:59.30
718 0.0 0.4 0:59.30
718 0.0 0.4 0:59.30
718 0.0 0.4 0:59.30
718 0.0 0.4 0:59.30
718 0.0 0.4 0:59.30
718 0.0 0.4 0:59.31
718 0.0 0.4 0:59.31
718 0.0 0.4 0:59.31
718 0.0 0.4 0:59.31
718 0.0 0.4 0:59.32
718 0.0 0.4 0:59.32
718 0.0 0.4 0:59.32
718 0.0 0.4 0:59.32
718 0.0 0.4 0:59.33
718 0.0 0.4 0:59.33
718 0.0 0.4 0:59.33
718 0.0 0.4 0:59.34
718 0.0 0.4 0:59.34
718 0.0 0.4 0:59.34
718 0.0 0.4 0:59.34
718 0.0 0.4 0:59.34
718 0.0 0.4 0:59.34
718 0.0 0.4 0:59.34
718 0.0 0.4 0:59.34
718 0.0 0.4 0:59.34
718 11.1 0.4 0:59.36
718 0.0 0.4 0:59.36
718 0.0 0.4 0:59.36
718 0.0 0.4 0:59.38
718 0.0 0.4 0:59.38
718 0.0 0.4 0:59.38
718 0.0 0.4 0:59.38
718 0.0 0.4 0:59.38
718 0.0 0.4 0:59.38
718 0.0 0.4 0:59.38
718 0.0 0.4 0:59.38
718 0.0 0.4 0:59.38
718 0.0 0.4 0:59.38
718 0.0 0.4 0:59.38
718 0.0 0.4 0:59.38
718 0.0 0.4 0:59.38
718 0.0 0.4 0:59.38
718 0.0 0.4 0:59.38
718 0.0 0.4 0:59.38
718 0.0 0.4 0:59.38
718 0.0 0.4 0:59.38
718 0.0 0.4 0:59.38
718 0.0 0.4 0:59.38
718 0.0 0.4 0:59.38
718 0.0 0.4 0:59.38
718 0.0 0.4 0:59.39
718 0.0 0.4 0:59.39
718 0.0 0.4 0:59.41
718 0.0 0.4 0:59.41
718 0.0 0.4 0:59.41
718 0.0 0.4 0:59.41
718 0.0 0.4 0:59.41
718 0.0 0.4 0:59.41
718 0.0 0.4 0:59.41
718 0.0 0.4 0:59.41
718 0.0 0.4 0:59.42
718 0.0 0.4 0:59.42
718 0.0 0.4 0:59.42
718 0.0 0.4 0:59.42
718 0.0 0.4 0:59.42
718 0.0 0.4 0:59.43
718 0.0 0.4 0:59.43
718 0.0 0.4 0:59.43
718 0.0 0.4 0:59.43
718 0.0 0.4 0:59.43
718 0.0 0.4 0:59.43
17182 11.1 0.2 0:00.04
718 0.0 0.4 0:59.43
718 0.0 0.4 0:59.43
718 0.0 0.4 0:59.43
718 0.0 0.4 0:59.44
718 0.0 0.4 0:59.44
718 0.0 0.4 0:59.44
718 0.0 0.4 0:59.45
718 0.0 0.4 0:59.45
718 0.0 0.4 0:59.45
718 0.0 0.4 0:59.46
718 0.0 0.4 0:59.46
718 0.0 0.4 0:59.46
718 0.0 0.4 0:59.46
718 0.0 0.4 0:59.46
718 0.0 0.4 0:59.46
718 0.0 0.4 0:59.46
718 0.0 0.4 0:59.46
718 0.0 0.4 0:59.46
718 5.6 0.4 0:59.47
718 0.0 0.4 0:59.47
718 0.0 0.4 0:59.47
718 0.0 0.4 0:59.47
718 0.0 0.4 0:59.47
718 0.0 0.4 0:59.47
718 0.0 0.4 0:59.47
718 0.0 0.4 0:59.47
718 0.0 0.4 0:59.47
718 0.0 0.4 0:59.48
718 0.0 0.4 0:59.48
718 0.0 0.4 0:59.49
718 0.0 0.4 0:59.49
718 0.0 0.4 0:59.49
718 0.0 0.4 0:59.49
718 0.0 0.4 0:59.49
718 0.0 0.4 0:59.49
718 0.0 0.4 0:59.49
718 0.0 0.4 0:59.49
718 0.0 0.4 0:59.49
718 0.0 0.4 0:59.50
718 0.0 0.4 0:59.50
718 0.0 0.4 0:59.50
718 0.0 0.4 0:59.50
718 0.0 0.4 0:59.50
718 0.0 0.4 0:59.51
718 0.0 0.4 0:59.51
718 5.6 0.4 0:59.52
718 0.0 0.4 0:59.52
718 5.6 0.4 0:59.53
718 0.0 0.4 0:59.53
718 0.0 0.4 0:59.53
718 0.0 0.4 0:59.53
718 0.0 0.4 0:59.53
718 0.0 0.4 0:59.53
718 0.0 0.4 0:59.53
718 0.0 0.4 0:59.53
718 0.0 0.4 0:59.54
718 0.0 0.4 0:59.54
718 0.0 0.4 0:59.54
718 0.0 0.4 0:59.54
718 0.0 0.4 0:59.54
718 0.0 0.4 0:59.54
718 0.0 0.4 0:59.55
718 0.0 0.4 0:59.55
718 0.0 0.4 0:59.55
718 0.0 0.4 0:59.55
718 5.6 0.4 0:59.56
718 0.0 0.4 0:59.56
718 0.0 0.4 0:59.56
718 0.0 0.4 0:59.56
718 5.6 0.4 0:59.57
718 0.0 0.4 0:59.57
718 0.0 0.4 0:59.57
718 0.0 0.4 0:59.57
718 0.0 0.4 0:59.57
718 0.0 0.4 0:59.57
718 0.0 0.4 0:59.58
718 0.0 0.4 0:59.58
718 0.0 0.4 0:59.58
718 0.0 0.4 0:59.58
718 0.0 0.4 0:59.58
718 0.0 0.4 0:59.58
718 0.0 0.4 0:59.58
718 0.0 0.4 0:59.59
718 0.0 0.4 0:59.60
718 0.0 0.4 0:59.61
718 0.0 0.4 0:59.61
718 0.0 0.4 0:59.61
718 0.0 0.4 0:59.61
718 0.0 0.4 0:59.62
718 0.0 0.4 0:59.62
718 0.0 0.4 0:59.62
718 0.0 0.4 0:59.62
718 0.0 0.4 0:59.62
718 0.0 0.4 0:59.62
718 0.0 0.4 0:59.63
718 0.0 0.4 0:59.63
718 0.0 0.4 0:59.63
718 0.0 0.4 0:59.63
718 0.0 0.4 0:59.64
718 0.0 0.4 0:59.64
718 0.0 0.4 0:59.65
718 0.0 0.4 0:59.65
718 0.0 0.4 0:59.65
718 0.0 0.4 0:59.65
718 0.0 0.4 0:59.65
718 0.0 0.4 0:59.66
718 0.0 0.4 0:59.66
718 0.0 0.4 0:59.66
718 0.0 0.4 0:59.66
718 0.0 0.4 0:59.66
718 0.0 0.4 0:59.66
718 0.0 0.4 0:59.67
718 0.0 0.4 0:59.67
718 0.0 0.4 0:59.67
718 0.0 0.4 0:59.67
718 0.0 0.4 0:59.67
718 0.0 0.4 0:59.68
718 0.0 0.4 0:59.68
718 0.0 0.4 0:59.68
718 0.0 0.4 0:59.68
718 0.0 0.4 0:59.69
718 0.0 0.4 0:59.70
718 0.0 0.4 0:59.70
718 0.0 0.4 0:59.70
718 0.0 0.4 0:59.71
718 0.0 0.4 0:59.71
718 0.0 0.4 0:59.72
718 0.0 0.4 0:59.72
718 0.0 0.4 0:59.72
718 0.0 0.4 0:59.72
718 0.0 0.4 0:59.72
718 0.0 0.4 0:59.72
718 0.0 0.4 0:59.72
718 0.0 0.4 0:59.72
718 0.0 0.4 0:59.72
718 0.0 0.4 0:59.72
718 0.0 0.4 0:59.72
718 0.0 0.4 0:59.72
718 0.0 0.4 0:59.72
718 0.0 0.4 0:59.72
718 0.0 0.4 0:59.72
718 0.0 0.4 0:59.72
718 0.0 0.4 0:59.72
718 0.0 0.4 0:59.72
718 0.0 0.4 0:59.72
