718 15.8 0.4 0:55.68
718 0.0 0.4 0:55.69
718 0.0 0.4 0:55.69
718 0.0 0.4 0:55.69
718 0.0 0.4 0:55.69
718 0.0 0.4 0:55.69
718 0.0 0.4 0:55.69
718 0.0 0.4 0:55.69
718 0.0 0.4 0:55.69
718 0.0 0.4 0:55.69
718 0.0 0.4 0:55.69
718 0.0 0.4 0:55.69
718 0.0 0.4 0:55.69
718 0.0 0.4 0:55.69
718 0.0 0.4 0:55.69
718 0.0 0.4 0:55.69
718 0.0 0.4 0:55.69
718 0.0 0.4 0:55.69
718 0.0 0.4 0:55.70
718 0.0 0.4 0:55.76
718 0.0 0.4 0:55.76
718 0.0 0.4 0:55.76
718 0.0 0.4 0:55.76
718 0.0 0.4 0:55.76
718 0.0 0.4 0:55.76
718 0.0 0.4 0:55.76
718 0.0 0.4 0:55.76
718 0.0 0.4 0:55.76
718 0.0 0.4 0:55.76
718 0.0 0.4 0:55.76
718 0.0 0.4 0:55.76
718 0.0 0.4 0:55.76
KiB used, 663056 buff/cache
718 0.0 0.4 0:55.76
718 0.0 0.4 0:55.76
718 0.0 0.4 0:55.76
718 0.0 0.4 0:55.78
718 0.0 0.4 0:55.79
718 0.0 0.4 0:55.79
718 0.0 0.4 0:55.79
718 0.0 0.4 0:55.79
718 0.0 0.4 0:55.79
718 0.0 0.4 0:55.79
718 0.0 0.4 0:55.79
718 0.0 0.4 0:55.79
718 0.0 0.4 0:55.79
718 0.0 0.4 0:55.79
718 0.0 0.4 0:55.79
718 0.0 0.4 0:55.79
718 0.0 0.4 0:55.79
718 0.0 0.4 0:55.79
718 0.0 0.4 0:55.79
718 0.0 0.4 0:55.80
718 0.0 0.4 0:55.80
718 0.0 0.4 0:55.80
718 16.7 0.4 0:55.85
718 0.0 0.4 0:55.85
718 0.0 0.4 0:55.85
718 0.0 0.4 0:55.85
718 0.0 0.4 0:55.85
718 0.0 0.4 0:55.85
718 0.0 0.4 0:55.85
718 0.0 0.4 0:55.85
718 0.0 0.4 0:55.85
718 0.0 0.4 0:55.85
KiB used, 456248 buff/cache
718 0.0 0.4 0:55.85
718 0.0 0.4 0:55.85
718 0.0 0.4 0:55.86
718 0.0 0.4 0:55.86
718 0.0 0.4 0:55.87
718 0.0 0.4 0:55.87
718 0.0 0.4 0:55.87
718 0.0 0.4 0:55.89
718 0.0 0.4 0:55.90
718 0.0 0.4 0:55.90
718 0.0 0.4 0:55.90
718 0.0 0.4 0:55.90
718 0.0 0.4 0:55.90
718 0.0 0.4 0:55.90
718 0.0 0.4 0:55.90
718 0.0 0.4 0:55.90
718 0.0 0.4 0:55.90
718 0.0 0.4 0:55.90
718 0.0 0.4 0:55.90
718 0.0 0.4 0:55.91
718 0.0 0.4 0:55.92
718 0.0 0.4 0:55.92
718 0.0 0.4 0:55.93
718 0.0 0.4 0:55.93
718 0.0 0.4 0:55.93
718 0.0 0.4 0:55.94
718 0.0 0.4 0:55.96
718 0.0 0.4 0:55.96
718 0.0 0.4 0:55.96
718 0.0 0.4 0:55.96
718 0.0 0.4 0:55.96
718 0.0 0.4 0:55.96
KiB used, 456440 buff/cache
718 0.0 0.4 0:55.96
718 0.0 0.4 0:55.96
718 0.0 0.4 0:55.96
718 0.0 0.4 0:55.96
718 0.0 0.4 0:55.96
718 0.0 0.4 0:55.96
718 0.0 0.4 0:55.96
718 0.0 0.4 0:55.97
718 0.0 0.4 0:55.97
718 0.0 0.4 0:55.98
718 0.0 0.4 0:55.98
718 11.1 0.4 0:56.00
718 0.0 0.4 0:56.00
718 0.0 0.4 0:56.00
718 0.0 0.4 0:56.00
718 0.0 0.4 0:56.00
718 0.0 0.4 0:56.00
718 0.0 0.4 0:56.00
718 0.0 0.4 0:56.00
718 0.0 0.4 0:56.00
718 0.0 0.4 0:56.01
718 0.0 0.4 0:56.01
718 0.0 0.4 0:56.01
718 0.0 0.4 0:56.01
718 0.0 0.4 0:56.01
718 0.0 0.4 0:56.02
718 0.0 0.4 0:56.03
718 0.0 0.4 0:56.03
718 0.0 0.4 0:56.03
718 0.0 0.4 0:56.03
718 0.0 0.4 0:56.05
718 0.0 0.4 0:56.05
718 0.0 0.4 0:56.05
718 0.0 0.4 0:56.05
718 0.0 0.4 0:56.05
718 0.0 0.4 0:56.05
718 0.0 0.4 0:56.05
718 0.0 0.4 0:56.05
718 0.0 0.4 0:56.05
718 0.0 0.4 0:56.05
718 0.0 0.4 0:56.05
718 5.6 0.4 0:56.06
718 0.0 0.4 0:56.06
718 0.0 0.4 0:56.06
718 0.0 0.4 0:56.06
718 5.6 0.4 0:56.07
718 0.0 0.4 0:56.07
718 0.0 0.4 0:56.08
718 0.0 0.4 0:56.11
718 0.0 0.4 0:56.11
718 0.0 0.4 0:56.11
718 0.0 0.4 0:56.12
718 0.0 0.4 0:56.12
718 0.0 0.4 0:56.12
718 0.0 0.4 0:56.12
718 0.0 0.4 0:56.12
718 0.0 0.4 0:56.12
718 0.0 0.4 0:56.12
718 0.0 0.4 0:56.14
718 0.0 0.4 0:56.14
718 0.0 0.4 0:56.14
718 0.0 0.4 0:56.14
718 0.0 0.4 0:56.14
718 0.0 0.4 0:56.14
718 0.0 0.4 0:56.14
718 0.0 0.4 0:56.14
718 0.0 0.4 0:56.14
718 0.0 0.4 0:56.16
718 0.0 0.4 0:56.16
718 0.0 0.4 0:56.16
718 0.0 0.4 0:56.16
718 0.0 0.4 0:56.16
718 0.0 0.4 0:56.17
718 0.0 0.4 0:56.17
718 0.0 0.4 0:56.17
718 0.0 0.4 0:56.17
718 5.3 0.4 0:56.18
718 0.0 0.4 0:56.18
718 0.0 0.4 0:56.18
718 0.0 0.4 0:56.18
718 0.0 0.4 0:56.18
718 0.0 0.4 0:56.19
718 0.0 0.4 0:56.20
718 0.0 0.4 0:56.20
718 0.0 0.4 0:56.20
718 0.0 0.4 0:56.22
718 0.0 0.4 0:56.22
718 0.0 0.4 0:56.22
718 0.0 0.4 0:56.22
718 0.0 0.4 0:56.22
718 5.6 0.4 0:56.23
718 0.0 0.4 0:56.23
718 0.0 0.4 0:56.23
718 0.0 0.4 0:56.23
718 0.0 0.4 0:56.23
718 0.0 0.4 0:56.23
718 0.0 0.4 0:56.25
718 0.0 0.4 0:56.25
718 0.0 0.4 0:56.25
718 0.0 0.4 0:56.26
718 0.0 0.4 0:56.26
718 0.0 0.4 0:56.27
718 0.0 0.4 0:56.27
718 0.0 0.4 0:56.30
718 0.0 0.4 0:56.30
718 0.0 0.4 0:56.30
718 0.0 0.4 0:56.31
718 0.0 0.4 0:56.31
718 0.0 0.4 0:56.31
718 0.0 0.4 0:56.31
718 0.0 0.4 0:56.31
718 0.0 0.4 0:56.31
718 0.0 0.4 0:56.32
718 0.0 0.4 0:56.32
718 0.0 0.4 0:56.32
718 0.0 0.4 0:56.32
718 0.0 0.4 0:56.32
718 0.0 0.4 0:56.33
718 0.0 0.4 0:56.33
718 0.0 0.4 0:56.33
718 0.0 0.4 0:56.33
718 0.0 0.4 0:56.33
718 0.0 0.4 0:56.33
718 0.0 0.4 0:56.33
718 0.0 0.4 0:56.33
718 0.0 0.4 0:56.33
718 0.0 0.4 0:56.33
718 0.0 0.4 0:56.33
718 0.0 0.4 0:56.33
718 0.0 0.4 0:56.33
718 0.0 0.4 0:56.33
718 0.0 0.4 0:56.33
718 0.0 0.4 0:56.33
718 0.0 0.4 0:56.33
718 0.0 0.4 0:56.33
718 0.0 0.4 0:56.33
718 0.0 0.4 0:56.33
