721 0.0 0.3 1:22.10
721 0.0 0.3 1:22.11
721 0.0 0.3 1:22.11
721 0.0 0.3 1:22.11
721 0.0 0.3 1:22.11
721 0.0 0.3 1:22.11
721 0.0 0.3 1:22.11
721 0.0 0.3 1:22.11
721 0.0 0.3 1:22.11
721 0.0 0.3 1:22.11
721 0.0 0.3 1:22.11
721 0.0 0.3 1:22.11
721 0.0 0.3 1:22.11
721 0.0 0.3 1:22.11
721 0.0 0.3 1:22.12
721 0.0 0.3 1:22.12
721 0.0 0.3 1:22.12
721 0.0 0.3 1:22.13
721 0.0 0.3 1:22.13
721 5.6 0.3 1:22.15
721 0.0 0.3 1:22.15
721 0.0 0.3 1:22.15
721 0.0 0.3 1:22.15
721 0.0 0.3 1:22.15
721 0.0 0.3 1:22.15
721 0.0 0.3 1:22.15
721 0.0 0.3 1:22.15
721 0.0 0.3 1:22.15
721 0.0 0.3 1:22.15
721 0.0 0.3 1:22.15
721 0.0 0.3 1:22.15
721 0.0 0.3 1:22.15
721 0.0 0.3 1:22.15
721 0.0 0.3 1:22.15
721 0.0 0.3 1:22.15
721 5.6 0.3 1:22.17
721 0.0 0.3 1:22.17
721 0.0 0.3 1:22.19
721 0.0 0.3 1:22.19
721 0.0 0.3 1:22.19
721 0.0 0.3 1:22.19
721 0.0 0.3 1:22.19
721 0.0 0.3 1:22.19
721 0.0 0.3 1:22.19
721 0.0 0.3 1:22.19
721 0.0 0.3 1:22.19
721 0.0 0.3 1:22.19
721 0.0 0.3 1:22.19
721 0.0 0.3 1:22.19
721 0.0 0.3 1:22.19
721 0.0 0.3 1:22.20
721 0.0 0.3 1:22.20
721 0.0 0.3 1:22.21
721 0.0 0.3 1:22.21
721 0.0 0.3 1:22.21
721 5.6 0.3 1:22.22
721 0.0 0.3 1:22.23
721 0.0 0.3 1:22.23
721 0.0 0.3 1:22.23
721 0.0 0.3 1:22.23
721 0.0 0.3 1:22.23
721 0.0 0.3 1:22.23
721 0.0 0.3 1:22.23
721 0.0 0.3 1:22.23
721 0.0 0.3 1:22.23
721 0.0 0.3 1:22.23
721 0.0 0.3 1:22.23
721 0.0 0.3 1:22.23
721 5.6 0.3 1:22.24
721 0.0 0.3 1:22.25
721 5.6 0.3 1:22.26
721 0.0 0.3 1:22.26
721 0.0 0.3 1:22.27
721 0.0 0.3 1:22.28
721 0.0 0.3 1:22.30
721 0.0 0.3 1:22.30
721 0.0 0.3 1:22.30
721 0.0 0.3 1:22.30
721 0.0 0.3 1:22.30
721 0.0 0.3 1:22.30
721 0.0 0.3 1:22.30
721 5.6 0.3 1:22.31
721 0.0 0.3 1:22.31
721 0.0 0.3 1:22.31
721 0.0 0.3 1:22.31
721 0.0 0.3 1:22.31
721 0.0 0.3 1:22.31
721 0.0 0.3 1:22.31
721 0.0 0.3 1:22.32
721 0.0 0.3 1:22.32
721 0.0 0.3 1:22.32
721 0.0 0.3 1:22.32
721 0.0 0.3 1:22.33
721 0.0 0.3 1:22.33
721 0.0 0.3 1:22.33
721 0.0 0.3 1:22.33
721 0.0 0.3 1:22.33
721 0.0 0.3 1:22.33
721 0.0 0.3 1:22.33
721 0.0 0.3 1:22.33
721 0.0 0.3 1:22.33
721 0.0 0.3 1:22.33
721 0.0 0.3 1:22.33
721 0.0 0.3 1:22.33
721 0.0 0.3 1:22.33
721 0.0 0.3 1:22.34
721 0.0 0.3 1:22.34
721 0.0 0.3 1:22.35
721 0.0 0.3 1:22.35
721 0.0 0.3 1:22.35
721 0.0 0.3 1:22.35
721 0.0 0.3 1:22.36
721 0.0 0.3 1:22.36
721 0.0 0.3 1:22.36
721 0.0 0.3 1:22.36
721 0.0 0.3 1:22.36
721 0.0 0.3 1:22.36
721 0.0 0.3 1:22.36
721 0.0 0.3 1:22.37
721 0.0 0.3 1:22.37
721 0.0 0.3 1:22.37
721 0.0 0.3 1:22.37
721 0.0 0.3 1:22.37
721 0.0 0.3 1:22.38
721 0.0 0.3 1:22.38
721 0.0 0.3 1:22.39
721 5.6 0.3 1:22.40
721 0.0 0.3 1:22.41
721 11.1 0.3 1:22.43
721 0.0 0.3 1:22.43
721 0.0 0.3 1:22.43
721 0.0 0.3 1:22.43
721 0.0 0.3 1:22.43
721 0.0 0.3 1:22.43
721 0.0 0.3 1:22.43
721 0.0 0.3 1:22.43
721 5.6 0.3 1:22.44
721 0.0 0.3 1:22.44
721 0.0 0.3 1:22.44
721 0.0 0.3 1:22.44
721 0.0 0.3 1:22.44
721 0.0 0.3 1:22.45
721 0.0 0.3 1:22.46
721 0.0 0.3 1:22.46
721 0.0 0.3 1:22.48
721 0.0 0.3 1:22.48
721 0.0 0.3 1:22.49
721 5.6 0.3 1:22.50
721 0.0 0.3 1:22.50
721 0.0 0.3 1:22.51
721 0.0 0.3 1:22.51
721 0.0 0.3 1:22.51
721 0.0 0.3 1:22.51
721 0.0 0.3 1:22.51
721 0.0 0.3 1:22.51
721 0.0 0.3 1:22.51
721 0.0 0.3 1:22.51
721 0.0 0.3 1:22.52
721 0.0 0.3 1:22.52
721 0.0 0.3 1:22.53
721 0.0 0.3 1:22.53
721 0.0 0.3 1:22.54
721 0.0 0.3 1:22.56
721 5.3 0.3 1:22.57
721 0.0 0.3 1:22.57
721 0.0 0.3 1:22.57
721 0.0 0.3 1:22.58
721 0.0 0.3 1:22.58
721 0.0 0.3 1:22.58
721 0.0 0.3 1:22.58
721 0.0 0.3 1:22.59
721 0.0 0.3 1:22.59
721 0.0 0.3 1:22.59
721 0.0 0.3 1:22.60
721 0.0 0.3 1:22.60
721 0.0 0.3 1:22.61
721 0.0 0.3 1:22.61
721 5.6 0.3 1:22.62
721 0.0 0.3 1:22.62
721 0.0 0.3 1:22.62
721 0.0 0.3 1:22.64
721 0.0 0.3 1:22.64
721 0.0 0.3 1:22.64
721 0.0 0.3 1:22.65
721 0.0 0.3 1:22.65
721 0.0 0.3 1:22.65
721 0.0 0.3 1:22.65
721 0.0 0.3 1:22.65
721 0.0 0.3 1:22.65
721 0.0 0.3 1:22.66
721 0.0 0.3 1:22.66
721 0.0 0.3 1:22.66
721 0.0 0.3 1:22.66
721 0.0 0.3 1:22.66
721 0.0 0.3 1:22.67
721 0.0 0.3 1:22.67
721 0.0 0.3 1:22.67
721 0.0 0.3 1:22.67
721 0.0 0.3 1:22.67
721 0.0 0.3 1:22.68
721 0.0 0.3 1:22.68
17214 11.1 0.2 0:00.04
721 0.0 0.3 1:22.69
721 0.0 0.3 1:22.69
721 0.0 0.3 1:22.69
721 0.0 0.3 1:22.69
721 0.0 0.3 1:22.69
721 0.0 0.3 1:22.69
721 0.0 0.3 1:22.69
721 0.0 0.3 1:22.69
721 0.0 0.3 1:22.69
721 11.1 0.3 1:22.71
721 0.0 0.3 1:22.71
721 0.0 0.3 1:22.71
721 0.0 0.3 1:22.71
721 0.0 0.3 1:22.71
721 0.0 0.3 1:22.71
721 0.0 0.3 1:22.74
721 0.0 0.3 1:22.74
721 0.0 0.3 1:22.74
721 0.0 0.3 1:22.74
721 0.0 0.3 1:22.74
721 0.0 0.3 1:22.74
721 0.0 0.3 1:22.74
721 0.0 0.3 1:22.74
721 0.0 0.3 1:22.74
721 0.0 0.3 1:22.75
721 0.0 0.3 1:22.75
721 5.3 0.3 1:22.76
721 0.0 0.3 1:22.76
721 0.0 0.3 1:22.76
721 0.0 0.3 1:22.76
721 0.0 0.3 1:22.77
721 0.0 0.3 1:22.78
721 0.0 0.3 1:22.78
721 5.6 0.3 1:22.79
721 0.0 0.3 1:22.79
721 0.0 0.3 1:22.81
721 0.0 0.3 1:22.81
721 0.0 0.3 1:22.81
721 0.0 0.3 1:22.81
721 0.0 0.3 1:22.81
721 0.0 0.3 1:22.81
721 0.0 0.3 1:22.81
721 0.0 0.3 1:22.81
721 0.0 0.3 1:22.81
721 0.0 0.3 1:22.81
721 0.0 0.3 1:22.82
721 0.0 0.3 1:22.82
721 0.0 0.3 1:22.82
721 0.0 0.3 1:22.82
721 5.3 0.3 1:22.83
721 0.0 0.3 1:22.83
721 0.0 0.3 1:22.83
721 0.0 0.3 1:22.84
721 0.0 0.3 1:22.84
721 0.0 0.3 1:22.84
721 0.0 0.3 1:22.84
721 0.0 0.3 1:22.84
721 0.0 0.3 1:22.84
721 0.0 0.3 1:22.84
721 0.0 0.3 1:22.84
721 0.0 0.3 1:22.84
721 0.0 0.3 1:22.85
721 0.0 0.3 1:22.85
721 0.0 0.3 1:22.85
721 0.0 0.3 1:22.85
721 0.0 0.3 1:22.85
721 0.0 0.3 1:22.85
721 0.0 0.3 1:22.85
721 0.0 0.3 1:22.85
721 0.0 0.3 1:22.86
721 0.0 0.3 1:22.86
721 0.0 0.3 1:22.86
721 0.0 0.3 1:22.86
721 0.0 0.3 1:22.86
721 0.0 0.3 1:22.87
721 0.0 0.3 1:22.87
721 0.0 0.3 1:22.87
721 0.0 0.3 1:22.87
721 0.0 0.3 1:22.87
721 0.0 0.3 1:22.87
721 0.0 0.3 1:22.87
721 5.6 0.3 1:22.88
721 0.0 0.3 1:22.88
721 0.0 0.3 1:22.88
721 0.0 0.3 1:22.88
721 0.0 0.3 1:22.89
721 0.0 0.3 1:22.90
721 0.0 0.3 1:22.91
721 0.0 0.3 1:22.91
721 0.0 0.3 1:22.92
721 0.0 0.3 1:22.92
721 0.0 0.3 1:22.92
721 0.0 0.3 1:22.92
721 0.0 0.3 1:22.92
721 0.0 0.3 1:22.92
721 0.0 0.3 1:22.92
721 0.0 0.3 1:22.92
721 0.0 0.3 1:22.92
721 0.0 0.3 1:22.93
721 0.0 0.3 1:22.93
721 0.0 0.3 1:22.93
721 0.0 0.3 1:22.93
721 0.0 0.3 1:22.93
721 0.0 0.3 1:22.93
721 0.0 0.3 1:22.94
721 0.0 0.3 1:22.94
721 0.0 0.3 1:22.94
721 0.0 0.3 1:22.94
721 5.6 0.3 1:22.95
721 0.0 0.3 1:22.95
721 0.0 0.3 1:22.95
721 0.0 0.3 1:22.95
721 0.0 0.3 1:22.95
721 0.0 0.3 1:22.95
721 0.0 0.3 1:22.95
721 0.0 0.3 1:22.96
721 0.0 0.3 1:22.96
721 0.0 0.3 1:22.96
721 0.0 0.3 1:22.96
721 0.0 0.3 1:22.96
721 0.0 0.3 1:22.96
721 0.0 0.3 1:22.96
721 0.0 0.3 1:22.97
721 0.0 0.3 1:22.97
721 0.0 0.3 1:22.98
721 5.9 0.3 1:22.99
721 0.0 0.3 1:22.99
721 0.0 0.3 1:22.99
721 11.1 0.3 1:23.01
721 0.0 0.3 1:23.01
721 0.0 0.3 1:23.01
721 0.0 0.3 1:23.01
721 0.0 0.3 1:23.01
721 0.0 0.3 1:23.01
721 0.0 0.3 1:23.01
721 0.0 0.3 1:23.03
721 0.0 0.3 1:23.03
721 0.0 0.3 1:23.04
721 0.0 0.3 1:23.04
721 0.0 0.3 1:23.05
721 0.0 0.3 1:23.05
721 0.0 0.3 1:23.06
721 0.0 0.3 1:23.07
721 5.6 0.3 1:23.08
721 0.0 0.3 1:23.08
721 0.0 0.3 1:23.09
721 5.9 0.3 1:23.10
721 0.0 0.3 1:23.10
721 0.0 0.3 1:23.10
721 0.0 0.3 1:23.10
721 0.0 0.3 1:23.10
721 0.0 0.3 1:23.10
721 0.0 0.3 1:23.10
721 0.0 0.3 1:23.10
721 0.0 0.3 1:23.10
721 0.0 0.3 1:23.10
721 0.0 0.3 1:23.10
721 0.0 0.3 1:23.10
721 0.0 0.3 1:23.10
721 0.0 0.3 1:23.10
721 0.0 0.3 1:23.10
721 0.0 0.3 1:23.10
721 0.0 0.3 1:23.10
721 0.0 0.3 1:23.10
721 0.0 0.3 1:23.10
721 0.0 0.3 1:23.10
