3553 5.0 0.2 0:00.73
3553 5.6 0.2 0:00.76
3553 0.0 0.2 0:00.76
3553 0.0 0.2 0:00.76
3553 0.0 0.2 0:00.76
3553 0.0 0.2 0:00.76
3553 0.0 0.2 0:00.76
3553 0.0 0.2 0:00.76
3553 0.0 0.2 0:00.76
3553 0.0 0.2 0:00.76
3553 0.0 0.2 0:00.76
3553 0.0 0.2 0:00.76
3553 0.0 0.2 0:00.76
3553 0.0 0.2 0:00.76
3553 0.0 0.2 0:00.76
3553 0.0 0.2 0:00.76
3553 0.0 0.2 0:00.76
3553 0.0 0.2 0:00.76
3553 0.0 0.2 0:00.76
3553 0.0 0.2 0:00.76
3553 0.0 0.2 0:00.76
3553 0.0 0.2 0:00.76
3553 0.0 0.2 0:00.76
3553 0.0 0.2 0:00.76
3553 0.0 0.2 0:00.76
3553 0.0 0.2 0:00.76
3553 0.0 0.2 0:00.76
3553 0.0 0.2 0:00.76
3553 0.0 0.2 0:00.76
3553 0.0 0.2 0:00.76
3553 0.0 0.2 0:00.76
3553 0.0 0.2 0:00.76
3553 0.0 0.2 0:00.76
3553 0.0 0.2 0:00.76
3553 0.0 0.2 0:00.76
3553 0.0 0.2 0:00.76
3553 0.0 0.2 0:00.76
3553 0.0 0.2 0:00.76
3553 0.0 0.2 0:00.76
3553 0.0 0.2 0:00.76
3553 0.0 0.2 0:00.76
3553 0.0 0.2 0:00.76
3553 0.0 0.2 0:00.76
3553 0.0 0.2 0:00.76
3553 0.0 0.2 0:00.76
3553 0.0 0.2 0:00.76
3553 0.0 0.2 0:00.76
3553 0.0 0.2 0:00.76
3553 0.0 0.2 0:00.76
3553 0.0 0.2 0:00.76
3553 0.0 0.2 0:00.76
3553 0.0 0.2 0:00.76
3553 0.0 0.2 0:00.76
3553 0.0 0.2 0:00.76
3553 0.0 0.2 0:00.76
3553 0.0 0.2 0:00.76
3553 0.0 0.2 0:00.76
3553 0.0 0.2 0:00.76
3553 0.0 0.2 0:00.76
3553 0.0 0.2 0:00.76
3553 0.0 0.2 0:00.77
3553 0.0 0.2 0:00.77
3553 0.0 0.2 0:00.77
3553 0.0 0.2 0:00.77
3553 0.0 0.2 0:00.77
3553 0.0 0.2 0:00.77
3553 0.0 0.2 0:00.77
3553 0.0 0.2 0:00.77
3553 0.0 0.2 0:00.77
3553 0.0 0.2 0:00.77
3553 0.0 0.2 0:00.77
3553 0.0 0.2 0:00.77
3553 0.0 0.2 0:00.77
3553 0.0 0.2 0:00.77
3553 0.0 0.2 0:00.77
3553 0.0 0.2 0:00.77
