706 10.5 0.3 0:47.51
706 0.0 0.3 0:47.54
706 0.0 0.3 0:47.54
706 0.0 0.3 0:47.54
706 0.0 0.3 0:47.54
706 10.5 0.3 0:47.62
706 10.5 0.3 0:47.72
706 11.1 0.3 0:47.83
706 15.8 0.3 0:47.96
706 15.8 0.3 0:48.09
706 15.0 0.3 0:48.23
706 10.5 0.3 0:48.33
706 10.0 0.3 0:48.46
706 0.0 0.3 0:48.49
706 0.0 0.3 0:48.50
706 0.0 0.3 0:48.50
706 0.0 0.3 0:48.50
706 0.0 0.3 0:48.50
706 0.0 0.3 0:48.50
706 0.0 0.3 0:48.50
706 0.0 0.3 0:48.50
706 0.0 0.3 0:48.50
706 0.0 0.3 0:48.50
706 0.0 0.3 0:48.50
706 0.0 0.3 0:48.50
706 0.0 0.3 0:48.50
706 0.0 0.3 0:48.50
706 0.0 0.3 0:48.50
706 0.0 0.3 0:48.50
706 0.0 0.3 0:48.50
706 0.0 0.3 0:48.50
706 0.0 0.3 0:48.50
