714 0.0 0.4 0:20.97
714 0.0 0.4 0:20.99
714 5.3 0.4 0:21.02
714 0.0 0.4 0:21.03
714 0.0 0.4 0:21.05
714 0.0 0.4 0:21.07
714 0.0 0.4 0:21.09
714 0.0 0.4 0:21.12
714 0.0 0.4 0:21.14
714 5.6 0.4 0:21.16
714 0.0 0.4 0:21.17
714 0.0 0.4 0:21.19
714 0.0 0.4 0:21.21
714 0.0 0.4 0:21.23
714 0.0 0.4 0:21.25
714 0.0 0.4 0:21.27
714 0.0 0.4 0:21.30
714 5.6 0.4 0:21.32
714 0.0 0.4 0:21.34
714 0.0 0.4 0:21.36
714 0.0 0.4 0:21.38
714 0.0 0.4 0:21.40
714 0.0 0.4 0:21.42
714 0.0 0.4 0:21.44
714 0.0 0.4 0:21.46
714 0.0 0.4 0:21.48
714 0.0 0.4 0:21.50
714 0.0 0.4 0:21.52
714 0.0 0.4 0:21.55
714 5.6 0.4 0:21.57
714 0.0 0.4 0:21.59
714 0.0 0.4 0:21.61
714 0.0 0.4 0:21.63
714 0.0 0.4 0:21.65
714 5.6 0.4 0:21.67
714 0.0 0.4 0:21.69
714 5.6 0.4 0:21.71
714 5.3 0.4 0:21.74
714 0.0 0.4 0:21.76
714 0.0 0.4 0:21.78
714 0.0 0.4 0:21.80
714 0.0 0.4 0:21.82
714 5.6 0.4 0:21.85
714 0.0 0.4 0:21.87
714 5.3 0.4 0:21.90
714 5.0 0.4 0:21.92
714 0.0 0.4 0:21.94
714 0.0 0.4 0:21.96
714 0.0 0.4 0:21.99
714 0.0 0.4 0:22.00
714 5.6 0.4 0:22.03
714 5.6 0.4 0:22.05
714 0.0 0.4 0:22.07
714 0.0 0.4 0:22.09
714 0.0 0.4 0:22.11
714 0.0 0.4 0:22.13
714 5.6 0.4 0:22.16
714 0.0 0.4 0:22.18
714 0.0 0.4 0:22.20
714 0.0 0.4 0:22.22
714 0.0 0.4 0:22.24
714 5.6 0.4 0:22.27
714 5.6 0.4 0:22.29
714 5.6 0.4 0:22.31
714 0.0 0.4 0:22.33
714 0.0 0.4 0:22.35
714 0.0 0.4 0:22.37
714 5.6 0.4 0:22.40
714 5.3 0.4 0:22.42
714 0.0 0.4 0:22.44
714 5.3 0.4 0:22.46
714 0.0 0.4 0:22.48
714 5.3 0.4 0:22.50
714 5.3 0.4 0:22.53
714 5.6 0.4 0:22.55
714 5.0 0.4 0:22.57
714 5.6 0.4 0:22.59
714 5.0 0.4 0:22.62
714 5.3 0.4 0:22.64
714 0.0 0.4 0:22.65
714 0.0 0.4 0:22.65
714 0.0 0.4 0:22.65
714 0.0 0.4 0:22.65
714 0.0 0.4 0:22.65
714 0.0 0.4 0:22.65
714 0.0 0.4 0:22.65
714 0.0 0.4 0:22.65
714 0.0 0.4 0:22.65
714 0.0 0.4 0:22.65
714 0.0 0.4 0:22.65
