714 0.0 0.4 0:27.76
714 0.0 0.4 0:27.77
714 0.0 0.4 0:27.80
714 0.0 0.4 0:27.82
714 5.6 0.4 0:27.84
714 0.0 0.4 0:27.85
714 0.0 0.4 0:27.87
714 5.6 0.4 0:27.89
714 5.3 0.4 0:27.91
714 0.0 0.4 0:27.92
714 0.0 0.4 0:27.94
714 0.0 0.4 0:27.96
714 0.0 0.4 0:27.99
714 5.6 0.4 0:28.01
714 5.6 0.4 0:28.04
714 0.0 0.4 0:28.06
714 5.6 0.4 0:28.09
714 5.6 0.4 0:28.11
714 5.6 0.4 0:28.13
714 5.6 0.4 0:28.15
714 5.6 0.4 0:28.17
714 0.0 0.4 0:28.19
714 5.3 0.4 0:28.22
714 5.9 0.4 0:28.24
714 5.3 0.4 0:28.26
714 0.0 0.4 0:28.27
714 0.0 0.4 0:28.29
714 5.6 0.4 0:28.31
714 5.3 0.4 0:28.33
714 0.0 0.4 0:28.35
714 0.0 0.4 0:28.37
714 5.3 0.4 0:28.39
714 5.6 0.4 0:28.41
714 0.0 0.4 0:28.43
714 5.6 0.4 0:28.46
714 5.6 0.4 0:28.49
714 0.0 0.4 0:28.51
714 0.0 0.4 0:28.53
714 0.0 0.4 0:28.55
714 10.5 0.4 0:28.59
714 5.3 0.4 0:28.61
714 0.0 0.4 0:28.62
714 0.0 0.4 0:28.64
714 0.0 0.4 0:28.66
27145 10.5 0.2 0:00.06
714 5.3 0.4 0:28.71
714 0.0 0.4 0:28.72
714 0.0 0.4 0:28.74
714 0.0 0.4 0:28.76
714 5.0 0.4 0:28.79
714 0.0 0.4 0:28.81
714 0.0 0.4 0:28.82
714 5.6 0.4 0:28.85
714 0.0 0.4 0:28.87
714 0.0 0.4 0:28.89
714 5.3 0.4 0:28.92
714 0.0 0.4 0:28.93
714 0.0 0.4 0:28.95
714 5.6 0.4 0:28.98
714 0.0 0.4 0:29.00
714 5.6 0.4 0:29.03
714 0.0 0.4 0:29.05
714 10.5 0.4 0:29.08
714 5.3 0.4 0:29.09
714 0.0 0.4 0:29.11
714 5.6 0.4 0:29.13
714 0.0 0.4 0:29.15
714 0.0 0.4 0:29.17
714 0.0 0.4 0:29.20
714 5.6 0.4 0:29.22
714 0.0 0.4 0:29.24
714 5.6 0.4 0:29.26
714 5.6 0.4 0:29.28
714 0.0 0.4 0:29.29
714 5.3 0.4 0:29.32
714 0.0 0.4 0:29.33
714 5.6 0.4 0:29.36
714 5.6 0.4 0:29.39
714 0.0 0.4 0:29.40
714 0.0 0.4 0:29.41
714 0.0 0.4 0:29.41
714 0.0 0.4 0:29.41
714 0.0 0.4 0:29.41
714 0.0 0.4 0:29.41
714 0.0 0.4 0:29.41
714 0.0 0.4 0:29.41
714 0.0 0.4 0:29.41
714 0.0 0.4 0:29.41
714 0.0 0.4 0:29.41
714 0.0 0.4 0:29.41
714 0.0 0.4 0:29.41
714 0.0 0.4 0:29.41
714 0.0 0.4 0:29.41
714 0.0 0.4 0:29.41
714 0.0 0.4 0:29.41
714 0.0 0.4 0:29.41
714 0.0 0.4 0:29.41
714 0.0 0.4 0:29.41
