714 0.0 0.4 0:13.41
714 0.0 0.4 0:13.44
714 0.0 0.4 0:13.46
714 0.0 0.4 0:13.49
KiB used, 475828 buff/cache
714 10.5 0.4 0:13.54
714 0.0 0.4 0:13.55
714 0.0 0.4 0:13.57
714 0.0 0.4 0:13.59
714 5.3 0.4 0:13.62
714 0.0 0.4 0:13.64
714 0.0 0.4 0:13.66
714 0.0 0.4 0:13.68
714 0.0 0.4 0:13.71
714 0.0 0.4 0:13.74
714 0.0 0.4 0:13.76
714 0.0 0.4 0:13.79
714 5.3 0.4 0:13.82
714 5.6 0.4 0:13.85
714 0.0 0.4 0:13.87
714 5.3 0.4 0:13.90
714 0.0 0.4 0:13.92
714 10.5 0.4 0:13.96
714 0.0 0.4 0:13.96
714 0.0 0.4 0:13.98
714 5.0 0.4 0:14.01
714 0.0 0.4 0:14.03
714 5.6 0.4 0:14.06
714 0.0 0.4 0:14.08
KiB used, 476288 buff/cache
714 5.6 0.4 0:14.13
714 0.0 0.4 0:14.16
714 5.6 0.4 0:14.18
714 5.6 0.4 0:14.20
714 5.6 0.4 0:14.22
714 5.3 0.4 0:14.25
714 0.0 0.4 0:14.27
714 0.0 0.4 0:14.29
714 0.0 0.4 0:14.31
714 5.0 0.4 0:14.34
714 0.0 0.4 0:14.35
714 0.0 0.4 0:14.38
714 0.0 0.4 0:14.40
714 5.3 0.4 0:14.43
714 0.0 0.4 0:14.45
714 5.0 0.4 0:14.48
714 0.0 0.4 0:14.50
714 5.6 0.4 0:14.53
714 0.0 0.4 0:14.55
714 5.6 0.4 0:14.57
714 5.3 0.4 0:14.59
714 0.0 0.4 0:14.61
714 0.0 0.4 0:14.63
714 5.3 0.4 0:14.66
714 0.0 0.4 0:14.68
714 0.0 0.4 0:14.71
714 5.6 0.4 0:14.73
714 5.3 0.4 0:14.76
714 5.6 0.4 0:14.78
714 5.6 0.4 0:14.81
714 5.3 0.4 0:14.83
714 5.6 0.4 0:14.85
714 0.0 0.4 0:14.87
714 0.0 0.4 0:14.89
714 0.0 0.4 0:14.91
714 0.0 0.4 0:14.93
714 0.0 0.4 0:14.95
714 0.0 0.4 0:14.98
714 5.3 0.4 0:15.00
714 0.0 0.4 0:15.02
714 0.0 0.4 0:15.05
714 0.0 0.4 0:15.07
714 5.6 0.4 0:15.10
714 0.0 0.4 0:15.12
714 5.0 0.4 0:15.15
KiB used, 477140 buff/cache
714 5.6 0.4 0:15.20
714 5.3 0.4 0:15.22
714 0.0 0.4 0:15.24
714 0.0 0.4 0:15.25
714 0.0 0.4 0:15.26
714 0.0 0.4 0:15.26
714 0.0 0.4 0:15.26
714 0.0 0.4 0:15.26
714 0.0 0.4 0:15.26
714 0.0 0.4 0:15.26
714 0.0 0.4 0:15.26
714 0.0 0.4 0:15.26
714 0.0 0.4 0:15.26
714 0.0 0.4 0:15.26
714 0.0 0.4 0:15.26
714 0.0 0.4 0:15.26
714 0.0 0.4 0:15.26
