714 0.0 0.4 0:34.32
714 0.0 0.4 0:34.35
714 0.0 0.4 0:34.37
714 0.0 0.4 0:34.39
714 0.0 0.4 0:34.41
714 0.0 0.4 0:34.43
714 0.0 0.4 0:34.45
714 0.0 0.4 0:34.45
714 0.0 0.4 0:34.45
714 0.0 0.4 0:34.45
714 0.0 0.4 0:34.45
714 0.0 0.4 0:34.45
714 0.0 0.4 0:34.45
714 0.0 0.4 0:34.45
714 0.0 0.4 0:34.45
714 0.0 0.4 0:34.45
714 0.0 0.4 0:34.45
714 0.0 0.4 0:34.46
714 0.0 0.4 0:34.46
KiB used, 497148 buff/cache
714 0.0 0.4 0:34.49
714 0.0 0.4 0:34.52
714 5.3 0.4 0:34.55
714 0.0 0.4 0:34.57
714 5.6 0.4 0:34.59
714 0.0 0.4 0:34.59
714 0.0 0.4 0:34.59
714 0.0 0.4 0:34.59
714 0.0 0.4 0:34.59
714 0.0 0.4 0:34.59
714 0.0 0.4 0:34.59
714 0.0 0.4 0:34.59
714 0.0 0.4 0:34.59
714 0.0 0.4 0:34.59
714 0.0 0.4 0:34.59
714 5.3 0.4 0:34.60
714 0.0 0.4 0:34.60
714 0.0 0.4 0:34.62
714 5.6 0.4 0:34.64
714 0.0 0.4 0:34.66
714 0.0 0.4 0:34.67
714 0.0 0.4 0:34.68
714 0.0 0.4 0:34.68
714 0.0 0.4 0:34.69
714 0.0 0.4 0:34.69
714 0.0 0.4 0:34.69
714 0.0 0.4 0:34.69
714 0.0 0.4 0:34.69
714 0.0 0.4 0:34.69
714 0.0 0.4 0:34.69
714 0.0 0.4 0:34.69
714 0.0 0.4 0:34.69
714 0.0 0.4 0:34.69
714 0.0 0.4 0:34.69
714 5.6 0.4 0:34.71
714 0.0 0.4 0:34.71
714 0.0 0.4 0:34.71
714 0.0 0.4 0:34.72
714 0.0 0.4 0:34.73
714 0.0 0.4 0:34.75
714 0.0 0.4 0:34.76
714 0.0 0.4 0:34.77
714 0.0 0.4 0:34.77
714 0.0 0.4 0:34.77
714 0.0 0.4 0:34.77
714 0.0 0.4 0:34.77
714 0.0 0.4 0:34.77
714 0.0 0.4 0:34.77
714 0.0 0.4 0:34.77
714 0.0 0.4 0:34.77
714 5.6 0.4 0:34.78
714 0.0 0.4 0:34.78
714 5.6 0.4 0:34.80
714 0.0 0.4 0:34.80
714 5.6 0.4 0:34.81
714 11.1 0.4 0:34.84
714 0.0 0.4 0:34.85
714 11.1 0.4 0:34.90
714 5.3 0.4 0:34.93
714 0.0 0.4 0:34.93
714 0.0 0.4 0:34.94
714 0.0 0.4 0:34.94
714 0.0 0.4 0:34.94
714 0.0 0.4 0:34.94
714 0.0 0.4 0:34.94
714 0.0 0.4 0:34.94
714 0.0 0.4 0:34.94
714 0.0 0.4 0:34.94
714 0.0 0.4 0:34.94
714 0.0 0.4 0:34.94
4714 11.1 0.2 0:00.04
714 5.6 0.4 0:34.96
714 0.0 0.4 0:34.96
714 0.0 0.4 0:34.96
714 0.0 0.4 0:34.97
714 0.0 0.4 0:34.97
714 0.0 0.4 0:34.98
714 0.0 0.4 0:34.99
714 0.0 0.4 0:34.99
714 0.0 0.4 0:34.99
714 0.0 0.4 0:34.99
714 0.0 0.4 0:34.99
714 0.0 0.4 0:34.99
714 0.0 0.4 0:34.99
714 0.0 0.4 0:34.99
714 0.0 0.4 0:34.99
714 0.0 0.4 0:34.99
714 0.0 0.4 0:34.99
714 0.0 0.4 0:34.99
714 0.0 0.4 0:35.00
714 0.0 0.4 0:35.00
714 0.0 0.4 0:35.01
714 0.0 0.4 0:35.01
714 11.1 0.4 0:35.03
714 0.0 0.4 0:35.03
714 5.9 0.4 0:35.04
714 0.0 0.4 0:35.05
714 0.0 0.4 0:35.05
714 0.0 0.4 0:35.05
714 0.0 0.4 0:35.05
714 0.0 0.4 0:35.05
714 0.0 0.4 0:35.05
714 0.0 0.4 0:35.05
714 0.0 0.4 0:35.05
714 0.0 0.4 0:35.05
714 0.0 0.4 0:35.05
714 0.0 0.4 0:35.06
714 0.0 0.4 0:35.06
714 0.0 0.4 0:35.06
714 5.3 0.4 0:35.08
714 0.0 0.4 0:35.09
714 0.0 0.4 0:35.10
714 0.0 0.4 0:35.11
714 0.0 0.4 0:35.14
714 11.1 0.4 0:35.16
714 0.0 0.4 0:35.16
714 0.0 0.4 0:35.16
714 0.0 0.4 0:35.16
714 0.0 0.4 0:35.16
714 0.0 0.4 0:35.16
714 0.0 0.4 0:35.16
714 0.0 0.4 0:35.16
714 0.0 0.4 0:35.16
714 0.0 0.4 0:35.16
714 0.0 0.4 0:35.16
714 0.0 0.4 0:35.16
714 0.0 0.4 0:35.19
714 5.6 0.4 0:35.21
714 0.0 0.4 0:35.21
714 5.0 0.4 0:35.23
714 0.0 0.4 0:35.23
714 0.0 0.4 0:35.27
714 0.0 0.4 0:35.29
714 0.0 0.4 0:35.29
714 0.0 0.4 0:35.29
714 0.0 0.4 0:35.29
714 0.0 0.4 0:35.29
714 0.0 0.4 0:35.29
714 0.0 0.4 0:35.29
714 0.0 0.4 0:35.29
714 0.0 0.4 0:35.29
714 5.6 0.4 0:35.30
714 0.0 0.4 0:35.30
714 0.0 0.4 0:35.30
714 0.0 0.4 0:35.31
714 0.0 0.4 0:35.32
714 0.0 0.4 0:35.34
714 5.3 0.4 0:35.36
714 0.0 0.4 0:35.37
714 0.0 0.4 0:35.39
714 0.0 0.4 0:35.39
714 0.0 0.4 0:35.40
714 0.0 0.4 0:35.40
714 0.0 0.4 0:35.40
714 0.0 0.4 0:35.40
714 0.0 0.4 0:35.40
714 0.0 0.4 0:35.40
714 0.0 0.4 0:35.40
714 0.0 0.4 0:35.40
714 0.0 0.4 0:35.40
714 0.0 0.4 0:35.41
714 0.0 0.4 0:35.41
714 0.0 0.4 0:35.42
714 0.0 0.4 0:35.42
714 5.6 0.4 0:35.44
714 5.3 0.4 0:35.45
714 0.0 0.4 0:35.48
714 5.6 0.4 0:35.50
714 0.0 0.4 0:35.51
714 0.0 0.4 0:35.51
714 0.0 0.4 0:35.52
714 0.0 0.4 0:35.52
714 0.0 0.4 0:35.52
714 0.0 0.4 0:35.52
714 0.0 0.4 0:35.52
714 0.0 0.4 0:35.52
714 0.0 0.4 0:35.52
714 0.0 0.4 0:35.52
714 0.0 0.4 0:35.52
714 0.0 0.4 0:35.54
714 0.0 0.4 0:35.54
714 0.0 0.4 0:35.54
714 0.0 0.4 0:35.54
714 0.0 0.4 0:35.54
714 0.0 0.4 0:35.54
714 0.0 0.4 0:35.54
714 0.0 0.4 0:35.54
714 0.0 0.4 0:35.54
714 0.0 0.4 0:35.54
714 0.0 0.4 0:35.54
714 0.0 0.4 0:35.54
714 0.0 0.4 0:35.54
714 0.0 0.4 0:35.54
714 0.0 0.4 0:35.54
714 0.0 0.4 0:35.54
714 0.0 0.4 0:35.54
714 0.0 0.4 0:35.54
714 0.0 0.4 0:35.54
714 0.0 0.4 0:35.54
