715 5.3 0.4 0:28.07
715 5.3 0.4 0:28.09
715 0.0 0.4 0:28.10
715 5.6 0.4 0:28.13
715 0.0 0.4 0:28.15
715 5.0 0.4 0:28.18
715 5.6 0.4 0:28.21
715 5.3 0.4 0:28.23
715 5.3 0.4 0:28.26
715 0.0 0.4 0:28.28
715 0.0 0.4 0:28.30
715 0.0 0.4 0:28.33
715 5.6 0.4 0:28.35
715 0.0 0.4 0:28.37
715 0.0 0.4 0:28.39
715 0.0 0.4 0:28.41
715 0.0 0.4 0:28.43
715 0.0 0.4 0:28.45
715 0.0 0.4 0:28.48
715 5.3 0.4 0:28.50
715 0.0 0.4 0:28.53
715 0.0 0.4 0:28.56
715 0.0 0.4 0:28.56
715 0.0 0.4 0:28.60
715 0.0 0.4 0:28.61
715 0.0 0.4 0:28.63
715 0.0 0.4 0:28.65
715 5.9 0.4 0:28.68
715 5.6 0.4 0:28.70
715 5.3 0.4 0:28.73
715 0.0 0.4 0:28.75
715 0.0 0.4 0:28.77
715 0.0 0.4 0:28.79
715 5.0 0.4 0:28.82
715 5.0 0.4 0:28.84
715 0.0 0.4 0:28.86
715 0.0 0.4 0:28.88
715 0.0 0.4 0:28.91
715 4.8 0.4 0:28.93
715 5.6 0.4 0:28.96
715 0.0 0.4 0:28.98
715 5.6 0.4 0:29.01
715 5.3 0.4 0:29.03
715 0.0 0.4 0:29.05
715 5.0 0.4 0:29.08
715 0.0 0.4 0:29.10
715 0.0 0.4 0:29.13
715 0.0 0.4 0:29.16
715 0.0 0.4 0:29.18
715 5.6 0.4 0:29.21
715 0.0 0.4 0:29.23
715 0.0 0.4 0:29.25
715 0.0 0.4 0:29.27
715 0.0 0.4 0:29.29
715 0.0 0.4 0:29.31
715 5.0 0.4 0:29.34
715 5.0 0.4 0:29.37
715 5.6 0.4 0:29.39
715 5.6 0.4 0:29.42
715 5.3 0.4 0:29.45
715 5.3 0.4 0:29.47
715 5.6 0.4 0:29.49
715 5.0 0.4 0:29.51
715 0.0 0.4 0:29.53
715 0.0 0.4 0:29.56
715 0.0 0.4 0:29.58
715 0.0 0.4 0:29.60
715 0.0 0.4 0:29.63
715 0.0 0.4 0:29.64
715 0.0 0.4 0:29.66
715 0.0 0.4 0:29.69
715 5.6 0.4 0:29.72
715 0.0 0.4 0:29.74
715 0.0 0.4 0:29.76
715 0.0 0.4 0:29.78
715 5.6 0.4 0:29.81
715 5.3 0.4 0:29.84
715 0.0 0.4 0:29.86
715 0.0 0.4 0:29.89
715 0.0 0.4 0:29.90
715 0.0 0.4 0:29.90
715 0.0 0.4 0:29.90
715 0.0 0.4 0:29.90
715 0.0 0.4 0:29.90
715 0.0 0.4 0:29.90
715 0.0 0.4 0:29.90
715 0.0 0.4 0:29.90
715 0.0 0.4 0:29.90
715 0.0 0.4 0:29.90
715 0.0 0.4 0:29.90
715 0.0 0.4 0:29.90
