716 5.6 0.4 0:56.14
716 5.6 0.4 0:56.17
716 0.0 0.4 0:56.21
716 0.0 0.4 0:56.24
716 5.3 0.4 0:56.29
716 10.5 0.4 0:56.34
716 0.0 0.4 0:56.36
716 0.0 0.4 0:56.36
716 0.0 0.4 0:56.36
716 0.0 0.4 0:56.36
716 0.0 0.4 0:56.36
716 0.0 0.4 0:56.36
716 0.0 0.4 0:56.36
716 0.0 0.4 0:56.36
716 0.0 0.4 0:56.37
716 0.0 0.4 0:56.37
716 0.0 0.4 0:56.37
716 0.0 0.4 0:56.37
716 0.0 0.4 0:56.37
716 10.0 0.4 0:56.42
716 0.0 0.4 0:56.44
716 5.6 0.4 0:56.48
716 0.0 0.4 0:56.51
716 0.0 0.4 0:56.54
716 5.3 0.4 0:56.56
716 0.0 0.4 0:56.56
716 0.0 0.4 0:56.56
716 0.0 0.4 0:56.56
716 0.0 0.4 0:56.56
716 0.0 0.4 0:56.56
716 0.0 0.4 0:56.56
716 0.0 0.4 0:56.56
716 0.0 0.4 0:56.56
716 0.0 0.4 0:56.56
716 0.0 0.4 0:56.56
716 0.0 0.4 0:56.57
716 0.0 0.4 0:56.57
716 5.3 0.4 0:56.60
716 0.0 0.4 0:56.61
716 0.0 0.4 0:56.63
716 0.0 0.4 0:56.64
716 5.6 0.4 0:56.66
716 0.0 0.4 0:56.67
716 0.0 0.4 0:56.70
716 0.0 0.4 0:56.70
716 0.0 0.4 0:56.70
716 0.0 0.4 0:56.70
716 0.0 0.4 0:56.70
716 0.0 0.4 0:56.70
716 0.0 0.4 0:56.70
716 0.0 0.4 0:56.70
716 0.0 0.4 0:56.70
716 0.0 0.4 0:56.70
716 0.0 0.4 0:56.70
716 0.0 0.4 0:56.71
716 0.0 0.4 0:56.73
716 0.0 0.4 0:56.76
716 5.0 0.4 0:56.80
716 5.6 0.4 0:56.83
716 4.8 0.4 0:56.85
716 0.0 0.4 0:56.88
716 0.0 0.4 0:56.88
716 0.0 0.4 0:56.91
716 0.0 0.4 0:56.91
716 0.0 0.4 0:56.91
716 0.0 0.4 0:56.91
716 0.0 0.4 0:56.91
716 0.0 0.4 0:56.91
716 0.0 0.4 0:56.91
716 0.0 0.4 0:56.91
27165 11.1 0.2 0:00.04
716 0.0 0.4 0:56.91
716 0.0 0.4 0:56.91
716 0.0 0.4 0:56.91
716 0.0 0.4 0:56.92
716 0.0 0.4 0:56.96
716 0.0 0.4 0:57.00
716 0.0 0.4 0:57.03
716 0.0 0.4 0:57.04
716 0.0 0.4 0:57.06
716 0.0 0.4 0:57.06
716 0.0 0.4 0:57.06
716 0.0 0.4 0:57.06
716 0.0 0.4 0:57.06
716 0.0 0.4 0:57.06
716 0.0 0.4 0:57.06
716 0.0 0.4 0:57.06
716 0.0 0.4 0:57.06
716 0.0 0.4 0:57.06
716 0.0 0.4 0:57.08
716 0.0 0.4 0:57.08
716 0.0 0.4 0:57.09
716 5.3 0.4 0:57.11
716 5.6 0.4 0:57.14
716 5.6 0.4 0:57.17
716 10.0 0.4 0:57.19
716 0.0 0.4 0:57.19
716 0.0 0.4 0:57.23
716 5.3 0.4 0:57.24
716 0.0 0.4 0:57.24
716 0.0 0.4 0:57.24
716 0.0 0.4 0:57.24
716 0.0 0.4 0:57.24
716 0.0 0.4 0:57.24
716 0.0 0.4 0:57.24
716 0.0 0.4 0:57.24
716 0.0 0.4 0:57.25
716 0.0 0.4 0:57.25
716 0.0 0.4 0:57.27
716 5.0 0.4 0:57.28
716 5.3 0.4 0:57.31
716 5.3 0.4 0:57.34
716 0.0 0.4 0:57.37
716 0.0 0.4 0:57.39
716 0.0 0.4 0:57.44
716 0.0 0.4 0:57.45
716 0.0 0.4 0:57.47
716 0.0 0.4 0:57.47
716 0.0 0.4 0:57.47
716 0.0 0.4 0:57.47
716 0.0 0.4 0:57.47
716 0.0 0.4 0:57.47
716 0.0 0.4 0:57.47
716 0.0 0.4 0:57.47
716 0.0 0.4 0:57.47
716 5.6 0.4 0:57.48
716 0.0 0.4 0:57.48
716 0.0 0.4 0:57.49
716 0.0 0.4 0:57.50
716 0.0 0.4 0:57.52
716 0.0 0.4 0:57.53
716 0.0 0.4 0:57.54
716 5.6 0.4 0:57.56
716 0.0 0.4 0:57.56
716 0.0 0.4 0:57.58
716 0.0 0.4 0:57.59
716 0.0 0.4 0:57.59
716 0.0 0.4 0:57.59
716 0.0 0.4 0:57.59
716 0.0 0.4 0:57.59
716 0.0 0.4 0:57.59
716 0.0 0.4 0:57.59
716 5.3 0.4 0:57.60
716 0.0 0.4 0:57.60
716 0.0 0.4 0:57.61
716 0.0 0.4 0:57.62
716 5.3 0.4 0:57.65
716 11.1 0.4 0:57.67
716 5.3 0.4 0:57.68
716 5.3 0.4 0:57.72
716 5.3 0.4 0:57.74
716 5.0 0.4 0:57.76
716 0.0 0.4 0:57.77
716 0.0 0.4 0:57.78
716 0.0 0.4 0:57.78
716 0.0 0.4 0:57.78
716 0.0 0.4 0:57.78
716 0.0 0.4 0:57.78
716 0.0 0.4 0:57.78
716 0.0 0.4 0:57.78
716 0.0 0.4 0:57.78
716 0.0 0.4 0:57.81
716 0.0 0.4 0:57.81
716 0.0 0.4 0:57.81
716 5.3 0.4 0:57.84
716 5.6 0.4 0:57.85
716 0.0 0.4 0:57.87
716 0.0 0.4 0:57.88
716 5.6 0.4 0:57.90
716 5.0 0.4 0:57.96
716 0.0 0.4 0:57.99
716 0.0 0.4 0:57.99
716 0.0 0.4 0:57.99
716 0.0 0.4 0:57.99
716 0.0 0.4 0:57.99
716 0.0 0.4 0:57.99
716 0.0 0.4 0:57.99
716 0.0 0.4 0:57.99
716 0.0 0.4 0:57.99
716 5.6 0.4 0:58.02
716 5.3 0.4 0:58.03
716 5.3 0.4 0:58.05
716 5.6 0.4 0:58.06
716 0.0 0.4 0:58.08
716 5.6 0.4 0:58.12
716 5.0 0.4 0:58.14
716 5.0 0.4 0:58.18
716 0.0 0.4 0:58.20
716 0.0 0.4 0:58.23
716 5.3 0.4 0:58.24
716 0.0 0.4 0:58.25
716 0.0 0.4 0:58.25
716 0.0 0.4 0:58.25
716 0.0 0.4 0:58.25
716 0.0 0.4 0:58.25
716 0.0 0.4 0:58.26
716 0.0 0.4 0:58.26
716 5.3 0.4 0:58.27
716 5.6 0.4 0:58.29
716 0.0 0.4 0:58.29
716 0.0 0.4 0:58.29
716 0.0 0.4 0:58.29
716 0.0 0.4 0:58.29
716 0.0 0.4 0:58.29
716 0.0 0.4 0:58.29
716 0.0 0.4 0:58.29
320 0.0 0.0 0:00.00
716 0.0 0.4 0:58.29
716 0.0 0.4 0:58.29
432 0.0 0.1 0:00.00
502 0.0 0.0 0:00.00
535 0.0 0.0 0:00.00
716 0.0 0.4 0:58.29
716 0.0 0.4 0:58.29
716 0.0 0.4 0:58.29
716 0.0 0.4 0:58.29
716 0.0 0.4 0:58.29
716 0.0 0.4 0:58.29
