717 0.0 0.4 0:31.95
717 5.6 0.4 0:31.98
717 0.0 0.4 0:32.00
717 5.6 0.4 0:32.03
717 0.0 0.4 0:32.05
717 5.6 0.4 0:32.09
21717 14.3 0.2 0:00.07
717 0.0 0.4 0:32.13
717 0.0 0.4 0:32.16
717 0.0 0.4 0:32.19
717 0.0 0.4 0:32.21
717 5.3 0.4 0:32.24
717 5.6 0.4 0:32.27
717 5.0 0.4 0:32.29
717 5.0 0.4 0:32.32
717 0.0 0.4 0:32.35
717 0.0 0.4 0:32.37
717 0.0 0.4 0:32.41
717 5.6 0.4 0:32.43
717 5.6 0.4 0:32.46
717 4.8 0.4 0:32.49
717 4.8 0.4 0:32.51
717 4.5 0.4 0:32.54
717 0.0 0.4 0:32.57
717 0.0 0.4 0:32.60
717 0.0 0.4 0:32.62
717 0.0 0.4 0:32.64
717 0.0 0.4 0:32.66
717 0.0 0.4 0:32.68
717 10.5 0.4 0:32.72
22717 16.7 0.2 0:00.03
717 0.0 0.4 0:32.78
717 0.0 0.4 0:32.80
717 0.0 0.4 0:32.82
717 0.0 0.4 0:32.85
717 0.0 0.4 0:32.87
717 0.0 0.4 0:32.90
717 0.0 0.4 0:32.93
717 0.0 0.4 0:32.95
717 0.0 0.4 0:32.97
717 0.0 0.4 0:33.00
717 0.0 0.4 0:33.02
717 4.8 0.4 0:33.05
717 5.6 0.4 0:33.08
717 5.6 0.4 0:33.11
717 0.0 0.4 0:33.14
717 0.0 0.4 0:33.16
717 0.0 0.4 0:33.19
717 5.6 0.4 0:33.22
717 9.5 0.4 0:33.26
717 0.0 0.4 0:33.27
717 0.0 0.4 0:33.30
717 4.8 0.4 0:33.33
717 5.3 0.4 0:33.35
23717 16.7 0.2 0:00.03
717 0.0 0.4 0:33.40
717 0.0 0.4 0:33.43
717 0.0 0.4 0:33.46
717 0.0 0.4 0:33.48
717 0.0 0.4 0:33.50
717 5.6 0.4 0:33.53
717 5.6 0.4 0:33.56
717 0.0 0.4 0:33.58
717 5.6 0.4 0:33.61
717 0.0 0.4 0:33.63
717 0.0 0.4 0:33.67
717 0.0 0.4 0:33.69
717 5.6 0.4 0:33.72
717 0.0 0.4 0:33.74
717 0.0 0.4 0:33.77
717 5.3 0.4 0:33.79
717 0.0 0.4 0:33.81
717 0.0 0.4 0:33.84
717 0.0 0.4 0:33.87
717 5.6 0.4 0:33.91
717 5.6 0.4 0:33.93
717 9.5 0.4 0:33.97
717 0.0 0.4 0:33.98
24717 15.0 0.2 0:00.03
717 0.0 0.4 0:34.02
717 0.0 0.4 0:34.02
717 0.0 0.4 0:34.02
717 0.0 0.4 0:34.02
717 0.0 0.4 0:34.02
717 0.0 0.4 0:34.02
717 0.0 0.4 0:34.02
717 0.0 0.4 0:34.02
717 0.0 0.4 0:34.02
717 0.0 0.4 0:34.02
717 0.0 0.4 0:34.02
717 0.0 0.4 0:34.02
