579 0.0 0.9 0:00.47
579 0.0 0.9 0:00.47
579 0.0 0.9 0:00.47
579 0.0 0.9 0:00.47
579 0.0 0.9 0:00.47
579 0.0 0.9 0:00.47
579 0.0 0.9 0:00.47
579 0.0 0.9 0:00.47
579 0.0 0.9 0:00.47
579 0.0 0.9 0:00.47
579 0.0 0.9 0:00.47
579 0.0 0.9 0:00.47
579 0.0 0.9 0:00.47
579 0.0 0.9 0:00.47
579 0.0 0.9 0:00.47
579 0.0 0.9 0:00.47
579 0.0 0.9 0:00.47
579 0.0 0.9 0:00.47
579 0.0 0.9 0:00.47
579 0.0 0.9 0:00.47
579 0.0 0.9 0:00.47
579 0.0 0.9 0:00.47
579 0.0 0.9 0:00.47
579 0.0 0.9 0:00.47
579 0.0 0.9 0:00.47
579 0.0 0.9 0:00.47
579 0.0 0.9 0:00.47
579 0.0 0.9 0:00.47
579 0.0 0.9 0:00.47
579 0.0 0.9 0:00.47
579 0.0 0.9 0:00.47
579 0.0 0.9 0:00.47
579 0.0 0.9 0:00.47
579 0.0 0.9 0:00.47
