712 10.5 0.3 0:09.77
712 5.6 0.3 0:09.79
712 0.0 0.3 0:09.79
712 0.0 0.3 0:09.81
712 0.0 0.3 0:09.81
712 0.0 0.3 0:09.81
712 0.0 0.3 0:09.81
712 0.0 0.3 0:09.81
712 0.0 0.3 0:09.81
712 0.0 0.3 0:09.81
712 0.0 0.3 0:09.81
712 0.0 0.3 0:09.81
712 0.0 0.3 0:09.81
712 18.2 0.3 0:09.94
712 21.1 0.3 0:10.09
712 26.3 0.3 0:10.28
KiB 1537120 avail Mem
712 22.2 0.3 0:10.68
712 13.6 0.3 0:10.87
712 11.1 0.3 0:11.06
712 0.0 0.3 0:11.19
712 0.0 0.3 0:11.20
712 0.0 0.3 0:11.20
712 0.0 0.3 0:11.20
712 0.0 0.3 0:11.20
712 0.0 0.3 0:11.20
712 0.0 0.3 0:11.20
712 0.0 0.3 0:11.20
712 0.0 0.3 0:11.20
712 0.0 0.3 0:11.20
712 0.0 0.3 0:11.20
712 0.0 0.3 0:11.20
712 0.0 0.3 0:11.20
712 0.0 0.3 0:11.20
712 0.0 0.3 0:11.20
712 0.0 0.3 0:11.20
712 0.0 0.3 0:11.20
712 0.0 0.3 0:11.20
KiB 1537128 avail Mem
712 0.0 0.3 0:11.20
712 0.0 0.3 0:11.20
712 0.0 0.3 0:11.20
712 0.0 0.3 0:11.20
712 0.0 0.3 0:11.20
712 0.0 0.3 0:11.20
712 0.0 0.3 0:11.20
712 0.0 0.3 0:11.20
712 0.0 0.3 0:11.20
712 0.0 0.3 0:11.20
712 0.0 0.3 0:11.20
712 0.0 0.3 0:11.20
712 0.0 0.3 0:11.20
712 0.0 0.3 0:11.20
712 0.0 0.3 0:11.20
712 0.0 0.3 0:11.20
712 0.0 0.3 0:11.20
712 0.0 0.3 0:11.20
712 0.0 0.3 0:11.20
712 0.0 0.3 0:11.20
712 0.0 0.3 0:11.20
712 0.0 0.3 0:11.20
712 0.0 0.3 0:11.20
712 0.0 0.3 0:11.20
712 0.0 0.3 0:11.20
712 0.0 0.3 0:11.20
712 0.0 0.3 0:11.20
712 0.0 0.3 0:11.20
712 0.0 0.3 0:11.20
712 0.0 0.3 0:11.20
712 0.0 0.3 0:11.20
