714 10.0 0.3 0:28.77
714 5.6 0.3 0:28.82
714 0.0 0.3 0:28.83
714 0.0 0.3 0:28.84
714 0.0 0.3 0:28.84
714 0.0 0.3 0:28.84
714 14.3 0.3 0:28.91
714 13.6 0.3 0:29.08
714 22.2 0.3 0:29.23
714 20.0 0.3 0:29.41
714 18.2 0.3 0:29.59
714 15.0 0.3 0:29.76
714 9.5 0.3 0:29.94
714 21.1 0.3 0:30.12
714 0.0 0.3 0:30.18
714 0.0 0.3 0:30.18
714 0.0 0.3 0:30.18
714 0.0 0.3 0:30.18
714 0.0 0.3 0:30.18
714 0.0 0.3 0:30.18
714 0.0 0.3 0:30.18
714 0.0 0.3 0:30.18
714 0.0 0.3 0:30.18
714 0.0 0.3 0:30.18
714 0.0 0.3 0:30.18
714 0.0 0.3 0:30.18
714 0.0 0.3 0:30.18
714 0.0 0.3 0:30.18
714 0.0 0.3 0:30.18
714 0.0 0.3 0:30.18
714 0.0 0.3 0:30.18
714 0.0 0.3 0:30.18
714 0.0 0.3 0:30.18
714 0.0 0.3 0:30.18
