708 0.0 0.4 0:05.73
708 0.0 0.4 0:05.76
708 10.0 0.4 0:05.78
708 0.0 0.4 0:05.78
708 0.0 0.4 0:05.80
708 0.0 0.4 0:05.82
708 0.0 0.4 0:05.84
17082 5.6 0.2 0:00.04
708 0.0 0.4 0:05.88
708 0.0 0.4 0:05.90
708 5.3 0.4 0:05.92
708 5.6 0.4 0:05.94
708 5.3 0.4 0:05.96
708 0.0 0.4 0:05.97
708 0.0 0.4 0:05.99
708 0.0 0.4 0:06.00
708 0.0 0.4 0:06.02
708 0.0 0.4 0:06.04
708 0.0 0.4 0:06.05
708 0.0 0.4 0:06.07
708 5.0 0.4 0:06.09
708 5.3 0.4 0:06.11
708 0.0 0.4 0:06.13
708 0.0 0.4 0:06.15
708 0.0 0.4 0:06.17
708 0.0 0.4 0:06.18
708 0.0 0.4 0:06.19
708 0.0 0.4 0:06.21
708 0.0 0.4 0:06.23
708 0.0 0.4 0:06.25
708 0.0 0.4 0:06.27
708 0.0 0.4 0:06.28
708 0.0 0.4 0:06.30
708 0.0 0.4 0:06.32
708 5.6 0.4 0:06.34
708 5.3 0.4 0:06.36
708 5.6 0.4 0:06.39
708 5.6 0.4 0:06.41
708 0.0 0.4 0:06.42
708 0.0 0.4 0:06.44
708 5.6 0.4 0:06.46
708 0.0 0.4 0:06.47
708 0.0 0.4 0:06.49
708 0.0 0.4 0:06.51
708 0.0 0.4 0:06.53
708 5.3 0.4 0:06.55
708 0.0 0.4 0:06.56
708 5.6 0.4 0:06.58
708 0.0 0.4 0:06.59
708 0.0 0.4 0:06.61
708 0.0 0.4 0:06.63
708 0.0 0.4 0:06.65
708 0.0 0.4 0:06.66
708 0.0 0.4 0:06.68
708 5.6 0.4 0:06.70
708 0.0 0.4 0:06.71
708 0.0 0.4 0:06.72
708 0.0 0.4 0:06.74
708 5.3 0.4 0:06.76
708 5.3 0.4 0:06.78
708 0.0 0.4 0:06.79
708 0.0 0.4 0:06.81
708 0.0 0.4 0:06.82
708 0.0 0.4 0:06.84
708 0.0 0.4 0:06.86
708 0.0 0.4 0:06.87
708 0.0 0.4 0:06.89
708 0.0 0.4 0:06.92
708 0.0 0.4 0:06.94
708 0.0 0.4 0:06.95
708 0.0 0.4 0:06.98
708 0.0 0.4 0:07.00
708 0.0 0.4 0:07.03
708 0.0 0.4 0:07.03
708 5.6 0.4 0:07.05
708 0.0 0.4 0:07.07
708 0.0 0.4 0:07.10
708 0.0 0.4 0:07.10
708 0.0 0.4 0:07.13
KiB used, 313708 buff/cache
708 0.0 0.4 0:07.15
708 0.0 0.4 0:07.15
708 0.0 0.4 0:07.15
708 0.0 0.4 0:07.15
708 0.0 0.4 0:07.15
708 0.0 0.4 0:07.15
708 0.0 0.4 0:07.15
