709 0.0 0.4 0:00.01
709 0.0 0.4 0:00.03
709 0.0 0.4 0:00.05
709 0.0 0.4 0:00.07
709 5.3 0.4 0:00.09
709 5.6 0.4 0:00.11
709 0.0 0.4 0:00.12
709 0.0 0.4 0:00.14
709 4.8 0.4 0:00.16
709 0.0 0.4 0:00.17
709 0.0 0.4 0:00.19
709 0.0 0.4 0:00.21
709 0.0 0.4 0:00.25
709 5.6 0.4 0:00.27
709 0.0 0.4 0:00.29
709 0.0 0.4 0:00.30
709 0.0 0.4 0:00.32
709 5.3 0.4 0:00.34
709 0.0 0.4 0:00.36
709 0.0 0.4 0:00.37
709 0.0 0.4 0:00.39
709 0.0 0.4 0:00.42
709 5.3 0.4 0:00.43
709 0.0 0.4 0:00.45
709 0.0 0.4 0:00.47
709 5.3 0.4 0:00.49
709 0.0 0.4 0:00.52
709 0.0 0.4 0:00.54
709 0.0 0.4 0:00.56
709 0.0 0.4 0:00.58
709 0.0 0.4 0:00.60
709 0.0 0.4 0:00.62
709 5.6 0.4 0:00.64
709 0.0 0.4 0:00.66
709 0.0 0.4 0:00.68
709 0.0 0.4 0:00.70
709 5.3 0.4 0:00.72
709 5.3 0.4 0:00.74
709 5.6 0.4 0:00.76
709 5.0 0.4 0:00.79
709 0.0 0.4 0:00.81
709 5.6 0.4 0:00.83
709 0.0 0.4 0:00.85
709 0.0 0.4 0:00.87
709 5.6 0.4 0:00.89
709 5.0 0.4 0:00.91
709 0.0 0.4 0:00.92
709 0.0 0.4 0:00.93
709 0.0 0.4 0:00.96
709 0.0 0.4 0:00.98
709 5.3 0.4 0:01.01
709 0.0 0.4 0:01.03
709 0.0 0.4 0:01.06
709 0.0 0.4 0:01.06
709 5.6 0.4 0:01.08
709 0.0 0.4 0:01.09
709 0.0 0.4 0:01.11
709 5.3 0.4 0:01.13
709 0.0 0.4 0:01.15
709 0.0 0.4 0:01.17
709 5.6 0.4 0:01.19
709 0.0 0.4 0:01.22
709 5.3 0.4 0:01.23
709 5.6 0.4 0:01.25
709 5.6 0.4 0:01.27
709 0.0 0.4 0:01.29
709 0.0 0.4 0:01.31
709 0.0 0.4 0:01.34
709 0.0 0.4 0:01.37
709 0.0 0.4 0:01.37
709 0.0 0.4 0:01.40
709 0.0 0.4 0:01.42
709 0.0 0.4 0:01.44
709 0.0 0.4 0:01.46
709 0.0 0.4 0:01.47
709 5.6 0.4 0:01.49
709 5.6 0.4 0:01.52
709 5.6 0.4 0:01.54
709 5.6 0.4 0:01.56
709 0.0 0.4 0:01.57
709 0.0 0.4 0:01.57
709 0.0 0.4 0:01.57
709 0.0 0.4 0:01.57
709 0.0 0.4 0:01.57
709 0.0 0.4 0:01.57
709 0.0 0.4 0:01.57
709 0.0 0.4 0:01.57
709 0.0 0.4 0:01.57
709 0.0 0.4 0:01.57
709 0.0 0.4 0:01.57
709 0.0 0.4 0:01.57
709 0.0 0.4 0:01.57
709 0.0 0.4 0:01.57
709 0.0 0.4 0:01.57
709 0.0 0.4 0:01.57
